1.969259988e-05
1.969259988e-05
1.969318152e-05
1.969376316e-05
1.969434482e-05
1.969492646e-05
1.96955081e-05
1.969608974e-05
1.96966714e-05
1.969725304e-05
1.969783468e-05
1.969841632e-05
1.969899798e-05
1.969957962e-05
1.970016126e-05
1.97007429e-05
1.970132456e-05
1.97019062e-05
1.970248784e-05
1.970306948e-05
1.970365114e-05
1.970423278e-05
1.970481442e-05
1.970539606e-05
1.970597772e-05
1.970655936e-05
1.9707141e-05
1.970772264e-05
1.97083043e-05
1.970888594e-05
1.970946758e-05
1.971004922e-05
1.971063086e-05
1.971121252e-05
1.971179416e-05
1.97123758e-05
1.971295744e-05
1.97135391e-05
1.971412074e-05
1.971470238e-05
1.971528402e-05
1.971586568e-05
1.971644732e-05
1.971702896e-05
1.97176106e-05
1.971819226e-05
1.97187739e-05
1.971935554e-05
1.971993718e-05
1.972051884e-05
1.972110048e-05
1.972168212e-05
1.972226376e-05
1.972284542e-05
1.972342706e-05
1.97240087e-05
1.972459034e-05
1.972517198e-05
1.972575364e-05
1.972633528e-05
1.972691692e-05
1.972749856e-05
1.972808022e-05
1.972866186e-05
1.97292435e-05
1.972982514e-05
1.97304068e-05
1.973098844e-05
1.973157008e-05
1.973215172e-05
1.973273338e-05
1.973331502e-05
1.973389666e-05
1.97344783e-05
1.973505996e-05
1.97356416e-05
1.973622324e-05
1.973680488e-05
1.973738654e-05
1.973796818e-05
1.973854982e-05
1.973913146e-05
1.973971312e-05
1.974029476e-05
1.97408764e-05
1.974145804e-05
1.974203968e-05
1.974262134e-05
1.974320298e-05
1.974378462e-05
1.974436626e-05
1.974494792e-05
1.974552956e-05
1.97461112e-05
1.974669284e-05
1.97472745e-05
1.974785614e-05
1.974843778e-05
1.974901942e-05
1.974960108e-05
1.975018272e-05
1.975076436e-05
1.9751346e-05
1.975192766e-05
1.97525093e-05
1.975309094e-05
1.975367258e-05
1.975425424e-05
1.975483588e-05
1.975541752e-05
1.975599916e-05
1.97565808e-05
1.975716246e-05
1.97577441e-05
1.975832574e-05
1.975890738e-05
1.975948904e-05
1.976007068e-05
1.976065232e-05
1.976123396e-05
1.976181562e-05
1.976239726e-05
1.97629789e-05
1.976356054e-05
1.97641422e-05
1.976472384e-05
1.976530548e-05
1.976588712e-05
1.976646878e-05
1.976705042e-05
1.976763206e-05
1.97682137e-05
1.976879536e-05
1.9769377e-05
1.976995864e-05
1.977054028e-05
1.977112194e-05
1.977170358e-05
1.977228522e-05
1.977286686e-05
1.97734485e-05
1.977403016e-05
1.97746118e-05
1.977519344e-05
1.977577508e-05
1.977635674e-05
1.977693838e-05
1.977752002e-05
1.977810166e-05
1.977868332e-05
1.977926496e-05
1.97798466e-05
1.978042824e-05
1.97810099e-05
1.978159154e-05
1.978217318e-05
1.978275482e-05
1.978333648e-05
1.978391812e-05
1.978449976e-05
1.97850814e-05
1.978566306e-05
1.97862447e-05
1.978682634e-05
1.978740798e-05
1.978798962e-05
1.978857128e-05
1.978915292e-05
1.978973456e-05
1.97903162e-05
1.979089786e-05
1.97914795e-05
1.979206114e-05
1.979264278e-05
1.979322444e-05
1.979380608e-05
1.979438772e-05
1.979496936e-05
1.979555102e-05
1.979613266e-05
1.97967143e-05
1.979729594e-05
1.97978776e-05
1.979845924e-05
1.979904088e-05
1.979962252e-05
1.980020418e-05
1.980078582e-05
1.980136746e-05
1.98019491e-05
1.980253076e-05
1.98031124e-05
1.980369404e-05
1.980427568e-05
1.980485732e-05
1.980543898e-05
1.980602062e-05
1.980660226e-05
1.98071839e-05
1.980776556e-05
1.98083472e-05
1.980892884e-05
1.980951048e-05
1.981009214e-05
1.981067378e-05
1.981125542e-05
1.981183706e-05
1.981241872e-05
1.981300036e-05
1.9813582e-05
1.981416364e-05
1.98147453e-05
1.981532694e-05
1.981590858e-05
1.981649022e-05
1.981707188e-05
1.981765352e-05
1.981823516e-05
1.98188168e-05
1.981939844e-05
1.98199801e-05
1.982056174e-05
1.982114338e-05
1.982172502e-05
1.982230668e-05
1.982288832e-05
1.982346996e-05
1.98240516e-05
1.982463326e-05
1.98252149e-05
1.982579654e-05
1.982637818e-05
1.982695984e-05
1.9827541479e-05
1.9828123119e-05
1.9828704759e-05
1.9829286419e-05
1.9829868059e-05
1.9830449699e-05
1.9831031339e-05
1.9831612999e-05
1.9832194639e-05
1.9832776279e-05
1.9833357919e-05
1.9833939579e-05
1.9834521219e-05
1.9835102859e-05
1.9835684499e-05
1.9836266139e-05
1.9836847799e-05
1.9837429439e-05
1.9838011079e-05
1.9838592719e-05
1.9839174379e-05
1.9839756019e-05
1.9840337659e-05
1.9840919299e-05
1.9841500959e-05
1.9842082599e-05
1.9842664239e-05
1.9843245879e-05
1.9843827539e-05
1.9844409179e-05
1.9844990819e-05
1.9845572459e-05
1.9846154119e-05
1.9846735759e-05
1.9847317399e-05
1.9847899039e-05
1.9848480699e-05
1.9849062339e-05
1.9849643979e-05
1.9850225619e-05
1.9850807259e-05
1.9851388919e-05
1.9851970559e-05
1.9852552199e-05
1.9853133839e-05
1.9853715499e-05
1.9854297139e-05
1.9854878779e-05
1.9855460419e-05
1.9856042079e-05
1.9856623719e-05
1.9857205359e-05
1.9857786999e-05
1.9858368659e-05
1.9858950299e-05
1.9859531939e-05
1.9860113579e-05
1.9860695239e-05
1.9861276879e-05
1.9861858519e-05
1.9862440159e-05
1.9863021819e-05
1.9863603459e-05
1.9864185099e-05
1.9864766739e-05
1.9865348399e-05
1.9865930039e-05
1.9866511679e-05
1.9867093319e-05
1.9867674959e-05
1.9868256619e-05
1.9868838259e-05
1.9869419899e-05
1.9870001539e-05
1.9870583199e-05
1.9871164839e-05
1.9871746479e-05
1.9872328119e-05
1.9872909779e-05
1.9873491419e-05
1.9874073059e-05
1.9874654699e-05
1.9875236359e-05
1.9875817999e-05
1.9876399639e-05
1.9876981279e-05
1.9877562939e-05
1.9878144579e-05
1.9878726219e-05
1.9879307859e-05
1.9879889519e-05
1.9880471159e-05
1.9881052799e-05
1.9881634439e-05
1.9882216079e-05
1.9882797739e-05
1.9883379379e-05
1.9883961019e-05
1.9884542659e-05
1.9885124319e-05
1.9885705959e-05
1.9886287599e-05
1.9886869239e-05
1.9887450899e-05
1.9888032539e-05
1.9888614179e-05
1.9889195819e-05
1.9889777479e-05
1.9890359119e-05
1.9890940759e-05
1.9891522399e-05
1.9892104059e-05
1.9892685699e-05
1.9893267339e-05
1.9893848979e-05
1.9894430639e-05
1.9895012279e-05
1.9895593919e-05
1.9896175559e-05
1.9896757219e-05
1.9897338859e-05
1.9897920499e-05
1.9898502139e-05
1.9899083779e-05
1.9899665439e-05
1.9900247079e-05
1.9900828719e-05
1.9901410359e-05
1.9901992019e-05
1.9902573659e-05
1.9903155299e-05
1.9903736939e-05
1.9904318599e-05
1.9904900239e-05
1.9905481879e-05
1.9906063519e-05
1.9906645179e-05
1.9907226819e-05
1.9907808459e-05
1.9908390099e-05
1.9908971759e-05
1.9909553399e-05
1.9910135039e-05
1.9910716679e-05
1.9911298339e-05
1.9911879979e-05
1.9912461619e-05
1.9913043259e-05
1.9913624899e-05
1.9914206559e-05
1.9914788199e-05
1.9915369839e-05
1.9915951479e-05
1.9916533139e-05
1.9917114779e-05
1.9917696419e-05
1.9918278059e-05
1.9918859719e-05
1.9919441359e-05
1.9920022999e-05
1.9920604639e-05
1.9921186299e-05
1.9921767939e-05
1.9922349579e-05
1.9922931219e-05
1.9923512879e-05
1.9924094519e-05
1.9924676159e-05
1.9925257799e-05
1.9925839459e-05
1.9926421099e-05
1.9927002739e-05
1.9927584379e-05
1.9928166039e-05
1.9928747679e-05
1.9929329319e-05
1.9929910959e-05
1.9930492599e-05
1.9931074259e-05
1.9931655899e-05
1.9932237539e-05
1.9932819179e-05
1.9933400839e-05
1.9933982479e-05
1.9934564119e-05
1.9935145759e-05
1.9935727419e-05
1.9936309059e-05
1.9936890699e-05
1.9937472339e-05
1.9938053999e-05
1.9938635639e-05
1.9939217279e-05
1.9939798919e-05
1.9940380579e-05
1.9940962219e-05
1.9941543859e-05
1.9942125499e-05
1.9942707159e-05
1.9943288799e-05
1.9943870439e-05
1.9944452079e-05
1.9945033719e-05
1.9945615379e-05
1.9946197019e-05
1.9946778659e-05
1.9947360299e-05
1.9947941959e-05
1.9948523599e-05
1.9949105239e-05
1.9949686879e-05
1.9950268539e-05
1.9950850179e-05
1.9951431819e-05
1.9952013459e-05
1.9952595119e-05
1.9953176759e-05
1.9953758399e-05
1.9954340039e-05
1.9954921699e-05
1.9955503339e-05
1.9956084979e-05
1.9956666619e-05
1.9957248279e-05
1.9957829919e-05
1.9958411559e-05
1.9958993199e-05
1.9959574859e-05
1.9960156499e-05
1.9960738139e-05
1.9961319779e-05
1.9961901419e-05
1.9962483079e-05
1.9963064719e-05
1.9963646359e-05
1.9964227999e-05
1.9964809659e-05
1.9965391299e-05
1.9965972939e-05
1.9966554579e-05
1.9967136239e-05
1.9967717879e-05
1.9968299519e-05
1.9968881159e-05
1.9969462819e-05
1.9970044459e-05
1.9970626099e-05
1.9971207739e-05
1.9971789399e-05
1.9972371039e-05
1.9972952679e-05
1.9973534319e-05
1.9974115979e-05
1.9974697619e-05
1.9975279259e-05
1.9975860899e-05
1.9976442539e-05
1.9977024199e-05
1.9977605839e-05
1.9978187479e-05
1.9978769119e-05
1.9979350779e-05
1.9979932419e-05
1.9980514059e-05
1.9981095699e-05
1.9981677359e-05
1.9982258999e-05
1.9982840639e-05
1.9983422279e-05
1.9984003939e-05
1.9984585579e-05
1.9985167219e-05
1.9985748859e-05
1.9986330519e-05
1.9986912159e-05
1.9987493799e-05
1.9988075439e-05
1.9988657099e-05
1.9989238739e-05
1.9989820379e-05
1.9990402019e-05
1.9990983679e-05
1.9991565319e-05
1.9992146958e-05
1.9992728598e-05
1.9993310238e-05
1.9993891898e-05
1.9994473538e-05
1.9995055178e-05
1.9995636818e-05
1.9996218478e-05
1.9996800118e-05
1.9997381758e-05
1.9997963398e-05
1.9998545058e-05
1.9999126698e-05
1.9999708338e-05
2.0000289978e-05
2.0000871638e-05
2.0001453278e-05
2.0002034918e-05
2.0002616558e-05
2.0003198218e-05
2.0003779858e-05
2.0004361498e-05
2.0004943138e-05
2.0005524798e-05
2.0006106438e-05
2.0006688078e-05
2.0007269718e-05
2.0007851358e-05
2.0008433018e-05
2.0009014658e-05
2.0009596298e-05
2.0010177938e-05
2.0010759598e-05
2.0011341238e-05
2.0011922878e-05
2.0012504518e-05
2.0013086178e-05
2.0013667818e-05
2.0014249458e-05
2.0014831098e-05
2.0015412758e-05
2.0015994398e-05
2.0016576038e-05
2.0017157678e-05
2.0017739338e-05
2.0018320978e-05
2.0018902618e-05
2.0019484258e-05
2.0020065918e-05
2.0020647558e-05
2.0021229198e-05
2.0021810838e-05
2.0022392498e-05
2.0022974138e-05
2.0023555778e-05
2.0024137418e-05
2.0024719058e-05
2.0025300718e-05
2.0025882358e-05
2.0026463998e-05
2.0027045638e-05
2.0027627298e-05
2.0028208938e-05
2.0028790578e-05
2.0029372218e-05
2.0029953878e-05
2.0030535518e-05
2.0031117158e-05
2.0031698798e-05
2.0032280458e-05
2.0032862098e-05
2.0033443738e-05
2.0034025378e-05
2.0034607038e-05
2.0035188678e-05
2.0035770318e-05
2.0036351958e-05
2.0036933618e-05
2.0037515258e-05
2.0038096898e-05
2.0038678538e-05
2.0039260178e-05
2.0039841838e-05
2.0040423478e-05
2.0041005118e-05
2.0041586758e-05
2.0042168418e-05
2.0042750058e-05
2.0043331698e-05
2.0043913338e-05
2.0044494998e-05
2.0045076638e-05
2.0045658278e-05
2.0046239918e-05
2.0046821578e-05
2.0047403218e-05
2.0047984858e-05
2.0048566498e-05
2.0049148158e-05
2.0049729798e-05
2.0050311438e-05
2.0050893078e-05
2.0051474738e-05
2.0052056378e-05
2.0052638018e-05
2.0053219658e-05
2.0053801318e-05
2.0054382958e-05
2.0054964598e-05
2.0055546238e-05
2.0056127878e-05
2.0056709538e-05
2.0057291178e-05
2.0057872818e-05
2.0058454458e-05
2.0059036118e-05
2.0059617758e-05
2.0060199398e-05
2.0060781038e-05
2.0061362698e-05
2.0061944338e-05
2.0062525978e-05
2.0063107618e-05
2.0063689278e-05
2.0064270918e-05
2.0064852558e-05
2.0065434198e-05
2.0066015858e-05
2.0066597498e-05
2.0067179138e-05
2.0067760778e-05
2.0068342438e-05
2.0068924078e-05
2.0069505718e-05
2.0070087358e-05
2.0070668998e-05
2.0071250658e-05
2.0071832298e-05
2.0072413938e-05
2.0072995578e-05
2.0073577238e-05
2.0074158878e-05
2.0074740518e-05
2.0075322158e-05
2.0075903818e-05
2.0076485458e-05
2.0077067098e-05
2.0077648738e-05
2.0078230398e-05
2.0078812038e-05
2.0079393678e-05
2.0079975318e-05
2.0080556978e-05
2.0081138618e-05
2.0081720258e-05
2.0082301898e-05
2.0082883558e-05
2.0083465198e-05
2.0084046838e-05
2.0084628478e-05
2.0085210138e-05
2.0085791778e-05
2.0086373418e-05
2.0086955058e-05
2.0087536698e-05
2.0088118358e-05
2.0088699998e-05
2.0089281638e-05
2.0089863278e-05
2.0090444938e-05
2.0091026578e-05
2.0091608218e-05
2.0092189858e-05
2.0092771518e-05
2.0093353158e-05
2.0093934798e-05
2.0094516438e-05
2.0095098098e-05
2.0095679738e-05
2.0096261378e-05
2.0096843018e-05
2.0097424678e-05
2.0098006318e-05
2.0098587958e-05
2.0099169598e-05
2.0099751258e-05
2.0100332898e-05
2.0100914538e-05
2.0101496178e-05
2.0102077818e-05
2.0102659478e-05
2.0103241118e-05
2.0103822758e-05
2.0104404398e-05
2.0104986058e-05
2.0105567698e-05
2.0106149338e-05
2.0106730978e-05
2.0107312638e-05
2.0107894278e-05
2.0108475918e-05
2.0109057558e-05
2.0109639218e-05
2.0110220858e-05
2.0110802498e-05
2.0111384138e-05
2.0111965798e-05
2.0112547438e-05
2.0113129078e-05
2.0113710718e-05
2.0114292378e-05
2.0114874018e-05
2.0115455658e-05
2.0116037298e-05
2.0116618958e-05
2.0117200598e-05
2.0117782238e-05
2.0118363878e-05
2.0118945518e-05
2.0119527178e-05
2.0120108818e-05
2.0120690458e-05
2.0121272098e-05
2.0121853758e-05
2.0122435398e-05
2.0123017038e-05
2.0123598678e-05
2.0124180338e-05
2.0124761978e-05
2.0125343618e-05
2.0125925258e-05
2.0126506918e-05
2.0127088558e-05
2.0127670198e-05
2.0128251838e-05
2.0128833498e-05
2.0129415138e-05
2.0129996778e-05
2.0130578418e-05
2.0131160078e-05
2.0131741718e-05
2.0132323358e-05
2.0132904998e-05
2.0133486638e-05
2.0134068298e-05
2.0134649938e-05
2.0135231578e-05
2.0135813218e-05
2.0136394878e-05
2.0136976518e-05
2.0137558158e-05
2.0138139798e-05
2.0138721458e-05
2.0139303098e-05
2.0139884738e-05
2.0140466378e-05
2.0141048038e-05
2.0141629678e-05
2.0142211318e-05
2.0142792958e-05
2.0143374618e-05
2.0143956258e-05
2.0144537898e-05
2.0145119538e-05
2.0145701198e-05
2.0146282838e-05
2.0146864478e-05
2.0147446118e-05
2.0148027778e-05
2.0148609418e-05
2.0149191058e-05
2.0149772698e-05
2.0150354338e-05
2.0150935998e-05
2.0151517638e-05
2.0152099278e-05
2.0152680918e-05
2.0153262578e-05
2.0153844218e-05
2.0154425858e-05
2.0155007498e-05
2.0155589158e-05
2.0156170798e-05
2.0156752437e-05
2.0157334077e-05
2.0157915737e-05
2.0158497377e-05
2.0159079017e-05
2.0159660657e-05
2.0160242317e-05
2.0160823957e-05
2.0161405597e-05
2.0161987237e-05
2.0162568897e-05
2.0163150537e-05
2.0163732177e-05
2.0164313817e-05
2.0164895457e-05
2.0165477117e-05
2.0166058757e-05
2.0166640397e-05
2.0167222037e-05
2.0167803697e-05
2.0168385337e-05
2.0168966977e-05
2.0169548617e-05
2.0170130277e-05
2.0170711917e-05
2.0171293557e-05
2.0171875197e-05
2.0172456857e-05
2.0173038497e-05
2.0173620137e-05
2.0174201777e-05
2.0174783437e-05
2.0175365077e-05
2.0175946717e-05
2.0176528357e-05
2.0177110017e-05
2.0177691657e-05
2.0178273297e-05
2.0178854937e-05
2.0179436597e-05
2.0180018237e-05
2.0180599877e-05
2.0181181517e-05
2.0181763157e-05
2.0182344817e-05
2.0182926457e-05
2.0183508097e-05
2.0184089737e-05
2.0184671397e-05
2.0185253037e-05
2.0185834677e-05
2.0186416317e-05
2.0186997977e-05
2.0187579617e-05
2.0188161257e-05
2.0188742897e-05
2.0189324557e-05
2.0189906197e-05
2.0190487837e-05
2.0191069477e-05
2.0191651137e-05
2.0192232777e-05
2.0192814417e-05
2.0193396057e-05
2.0193977717e-05
2.0194559357e-05
2.0195140997e-05
2.0195722637e-05
2.0196304297e-05
2.0196885937e-05
2.0197467577e-05
2.0198049217e-05
2.0198630857e-05
2.0199212517e-05
2.0199794157e-05
2.0200375797e-05
2.0200957437e-05
2.0201539097e-05
2.0202120737e-05
2.0202702377e-05
2.0203284017e-05
2.0203865677e-05
2.0204447317e-05
2.0205028957e-05
2.0205610597e-05
2.0206192257e-05
2.0206773897e-05
2.0207355537e-05
2.0207937177e-05
2.0208518837e-05
2.0209100477e-05
2.0209682117e-05
2.0210263757e-05
2.0210845417e-05
2.0211427057e-05
2.0212008697e-05
2.0212590337e-05
2.0213171977e-05
2.0213753637e-05
2.0214335277e-05
2.0214916917e-05
2.0215498557e-05
2.0216080217e-05
2.0216661857e-05
2.0217243497e-05
2.0217825137e-05
2.0218406797e-05
2.0218988437e-05
2.0219570077e-05
2.0220151717e-05
2.0220733377e-05
2.0221315017e-05
2.0221896657e-05
2.0222478297e-05
2.0223059957e-05
2.0223641597e-05
2.0224223237e-05
2.0224804877e-05
2.0225386537e-05
2.0225968177e-05
2.0226549817e-05
2.0227131457e-05
2.0227713117e-05
2.0228294757e-05
2.0228876397e-05
2.0229458037e-05
2.0230039677e-05
2.0230621337e-05
2.0231202977e-05
2.0231784617e-05
2.0232366257e-05
2.0232947917e-05
2.0233529557e-05
2.0234111197e-05
2.0234692837e-05
2.0235274497e-05
2.0235856137e-05
2.0236437777e-05
2.0237019417e-05
2.0237601077e-05
2.0238182717e-05
2.0238764357e-05
2.0239345997e-05
2.0239927657e-05
2.0240509297e-05
2.0241090937e-05
2.0241672577e-05
2.0242254237e-05
2.0242835877e-05
2.0243417517e-05
2.0243999157e-05
2.0244580797e-05
2.0245162457e-05
2.0245744097e-05
2.0246325737e-05
2.0246907377e-05
2.0247489037e-05
2.0248070677e-05
2.0248652317e-05
2.0249233957e-05
2.0249815617e-05
2.0250397257e-05
2.0250978897e-05
2.0251560537e-05
2.0252142197e-05
2.0252723837e-05
2.0253305477e-05
2.0253887117e-05
2.0254468777e-05
2.0255050417e-05
2.0255632057e-05
2.0256213697e-05
2.0256795357e-05
2.0257376997e-05
2.0257958637e-05
2.0258540277e-05
2.0259121937e-05
2.0259703577e-05
2.0260285217e-05
2.0260866857e-05
2.0261448497e-05
2.0262030157e-05
2.0262611797e-05
2.0263193437e-05
2.0263775077e-05
2.0264356737e-05
2.0264938377e-05
2.0265520017e-05
2.0266101657e-05
2.0266683317e-05
2.0267264957e-05
2.0267846597e-05
2.0268428237e-05
2.0269009897e-05
2.0269591537e-05
2.0270173177e-05
2.0270754817e-05
2.0271336477e-05
2.0271918117e-05
2.0272499757e-05
2.0273081397e-05
2.0273663057e-05
2.0274244697e-05
2.0274826337e-05
2.0275407977e-05
2.0275989617e-05
2.0276571277e-05
2.0277152917e-05
2.0277734557e-05
2.0278316197e-05
2.0278897857e-05
2.0279479497e-05
2.0280061137e-05
2.0280642777e-05
2.0281224437e-05
2.0281806077e-05
2.0282387717e-05
2.0282969357e-05
2.0283551017e-05
2.0284132657e-05
2.0284714297e-05
2.0285295937e-05
2.0285877597e-05
2.0286459237e-05
2.0287040877e-05
2.0287622517e-05
2.0288204177e-05
2.0288785817e-05
2.0289367457e-05
2.0289949097e-05
2.0290530757e-05
2.0291112397e-05
2.0291694037e-05
2.0292275677e-05
2.0292857317e-05
2.0293438977e-05
2.0294020617e-05
2.0294602257e-05
2.0295183897e-05
2.0295765557e-05
2.0296347197e-05
2.0296928837e-05
2.0297510477e-05
2.0298092137e-05
2.0298673777e-05
2.0299255417e-05
2.0299837057e-05
2.0300418717e-05
2.0301000357e-05
2.0301581997e-05
2.0302163637e-05
2.0302745297e-05
2.0303326937e-05
2.0303908577e-05
2.0304490217e-05
2.0305071877e-05
2.0305653517e-05
2.0306235157e-05
2.0306816797e-05
2.0307398437e-05
2.0307980097e-05
2.0308561737e-05
2.0309143377e-05
2.0309725017e-05
2.0310306677e-05
2.0310888317e-05
2.0311469957e-05
2.0312051597e-05
2.0312633257e-05
2.0313214897e-05
2.0313796537e-05
2.0314378177e-05
2.0314959837e-05
2.0315541477e-05
2.0316123117e-05
2.0316704757e-05
2.0317286417e-05
2.0317868057e-05
2.0318449697e-05
2.0319031337e-05
2.0319612997e-05
2.0320194637e-05
2.0320776277e-05
2.0321357916e-05
2.0321939576e-05
2.0322521216e-05
2.0323102856e-05
2.0323684496e-05
2.0324266136e-05
2.0324847796e-05
2.0325429436e-05
2.0326011076e-05
2.0326592716e-05
2.0327174376e-05
2.0327756016e-05
2.0328337656e-05
2.0328919296e-05
2.0329500956e-05
2.0330082596e-05
2.0330664236e-05
2.0331245876e-05
2.0331827536e-05
2.0332409176e-05
2.0332990816e-05
2.0333572456e-05
2.0334154116e-05
2.0334735756e-05
2.0335317396e-05
2.0335899036e-05
2.0336480696e-05
2.0337062336e-05
2.0337643976e-05
2.0338225616e-05
2.0338807256e-05
2.0339388916e-05
2.0339970556e-05
2.0340552196e-05
2.0341133836e-05
2.0341715496e-05
2.0342297136e-05
2.0342878776e-05
2.0343460416e-05
2.0344042076e-05
2.0344623716e-05
2.0345205356e-05
2.0345786996e-05
2.0346368656e-05
2.0346950296e-05
2.0347531936e-05
2.0348113576e-05
2.0348695236e-05
2.0349276876e-05
2.0349858516e-05
2.0350440156e-05
2.0351021816e-05
2.0351603456e-05
2.0352185096e-05
2.0352766736e-05
2.0353348396e-05
2.0353930036e-05
2.0354511676e-05
2.0355093316e-05
2.0355674956e-05
2.0356256616e-05
2.0356838256e-05
2.0357419896e-05
2.0358001536e-05
2.0358583196e-05
2.0359164836e-05
2.0359746476e-05
2.0360328116e-05
2.0360909776e-05
2.0361491416e-05
2.0362073056e-05
2.0362654696e-05
2.0363236356e-05
2.0363817996e-05
2.0364399636e-05
2.0364981276e-05
2.0365562936e-05
2.0366144576e-05
2.0366726216e-05
2.0367307856e-05
2.0367889516e-05
2.0368471156e-05
2.0369052796e-05
2.0369634436e-05
2.0370216076e-05
2.0370797736e-05
2.0371379376e-05
2.0371961016e-05
2.0372542656e-05
2.0373124316e-05
2.0373705956e-05
2.0374287596e-05
2.0374869236e-05
2.0375450896e-05
2.0376032536e-05
2.0376614176e-05
2.0377195816e-05
2.0377777476e-05
2.0378359116e-05
2.0378940756e-05
2.0379522396e-05
2.0380104056e-05
2.0380685696e-05
2.0381267336e-05
2.0381848976e-05
2.0382430636e-05
2.0383012276e-05
2.0383593916e-05
2.0384175556e-05
2.0384757216e-05
2.0385338856e-05
2.0385920496e-05
2.0386502136e-05
2.0387083776e-05
2.0387665436e-05
2.0388247076e-05
2.0388828716e-05
2.0389410356e-05
2.0389992016e-05
2.0390573656e-05
2.0391155296e-05
2.0391736936e-05
2.0392318596e-05
2.0392900236e-05
2.0393481876e-05
2.0394063516e-05
2.0394645176e-05
2.0395226816e-05
2.0395808456e-05
2.0396390096e-05
2.0396971756e-05
2.0397553396e-05
2.0398135036e-05
2.0398716676e-05
2.0399298336e-05
2.0399879976e-05
2.0400461616e-05
2.0401043256e-05
2.0401624896e-05
2.0402206556e-05
2.0402788196e-05
2.0403369836e-05
2.0403951476e-05
2.0404533136e-05
2.0405114776e-05
2.0405696416e-05
2.0406278056e-05
2.0406859716e-05
2.0407441356e-05
2.0408022996e-05
2.0408604636e-05
2.0409186296e-05
2.0409767936e-05
2.0410349576e-05
2.0410931216e-05
2.0411512876e-05
2.0412094516e-05
2.0412676156e-05
2.0413257796e-05
2.0413839456e-05
2.0414421096e-05
2.0415002736e-05
2.0415584376e-05
2.0416166036e-05
2.0416747676e-05
2.0417329316e-05
2.0417910956e-05
2.0418492596e-05
2.0419074256e-05
2.0419655896e-05
2.0420237536e-05
2.0420819176e-05
2.0421400836e-05
2.0421982476e-05
2.0422564116e-05
2.0423145756e-05
2.0423727416e-05
2.0424309056e-05
2.0424890696e-05
2.0425472336e-05
2.0426053996e-05
2.0426635636e-05
2.0427217276e-05
2.0427798916e-05
2.0428380576e-05
2.0428962216e-05
2.0429543856e-05
2.0430125496e-05
2.0430707156e-05
2.0431288796e-05
2.0431870436e-05
2.0432452076e-05
2.0433033716e-05
2.0433615376e-05
2.0434197016e-05
2.0434778656e-05
2.0435360296e-05
2.0435941956e-05
2.0436523596e-05
2.0437105236e-05
2.0437686876e-05
2.0438268536e-05
2.0438850176e-05
2.0439431816e-05
2.0440013456e-05
2.0440595116e-05
2.0441176756e-05
2.0441758396e-05
2.0442340036e-05
2.0442921696e-05
2.0443503336e-05
2.0444084976e-05
2.0444666616e-05
2.0445248276e-05
2.0445829916e-05
2.0446411556e-05
2.0446993196e-05
2.0447574856e-05
2.0448156496e-05
2.0448738136e-05
2.0449319776e-05
2.0449901416e-05
2.0450483076e-05
2.0451064716e-05
2.0451646356e-05
2.0452227996e-05
2.0452809656e-05
2.0453391296e-05
2.0453972936e-05
2.0454554576e-05
2.0455136236e-05
2.0455717876e-05
2.0456299516e-05
2.0456881156e-05
2.0457462816e-05
2.0458044456e-05
2.0458626096e-05
2.0459207736e-05
2.0459789396e-05
2.0460371036e-05
2.0460952676e-05
2.0461534316e-05
2.0462115976e-05
2.0462697616e-05
2.0463279256e-05
2.0463860896e-05
2.0464442536e-05
2.0465024196e-05
2.0465605836e-05
2.0466187476e-05
2.0466769116e-05
2.0467350776e-05
2.0467932416e-05
2.0468514056e-05
2.0469095696e-05
2.0469677356e-05
2.0470258996e-05
2.0470840636e-05
2.0471422276e-05
2.0472003936e-05
2.0472585576e-05
2.0473167216e-05
2.0473748856e-05
2.0474330516e-05
2.0474912156e-05
2.0475493796e-05
2.0476075436e-05
2.0476657096e-05
2.0477238736e-05
2.0477820376e-05
2.0478402016e-05
2.0478983676e-05
2.0479565316e-05
2.0480146956e-05
2.0480728596e-05
2.0481310236e-05
2.0481891896e-05
2.0482473536e-05
2.0483055176e-05
2.0483636816e-05
2.0484218476e-05
2.0484800116e-05
2.0485381756e-05
2.0485963395e-05
2.0486545055e-05
2.0487126695e-05
2.0487708335e-05
2.0488289975e-05
2.0488871635e-05
2.0489453275e-05
2.0490034915e-05
2.0490616555e-05
2.0491198215e-05
2.0491779855e-05
2.0492361495e-05
2.0492943135e-05
2.0493524795e-05
2.0494106435e-05
2.0494688075e-05
2.0495269715e-05
2.0495851355e-05
2.0496433015e-05
2.0497014655e-05
2.0497596295e-05
2.0498177935e-05
2.0498759595e-05
2.0499341235e-05
2.0499922875e-05
2.0500504515e-05
2.0501086175e-05
2.0501667815e-05
2.0502249455e-05
2.0502831095e-05
2.0503412755e-05
2.0503994395e-05
2.0504576035e-05
2.0505157675e-05
2.0505739335e-05
2.0506320975e-05
2.0506902615e-05
2.0507484255e-05
2.0508065915e-05
2.0508647555e-05
2.0509229195e-05
2.0509810835e-05
2.0510392495e-05
2.0510974135e-05
2.0511555775e-05
2.0512137415e-05
2.0512719055e-05
2.0513300715e-05
2.0513882355e-05
2.0514463995e-05
2.0515045635e-05
2.0515627295e-05
2.0516208935e-05
2.0516790575e-05
2.0517372215e-05
2.0517953875e-05
2.0518535515e-05
2.0519117155e-05
2.0519698795e-05
2.0520280455e-05
2.0520862095e-05
2.0521443735e-05
2.0522025375e-05
2.0522607035e-05
2.0523188675e-05
2.0523770315e-05
2.0524351955e-05
2.0524933615e-05
2.0525515255e-05
2.0526096895e-05
2.0526678535e-05
2.0527260175e-05
2.0527841835e-05
2.0528423475e-05
2.0529005115e-05
2.0529586755e-05
2.0530168415e-05
2.0530750055e-05
2.0531331695e-05
2.0531913335e-05
2.0532494995e-05
2.0533076635e-05
2.0533658275e-05
2.0534239915e-05
2.0534821575e-05
2.0535403215e-05
2.0535984855e-05
2.0536566495e-05
2.0537148155e-05
2.0537729795e-05
2.0538311435e-05
2.0538893075e-05
2.0539474735e-05
2.0540056375e-05
2.0540638015e-05
2.0541219655e-05
2.0541801315e-05
2.0542382955e-05
2.0542964595e-05
2.0543546235e-05
2.0544127875e-05
2.0544709535e-05
2.0545291175e-05
2.0545872815e-05
2.0546454455e-05
2.0547036115e-05
2.0547617755e-05
2.0548199395e-05
2.0548781035e-05
2.0549362695e-05
2.0549944335e-05
2.0550525975e-05
2.0551107615e-05
2.0551689275e-05
2.0552270915e-05
2.0552852555e-05
2.0553434195e-05
2.0554015855e-05
2.0554597495e-05
2.0555179135e-05
2.0555760775e-05
2.0556342435e-05
2.0556924075e-05
2.0557505715e-05
2.0558087355e-05
2.0558668995e-05
2.0559250655e-05
2.0559832295e-05
2.0560413935e-05
2.0560995575e-05
2.0561577235e-05
2.0562158875e-05
2.0562740515e-05
2.0563322155e-05
2.0563903815e-05
2.0564485455e-05
2.0565067095e-05
2.0565648735e-05
2.0566230395e-05
2.0566812035e-05
2.0567393675e-05
2.0567975315e-05
2.0568556975e-05
2.0569138615e-05
2.0569720255e-05
2.0570301895e-05
2.0570883555e-05
2.0571465195e-05
2.0572046835e-05
2.0572628475e-05
2.0573210135e-05
2.0573791775e-05
2.0574373415e-05
2.0574955055e-05
2.0575536695e-05
2.0576118355e-05
2.0576699995e-05
2.0577281635e-05
2.0577863275e-05
2.0578444935e-05
2.0579026575e-05
2.0579608215e-05
2.0580189855e-05
2.0580771515e-05
2.0581353155e-05
2.0581934795e-05
2.0582516435e-05
2.0583098095e-05
2.0583679735e-05
2.0584261375e-05
2.0584843015e-05
2.0585424675e-05
2.0586006315e-05
2.0586587955e-05
2.0587169595e-05
2.0587751255e-05
2.0588332895e-05
2.0588914535e-05
2.0589496175e-05
2.0590077815e-05
2.0590659475e-05
2.0591241115e-05
2.0591822755e-05
2.0592404395e-05
2.0592986055e-05
2.0593567695e-05
2.0594149335e-05
2.0594730975e-05
2.0595312635e-05
2.0595894275e-05
2.0596475915e-05
2.0597057555e-05
2.0597639215e-05
2.0598220855e-05
2.0598802495e-05
2.0599384135e-05
2.0599965795e-05
2.0600547435e-05
2.0601129075e-05
2.0601710715e-05
2.0602292375e-05
2.0602874015e-05
2.0603455655e-05
2.0604037295e-05
2.0604618955e-05
2.0605200595e-05
2.0605782235e-05
2.0606363875e-05
2.0606945515e-05
2.0607527175e-05
2.0608108815e-05
2.0608690455e-05
2.0609272095e-05
2.0609853755e-05
2.0610435395e-05
2.0611017035e-05
2.0611598675e-05
2.0612180335e-05
2.0612761975e-05
2.0613343615e-05
2.0613925255e-05
2.0614506915e-05
2.0615088555e-05
2.0615670195e-05
2.0616251835e-05
2.0616833495e-05
2.0617415135e-05
2.0617996775e-05
2.0618578415e-05
2.0619160075e-05
2.0619741715e-05
2.0620323355e-05
2.0620904995e-05
2.0621486635e-05
2.0622068295e-05
2.0622649935e-05
2.0623231575e-05
2.0623813215e-05
2.0624394875e-05
2.0624976515e-05
2.0625558155e-05
2.0626139795e-05
2.0626721455e-05
2.0627303095e-05
2.0627884735e-05
2.0628466375e-05
2.0629048035e-05
2.0629629675e-05
2.0630211315e-05
2.0630792955e-05
2.0631374615e-05
2.0631956255e-05
2.0632537895e-05
2.0633119535e-05
2.0633701195e-05
2.0634282835e-05
2.0634864475e-05
2.0635446115e-05
2.0636027775e-05
2.0636609415e-05
2.0637191055e-05
2.0637772695e-05
2.0638354335e-05
2.0638935995e-05
2.0639517635e-05
2.0640099275e-05
2.0640680915e-05
2.0641262575e-05
2.0641844215e-05
2.0642425855e-05
2.0643007495e-05
2.0643589155e-05
2.0644170795e-05
2.0644752435e-05
2.0645334075e-05
2.0645915735e-05
2.0646497375e-05
2.0647079015e-05
2.0647660655e-05
2.0648242315e-05
2.0648823955e-05
2.0649405595e-05
2.0649987235e-05
2.0650568894e-05
2.0651150534e-05
2.0651732174e-05
2.0652313814e-05
2.0652895454e-05
2.0653477114e-05
2.0654058754e-05
2.0654640394e-05
2.0655222034e-05
2.0655803694e-05
2.0656385334e-05
2.0656966974e-05
2.0657548614e-05
2.0658130274e-05
2.0658711914e-05
2.0659293554e-05
2.0659875194e-05
2.0660456854e-05
2.0661038494e-05
2.0661620134e-05
2.0662201774e-05
2.0662783434e-05
2.0663365074e-05
2.0663946714e-05
2.0664528354e-05
2.0665110014e-05
2.0665691654e-05
2.0666273294e-05
2.0666854934e-05
2.0667436594e-05
2.0668018234e-05
2.0668599874e-05
2.0669181514e-05
2.0669763154e-05
2.0670344814e-05
2.0670926454e-05
2.0671508094e-05
2.0672089734e-05
2.0672671394e-05
2.0673253034e-05
2.0673834674e-05
2.0674416314e-05
2.0674997974e-05
2.0675579614e-05
2.0676161254e-05
2.0676742894e-05
2.0677324554e-05
2.0677906194e-05
2.0678487834e-05
2.0679069474e-05
2.0679651134e-05
2.0680232774e-05
2.0680814414e-05
2.0681396054e-05
2.0681977714e-05
2.0682559354e-05
2.0683140994e-05
2.0683722634e-05
2.0684304294e-05
2.0684885934e-05
2.0685467574e-05
2.0686049214e-05
2.0686630854e-05
2.0687212514e-05
2.0687794154e-05
2.0688375794e-05
2.0688957434e-05
2.0689539094e-05
2.0690120734e-05
2.0690702374e-05
2.0691284014e-05
2.0691865674e-05
2.0692447314e-05
2.0693028954e-05
2.0693610594e-05
2.0694192254e-05
2.0694773894e-05
2.0695355534e-05
2.0695937174e-05
2.0696518834e-05
2.0697100474e-05
2.0697682114e-05
2.0698263754e-05
2.0698845414e-05
2.0699427054e-05
2.0700008694e-05
2.0700590334e-05
2.0701171974e-05
2.0701753634e-05
2.0702335274e-05
2.0702916914e-05
2.0703498554e-05
2.0704080214e-05
2.0704661854e-05
2.0705243494e-05
2.0705825134e-05
2.0706406794e-05
2.0706988434e-05
2.0707570074e-05
2.0708151714e-05
2.0708733374e-05
2.0709315014e-05
2.0709896654e-05
2.0710478294e-05
2.0711059954e-05
2.0711641594e-05
2.0712223234e-05
2.0712804874e-05
2.0713386534e-05
2.0713968174e-05
2.0714549814e-05
2.0715131454e-05
2.0715713114e-05
2.0716294754e-05
2.0716876394e-05
2.0717458034e-05
2.0718039674e-05
2.0718621334e-05
2.0719202974e-05
2.0719784614e-05
2.0720366254e-05
2.0720947914e-05
2.0721529554e-05
2.0722111194e-05
2.0722692834e-05
2.0723274494e-05
2.0723856134e-05
2.0724437774e-05
2.0725019414e-05
2.0725601074e-05
2.0726182714e-05
2.0726764354e-05
2.0727345994e-05
2.0727927654e-05
2.0728509294e-05
2.0729090934e-05
2.0729672574e-05
2.0730254234e-05
2.0730835874e-05
2.0731417514e-05
2.0731999154e-05
2.0732580794e-05
2.0733162454e-05
2.0733744094e-05
2.0734325734e-05
2.0734907374e-05
2.0735489034e-05
2.0736070674e-05
2.0736652314e-05
2.0737233954e-05
2.0737815614e-05
2.0738397254e-05
2.0738978894e-05
2.0739560534e-05
2.0740142194e-05
2.0740723834e-05
2.0741305474e-05
2.0741887114e-05
2.0742468774e-05
2.0743050414e-05
2.0743632054e-05
2.0744213694e-05
2.0744795354e-05
2.0745376994e-05
2.0745958634e-05
2.0746540274e-05
2.0747121934e-05
2.0747703574e-05
2.0748285214e-05
2.0748866854e-05
2.0749448494e-05
2.0750030154e-05
2.0750611794e-05
2.0751193434e-05
2.0751775074e-05
2.0752356734e-05
2.0752938374e-05
2.0753520014e-05
2.0754101654e-05
2.0754683314e-05
2.0755264954e-05
2.0755846594e-05
2.0756428234e-05
2.0757009894e-05
2.0757591534e-05
2.0758173174e-05
2.0758754814e-05
2.0759336474e-05
2.0759918114e-05
2.0760499754e-05
2.0761081394e-05
2.0761663054e-05
2.0762244694e-05
2.0762826334e-05
2.0763407974e-05
2.0763989614e-05
2.0764571274e-05
2.0765152914e-05
2.0765734554e-05
2.0766316194e-05
2.0766897854e-05
2.0767479494e-05
2.0768061134e-05
2.0768642774e-05
2.0769224434e-05
2.0769806074e-05
2.0770387714e-05
2.0770969354e-05
2.0771551014e-05
2.0772132654e-05
2.0772714294e-05
2.0773295934e-05
2.0773877594e-05
2.0774459234e-05
2.0775040874e-05
2.0775622514e-05
2.0776204174e-05
2.0776785814e-05
2.0777367454e-05
2.0777949094e-05
2.0778530754e-05
2.0779112394e-05
2.0779694034e-05
2.0780275674e-05
2.0780857314e-05
2.0781438974e-05
2.0782020614e-05
2.0782602254e-05
2.0783183894e-05
2.0783765554e-05
2.0784347194e-05
2.0784928834e-05
2.0785510474e-05
2.0786092134e-05
2.0786673774e-05
2.0787255414e-05
2.0787837054e-05
2.0788418714e-05
2.0789000354e-05
2.0789581994e-05
2.0790163634e-05
2.0790745294e-05
2.0791326934e-05
2.0791908574e-05
2.0792490214e-05
2.0793071874e-05
2.0793653514e-05
2.0794235154e-05
2.0794816794e-05
2.0795398434e-05
2.0795980094e-05
2.0796561734e-05
2.0797143374e-05
2.0797725014e-05
2.0798306674e-05
2.0798888314e-05
2.0799469954e-05
2.0800051594e-05
2.0800633254e-05
2.0801214894e-05
2.0801796534e-05
2.0802378174e-05
2.0802959834e-05
2.0803541474e-05
2.0804123114e-05
2.0804704754e-05
2.0805286414e-05
2.0805868054e-05
2.0806449694e-05
2.0807031334e-05
2.0807612994e-05
2.0808194634e-05
2.0808776274e-05
2.0809357914e-05
2.0809939574e-05
2.0810521214e-05
2.0811102854e-05
2.0811684494e-05
2.0812266134e-05
2.0812847794e-05
2.0813429434e-05
2.0814011074e-05
2.0814592713e-05
2.0815174373e-05
2.0815756013e-05
2.0816337653e-05
2.0816919293e-05
2.0817500953e-05
2.0818082593e-05
2.0818664233e-05
2.0819245873e-05
2.0819827533e-05
2.0820409173e-05
2.0820990813e-05
2.0821572453e-05
2.0822154113e-05
2.0822735753e-05
2.0823317393e-05
2.0823899033e-05
2.0824480693e-05
2.0825062333e-05
2.0825643973e-05
2.0826225613e-05
2.0826807253e-05
2.0827388913e-05
2.0827970553e-05
2.0828552193e-05
2.0829133833e-05
2.0829715493e-05
2.0830297133e-05
2.0830878773e-05
2.0831460413e-05
2.0832042073e-05
2.0832623713e-05
2.0833205353e-05
2.0833786993e-05
2.0834368653e-05
2.0834950293e-05
2.0835531933e-05
2.0836113573e-05
2.0836695233e-05
2.0837276873e-05
2.0837858513e-05
2.0838440153e-05
2.0839021813e-05
2.0839603453e-05
2.0840185093e-05
2.0840766733e-05
2.0841348393e-05
2.0841930033e-05
2.0842511673e-05
2.0843093313e-05
2.0843674953e-05
2.0844256613e-05
2.0844838253e-05
2.0845419893e-05
2.0846001533e-05
2.0846583193e-05
2.0847164833e-05
2.0847746473e-05
2.0848328113e-05
2.0848909773e-05
2.0849491413e-05
2.0850073053e-05
2.0850654693e-05
2.0851236353e-05
2.0851817993e-05
2.0852399633e-05
2.0852981273e-05
2.0853562933e-05
2.0854144573e-05
2.0854726213e-05
2.0855307853e-05
2.0855889513e-05
2.0856471153e-05
2.0857052793e-05
2.0857634433e-05
2.0858216073e-05
2.0858797733e-05
2.0859379373e-05
2.0859961013e-05
2.0860542653e-05
2.0861124313e-05
2.0861705953e-05
2.0862287593e-05
2.0862869233e-05
2.0863450893e-05
2.0864032533e-05
2.0864614173e-05
2.0865195813e-05
2.0865777473e-05
2.0866359113e-05
2.0866940753e-05
2.0867522393e-05
2.0868104053e-05
2.0868685693e-05
2.0869267333e-05
2.0869848973e-05
2.0870430633e-05
2.0871012273e-05
2.0871593913e-05
2.0872175553e-05
2.0872757213e-05
2.0873338853e-05
2.0873920493e-05
2.0874502133e-05
2.0875083773e-05
2.0875665433e-05
2.0876247073e-05
2.0876828713e-05
2.0877410353e-05
2.0877992013e-05
2.0878573653e-05
2.0879155293e-05
2.0879736933e-05
2.0880318593e-05
2.0880900233e-05
2.0881481873e-05
2.0882063513e-05
2.0882645173e-05
2.0883226813e-05
2.0883808453e-05
2.0884390093e-05
2.0884971753e-05
2.0885553393e-05
2.0886135033e-05
2.0886716673e-05
2.0887298333e-05
2.0887879973e-05
2.0888461613e-05
2.0889043253e-05
2.0889624893e-05
2.0890206553e-05
2.0890788193e-05
2.0891369833e-05
2.0891951473e-05
2.0892533133e-05
2.0893114773e-05
2.0893696413e-05
2.0894278053e-05
2.0894859713e-05
2.0895441353e-05
2.0896022993e-05
2.0896604633e-05
2.0897186293e-05
2.0897767933e-05
2.0898349573e-05
2.0898931213e-05
2.0899512873e-05
2.0900094513e-05
2.0900676153e-05
2.0901257793e-05
2.0901839453e-05
2.0902421093e-05
2.0903002733e-05
2.0903584373e-05
2.0904166033e-05
2.0904747673e-05
2.0905329313e-05
2.0905910953e-05
2.0906492593e-05
2.0907074253e-05
2.0907655893e-05
2.0908237533e-05
2.0908819173e-05
2.0909400833e-05
2.0909982473e-05
2.0910564113e-05
2.0911145753e-05
2.0911727413e-05
2.0912309053e-05
2.0912890693e-05
2.0913472333e-05
2.0914053993e-05
2.0914635633e-05
2.0915217273e-05
2.0915798913e-05
2.0916380573e-05
2.0916962213e-05
2.0917543853e-05
2.0918125493e-05
2.0918707153e-05
2.0919288793e-05
2.0919870433e-05
2.0920452073e-05
2.0921033713e-05
2.0921615373e-05
2.0922197013e-05
2.0922778653e-05
2.0923360293e-05
2.0923941953e-05
2.0924523593e-05
2.0925105233e-05
2.0925686873e-05
2.0926268533e-05
2.0926850173e-05
2.0927431813e-05
2.0928013453e-05
2.0928595113e-05
2.0929176753e-05
2.0929758393e-05
2.0930340033e-05
2.0930921693e-05
2.0931503333e-05
2.0932084973e-05
2.0932666613e-05
2.0933248273e-05
2.0933829913e-05
2.0934411553e-05
2.0934993193e-05
2.0935574853e-05
2.0936156493e-05
2.0936738133e-05
2.0937319773e-05
2.0937901413e-05
2.0938483073e-05
2.0939064713e-05
2.0939646353e-05
2.0940227993e-05
2.0940809653e-05
2.0941391293e-05
2.0941972933e-05
2.0942554573e-05
2.0943136233e-05
2.0943717873e-05
2.0944299513e-05
2.0944881153e-05
2.0945462813e-05
2.0946044453e-05
2.0946626093e-05
2.0947207733e-05
2.0947789393e-05
2.0948371033e-05
2.0948952673e-05
2.0949534313e-05
2.0950115973e-05
2.0950697613e-05
2.0951279253e-05
2.0951860893e-05
2.0952442533e-05
2.0953024193e-05
2.0953605833e-05
2.0954187473e-05
2.0954769113e-05
2.0955350773e-05
2.0955932413e-05
2.0956514053e-05
2.0957095693e-05
2.0957677353e-05
2.0958258993e-05
2.0958840633e-05
2.0959422273e-05
2.0960003933e-05
2.0960585573e-05
2.0961167213e-05
2.0961748853e-05
2.0962330513e-05
2.0962912153e-05
2.0963493793e-05
2.0964075433e-05
2.0964657093e-05
2.0965238733e-05
2.0965820373e-05
2.0966402013e-05
2.0966983673e-05
2.0967565313e-05
2.0968146953e-05
2.0968728593e-05
2.0969310233e-05
2.0969891893e-05
2.0970473533e-05
2.0971055173e-05
2.0971636813e-05
2.0972218473e-05
2.0972800113e-05
2.0973381753e-05
2.0973963393e-05
2.0974545053e-05
2.0975126693e-05
2.0975708333e-05
2.0976289973e-05
2.0976871633e-05
2.0977453273e-05
2.0978034913e-05
2.0978616553e-05
2.0979198212e-05
2.0979779852e-05
2.0980361492e-05
2.0980943132e-05
2.0981524792e-05
2.0982106432e-05
2.0982688072e-05
2.0983269712e-05
2.0983851352e-05
2.0984433012e-05
2.0985014652e-05
2.0985596292e-05
2.0986177932e-05
2.0986759592e-05
2.0987341232e-05
2.0987922872e-05
2.0988504512e-05
2.0989086172e-05
2.0989667812e-05
2.0990249452e-05
2.0990831092e-05
2.0991412752e-05
2.0991994392e-05
2.0992576032e-05
2.0993157672e-05
2.0993739332e-05
2.0994320972e-05
2.0994902612e-05
2.0995484252e-05
2.0996065912e-05
2.0996647552e-05
2.0997229192e-05
2.0997810832e-05
2.0998392492e-05
2.0998974132e-05
2.0999555772e-05
2.1000137412e-05
2.1000719052e-05
2.1001300712e-05
2.1001882352e-05
2.1002463992e-05
2.1003045632e-05
2.1003627292e-05
2.1004208932e-05
2.1004790572e-05
2.1005372212e-05
2.1005953872e-05
2.1006535512e-05
2.1007117152e-05
2.1007698792e-05
2.1008280452e-05
2.1008862092e-05
2.1009443732e-05
2.1010025372e-05
2.1010607032e-05
2.1011188672e-05
2.1011770312e-05
2.1012351952e-05
2.1012933612e-05
2.1013515252e-05
2.1014096892e-05
2.1014678532e-05
2.1015260172e-05
2.1015841832e-05
2.1016423472e-05
2.1017005112e-05
2.1017586752e-05
2.1018168412e-05
2.1018750052e-05
2.1019331692e-05
2.1019913332e-05
2.1020494992e-05
2.1021076632e-05
2.1021658272e-05
2.1022239912e-05
2.1022821572e-05
2.1023403212e-05
2.1023984852e-05
2.1024566492e-05
2.1025148152e-05
2.1025729792e-05
2.1026311432e-05
2.1026893072e-05
2.1027474732e-05
2.1028056372e-05
2.1028638012e-05
2.1029219652e-05
2.1029801312e-05
2.1030382952e-05
2.1030964592e-05
2.1031546232e-05
2.1032127872e-05
2.1032709532e-05
2.1033291172e-05
2.1033872812e-05
2.1034454452e-05
2.1035036112e-05
2.1035617752e-05
2.1036199392e-05
2.1036781032e-05
2.1037362692e-05
2.1037944332e-05
2.1038525972e-05
2.1039107612e-05
2.1039689272e-05
2.1040270912e-05
2.1040852552e-05
2.1041434192e-05
2.1042015852e-05
2.1042597492e-05
2.1043179132e-05
2.1043760772e-05
2.1044342432e-05
2.1044924072e-05
2.1045505712e-05
2.1046087352e-05
2.1046668992e-05
2.1047250652e-05
2.1047832292e-05
2.1048413932e-05
2.1048995572e-05
2.1049577232e-05
2.1050158872e-05
2.1050740512e-05
2.1051322152e-05
2.1051903812e-05
2.1052485452e-05
2.1053067092e-05
2.1053648732e-05
2.1054230392e-05
2.1054812032e-05
2.1055393672e-05
2.1055975312e-05
2.1056556972e-05
2.1057138612e-05
2.1057720252e-05
2.1058301892e-05
2.1058883552e-05
2.1059465192e-05
2.1060046832e-05
2.1060628472e-05
2.1061210132e-05
2.1061791772e-05
2.1062373412e-05
2.1062955052e-05
2.1063536692e-05
2.1064118352e-05
2.1064699992e-05
2.1065281632e-05
2.1065863272e-05
2.1066444932e-05
2.1067026572e-05
2.1067608212e-05
2.1068189852e-05
2.1068771512e-05
2.1069353152e-05
2.1069934792e-05
2.1070516432e-05
2.1071098092e-05
2.1071679732e-05
2.1072261372e-05
2.1072843012e-05
2.1073424672e-05
2.1074006312e-05
2.1074587952e-05
2.1075169592e-05
2.1075751252e-05
2.1076332892e-05
2.1076914532e-05
2.1077496172e-05
2.1078077812e-05
2.1078659472e-05
2.1079241112e-05
2.1079822752e-05
2.1080404392e-05
2.1080986052e-05
2.1081567692e-05
2.1082149332e-05
2.1082730972e-05
2.1083312632e-05
2.1083894272e-05
2.1084475912e-05
2.1085057552e-05
2.1085639212e-05
2.1086220852e-05
2.1086802492e-05
2.1087384132e-05
2.1087965792e-05
2.1088547432e-05
2.1089129072e-05
2.1089710712e-05
2.1090292372e-05
2.1090874012e-05
2.1091455652e-05
2.1092037292e-05
2.1092618952e-05
2.1093200592e-05
2.1093782232e-05
2.1094363872e-05
2.1094945512e-05
2.1095527172e-05
2.1096108812e-05
2.1096690452e-05
2.1097272092e-05
2.1097853752e-05
2.1098435392e-05
2.1099017032e-05
2.1099598672e-05
2.1100180332e-05
2.1100761972e-05
2.1101343612e-05
2.1101925252e-05
2.1102506912e-05
2.1103088552e-05
2.1103670192e-05
2.1104251832e-05
2.1104833492e-05
2.1105415132e-05
2.1105996772e-05
2.1106578412e-05
2.1107160072e-05
2.1107741712e-05
2.1108323352e-05
2.1108904992e-05
2.1109486632e-05
2.1110068292e-05
2.1110649932e-05
2.1111231572e-05
2.1111813212e-05
2.1112394872e-05
2.1112976512e-05
2.1113558152e-05
2.1114139792e-05
2.1114721452e-05
2.1115303092e-05
2.1115884732e-05
2.1116466372e-05
2.1117048032e-05
2.1117629672e-05
2.1118211312e-05
2.1118792952e-05
2.1119374612e-05
2.1119956252e-05
2.1120537892e-05
2.1121119532e-05
2.1121701192e-05
2.1122282832e-05
2.1122864472e-05
2.1123446112e-05
2.1124027772e-05
2.1124609412e-05
2.1125191052e-05
2.1125772692e-05
2.1126354332e-05
2.1126935992e-05
2.1127517632e-05
2.1128099272e-05
2.1128680912e-05
2.1129262572e-05
2.1129844212e-05
2.1130425852e-05
2.1131007492e-05
2.1131589152e-05
2.1132170792e-05
2.1132752432e-05
2.1133334072e-05
2.1133915732e-05
2.1134497372e-05
2.1135079012e-05
2.1135660652e-05
2.1136242312e-05
2.1136823952e-05
2.1137405592e-05
2.1137987232e-05
2.1138568892e-05
2.1139150532e-05
2.1139732172e-05
2.1140313812e-05
2.1140895452e-05
2.1141477112e-05
2.1142058752e-05
2.1142640392e-05
2.1143222032e-05
2.1143803691e-05
2.1144385331e-05
2.1144966971e-05
2.1145548611e-05
2.1146130271e-05
2.1146711911e-05
2.1147293551e-05
2.1147875191e-05
2.1148456851e-05
2.1149038491e-05
2.1149620131e-05
2.1150201771e-05
2.1150783431e-05
2.1151365071e-05
2.1151946711e-05
2.1152528351e-05
2.1153110011e-05
2.1153691651e-05
2.1154273291e-05
2.1154854931e-05
2.1155436591e-05
2.1156018231e-05
2.1156599871e-05
2.1157181511e-05
2.1157763151e-05
2.1158344811e-05
2.1158926451e-05
2.1159508091e-05
2.1160089731e-05
2.1160671391e-05
2.1161253031e-05
2.1161834671e-05
2.1162416311e-05
2.1162997971e-05
2.1163579611e-05
2.1164161251e-05
2.1164742891e-05
2.1165324551e-05
2.1165906191e-05
2.1166487831e-05
2.1167069471e-05
2.1167651131e-05
2.1168232771e-05
2.1168814411e-05
2.1169396051e-05
2.1169977711e-05
2.1170559351e-05
2.1171140991e-05
2.1171722631e-05
2.1172304291e-05
2.1172885931e-05
2.1173467571e-05
2.1174049211e-05
2.1174630851e-05
2.1175212511e-05
2.1175794151e-05
2.1176375791e-05
2.1176957431e-05
2.1177539091e-05
2.1178120731e-05
2.1178702371e-05
2.1179284011e-05
2.1179865671e-05
2.1180447311e-05
2.1181028951e-05
2.1181610591e-05
2.1182192251e-05
2.1182773891e-05
2.1183355531e-05
2.1183937171e-05
2.1184518831e-05
2.1185100471e-05
2.1185682111e-05
2.1186263751e-05
2.1186845411e-05
2.1187427051e-05
2.1188008691e-05
2.1188590331e-05
2.1189171971e-05
2.1189753631e-05
2.1190335271e-05
2.1190916911e-05
2.1191498551e-05
2.1192080211e-05
2.1192661851e-05
2.1193243491e-05
2.1193825131e-05
2.1194406791e-05
2.1194988431e-05
2.1195570071e-05
2.1196151711e-05
2.1196733371e-05
2.1197315011e-05
2.1197896651e-05
2.1198478291e-05
2.1199059951e-05
2.1199641591e-05
2.1200223231e-05
2.1200804871e-05
2.1201386531e-05
2.1201968171e-05
2.1202549811e-05
2.1203131451e-05
2.1203713111e-05
2.1204294751e-05
2.1204876391e-05
2.1205458031e-05
2.1206039671e-05
2.1206621331e-05
2.1207202971e-05
2.1207784611e-05
2.1208366251e-05
2.1208947911e-05
2.1209529551e-05
2.1210111191e-05
2.1210692831e-05
2.1211274491e-05
2.1211856131e-05
2.1212437771e-05
2.1213019411e-05
2.1213601071e-05
2.1214182711e-05
2.1214764351e-05
2.1215345991e-05
2.1215927651e-05
2.1216509291e-05
2.1217090931e-05
2.1217672571e-05
2.1218254231e-05
2.1218835871e-05
2.1219417511e-05
2.1219999151e-05
2.1220580791e-05
2.1221162451e-05
2.1221744091e-05
2.1222325731e-05
2.1222907371e-05
2.1223489031e-05
2.1224070671e-05
2.1224652311e-05
2.1225233951e-05
2.1225815611e-05
2.1226397251e-05
2.1226978891e-05
2.1227560531e-05
2.1228142191e-05
2.1228723831e-05
2.1229305471e-05
2.1229887111e-05
2.1230468771e-05
2.1231050411e-05
2.1231632051e-05
2.1232213691e-05
2.1232795351e-05
2.1233376991e-05
2.1233958631e-05
2.1234540271e-05
2.1235121931e-05
2.1235703571e-05
2.1236285211e-05
2.1236866851e-05
2.1237448491e-05
2.1238030151e-05
2.1238611791e-05
2.1239193431e-05
2.1239775071e-05
2.1240356731e-05
2.1240938371e-05
2.1241520011e-05
2.1242101651e-05
2.1242683311e-05
2.1243264951e-05
2.1243846591e-05
2.1244428231e-05
2.1245009891e-05
2.1245591531e-05
2.1246173171e-05
2.1246754811e-05
2.1247336471e-05
2.1247918111e-05
2.1248499751e-05
2.1249081391e-05
2.1249663051e-05
2.1250244691e-05
2.1250826331e-05
2.1251407971e-05
2.1251989611e-05
2.1252571271e-05
2.1253152911e-05
2.1253734551e-05
2.1254316191e-05
2.1254897851e-05
2.1255479491e-05
2.1256061131e-05
2.1256642771e-05
2.1257224431e-05
2.1257806071e-05
2.1258387711e-05
2.1258969351e-05
2.1259551011e-05
2.1260132651e-05
2.1260714291e-05
2.1261295931e-05
2.1261877591e-05
2.1262459231e-05
2.1263040871e-05
2.1263622511e-05
2.1264204171e-05
2.1264785811e-05
2.1265367451e-05
2.1265949091e-05
2.1266530751e-05
2.1267112391e-05
2.1267694031e-05
2.1268275671e-05
2.1268857311e-05
2.1269438971e-05
2.1270020611e-05
2.1270602251e-05
2.1271183891e-05
2.1271765551e-05
2.1272347191e-05
2.1272928831e-05
2.1273510471e-05
2.1274092131e-05
2.1274673771e-05
2.1275255411e-05
2.1275837051e-05
2.1276418711e-05
2.1277000351e-05
2.1277581991e-05
2.1278163631e-05
2.1278745291e-05
2.1279326931e-05
2.1279908571e-05
2.1280490211e-05
2.1281071871e-05
2.1281653511e-05
2.1282235151e-05
2.1282816791e-05
2.1283398431e-05
2.1283980091e-05
2.1284561731e-05
2.1285143371e-05
2.1285725011e-05
2.1286306671e-05
2.1286888311e-05
2.1287469951e-05
2.1288051591e-05
2.1288633251e-05
2.1289214891e-05
2.1289796531e-05
2.1290378171e-05
2.1290959831e-05
2.1291541471e-05
2.1292123111e-05
2.1292704751e-05
2.1293286411e-05
2.1293868051e-05
2.1294449691e-05
2.1295031331e-05
2.1295612991e-05
2.1296194631e-05
2.1296776271e-05
2.1297357911e-05
2.1297939571e-05
2.1298521211e-05
2.1299102851e-05
2.1299684491e-05
2.1300266131e-05
2.1300847791e-05
2.1301429431e-05
2.1302011071e-05
2.1302592711e-05
2.1303174371e-05
2.1303756011e-05
2.1304337651e-05
2.1304919291e-05
2.1305500951e-05
2.1306082591e-05
2.1306664231e-05
2.1307245871e-05
2.1307827531e-05
2.130840917e-05
2.130899081e-05
2.130957245e-05
2.131015411e-05
2.131073575e-05
2.131131739e-05
2.131189903e-05
2.131248069e-05
2.131306233e-05
2.131364397e-05
2.131422561e-05
2.131480725e-05
2.131538891e-05
2.131597055e-05
2.131655219e-05
2.131713383e-05
2.131771549e-05
2.131829713e-05
2.131887877e-05
2.131946041e-05
2.132004207e-05
2.132062371e-05
2.132120535e-05
2.132178699e-05
2.132236865e-05
2.132295029e-05
2.132353193e-05
2.132411357e-05
2.132469523e-05
2.132527687e-05
2.132585851e-05
2.132644015e-05
2.132702181e-05
2.132760345e-05
2.132818509e-05
2.132876673e-05
2.132934839e-05
2.132993003e-05
2.133051167e-05
2.133109331e-05
2.133167495e-05
2.133225661e-05
2.133283825e-05
2.133341989e-05
2.133400153e-05
2.133458319e-05
2.133516483e-05
2.133574647e-05
2.133632811e-05
2.133690977e-05
2.133749141e-05
2.133807305e-05
2.133865469e-05
2.133923635e-05
2.133981799e-05
2.134039963e-05
2.134098127e-05
2.134156293e-05
2.134214457e-05
2.134272621e-05
2.134330785e-05
2.134388951e-05
2.134447115e-05
2.134505279e-05
2.134563443e-05
2.134621607e-05
2.134679773e-05
2.134737937e-05
2.134796101e-05
2.134854265e-05
2.134912431e-05
2.134970595e-05
2.135028759e-05
2.135086923e-05
2.135145089e-05
2.135203253e-05
2.135261417e-05
2.135319581e-05
2.135377747e-05
2.135435911e-05
2.135494075e-05
2.135552239e-05
2.135610405e-05
2.135668569e-05
2.135726733e-05
2.135784897e-05
2.135843063e-05
2.135901227e-05
2.135959391e-05
2.136017555e-05
2.136075721e-05
2.136133885e-05
2.136192049e-05
2.136250213e-05
2.136308377e-05
2.136366543e-05
2.136424707e-05
2.136482871e-05
2.136541035e-05
2.136599201e-05
2.136657365e-05
2.136715529e-05
2.136773693e-05
2.136831859e-05
2.136890023e-05
2.136948187e-05
2.137006351e-05
2.137064517e-05
2.137122681e-05
2.137180845e-05
2.137239009e-05
2.137297175e-05
2.137355339e-05
2.137413503e-05
2.137471667e-05
2.137529833e-05
2.137587997e-05
2.137646161e-05
2.137704325e-05
2.137762489e-05
2.137820655e-05
2.137878819e-05
2.137936983e-05
2.137995147e-05
2.138053313e-05
2.138111477e-05
2.138169641e-05
2.138227805e-05
2.138285971e-05
2.138344135e-05
2.138402299e-05
2.138460463e-05
2.138518629e-05
2.138576793e-05
2.138634957e-05
2.138693121e-05
2.138751287e-05
2.138809451e-05
2.138867615e-05
2.138925779e-05
2.138983945e-05
2.139042109e-05
2.139100273e-05
2.139158437e-05
2.139216603e-05
2.139274767e-05
2.139332931e-05
2.139391095e-05
2.139449259e-05
2.139507425e-05
2.139565589e-05
2.139623753e-05
2.139681917e-05
2.139740083e-05
2.139798247e-05
2.139856411e-05
2.139914575e-05
2.139972741e-05
2.140030905e-05
2.140089069e-05
2.140147233e-05
2.140205399e-05
2.140263563e-05
2.140321727e-05
2.140379891e-05
2.140438057e-05
2.140496221e-05
2.140554385e-05
2.140612549e-05
2.140670715e-05
2.140728879e-05
2.140787043e-05
2.140845207e-05
2.140903371e-05
2.140961537e-05
2.141019701e-05
2.141077865e-05
2.141136029e-05
2.141194195e-05
2.141252359e-05
2.141310523e-05
2.141368687e-05
2.141426853e-05
2.141485017e-05
2.141543181e-05
2.141601345e-05
2.141659511e-05
2.141717675e-05
2.141775839e-05
2.141834003e-05
2.141892169e-05
2.141950333e-05
2.142008497e-05
2.142066661e-05
2.142124827e-05
2.142182991e-05
2.142241155e-05
2.142299319e-05
2.142357485e-05
2.142415649e-05
2.142473813e-05
2.142531977e-05
2.142590141e-05
2.142648307e-05
2.142706471e-05
2.142764635e-05
2.142822799e-05
2.142880965e-05
2.142939129e-05
2.142997293e-05
2.143055457e-05
2.143113623e-05
2.143171787e-05
2.143229951e-05
2.143288115e-05
2.143346281e-05
2.143404445e-05
2.143462609e-05
2.143520773e-05
2.143578939e-05
2.143637103e-05
2.143695267e-05
2.143753431e-05
2.143811597e-05
2.143869761e-05
2.143927925e-05
2.143986089e-05
2.144044253e-05
2.144102419e-05
2.144160583e-05
2.144218747e-05
2.144276911e-05
2.144335077e-05
2.144393241e-05
2.144451405e-05
2.144509569e-05
2.144567735e-05
2.144625899e-05
2.144684063e-05
2.144742227e-05
2.144800393e-05
2.144858557e-05
2.144916721e-05
2.144974885e-05
2.145033051e-05
2.145091215e-05
2.145149379e-05
2.145207543e-05
2.145265709e-05
2.145323873e-05
2.145382037e-05
2.145440201e-05
2.145498367e-05
2.145556531e-05
2.145614695e-05
2.145672859e-05
2.145731023e-05
2.145789189e-05
2.145847353e-05
2.145905517e-05
2.145963681e-05
2.146021847e-05
2.146080011e-05
2.146138175e-05
2.146196339e-05
2.146254505e-05
2.146312669e-05
2.146370833e-05
2.146428997e-05
2.146487163e-05
2.146545327e-05
2.146603491e-05
2.146661655e-05
2.146719821e-05
2.146777985e-05
2.146836149e-05
2.146894313e-05
2.146952479e-05
2.147010643e-05
2.147068807e-05
2.147126971e-05
2.147185135e-05
2.147243301e-05
2.1473014649e-05
2.1473596289e-05
2.1474177929e-05
2.1474759589e-05
2.1475341229e-05
2.1475922869e-05
2.1476504509e-05
2.1477086169e-05
2.1477667809e-05
2.1478249449e-05
2.1478831089e-05
2.1479412749e-05
2.1479994389e-05
2.1480576029e-05
2.1481157669e-05
2.1481739329e-05
2.1482320969e-05
2.1482902609e-05
2.1483484249e-05
2.1484065909e-05
2.1484647549e-05
2.1485229189e-05
2.1485810829e-05
2.1486392489e-05
2.1486974129e-05
2.1487555769e-05
2.1488137409e-05
2.1488719049e-05
2.1489300709e-05
2.1489882349e-05
2.1490463989e-05
2.1491045629e-05
2.1491627289e-05
2.1492208929e-05
2.1492790569e-05
2.1493372209e-05
2.1493953869e-05
2.1494535509e-05
2.1495117149e-05
2.1495698789e-05
2.1496280449e-05
2.1496862089e-05
2.1497443729e-05
2.1498025369e-05
2.1498607029e-05
2.1499188669e-05
2.1499770309e-05
2.1500351949e-05
2.1500933609e-05
2.1501515249e-05
2.1502096889e-05
2.1502678529e-05
2.1503260169e-05
2.1503841829e-05
2.1504423469e-05
2.1505005109e-05
2.1505586749e-05
2.1506168409e-05
2.1506750049e-05
2.1507331689e-05
2.1507913329e-05
2.1508494989e-05
2.1509076629e-05
2.1509658269e-05
2.1510239909e-05
2.1510821569e-05
2.1511403209e-05
2.1511984849e-05
2.1512566489e-05
2.1513148149e-05
2.1513729789e-05
2.1514311429e-05
2.1514893069e-05
2.1515474729e-05
2.1516056369e-05
2.1516638009e-05
2.1517219649e-05
2.1517801309e-05
2.1518382949e-05
2.1518964589e-05
2.1519546229e-05
2.1520127869e-05
2.1520709529e-05
2.1521291169e-05
2.1521872809e-05
2.1522454449e-05
2.1523036109e-05
2.1523617749e-05
2.1524199389e-05
2.1524781029e-05
2.1525362689e-05
2.1525944329e-05
2.1526525969e-05
2.1527107609e-05
2.1527689269e-05
2.1528270909e-05
2.1528852549e-05
2.1529434189e-05
2.1530015849e-05
2.1530597489e-05
2.1531179129e-05
2.1531760769e-05
2.1532342429e-05
2.1532924069e-05
2.1533505709e-05
2.1534087349e-05
2.1534668989e-05
2.1535250649e-05
2.1535832289e-05
2.1536413929e-05
2.1536995569e-05
2.1537577229e-05
2.1538158869e-05
2.1538740509e-05
2.1539322149e-05
2.1539903809e-05
2.1540485449e-05
2.1541067089e-05
2.1541648729e-05
2.1542230389e-05
2.1542812029e-05
2.1543393669e-05
2.1543975309e-05
2.1544556969e-05
2.1545138609e-05
2.1545720249e-05
2.1546301889e-05
2.1546883549e-05
2.1547465189e-05
2.1548046829e-05
2.1548628469e-05
2.1549210129e-05
2.1549791769e-05
2.1550373409e-05
2.1550955049e-05
2.1551536689e-05
2.1552118349e-05
2.1552699989e-05
2.1553281629e-05
2.1553863269e-05
2.1554444929e-05
2.1555026569e-05
2.1555608209e-05
2.1556189849e-05
2.1556771509e-05
2.1557353149e-05
2.1557934789e-05
2.1558516429e-05
2.1559098089e-05
2.1559679729e-05
2.1560261369e-05
2.1560843009e-05
2.1561424669e-05
2.1562006309e-05
2.1562587949e-05
2.1563169589e-05
2.1563751249e-05
2.1564332889e-05
2.1564914529e-05
2.1565496169e-05
2.1566077809e-05
2.1566659469e-05
2.1567241109e-05
2.1567822749e-05
2.1568404389e-05
2.1568986049e-05
2.1569567689e-05
2.1570149329e-05
2.1570730969e-05
2.1571312629e-05
2.1571894269e-05
2.1572475909e-05
2.1573057549e-05
2.1573639209e-05
2.1574220849e-05
2.1574802489e-05
2.1575384129e-05
2.1575965789e-05
2.1576547429e-05
2.1577129069e-05
2.1577710709e-05
2.1578292369e-05
2.1578874009e-05
2.1579455649e-05
2.1580037289e-05
2.1580618949e-05
2.1581200589e-05
2.1581782229e-05
2.1582363869e-05
2.1582945509e-05
2.1583527169e-05
2.1584108809e-05
2.1584690449e-05
2.1585272089e-05
2.1585853749e-05
2.1586435389e-05
2.1587017029e-05
2.1587598669e-05
2.1588180329e-05
2.1588761969e-05
2.1589343609e-05
2.1589925249e-05
2.1590506909e-05
2.1591088549e-05
2.1591670189e-05
2.1592251829e-05
2.1592833489e-05
2.1593415129e-05
2.1593996769e-05
2.1594578409e-05
2.1595160069e-05
2.1595741709e-05
2.1596323349e-05
2.1596904989e-05
2.1597486629e-05
2.1598068289e-05
2.1598649929e-05
2.1599231569e-05
2.1599813209e-05
2.1600394869e-05
2.1600976509e-05
2.1601558149e-05
2.1602139789e-05
2.1602721449e-05
2.1603303089e-05
2.1603884729e-05
2.1604466369e-05
2.1605048029e-05
2.1605629669e-05
2.1606211309e-05
2.1606792949e-05
2.1607374609e-05
2.1607956249e-05
2.1608537889e-05
2.1609119529e-05
2.1609701189e-05
2.1610282829e-05
2.1610864469e-05
2.1611446109e-05
2.1612027769e-05
2.1612609409e-05
2.1613191049e-05
2.1613772689e-05
2.1614354329e-05
2.1614935989e-05
2.1615517629e-05
2.1616099269e-05
2.1616680909e-05
2.1617262569e-05
2.1617844209e-05
2.1618425849e-05
2.1619007489e-05
2.1619589149e-05
2.1620170789e-05
2.1620752429e-05
2.1621334069e-05
2.1621915729e-05
2.1622497369e-05
2.1623079009e-05
2.1623660649e-05
2.1624242309e-05
2.1624823949e-05
2.1625405589e-05
2.1625987229e-05
2.1626568889e-05
2.1627150529e-05
2.1627732169e-05
2.1628313809e-05
2.1628895449e-05
2.1629477109e-05
2.1630058749e-05
2.1630640389e-05
2.1631222029e-05
2.1631803689e-05
2.1632385329e-05
2.1632966969e-05
2.1633548609e-05
2.1634130269e-05
2.1634711909e-05
2.1635293549e-05
2.1635875189e-05
2.1636456849e-05
2.1637038489e-05
2.1637620128e-05
2.1638201768e-05
2.1638783428e-05
2.1639365068e-05
2.1639946708e-05
2.1640528348e-05
2.1641110008e-05
2.1641691648e-05
2.1642273288e-05
2.1642854928e-05
2.1643436588e-05
2.1644018228e-05
2.1644599868e-05
2.1645181508e-05
2.1645763148e-05
2.1646344808e-05
2.1646926448e-05
2.1647508088e-05
2.1648089728e-05
2.1648671388e-05
2.1649253028e-05
2.1649834668e-05
2.1650416308e-05
2.1650997968e-05
2.1651579608e-05
2.1652161248e-05
2.1652742888e-05
2.1653324548e-05
2.1653906188e-05
2.1654487828e-05
2.1655069468e-05
2.1655651128e-05
2.1656232768e-05
2.1656814408e-05
2.1657396048e-05
2.1657977708e-05
2.1658559348e-05
2.1659140988e-05
2.1659722628e-05
2.1660304288e-05
2.1660885928e-05
2.1661467568e-05
2.1662049208e-05
2.1662630848e-05
2.1663212508e-05
2.1663794148e-05
2.1664375788e-05
2.1664957428e-05
2.1665539088e-05
2.1666120728e-05
2.1666702368e-05
2.1667284008e-05
2.1667865668e-05
2.1668447308e-05
2.1669028948e-05
2.1669610588e-05
2.1670192248e-05
2.1670773888e-05
2.1671355528e-05
2.1671937168e-05
2.1672518828e-05
2.1673100468e-05
2.1673682108e-05
2.1674263748e-05
2.1674845408e-05
2.1675427048e-05
2.1676008688e-05
2.1676590328e-05
2.1677171968e-05
2.1677753628e-05
2.1678335268e-05
2.1678916908e-05
2.1679498548e-05
2.1680080208e-05
2.1680661848e-05
2.1681243488e-05
2.1681825128e-05
2.1682406788e-05
2.1682988428e-05
2.1683570068e-05
2.1684151708e-05
2.1684733368e-05
2.1685315008e-05
2.1685896648e-05
2.1686478288e-05
2.1687059948e-05
2.1687641588e-05
2.1688223228e-05
2.1688804868e-05
2.1689386528e-05
2.1689968168e-05
2.1690549808e-05
2.1691131448e-05
2.1691713108e-05
2.1692294748e-05
2.1692876388e-05
2.1693458028e-05
2.1694039668e-05
2.1694621328e-05
2.1695202968e-05
2.1695784608e-05
2.1696366248e-05
2.1696947908e-05
2.1697529548e-05
2.1698111188e-05
2.1698692828e-05
2.1699274488e-05
2.1699856128e-05
2.1700437768e-05
2.1701019408e-05
2.1701601068e-05
2.1702182708e-05
2.1702764348e-05
2.1703345988e-05
2.1703927648e-05
2.1704509288e-05
2.1705090928e-05
2.1705672568e-05
2.1706254228e-05
2.1706835868e-05
2.1707417508e-05
2.1707999148e-05
2.1708580788e-05
2.1709162448e-05
2.1709744088e-05
2.1710325728e-05
2.1710907368e-05
2.1711489028e-05
2.1712070668e-05
2.1712652308e-05
2.1713233948e-05
2.1713815608e-05
2.1714397248e-05
2.1714978888e-05
2.1715560528e-05
2.1716142188e-05
2.1716723828e-05
2.1717305468e-05
2.1717887108e-05
2.1718468768e-05
2.1719050408e-05
2.1719632048e-05
2.1720213688e-05
2.1720795348e-05
2.1721376988e-05
2.1721958628e-05
2.1722540268e-05
2.1723121928e-05
2.1723703568e-05
2.1724285208e-05
2.1724866848e-05
2.1725448488e-05
2.1726030148e-05
2.1726611788e-05
2.1727193428e-05
2.1727775068e-05
2.1728356728e-05
2.1728938368e-05
2.1729520008e-05
2.1730101648e-05
2.1730683308e-05
2.1731264948e-05
2.1731846588e-05
2.1732428228e-05
2.1733009888e-05
2.1733591528e-05
2.1734173168e-05
2.1734754808e-05
2.1735336468e-05
2.1735918108e-05
2.1736499748e-05
2.1737081388e-05
2.1737663048e-05
2.1738244688e-05
2.1738826328e-05
2.1739407968e-05
2.1739989608e-05
2.1740571268e-05
2.1741152908e-05
2.1741734548e-05
2.1742316188e-05
2.1742897848e-05
2.1743479488e-05
2.1744061128e-05
2.1744642768e-05
2.1745224428e-05
2.1745806068e-05
2.1746387708e-05
2.1746969348e-05
2.1747551008e-05
2.1748132648e-05
2.1748714288e-05
2.1749295928e-05
2.1749877588e-05
2.1750459228e-05
2.1751040868e-05
2.1751622508e-05
2.1752204168e-05
2.1752785808e-05
2.1753367448e-05
2.1753949088e-05
2.1754530748e-05
2.1755112388e-05
2.1755694028e-05
2.1756275668e-05
2.1756857308e-05
2.1757438968e-05
2.1758020608e-05
2.1758602248e-05
2.1759183888e-05
2.1759765548e-05
2.1760347188e-05
2.1760928828e-05
2.1761510468e-05
2.1762092128e-05
2.1762673768e-05
2.1763255408e-05
2.1763837048e-05
2.1764418708e-05
2.1765000348e-05
2.1765581988e-05
2.1766163628e-05
2.1766745288e-05
2.1767326928e-05
2.1767908568e-05
2.1768490208e-05
2.1769071868e-05
2.1769653508e-05
2.1770235148e-05
2.1770816788e-05
2.1771398428e-05
2.1771980088e-05
2.1772561728e-05
2.1773143368e-05
2.1773725008e-05
2.1774306668e-05
2.1774888308e-05
2.1775469948e-05
2.1776051588e-05
2.1776633248e-05
2.1777214888e-05
2.1777796528e-05
2.1778378168e-05
2.1778959828e-05
2.1779541468e-05
2.1780123108e-05
2.1780704748e-05
2.1781286408e-05
2.1781868048e-05
2.1782449688e-05
2.1783031328e-05
2.1783612988e-05
2.1784194628e-05
2.1784776268e-05
2.1785357908e-05
2.1785939568e-05
2.1786521208e-05
2.1787102848e-05
2.1787684488e-05
2.1788266128e-05
2.1788847788e-05
2.1789429428e-05
2.1790011068e-05
2.1790592708e-05
2.1791174368e-05
2.1791756008e-05
2.1792337648e-05
2.1792919288e-05
2.1793500948e-05
2.1794082588e-05
2.1794664228e-05
2.1795245868e-05
2.1795827528e-05
2.1796409168e-05
2.1796990808e-05
2.1797572448e-05
2.1798154108e-05
2.1798735748e-05
2.1799317388e-05
2.1799899028e-05
2.1800480688e-05
2.1801062328e-05
2.1801643968e-05
2.1802225607e-05
2.1802807247e-05
2.1803388907e-05
2.1803970547e-05
2.1804552187e-05
2.1805133827e-05
2.1805715487e-05
2.1806297127e-05
2.1806878767e-05
2.1807460407e-05
2.1808042067e-05
2.1808623707e-05
2.1809205347e-05
2.1809786987e-05
2.1810368647e-05
2.1810950287e-05
2.1811531927e-05
2.1812113567e-05
2.1812695227e-05
2.1813276867e-05
2.1813858507e-05
2.1814440147e-05
2.1815021807e-05
2.1815603447e-05
2.1816185087e-05
2.1816766727e-05
2.1817348387e-05
2.1817930027e-05
2.1818511667e-05
2.1819093307e-05
2.1819674947e-05
2.1820256607e-05
2.1820838247e-05
2.1821419887e-05
2.1822001527e-05
2.1822583187e-05
2.1823164827e-05
2.1823746467e-05
2.1824328107e-05
2.1824909767e-05
2.1825491407e-05
2.1826073047e-05
2.1826654687e-05
2.1827236347e-05
2.1827817987e-05
2.1828399627e-05
2.1828981267e-05
2.1829562927e-05
2.1830144567e-05
2.1830726207e-05
2.1831307847e-05
2.1831889507e-05
2.1832471147e-05
2.1833052787e-05
2.1833634427e-05
2.1834216067e-05
2.1834797727e-05
2.1835379367e-05
2.1835961007e-05
2.1836542647e-05
2.1837124307e-05
2.1837705947e-05
2.1838287587e-05
2.1838869227e-05
2.1839450887e-05
2.1840032527e-05
2.1840614167e-05
2.1841195807e-05
2.1841777467e-05
2.1842359107e-05
2.1842940747e-05
2.1843522387e-05
2.1844104047e-05
2.1844685687e-05
2.1845267327e-05
2.1845848967e-05
2.1846430627e-05
2.1847012267e-05
2.1847593907e-05
2.1848175547e-05
2.1848757207e-05
2.1849338847e-05
2.1849920487e-05
2.1850502127e-05
2.1851083767e-05
2.1851665427e-05
2.1852247067e-05
2.1852828707e-05
2.1853410347e-05
2.1853992007e-05
2.1854573647e-05
2.1855155287e-05
2.1855736927e-05
2.1856318587e-05
2.1856900227e-05
2.1857481867e-05
2.1858063507e-05
2.1858645167e-05
2.1859226807e-05
2.1859808447e-05
2.1860390087e-05
2.1860971747e-05
2.1861553387e-05
2.1862135027e-05
2.1862716667e-05
2.1863298327e-05
2.1863879967e-05
2.1864461607e-05
2.1865043247e-05
2.1865624887e-05
2.1866206547e-05
2.1866788187e-05
2.1867369827e-05
2.1867951467e-05
2.1868533127e-05
2.1869114767e-05
2.1869696407e-05
2.1870278047e-05
2.1870859707e-05
2.1871441347e-05
2.1872022987e-05
2.1872604627e-05
2.1873186287e-05
2.1873767927e-05
2.1874349567e-05
2.1874931207e-05
2.1875512867e-05
2.1876094507e-05
2.1876676147e-05
2.1877257787e-05
2.1877839447e-05
2.1878421087e-05
2.1879002727e-05
2.1879584367e-05
2.1880166027e-05
2.1880747667e-05
2.1881329307e-05
2.1881910947e-05
2.1882492587e-05
2.1883074247e-05
2.1883655887e-05
2.1884237527e-05
2.1884819167e-05
2.1885400827e-05
2.1885982467e-05
2.1886564107e-05
2.1887145747e-05
2.1887727407e-05
2.1888309047e-05
2.1888890687e-05
2.1889472327e-05
2.1890053987e-05
2.1890635627e-05
2.1891217267e-05
2.1891798907e-05
2.1892380567e-05
2.1892962207e-05
2.1893543847e-05
2.1894125487e-05
2.1894707147e-05
2.1895288787e-05
2.1895870427e-05
2.1896452067e-05
2.1897033707e-05
2.1897615367e-05
2.1898197007e-05
2.1898778647e-05
2.1899360287e-05
2.1899941947e-05
2.1900523587e-05
2.1901105227e-05
2.1901686867e-05
2.1902268527e-05
2.1902850167e-05
2.1903431807e-05
2.1904013447e-05
2.1904595107e-05
2.1905176747e-05
2.1905758387e-05
2.1906340027e-05
2.1906921687e-05
2.1907503327e-05
2.1908084967e-05
2.1908666607e-05
2.1909248267e-05
2.1909829907e-05
2.1910411547e-05
2.1910993187e-05
2.1911574847e-05
2.1912156487e-05
2.1912738127e-05
2.1913319767e-05
2.1913901407e-05
2.1914483067e-05
2.1915064707e-05
2.1915646347e-05
2.1916227987e-05
2.1916809647e-05
2.1917391287e-05
2.1917972927e-05
2.1918554567e-05
2.1919136227e-05
2.1919717867e-05
2.1920299507e-05
2.1920881147e-05
2.1921462807e-05
2.1922044447e-05
2.1922626087e-05
2.1923207727e-05
2.1923789387e-05
2.1924371027e-05
2.1924952667e-05
2.1925534307e-05
2.1926115967e-05
2.1926697607e-05
2.1927279247e-05
2.1927860887e-05
2.1928442527e-05
2.1929024187e-05
2.1929605827e-05
2.1930187467e-05
2.1930769107e-05
2.1931350767e-05
2.1931932407e-05
2.1932514047e-05
2.1933095687e-05
2.1933677347e-05
2.1934258987e-05
2.1934840627e-05
2.1935422267e-05
2.1936003927e-05
2.1936585567e-05
2.1937167207e-05
2.1937748847e-05
2.1938330507e-05
2.1938912147e-05
2.1939493787e-05
2.1940075427e-05
2.1940657087e-05
2.1941238727e-05
2.1941820367e-05
2.1942402007e-05
2.1942983667e-05
2.1943565307e-05
2.1944146947e-05
2.1944728587e-05
2.1945310227e-05
2.1945891887e-05
2.1946473527e-05
2.1947055167e-05
2.1947636807e-05
2.1948218467e-05
2.1948800107e-05
2.1949381747e-05
2.1949963387e-05
2.1950545047e-05
2.1951126687e-05
2.1951708327e-05
2.1952289967e-05
2.1952871627e-05
2.1953453267e-05
2.1954034907e-05
2.1954616547e-05
2.1955198207e-05
2.1955779847e-05
2.1956361487e-05
2.1956943127e-05
2.1957524787e-05
2.1958106427e-05
2.1958688067e-05
2.1959269707e-05
2.1959851347e-05
2.1960433007e-05
2.1961014647e-05
2.1961596287e-05
2.1962177927e-05
2.1962759587e-05
2.1963341227e-05
2.1963922867e-05
2.1964504507e-05
2.1965086167e-05
2.1965667807e-05
2.1966249447e-05
2.1966831086e-05
2.1967412746e-05
2.1967994386e-05
2.1968576026e-05
2.1969157666e-05
2.1969739326e-05
2.1970320966e-05
2.1970902606e-05
2.1971484246e-05
2.1972065906e-05
2.1972647546e-05
2.1973229186e-05
2.1973810826e-05
2.1974392486e-05
2.1974974126e-05
2.1975555766e-05
2.1976137406e-05
2.1976719046e-05
2.1977300706e-05
2.1977882346e-05
2.1978463986e-05
2.1979045626e-05
2.1979627286e-05
2.1980208926e-05
2.1980790566e-05
2.1981372206e-05
2.1981953866e-05
2.1982535506e-05
2.1983117146e-05
2.1983698786e-05
2.1984280446e-05
2.1984862086e-05
2.1985443726e-05
2.1986025366e-05
2.1986607026e-05
2.1987188666e-05
2.1987770306e-05
2.1988351946e-05
2.1988933606e-05
2.1989515246e-05
2.1990096886e-05
2.1990678526e-05
2.1991260166e-05
2.1991841826e-05
2.1992423466e-05
2.1993005106e-05
2.1993586746e-05
2.1994168406e-05
2.1994750046e-05
2.1995331686e-05
2.1995913326e-05
2.1996494986e-05
2.1997076626e-05
2.1997658266e-05
2.1998239906e-05
2.1998821566e-05
2.1999403206e-05
2.1999984846e-05
2.2000566486e-05
2.2001148146e-05
2.2001729786e-05
2.2002311426e-05
2.2002893066e-05
2.2003474726e-05
2.2004056366e-05
2.2004638006e-05
2.2005219646e-05
2.2005801306e-05
2.2006382946e-05
2.2006964586e-05
2.2007546226e-05
2.2008127866e-05
2.2008709526e-05
2.2009291166e-05
2.2009872806e-05
2.2010454446e-05
2.2011036106e-05
2.2011617746e-05
2.2012199386e-05
2.2012781026e-05
2.2013362686e-05
2.2013944326e-05
2.2014525966e-05
2.2015107606e-05
2.2015689266e-05
2.2016270906e-05
2.2016852546e-05
2.2017434186e-05
2.2018015846e-05
2.2018597486e-05
2.2019179126e-05
2.2019760766e-05
2.2020342426e-05
2.2020924066e-05
2.2021505706e-05
2.2022087346e-05
2.2022668986e-05
2.2023250646e-05
2.2023832286e-05
2.2024413926e-05
2.2024995566e-05
2.2025577226e-05
2.2026158866e-05
2.2026740506e-05
2.2027322146e-05
2.2027903806e-05
2.2028485446e-05
2.2029067086e-05
2.2029648726e-05
2.2030230386e-05
2.2030812026e-05
2.2031393666e-05
2.2031975306e-05
2.2032556966e-05
2.2033138606e-05
2.2033720246e-05
2.2034301886e-05
2.2034883546e-05
2.2035465186e-05
2.2036046826e-05
2.2036628466e-05
2.2037210126e-05
2.2037791766e-05
2.2038373406e-05
2.2038955046e-05
2.2039536686e-05
2.2040118346e-05
2.2040699986e-05
2.2041281626e-05
2.2041863266e-05
2.2042444926e-05
2.2043026566e-05
2.2043608206e-05
2.2044189846e-05
2.2044771506e-05
2.2045353146e-05
2.2045934786e-05
2.2046516426e-05
2.2047098086e-05
2.2047679726e-05
2.2048261366e-05
2.2048843006e-05
2.2049424666e-05
2.2050006306e-05
2.2050587946e-05
2.2051169586e-05
2.2051751246e-05
2.2052332886e-05
2.2052914526e-05
2.2053496166e-05
2.2054077806e-05
2.2054659466e-05
2.2055241106e-05
2.2055822746e-05
2.2056404386e-05
2.2056986046e-05
2.2057567686e-05
2.2058149326e-05
2.2058730966e-05
2.2059312626e-05
2.2059894266e-05
2.2060475906e-05
2.2061057546e-05
2.2061639206e-05
2.2062220846e-05
2.2062802486e-05
2.2063384126e-05
2.2063965786e-05
2.2064547426e-05
2.2065129066e-05
2.2065710706e-05
2.2066292366e-05
2.2066874006e-05
2.2067455646e-05
2.2068037286e-05
2.2068618946e-05
2.2069200586e-05
2.2069782226e-05
2.2070363866e-05
2.2070945506e-05
2.2071527166e-05
2.2072108806e-05
2.2072690446e-05
2.2073272086e-05
2.2073853746e-05
2.2074435386e-05
2.2075017026e-05
2.2075598666e-05
2.2076180326e-05
2.2076761966e-05
2.2077343606e-05
2.2077925246e-05
2.2078506906e-05
2.2079088546e-05
2.2079670186e-05
2.2080251826e-05
2.2080833486e-05
2.2081415126e-05
2.2081996766e-05
2.2082578406e-05
2.2083160066e-05
2.2083741706e-05
2.2084323346e-05
2.2084904986e-05
2.2085486626e-05
2.2086068286e-05
2.2086649926e-05
2.2087231566e-05
2.2087813206e-05
2.2088394866e-05
2.2088976506e-05
2.2089558146e-05
2.2090139786e-05
2.2090721446e-05
2.2091303086e-05
2.2091884726e-05
2.2092466366e-05
2.2093048026e-05
2.2093629666e-05
2.2094211306e-05
2.2094792946e-05
2.2095374606e-05
2.2095956246e-05
2.2096537886e-05
2.2097119526e-05
2.2097701186e-05
2.2098282826e-05
2.2098864466e-05
2.2099446106e-05
2.2100027766e-05
2.2100609406e-05
2.2101191046e-05
2.2101772686e-05
2.2102354326e-05
2.2102935986e-05
2.2103517626e-05
2.2104099266e-05
2.2104680906e-05
2.2105262566e-05
2.2105844206e-05
2.2106425846e-05
2.2107007486e-05
2.2107589146e-05
2.2108170786e-05
2.2108752426e-05
2.2109334066e-05
2.2109915726e-05
2.2110497366e-05
2.2111079006e-05
2.2111660646e-05
2.2112242306e-05
2.2112823946e-05
2.2113405586e-05
2.2113987226e-05
2.2114568886e-05
2.2115150526e-05
2.2115732166e-05
2.2116313806e-05
2.2116895446e-05
2.2117477106e-05
2.2118058746e-05
2.2118640386e-05
2.2119222026e-05
2.2119803686e-05
2.2120385326e-05
2.2120966966e-05
2.2121548606e-05
2.2122130266e-05
2.2122711906e-05
2.2123293546e-05
2.2123875186e-05
2.2124456846e-05
2.2125038486e-05
2.2125620126e-05
2.2126201766e-05
2.2126783426e-05
2.2127365066e-05
2.2127946706e-05
2.2128528346e-05
2.2129110006e-05
2.2129691646e-05
2.2130273286e-05
2.2130854926e-05
2.2131436585e-05
2.2132599865e-05
