23.270000458
22.829999924
22.559999466
22.409999847
22.350000381
22.229999542
22.049999237
21.989999771
21.909999847
21.799999237
21.870000839
22.059999466
22.059999466
22.399999619
22.430000305
22.399999619
22.180000305
21.809999466
21.479999542
21.370000839
21.459999084
21.459999084
21.690000534
22.149999619
22.280000687
22.270000458
22.229999542
22.11000061
21.989999771
21.950000763
21.969999313
22.090000153
22.239999771
22.350000381
22.489999771
22.649999619
22.780000687
22.819999695
22.790000916
22.790000916
22.670000076
22.510000229
22.340000153
22.270000458
22.229999542
22.239999771
22.239999771
22.190000534
22.190000534
22.190000534
22.229999542
22.290000916
22.270000458
22.159999847
22.180000305
22.260000229
22.290000916
22.340000153
22.399999619
22.459999084
22.430000305
22.370000839
22.239999771
22.11000061
21.920000076
21.690000534
21.510000229
21.420000076
21.379999161
21.530000687
21.780000687
21.969999313
22.120000839
22.200000763
22.190000534
22.190000534
22.219999313
22.200000763
22.059999466
21.930000305
21.790000916
21.620000839
21.620000839
20.930000305
20.659999847
20.440000534
20.270000458
20.190000534
20.219999313
20.340000153
20.510000229
20.680000305
20.819999695
20.930000305
20.989999771
20.88999939
20.690000534
20.450000763
20.270000458
20.270000458
20.149999619
20.190000534
20.209999084
20.25
20.25
20.219999313
20.219999313
20.180000305
20.200000763
20.190000534
20.120000839
19.930000305
19.670000076
19.5
19.469999313
19.430000305
19.280000687
19.11000061
19.100000381
19.200000763
19.299999237
19.379999161
19.469999313
19.590000153
19.739999771
19.819999695
19.86000061
19.930000305
20
20.11000061
20.299999237
20.629999161
20.959999084
21.270000458
21.510000229
21.590000153
21.700000763
21.870000839
22.010000229
22.100000381
22.219999313
22.340000153
22.340000153
22.649999619
22.680000305
22.549999237
22.409999847
22.340000153
22.350000381
22.600000381
23.040000916
23.319999695
23.430000305
23.520000458
23.569999695
23.579999924
23.520000458
23.440000534
23.38999939
23.38999939
23.440000534
23.440000534
23.399999619
23.36000061
23.270000458
23.159999847
23.120000839
23.120000839
23.11000061
23.219999313
23.459999084
23.629999161
23.709999084
23.75
23.729999542
23.649999619
23.620000839
23.569999695
23.450000763
23.340000153
23.260000229
23.149999619
23.049999237
23.010000229
22.989999771
22.909999847
22.840000153
22.780000687
22.690000534
22.629999161
22.649999619
22.819999695
22.979999542
23.030000687
22.940000534
22.840000153
22.829999924
22.879999161
22.920000076
22.959999084
23
22.979999542
22.979999542
22.909999847
22.969999313
23.010000229
23.059999466
23.049999237
23.069999695
23.159999847
23.239999771
23.329999924
23.440000534
23.549999237
23.559999466
23.450000763
23.299999237
23.159999847
23.149999619
23.149999619
23.219999313
23.270000458
23.409999847
23.590000153
23.809999466
24.100000381
24.340000153
24.440000534
24.489999771
24.569999695
24.600000381
24.61000061
24.670000076
24.809999466
24.879999161
24.829999924
24.790000916
24.770000458
24.760000229
24.75
24.75
24.75
24.739999771
24.760000229
24.829999924
24.899999619
24.930000305
24.930000305
25.010000229
25.180000305
25.350000381
25.530000687
25.719999313
25.840000153
25.940000534
26.010000229
26.149999619
26.229999542
26.190000534
26.079999924
26
25.930000305
25.930000305
25.799999237
25.819999695
25.809999466
25.690000534
25.579999924
25.540000916
25.430000305
25.340000153
25.379999161
25.459999084
25.510000229
25.479999542
25.469999313
25.540000916
25.680000305
25.86000061
25.86000061
26.38999939
26.629999161
26.770000458
26.840000153
26.819999695
26.770000458
26.700000763
26.600000381
26.559999466
26.61000061
26.850000381
27.120000839
27.239999771
27.239999771
27.159999847
27.100000381
27.040000916
26.959999084
26.840000153
26.659999847
26.530000687
26.479999542
26.430000305
26.36000061
26.319999695
26.36000061
26.459999084
26.520000458
26.559999466
26.600000381
26.659999847
26.670000076
26.559999466
26.319999695
26.040000916
25.809999466
25.670000076
25.569999695
25.5
25.38999939
25.229999542
25.069999695
25.069999695
25.040000916
25.040000916
25.059999466
25.11000061
25.149999619
25.129999161
25.13999939
25.120000839
25.049999237
24.989999771
25
25.059999466
25.13999939
25.200000763
25.25
25.280000687
25.280000687
25.329999924
25.379999161
25.459999084
25.510000229
25.5
25.450000763
25.36000061
25.309999466
25.309999466
25.299999237
25.280000687
25.25
25.200000763
25.209999084
25.280000687
25.36000061
25.38999939
25.399999619
25.370000839
25.309999466
25.260000229
25.25
25.25
25.229999542
25.219999313
25.190000534
25.180000305
25.170000076
25.149999619
25.149999619
25.13999939
25.200000763
25.370000839
25.63999939
25.899999619
26.059999466
26.170000076
26.25
26.280000687
26.270000458
26.239999771
26.149999619
26.149999619
25.590000153
25.219999313
24.979999542
24.909999847
24.899999619
24.840000153
24.760000229
24.709999084
24.729999542
24.770000458
24.809999466
24.790000916
24.719999313
24.61000061
24.510000229
24.459999084
24.459999084
24.280000687
24.239999771
24.290000916
24.340000153
24.399999619
24.440000534
24.489999771
24.590000153
24.700000763
24.780000687
24.819999695
24.899999619
24.989999771
25.040000916
25.090000153
25.11000061
25.120000839
25.129999161
25.129999161
25.079999924
25.079999924
25.069999695
25.049999237
24.979999542
24.959999084
24.959999084
24.950000763
25.020000458
25.079999924
25.079999924
25.020000458
24.950000763
24.899999619
24.899999619
24.88999939
24.870000839
24.840000153
24.870000839
24.930000305
25.020000458
25.129999161
25.200000763
25.200000763
25.170000076
25.149999619
25.090000153
25.11000061
25.229999542
25.420000076
25.590000153
25.649999619
25.590000153
25.489999771
25.399999619
25.290000916
25.25
25.219999313
25.219999313
25.209999084
25.209999084
25.190000534
25.200000763
25.209999084
25.129999161
24.930000305
24.569999695
24.170000076
23.790000916
23.36000061
23
22.770000458
22.61000061
22.549999237
22.590000153
22.569999695
22.549999237
22.629999161
22.700000763
22.600000381
22.370000839
22.120000839
21.920000076
21.809999466
21.819999695
21.940000534
22.049999237
22.059999466
22.049999237
22.040000916
22.040000916
22.059999466
22.090000153
22.100000381
22.069999695
22.049999237
22.120000839
22.329999924
22.530000687
22.559999466
22.469999313
22.36000061
22.280000687
22.280000687
22.129999161
22.069999695
22.079999924
22.129999161
22.149999619
22.129999161
22.180000305
22.350000381
22.5
22.659999847
22.809999466
22.879999161
22.969999313
23.180000305
23.420000076
23.549999237
23.549999237
23.790000916
23.86000061
23.979999542
24.090000153
24.090000153
24.010000229
24.010000229
23.959999084
24.020000458
24.020000458
24.010000229
23.959999084
23.819999695
23.670000076
23.590000153
23.5
23.36000061
23.219999313
23.11000061
23.010000229
22.969999313
22.989999771
23
22.950000763
22.899999619
22.850000381
22.739999771
22.63999939
22.61000061
22.530000687
22.420000076
22.36000061
22.319999695
22.299999237
22.290000916
22.270000458
22.260000229
22.219999313
22.129999161
22.069999695
22.010000229
22.040000916
22.040000916
22.36000061
22.459999084
22.510000229
22.530000687
22.540000916
22.489999771
22.399999619
22.319999695
22.270000458
22.180000305
22.129999161
22.079999924
22.040000916
22.020000458
21.959999084
21.819999695
21.819999695
21.989999771
22.38999939
22.790000916
23.129999161
23.440000534
23.719999313
23.719999313
24.120000839
24.200000763
24.180000305
24.090000153
24.010000229
23.940000534
23.840000153
23.729999542
23.620000839
23.510000229
23.450000763
23.510000229
23.61000061
23.680000305
23.760000229
23.760000229
23.760000229
23.829999924
23.850000381
23.780000687
23.760000229
23.870000839
23.829999924
23.659999847
23.549999237
23.510000229
23.459999084
23.299999237
23.010000229
22.63999939
22.280000687
21.969999313
21.75
21.61000061
21.440000534
21.440000534
20.989999771
20.909999847
20.879999161
20.850000381
20.829999924
20.809999466
20.879999161
20.989999771
20.989999771
21.049999237
21.149999619
21.25
21.350000381
21.459999084
21.520000458
21.520000458
21.520000458
21.799999237
21.920000076
21.930000305
21.88999939
21.920000076
22
22
22.120000839
22.030000687
21.88999939
21.739999771
21.719999313
21.819999695
21.930000305
22
22.090000153
22.260000229
22.36000061
22.38999939
22.379999161
22.370000839
22.290000916
22.219999313
22.180000305
22.170000076
22.219999313
22.260000229
22.309999466
22.280000687
22.25
22.219999313
22.059999466
21.969999313
22.040000916
22.149999619
22.190000534
22.239999771
22.25
22.270000458
22.25
22.260000229
22.290000916
22.299999237
22.25
22.229999542
22.340000153
22.420000076
22.430000305
22.299999237
22.149999619
22.090000153
22.170000076
22.290000916
22.399999619
22.440000534
22.459999084
22.530000687
22.530000687
22.459999084
22.459999084
22.319999695
22.420000076
22.549999237
22.620000839
22.690000534
22.840000153
22.969999313
23
22.979999542
23.159999847
23.5
23.760000229
23.870000839
23.799999237
23.690000534
23.659999847
23.709999084
23.819999695
23.879999161
23.920000076
24.069999695
24.219999313
24.260000229
24.25
24.239999771
24.180000305
24.180000305
24.280000687
24.329999924
24.420000076
24.579999924
24.739999771
24.809999466
24.920000076
25.059999466
25.13999939
25.239999771
25.379999161
25.469999313
25.450000763
25.38999939
25.399999619
25.399999619
25.319999695
25.329999924
25.319999695
25.329999924
25.36000061
25.270000458
25.149999619
25.11000061
25.059999466
25.059999466
25.11000061
25.170000076
25.200000763
25.190000534
25.129999161
25.100000381
25.100000381
25.129999161
25.219999313
25.25
25.219999313
25.260000229
25.409999847
25.549999237
25.659999847
25.770000458
25.920000076
26.040000916
26.079999924
26.149999619
26.200000763
26.149999619
26.090000153
26.170000076
26.219999313
26.219999313
26.260000229
26.209999084
26.11000061
26.040000916
25.969999313
25.920000076
25.86000061
25.780000687
25.75
25.75
25.709999084
25.579999924
25.38999939
25.100000381
24.930000305
24.899999619
24.86000061
24.899999619
25
25.11000061
25.290000916
25.450000763
25.549999237
25.549999237
25.479999542
25.350000381
25.239999771
25.129999161
25.049999237
25.049999237
24.989999771
24.760000229
24.479999542
24.309999466
24.209999084
24.229999542
24.329999924
24.399999619
24.489999771
24.579999924
24.579999924
24.549999237
24.430000305
24.25
24.079999924
23.959999084
23.88999939
23.780000687
23.690000534
23.63999939
23.61000061
23.520000458
23.340000153
23.239999771
23.159999847
23.11000061
23.170000076
23.239999771
23.209999084
23.120000839
23
22.829999924
22.739999771
22.790000916
22.88999939
22.870000839
22.760000229
22.729999542
22.770000458
22.790000916
22.760000229
22.690000534
22.559999466
22.38999939
22.260000229
22.200000763
22.200000763
22.219999313
22.190000534
22.200000763
22.219999313
22.270000458
22.309999466
22.309999466
22.36000061
22.530000687
22.649999619
22.709999084
22.770000458
22.88999939
23.059999466
23.170000076
23.200000763
23.239999771
23.309999466
23.370000839
23.440000534
23.510000229
23.569999695
23.590000153
23.590000153
23.700000763
23.739999771
23.770000458
23.790000916
23.809999466
23.88999939
23.88999939
23.930000305
23.88999939
23.829999924
23.790000916
23.719999313
23.63999939
23.61000061
23.670000076
23.719999313
23.75
23.86000061
23.979999542
24.069999695
24.100000381
24.059999466
24.030000687
24.11000061
24.239999771
24.340000153
24.399999619
24.530000687
24.629999161
24.61000061
24.670000076
24.809999466
24.950000763
24.870000839
24.840000153
24.829999924
24.680000305
24.549999237
24.620000839
24.690000534
24.739999771
24.86000061
24.86000061
24.840000153
24.540000916
24.340000153
24.319999695
24.479999542
24.649999619
24.670000076
24.63999939
24.569999695
24.479999542
24.350000381
24.180000305
24.090000153
24.13999939
24.209999084
24.260000229
24.260000229
24.13999939
24.100000381
24.13999939
24.219999313
24.209999084
24.069999695
24.069999695
23.840000153
23.920000076
23.88999939
23.709999084
23.459999084
23.25
23.270000458
23.420000076
23.510000229
23.579999924
23.790000916
23.899999619
23.979999542
24.170000076
24.309999466
24.329999924
24.290000916
24.270000458
24.319999695
24.38999939
24.459999084
24.530000687
24.479999542
24.399999619
24.469999313
24.63999939
24.780000687
25.030000687
25.280000687
25.450000763
25.649999619
25.780000687
25.760000229
25.690000534
25.590000153
25.590000153
25.459999084
25.459999084
25.5
25.5
25.479999542
25.340000153
25.170000076
25.010000229
24.790000916
24.549999237
24.430000305
24.36000061
24.260000229
24.219999313
24.340000153
24.530000687
24.530000687
24.940000534
25.129999161
25.239999771
25.190000534
24.899999619
24.590000153
24.590000153
24.280000687
24.209999084
24.11000061
24.079999924
24.11000061
24.069999695
24.030000687
24.059999466
24.13999939
24.180000305
24.190000534
24.200000763
24.209999084
24.219999313
24.11000061
24.010000229
24.010000229
23.969999313
23.870000839
23.729999542
23.620000839
23.459999084
23.370000839
23.239999771
23.100000381
23.13999939
23.209999084
23.280000687
23.399999619
23.5
23.590000153
23.579999924
23.549999237
23.549999237
23.569999695
23.569999695
23.790000916
23.770000458
23.700000763
23.540000916
23.299999237
23.079999924
22.870000839
22.799999237
22.879999161
23.11000061
23.36000061
23.590000153
23.920000076
24.420000076
24.850000381
25.010000229
25.010000229
25.13999939
25.079999924
24.920000076
24.649999619
24.38999939
24.209999084
24
23.770000458
23.63999939
23.709999084
23.649999619
23.479999542
23.409999847
23.38999939
23.319999695
23.209999084
23.079999924
23.030000687
23.149999619
23.340000153
23.590000153
23.75
23.790000916
23.75
23.760000229
23.840000153
23.940000534
24.069999695
24.209999084
24.239999771
24.200000763
24.100000381
23.88999939
23.719999313
23.520000458
23.409999847
23.469999313
23.5
23.540000916
23.520000458
23.469999313
23.579999924
23.579999924
24.11000061
24.340000153
24.5
24.629999161
24.829999924
25.159999847
25.530000687
25.899999619
26.270000458
26.489999771
26.520000458
26.549999237
26.600000381
26.559999466
26.510000229
26.479999542
26.479999542
26.520000458
26.549999237
26.450000763
26.170000076
25.819999695
25.459999084
25.11000061
24.899999619
24.840000153
24.86000061
24.86000061
24.88999939
24.899999619
24.969999313
25.180000305
25.350000381
25.38999939
25.38999939
25.430000305
25.450000763
25.329999924
25.020000458
24.729999542
24.569999695
24.409999847
24.229999542
24.049999237
23.879999161
23.690000534
23.479999542
23.25
23.049999237
22.930000305
22.879999161
22.870000839
22.799999237
22.649999619
22.530000687
22.479999542
22.469999313
22.430000305
22.479999542
22.479999542
23
23.299999237
23.520000458
23.700000763
23.770000458
23.760000229
23.770000458
23.899999619
24.049999237
24.100000381
24.100000381
24.079999924
24.040000916
24.010000229
24
24.020000458
24.020000458
23.979999542
23.940000534
23.950000763
23.940000534
23.899999619
23.850000381
23.729999542
23.61000061
23.530000687
23.450000763
23.299999237
23.120000839
23.010000229
22.979999542
22.959999084
22.979999542
22.940000534
22.850000381
22.819999695
