-74.527511597
-74.527656555
-74.527816772
-74.52797699
-74.528129578
-74.528289795
-74.528450012
-74.528610229
-74.528762817
-74.528923035
-74.529083252
-74.529243469
-74.529388428
-74.529548645
-74.529701233
-74.52986145
-74.530021667
-74.530181885
-74.530357361
-74.530532837
-74.530700684
-74.53086853
-74.531036377
-74.531196594
-74.53137207
-74.531539917
-74.531707764
-74.53188324
-74.532043457
-74.532211304
-74.53237915
-74.532546997
-74.532722473
-74.53289032
-74.533058167
-74.533218384
-74.53338623
-74.533546448
-74.533721924
-74.533721924
-74.534049988
-74.534217834
-74.534393311
-74.534561157
-74.534729004
-74.534896851
-74.535072327
-74.535240173
-74.53540802
-74.535568237
-74.535743713
-74.535896301
-74.536071777
-74.536239624
-74.536407471
-74.536582947
-74.536743164
-74.536903381
-74.537063599
-74.537231445
-74.537391663
-74.53755188
-74.537719727
-74.537879944
-74.538047791
-74.538208008
-74.538383484
-74.538543701
-74.538696289
-74.538871765
-74.539039612
-74.539199829
-74.539360046
-74.539520264
-74.539680481
-74.539840698
-74.539993286
-74.540153503
-74.540313721
-74.540466309
-74.540626526
-74.540786743
-74.54094696
-74.541107178
-74.541267395
-74.541442871
-74.541603088
-74.541763306
-74.541908264
-74.542068481
-74.542228699
-74.542381287
-74.542526245
-74.542686462
-74.54283905
-74.542991638
-74.543136597
-74.543289185
-74.543441772
-74.543441772
-74.543746948
-74.543899536
-74.544052124
-74.544197083
-74.54434967
-74.544487
-74.544647217
-74.544792175
-74.544937134
-74.545066833
-74.545219421
-74.54535675
-74.545501709
-74.545646667
-74.545776367
-74.545928955
-74.546066284
-74.546218872
-74.54637146
-74.546508789
-74.546653748
-74.546798706
-74.546943665
-74.547088623
-74.547233582
-74.54737854
-74.547531128
-74.547683716
-74.547828674
-74.547981262
-74.548126221
-74.548286438
-74.548446655
-74.548606873
-74.54876709
-74.548927307
-74.549102783
-74.549263
-74.549438477
-74.549606323
-74.549781799
-74.549957275
-74.550132751
-74.550300598
-74.550483704
-74.55065155
-74.550827026
-74.551002502
-74.551177979
-74.551353455
-74.551528931
-74.551696777
-74.551872253
-74.5520401
-74.552223206
-74.552383423
-74.552558899
-74.552726746
-74.552902222
-74.552902222
-74.553253174
-74.55342865
-74.553596497
-74.553779602
-74.553962708
-74.554138184
-74.554321289
-74.554496765
-74.554679871
-74.554862976
-74.555038452
-74.555206299
-74.555389404
-74.555557251
-74.555732727
-74.555908203
-74.556083679
-74.556251526
-74.556427002
-74.556602478
-74.556770325
-74.55695343
-74.557113647
-74.557281494
-74.55745697
-74.557632446
-74.557800293
-74.557983398
-74.558151245
-74.558326721
-74.558502197
-74.558677673
-74.558853149
-74.559013367
-74.559188843
-74.559356689
-74.559516907
-74.559692383
-74.559860229
-74.560028076
-74.560203552
-74.56036377
-74.560531616
-74.560707092
-74.56086731
-74.561042786
-74.561218262
-74.561393738
-74.561561584
-74.561737061
-74.561912537
-74.562080383
-74.562263489
-74.562423706
-74.562591553
-74.562767029
-74.562927246
-74.563110352
-74.563293457
-74.563293457
-74.56363678
-74.563819885
-74.564002991
-74.564178467
-74.564361572
-74.564537048
-74.564712524
-74.564888
-74.565063477
-74.565231323
-74.565406799
-74.565567017
-74.565750122
-74.565933228
-74.566101074
-74.56627655
-74.566452026
-74.566627502
-74.566810608
-74.566993713
-74.567176819
-74.567359924
-74.56754303
-74.567733765
-74.56791687
-74.568107605
-74.56829834
-74.568481445
-74.56867218
-74.568862915
-74.56905365
-74.569229126
-74.569419861
-74.569602966
-74.569778442
-74.569961548
-74.570137024
-74.570320129
-74.570503235
-74.570678711
-74.570861816
-74.571037292
-74.571228027
-74.571418762
-74.571601868
-74.571792603
-74.571983337
-74.572166443
-74.572372437
-74.572570801
-74.572769165
-74.572967529
-74.573173523
-74.573356628
-74.573562622
-74.573760986
-74.57396698
-74.574172974
-74.574363708
-74.574363708
-74.574768066
-74.574958801
-74.575157166
-74.575363159
-74.575546265
-74.575752258
-74.575950623
-74.576156616
-74.57636261
-74.576560974
-74.576766968
-74.576972961
-74.577163696
-74.577362061
-74.577560425
-74.577758789
-74.577949524
-74.578147888
-74.578346252
-74.578536987
-74.578742981
-74.578933716
-74.57913208
-74.579330444
-74.579521179
-74.579719543
-74.579910278
-74.580101013
-74.580291748
-74.580482483
-74.580673218
-74.580856323
-74.581047058
-74.581237793
-74.581420898
-74.581611633
-74.581802368
-74.581993103
-74.582176208
-74.582366943
-74.582572937
-74.582763672
-74.582946777
-74.583137512
-74.583328247
-74.583518982
-74.583709717
-74.583900452
-74.584091187
-74.584281921
-74.584472656
-74.584663391
-74.584846497
-74.585037231
-74.585243225
-74.585426331
-74.585609436
-74.585800171
-74.585990906
-74.585990906
-74.586372375
-74.58656311
-74.586746216
-74.586936951
-74.587127686
-74.58731842
-74.587501526
-74.587692261
-74.587882996
-74.58807373
-74.588256836
-74.588439941
-74.588630676
-74.588813782
-74.588996887
-74.589187622
-74.589378357
-74.589561462
-74.589752197
-74.589942932
-74.590133667
-74.590316772
-74.590522766
-74.590713501
-74.590896606
-74.5911026
-74.591293335
-74.591491699
-74.591690063
-74.591888428
-74.592086792
-74.592292786
-74.592483521
-74.592666626
-74.59287262
-74.593063354
-74.59324646
-74.593437195
-74.5936203
-74.593803406
-74.593978882
-74.594161987
-74.594337463
-74.594520569
-74.594703674
-74.59487915
-74.595062256
-74.595252991
-74.595428467
-74.595611572
-74.595787048
-74.595977783
-74.596153259
-74.596336365
-74.59651947
-74.596687317
-74.596878052
-74.597053528
-74.597236633
-74.597236633
-74.597602844
-74.59777832
-74.597961426
-74.598136902
-74.598342896
-74.598518372
-74.598709106
-74.598892212
-74.599082947
-74.599273682
-74.599456787
-74.599647522
-74.599838257
-74.600028992
-74.600219727
-74.600410461
-74.600601196
-74.600791931
-74.600990295
-74.60118103
-74.601371765
-74.601570129
-74.601760864
-74.601959229
-74.602149963
-74.602340698
-74.602531433
-74.602729797
-74.602912903
-74.603103638
-74.603286743
-74.603477478
-74.603668213
-74.603851318
-74.604042053
-74.604232788
-74.604423523
-74.604598999
-74.604789734
-74.604980469
-74.605163574
-74.60534668
-74.605552673
-74.605743408
-74.605926514
-74.606117249
-74.606307983
-74.606498718
-74.606689453
-74.606872559
-74.607063293
-74.607246399
-74.607421875
-74.607597351
-74.607788086
-74.607971191
-74.608146667
-74.608337402
-74.608520508
-74.608520508
-74.608886719
-74.609069824
-74.60925293
-74.609443665
-74.609611511
-74.609786987
-74.609962463
-74.61013031
-74.610298157
-74.610473633
-74.610641479
-74.610801697
-74.610969543
-74.611129761
-74.611282349
-74.611442566
-74.611602783
-74.611747742
-74.61190033
-74.612052917
-74.612213135
-74.612373352
-74.612533569
-74.612701416
-74.612861633
-74.61302948
-74.613197327
-74.613372803
-74.61353302
-74.613708496
-74.613876343
-74.61403656
-74.614212036
-74.614387512
-74.614562988
-74.614723206
-74.614891052
-74.615058899
-74.615226746
-74.615386963
-74.61554718
-74.615722656
-74.615882874
-74.61605072
-74.616218567
-74.616386414
-74.616546631
-74.616722107
-74.616889954
-74.6170578
-74.617233276
-74.617393494
-74.617553711
-74.617721558
-74.617889404
-74.618057251
-74.618232727
-74.618408203
-74.618583679
-74.618583679
-74.618927002
-74.619110107
-74.619293213
-74.61946106
-74.619628906
-74.619796753
-74.619979858
-74.620147705
-74.620323181
-74.620491028
-74.620658875
-74.620826721
-74.620986938
-74.621162415
-74.621330261
-74.621498108
-74.621673584
-74.621833801
-74.622009277
-74.622177124
-74.622337341
-74.622512817
-74.622680664
-74.622848511
-74.623008728
-74.623176575
-74.623336792
-74.623512268
-74.623672485
-74.623840332
-74.624000549
-74.624168396
-74.624328613
-74.62449646
-74.624656677
-74.624816895
-74.624977112
-74.625152588
-74.625320435
-74.625480652
-74.625648499
-74.625808716
-74.625976562
-74.62613678
-74.626296997
-74.626480103
-74.626647949
-74.626823425
-74.626991272
-74.627166748
-74.627349854
-74.627532959
-74.627723694
-74.62789917
-74.628082275
-74.62827301
-74.628463745
-74.628646851
-74.628837585
-74.628837585
-74.629226685
-74.62940979
-74.629600525
-74.62978363
-74.629966736
-74.630149841
-74.630332947
-74.630523682
-74.630691528
-74.630867004
-74.63104248
-74.631217957
-74.631393433
-74.631568909
-74.631736755
-74.631912231
-74.632087708
-74.632263184
-74.63243103
-74.632606506
-74.632781982
-74.632949829
-74.633117676
-74.633293152
-74.633453369
-74.633621216
-74.633781433
-74.63394165
-74.634101868
-74.634262085
-74.634422302
-74.634567261
-74.634727478
-74.634880066
-74.635032654
-74.635192871
-74.63533783
-74.635490417
-74.635643005
-74.635803223
-74.63596344
-74.636123657
-74.636276245
-74.636436462
-74.63659668
-74.636756897
-74.636917114
-74.637077332
-74.637252808
-74.637420654
-74.637588501
-74.637756348
-74.637916565
-74.638076782
-74.638252258
-74.638412476
-74.638580322
-74.63874054
-74.638900757
-74.638900757
-74.639213562
-74.639373779
-74.639526367
-74.639678955
-74.639831543
-74.639976501
-74.640136719
-74.640296936
-74.640449524
-74.640602112
-74.640762329
-74.640922546
-74.641082764
-74.641242981
-74.641403198
-74.641571045
-74.641738892
-74.641899109
-74.642066956
-74.642227173
-74.642402649
-74.642562866
-74.642730713
-74.64289856
-74.643058777
-74.643226624
-74.643386841
-74.643562317
-74.643730164
-74.643890381
-74.644058228
-74.644233704
-74.644386292
-74.644561768
-74.644729614
-74.644889832
-74.645057678
-74.645217896
-74.645393372
-74.645553589
-74.645713806
-74.645866394
-74.646026611
-74.646186829
-74.646347046
-74.646522522
-74.646682739
-74.646842957
-74.647010803
-74.647171021
-74.647338867
-74.647499084
-74.647659302
-74.647827148
-74.647987366
-74.648162842
-74.648323059
-74.648483276
-74.648643494
-74.648643494
-74.648956299
-74.649116516
-74.649276733
-74.649452209
-74.649620056
-74.649787903
-74.649963379
-74.650138855
-74.650306702
-74.650489807
-74.650672913
-74.650840759
-74.651016235
-74.651191711
-74.651367188
-74.651550293
-74.651733398
-74.651908875
-74.65209198
-74.652267456
-74.652450562
-74.652633667
-74.652809143
-74.652992249
-74.653182983
-74.653358459
-74.653541565
-74.6537323
-74.653923035
-74.65411377
-74.654289246
-74.654472351
-74.654663086
-74.654838562
-74.655021667
-74.655197144
-74.655380249
-74.655563354
-74.655731201
-74.655906677
-74.656089783
-74.656272888
-74.656448364
-74.65663147
-74.656806946
-74.656997681
-74.657173157
-74.657356262
-74.657539368
-74.657722473
-74.657897949
-74.658081055
-74.658256531
-74.658447266
-74.658638
-74.658821106
-74.658996582
-74.659187317
-74.659378052
-74.659378052
-74.659751892
-74.659927368
-74.660118103
-74.660308838
-74.660491943
-74.660682678
-74.660873413
-74.661056519
-74.661239624
-74.661430359
-74.661613464
-74.66179657
-74.661987305
-74.66217041
-74.662353516
-74.662536621
-74.662719727
-74.662902832
-74.663093567
-74.663269043
-74.663452148
-74.663642883
-74.663818359
-74.664001465
-74.664176941
-74.664367676
-74.664558411
-74.664741516
-74.664916992
-74.665100098
-74.665283203
-74.665466309
-74.665649414
-74.66583252
-74.666023254
-74.66619873
-74.666381836
-74.666557312
-74.666748047
-74.666931152
-74.667106628
-74.667297363
-74.667488098
-74.667671204
-74.66784668
-74.668052673
-74.668243408
-74.668418884
-74.668609619
-74.668800354
-74.668991089
-74.669181824
-74.669372559
-74.669563293
-74.669746399
-74.669937134
-74.670120239
-74.670303345
-74.670478821
-74.670478821
-74.670852661
-74.671020508
-74.671203613
-74.671379089
-74.671562195
-74.671737671
-74.671920776
-74.672096252
-74.672279358
-74.672447205
-74.672637939
-74.672813416
-74.672988892
-74.673156738
-74.673339844
-74.673522949
-74.673690796
-74.673866272
-74.674041748
-74.674217224
-74.67440033
-74.674583435
-74.674743652
-74.674919128
-74.675086975
-74.675262451
-74.675430298
-74.675590515
-74.675758362
-74.675918579
-74.676086426
-74.676246643
-74.67640686
-74.676559448
-74.676719666
-74.676879883
-74.6770401
-74.677200317
-74.677360535
-74.677520752
-74.677680969
-74.677848816
-74.678009033
-74.67817688
-74.678337097
-74.678512573
-74.67868042
-74.678863525
-74.679031372
-74.679206848
-74.679382324
-74.6795578
-74.679733276
-74.679908752
-74.680076599
-74.680259705
-74.68044281
-74.680618286
-74.680793762
-74.680793762
-74.681152344
-74.68132782
-74.681503296
-74.681671143
-74.681838989
-74.682006836
-74.682182312
-74.682350159
-74.682518005
-74.682693481
-74.682853699
-74.683029175
-74.683197021
-74.683372498
-74.683547974
-74.68372345
-74.683898926
-74.684082031
-74.684257507
-74.684440613
-74.684623718
-74.684799194
-74.6849823
-74.685173035
-74.685348511
-74.685539246
-74.685722351
-74.685913086
-74.686096191
-74.686279297
-74.686470032
-74.686660767
-74.686836243
-74.687026978
-74.687217712
-74.687408447
-74.687591553
-74.687782288
-74.687973022
-74.688140869
-74.688316345
-74.68850708
-74.688682556
-74.688858032
-74.689041138
-74.689216614
-74.689399719
-74.689582825
-74.689758301
-74.689933777
-74.690101624
-74.6902771
-74.690452576
-74.690628052
-74.690803528
-74.690971375
-74.691146851
-74.691322327
-74.691497803
-74.691497803
-74.691856384
-74.69203186
-74.692207336
-74.692382812
-74.692558289
-74.692733765
-74.692901611
-74.693069458
-74.693237305
-74.693412781
-74.693572998
-74.693740845
-74.693908691
-74.694076538
-74.694252014
-74.69442749
-74.694602966
-74.694770813
-74.694946289
-74.695121765
-74.695297241
-74.695472717
-74.695648193
-74.695823669
-74.695999146
-74.696182251
-74.696357727
-74.696533203
-74.696716309
-74.696891785
-74.697067261
-74.697250366
-74.697433472
-74.697608948
-74.697776794
-74.6979599
-74.698143005
-74.698318481
-74.698486328
-74.698669434
-74.698852539
-74.699028015
-74.699211121
-74.699386597
-74.699562073
-74.699737549
-74.699913025
-74.70010376
-74.700271606
-74.700447083
-74.700630188
-74.700813293
-74.70098877
-74.701171875
-74.701347351
-74.701530457
-74.701713562
-74.701889038
-74.702056885
-74.702056885
-74.702423096
-74.702598572
-74.702766418
-74.702941895
-74.703117371
-74.703292847
-74.703468323
-74.703643799
-74.703811646
-74.703987122
-74.704147339
-74.704330444
-74.704498291
-74.704673767
-74.704849243
-74.70501709
-74.705200195
-74.705383301
-74.705551147
-74.705726624
-74.7059021
-74.706077576
-74.706253052
-74.706428528
-74.706596375
-74.70677948
-74.706947327
-74.707138062
-74.707313538
-74.707496643
-74.707672119
-74.707862854
-74.708030701
-74.708213806
-74.708389282
-74.708572388
-74.708747864
-74.70892334
-74.709106445
-74.709281921
-74.709457397
-74.709640503
-74.709823608
-74.709999084
-74.71018219
-74.710372925
-74.710548401
-74.710739136
-74.710922241
-74.711112976
-74.711303711
-74.711479187
-74.711662292
-74.711853027
-74.712043762
-74.712226868
-74.712409973
-74.712593079
-74.712768555
-74.712768555
-74.713119507
-74.713287354
-74.71346283
-74.713630676
-74.713798523
-74.71396637
-74.714126587
-74.714302063
-74.71446991
-74.714630127
-74.714797974
-74.714958191
-74.715118408
-74.715278625
-74.715438843
-74.715606689
-74.715766907
-74.715927124
-74.7161026
-74.716270447
-74.716438293
-74.71661377
-74.716789246
-74.716957092
-74.717132568
-74.717308044
-74.71749115
-74.717666626
-74.717849731
-74.718032837
-74.718223572
-74.718391418
-74.718566895
-74.71875
-74.718933105
-74.719108582
-74.719276428
-74.719467163
-74.719650269
-74.719833374
-74.72000885
-74.720191956
-74.72038269
-74.720550537
-74.720733643
-74.720909119
-74.721076965
-74.721260071
-74.721443176
-74.721611023
-74.721786499
-74.721961975
-74.722137451
-74.722312927
-74.722480774
-74.72265625
-74.722816467
-74.722999573
-74.723182678
-74.723182678
-74.72353363
-74.723701477
-74.723876953
-74.724052429
-74.724227905
-74.724403381
-74.724578857
-74.724761963
-74.724952698
-74.725128174
-74.72530365
-74.725486755
-74.725669861
-74.725852966
-74.726043701
-74.726211548
-74.726387024
-74.726577759
-74.726753235
-74.72693634
-74.727119446
-74.727302551
-74.727493286
-74.727668762
-74.727859497
-74.728042603
-74.728233337
-74.728416443
-74.728607178
-74.728790283
-74.728981018
-74.729171753
-74.729362488
-74.729553223
-74.729736328
-74.729927063
-74.730102539
-74.730293274
-74.730461121
-74.730636597
-74.730812073
-74.730979919
-74.731163025
-74.731323242
-74.731491089
-74.731658936
-74.731826782
-74.731987
-74.732162476
-74.732330322
-74.732498169
-74.732673645
-74.732841492
-74.733009338
-74.733177185
-74.733352661
-74.733512878
-74.733688354
-74.733856201
-74.733856201
-74.734199524
-74.734367371
-74.734542847
-74.734710693
-74.73487854
-74.735046387
-74.735229492
-74.735397339
-74.735572815
-74.735748291
-74.735923767
-74.736099243
-74.736282349
-74.736457825
-74.736633301
-74.736816406
-74.736991882
-74.737167358
-74.737350464
