-111.50309753
-111.50229645
-111.50150299
-111.50080109
-111.5
-111.4992981
-111.49849701
-111.49780273
-111.49710083
-111.49629974
-111.49559784
-111.49490356
-111.49410248
-111.49340057
-111.49259949
-111.49189758
-111.4910965
-111.49040222
-111.48970032
-111.48889923
-111.48819733
-111.48750305
-111.48680115
-111.48600006
-111.48529816
-111.48449707
-111.4838028
-111.48300171
-111.4822998
-111.4815979
-111.48079681
-111.48010254
-111.47930145
-111.47859955
-111.47779846
-111.47709656
-111.4763031
-111.47550201
-111.47480011
-111.47480011
-111.47329712
-111.47250366
-111.47170258
-111.47100067
-111.47029877
-111.46949768
-111.46880341
-111.46800232
-111.46730042
-111.46649933
-111.46579742
-111.46499634
-111.46430206
-111.46350098
-111.46279907
-111.46199799
-111.46130371
-111.46050262
-111.45980072
-111.45899963
-111.45829773
-111.45749664
-111.45680237
-111.45600128
-111.45529938
-111.45459747
-111.45379639
-111.45310211
-111.45240021
-111.4516983
-111.4509964
-111.45020294
-111.44950104
-111.44869995
-111.44799805
-111.44730377
-111.44650269
-111.44580078
-111.44499969
-111.44429779
-111.4434967
-111.44280243
-111.44210052
-111.44139862
-111.44069672
-111.44000244
-111.43930054
-111.43859863
-111.43800354
-111.43730164
-111.43659973
-111.43589783
-111.43520355
-111.43450165
-111.43379974
-111.43309784
-111.43240356
-111.43170166
-111.43099976
-111.43099976
-111.42970276
-111.42900085
-111.42829895
-111.42759705
-111.42690277
-111.42630005
-111.42559814
-111.42489624
-111.42420197
-111.42359924
-111.42289734
-111.42220306
-111.42150116
-111.42089844
-111.42019653
-111.41960144
-111.41889954
-111.41829681
-111.41760254
-111.41699982
-111.41639709
-111.41570282
-111.41500092
-111.41439819
-111.41369629
-111.4131012
-111.41239929
-111.41169739
-111.41110229
-111.41040039
-111.40969849
-111.40899658
-111.40830231
-111.4076004
-111.4068985
-111.40619659
-111.40540314
-111.40470123
-111.40399933
-111.40319824
-111.40249634
-111.40170288
-111.40100098
-111.40019989
-111.3993988
-111.3986969
-111.39790344
-111.39720154
-111.39640045
-111.39569855
-111.39489746
-111.39409637
-111.39330292
-111.39250183
-111.39170074
-111.39099884
-111.39019775
-111.38939667
-111.38860321
-111.38860321
-111.38700104
-111.38619995
-111.38539886
-111.38469696
-111.3839035
-111.38310242
-111.38230133
-111.38150024
-111.38079834
-111.37999725
-111.3792038
-111.37840271
-111.37760162
-111.37680054
-111.37599945
-111.37519836
-111.37439728
-111.37359619
-111.37280273
-111.37200165
-111.37129974
-111.37049866
-111.36969757
-111.36889648
-111.36820221
-111.36740112
-111.36660004
-111.36589813
-111.36509705
-111.36430359
-111.36360168
-111.3628006
-111.36199951
-111.36129761
-111.36049652
-111.35970306
-111.35890198
-111.35820007
-111.35739899
-111.3565979
-111.35590363
-111.35510254
-111.35430145
-111.35350037
-111.35279846
-111.35199738
-111.35119629
-111.35040283
-111.34970093
-111.34889984
-111.34809875
-111.34729767
-111.34649658
-111.34570312
-111.34500122
-111.34420013
-111.34339905
-111.34259796
-111.34179688
-111.34179688
-111.34030151
-111.33950043
-111.33869934
-111.33789825
-111.33709717
-111.33630371
-111.33550262
-111.33470154
-111.33380127
-111.33300018
-111.3321991
-111.33139801
-111.33049774
-111.32969666
-111.3289032
-111.32800293
-111.32720184
-111.32640076
-111.32550049
-111.3246994
-111.32389832
-111.32299805
-111.32219696
-111.3214035
-111.32050323
-111.31970215
-111.31880188
-111.31800079
-111.31719971
-111.31629944
-111.31549835
-111.31459808
-111.313797
-111.31289673
-111.31199646
-111.31109619
-111.31030273
-111.30940247
-111.3085022
-111.30760193
-111.30670166
-111.30590057
-111.30500031
-111.30410004
-111.30329895
-111.30239868
-111.30149841
-111.30069733
-111.29979706
-111.29889679
-111.29810333
-111.29720306
-111.29640198
-111.29550171
-111.29470062
-111.29380035
-111.29290009
-111.292099
-111.29119873
-111.29119873
-111.28949738
-111.28859711
-111.28769684
-111.28679657
-111.2858963
-111.28489685
-111.28399658
-111.28309631
-111.28230286
-111.28140259
-111.28050232
-111.27950287
-111.2786026
-111.27770233
-111.27680206
-111.27590179
-111.27500153
-111.27410126
-111.27320099
-111.27230072
-111.27140045
-111.27050018
-111.26959991
-111.26869965
-111.26779938
-111.26689911
-111.26599884
-111.26509857
-111.2641983
-111.26339722
-111.26249695
-111.26159668
-111.26069641
-111.25980377
-111.2589035
-111.25800323
-111.25720215
-111.25630188
-111.25540161
-111.25460052
-111.25370026
-111.25289917
-111.2519989
-111.25119781
-111.25039673
-111.24949646
-111.248703
-111.24780273
-111.24700165
-111.24610138
-111.24530029
-111.24440002
-111.24359894
-111.24269867
-111.24189758
-111.2410965
-111.24019623
-111.23940277
-111.2385025
-111.2385025
-111.23680115
-111.23590088
-111.23509979
-111.23419952
-111.23339844
-111.23249817
-111.23169708
-111.23079681
-111.22989655
-111.22910309
-111.22820282
-111.22740173
-111.22650146
-111.22570038
-111.22480011
-111.22399902
-111.22309875
-111.22229767
-111.2213974
-111.22059631
-111.21970367
-111.21890259
-111.21800232
-111.21720123
-111.21630096
-111.21549988
-111.21459961
-111.21379852
-111.21289825
-111.21209717
-111.2111969
-111.21040344
-111.20950317
-111.20870209
-111.20780182
-111.20690155
-111.20600128
-111.2052002
-111.20429993
-111.20339966
-111.20249939
-111.20159912
-111.20069885
-111.19989777
-111.1989975
-111.19819641
-111.19730377
-111.19650269
-111.1957016
-111.19480133
-111.19400024
-111.19319916
-111.19229889
-111.1914978
-111.19069672
-111.18979645
-111.18900299
-111.1882019
-111.18730164
-111.18730164
-111.18569946
-111.18489838
-111.18409729
-111.18319702
-111.18240356
-111.18160248
-111.18080139
-111.17990112
-111.17910004
-111.17829895
-111.17739868
-111.1765976
-111.17579651
-111.17489624
-111.17410278
-111.17320251
-111.17240143
-111.17150116
-111.17070007
-111.1697998
-111.16899872
-111.16809845
-111.16729736
-111.16649628
-111.16560364
-111.16480255
-111.16390228
-111.1631012
-111.16220093
-111.16139984
-111.16059875
-111.15969849
-111.1588974
-111.15799713
-111.15720367
-111.15630341
-111.15550232
-111.15470123
-111.15380096
-111.15299988
-111.15209961
-111.15129852
-111.15039825
-111.14959717
-111.14880371
-111.14790344
-111.14710236
-111.14620209
-111.14530182
-111.14450073
-111.14360046
-111.14279938
-111.14189911
-111.14099884
-111.14019775
-111.13929749
-111.1384964
-111.13760376
-111.13680267
-111.13680267
-111.13510132
-111.13420105
-111.13339996
-111.13249969
-111.13169861
-111.13089752
-111.12999725
-111.1292038
-111.12840271
-111.12770081
-111.12689972
-111.12609863
-111.12539673
-111.12460327
-111.12380219
-111.12310028
-111.12229919
-111.12149811
-111.1207962
-111.12000275
-111.11930084
-111.11849976
-111.11779785
-111.11710358
-111.11630249
-111.11560059
-111.1147995
-111.1140976
-111.11329651
-111.11260223
-111.11190033
-111.11109924
-111.11039734
-111.10959625
-111.10890198
-111.10810089
-111.10739899
-111.1065979
-111.10590363
-111.10510254
-111.10430145
-111.10359955
-111.10279846
-111.10209656
-111.1013031
-111.1006012
-111.09989929
-111.09909821
-111.0983963
-111.09760284
-111.09690094
-111.09609985
-111.09529877
-111.09459686
-111.09380341
-111.09300232
-111.09220123
-111.09149933
-111.09069824
-111.09069824
-111.0891037
-111.08830261
-111.08740234
-111.08660126
-111.08580017
-111.08499908
-111.084198
-111.08339691
-111.08260345
-111.08180237
-111.08100128
-111.0802002
-111.07939911
-111.07859802
-111.07779694
-111.07700348
-111.07620239
-111.07540131
-111.07460022
-111.07379913
-111.07309723
-111.07230377
-111.07150269
-111.0707016
-111.06990051
-111.06919861
-111.06839752
-111.06759644
-111.06690216
-111.06610107
-111.06539917
-111.06459808
-111.06390381
-111.06310272
-111.06230164
-111.06159973
-111.06079865
-111.06009674
-111.05930328
-111.05860138
-111.05789948
-111.05709839
-111.05639648
-111.05560303
-111.05480194
-111.05410004
-111.05329895
-111.05259705
-111.05180359
-111.0510025
-111.0503006
-111.04949951
-111.04879761
-111.04799652
-111.04730225
-111.04650116
-111.04579926
-111.04509735
-111.04429626
-111.04429626
-111.0428009
-111.042099
-111.04129791
-111.04060364
-111.03980255
-111.03900146
-111.03820038
-111.03730011
-111.03649902
-111.03569794
-111.03489685
-111.03410339
-111.03330231
-111.03250122
-111.03170013
-111.03089905
-111.03009796
-111.02929688
-111.02850342
-111.02770233
-111.02690125
-111.02610016
-111.02529907
-111.02449799
-111.0236969
-111.02290344
-111.02210236
-111.02130127
-111.02050018
-111.0196991
-111.01889801
-111.01809692
-111.01730347
-111.01650238
-111.01570129
-111.01490021
-111.01409912
-111.01339722
-111.01260376
-111.01190186
-111.01119995
-111.01039886
-111.00969696
-111.00900269
-111.00830078
-111.00759888
-111.00689697
-111.0062027
-111.00550079
-111.00479889
-111.00409698
-111.00330353
-111.00260162
-111.00189972
-111.00119781
-111.00050354
-110.99980164
-110.99900055
-110.99829865
-110.99829865
-110.99680328
-110.99610138
-110.99539948
-110.99459839
-110.99389648
-110.99310303
-110.99240112
-110.99160004
-110.99089813
-110.99019623
-110.98940277
-110.98870087
-110.98799896
-110.98719788
-110.9865036
-110.98570251
-110.98500061
-110.98419952
-110.98349762
-110.98269653
-110.98190308
-110.98120117
-110.98040009
-110.97969818
-110.97889709
-110.97820282
-110.97740173
-110.97669983
-110.97589874
-110.97519684
-110.97440338
-110.97370148
-110.97290039
-110.97219849
-110.9713974
-110.97070312
-110.96990204
-110.96920013
-110.96839905
-110.96769714
-110.96690369
-110.96620178
-110.9654007
-110.96469879
-110.96389771
-110.96320343
-110.96240234
-110.96160126
-110.96089935
-110.96009827
-110.95939636
-110.95860291
-110.957901
-110.95709991
-110.95639801
-110.95559692
-110.95480347
-110.95410156
-110.95330048
-110.95330048
-110.95179749
-110.95110321
-110.95030212
-110.94950104
-110.94879913
-110.94799805
-110.94719696
-110.9464035
-110.9457016
-110.94490051
-110.94409943
-110.94329834
-110.94249725
-110.9417038
-110.94090271
-110.94010162
-110.93930054
-110.93849945
-110.93769836
-110.93689728
-110.93599701
-110.93520355
-110.93440247
-110.93360138
-110.93280029
-110.93190002
-110.93109894
-110.93029785
-110.92949677
-110.92870331
-110.92780304
-110.92700195
-110.92620087
-110.9253006
-110.92449951
-110.92359924
-110.92279816
-110.92189789
-110.92099762
-110.92019653
-110.91929626
-110.91850281
-110.91760254
-110.91670227
-110.91590118
-110.91500092
-110.91419983
-110.91329956
-110.91249847
-110.91159821
-110.91079712
-110.90989685
-110.90910339
-110.90820312
-110.90740204
-110.90650177
-110.90570068
-110.90480042
-110.90399933
-110.90399933
-110.90229797
-110.90139771
-110.90059662
-110.89969635
-110.89880371
-110.89800262
-110.89710236
-110.89620209
-110.895401
-110.89450073
-110.89360046
-110.8927002
-110.89189911
-110.89099884
-110.89009857
-110.8891983
-110.88829803
-110.88739777
-110.8864975
-110.88569641
-110.88480377
-110.8839035
-110.88300323
-110.88210297
-110.8812027
-110.88040161
-110.87950134
-110.87860107
-110.87770081
-110.87689972
-110.87599945
-110.87509918
-110.8742981
-110.87339783
-110.87259674
-110.87180328
-110.87090302
-110.87010193
-110.86920166
-110.86840057
-110.86750031
-110.86660004
-110.86579895
-110.86489868
-110.8640976
-110.86319733
-110.86239624
-110.8615036
-110.86060333
-110.85980225
-110.85900116
-110.85810089
-110.8572998
-110.85649872
-110.85569763
-110.85479736
-110.85399628
-110.85320282
-110.85240173
-110.85240173
-110.85070038
-110.84989929
-110.84899902
-110.84819794
-110.84739685
-110.84660339
-110.84580231
-110.84500122
-110.84420013
-110.84339905
-110.84259796
-110.84179688
-110.84100342
-110.84020233
-110.83940125
-110.83869934
-110.83789825
-110.83709717
-110.83630371
-110.83550262
-110.83470154
-110.83399963
-110.83319855
-110.83239746
-110.83159637
-110.8309021
-110.83010101
-110.82929993
-110.82859802
-110.82779694
-110.82700348
-110.82630157
-110.82550049
-110.8246994
-110.8239975
-110.82319641
-110.82250214
-110.82170105
-110.82099915
-110.82019806
-110.81950378
-110.8187027
-110.81800079
-110.81719971
-110.81639862
-110.81569672
-110.81490326
-110.81410217
-110.81340027
-110.81259918
-110.8117981
-110.81099701
-110.81020355
-110.80940247
-110.80860138
-110.80789948
-110.80709839
-110.8062973
-110.80549622
-110.80549622
-110.80390167
-110.8030014
-110.80220032
-110.80139923
-110.80059814
-110.79979706
-110.7990036
-110.79820251
-110.79740143
-110.79660034
-110.79579926
-110.79499817
-110.79419708
-110.79340363
-110.79260254
-110.79180145
-110.79100037
-110.7901001
-110.78929901
-110.78849792
-110.78769684
-110.78690338
-110.78610229
-110.78530121
-110.78440094
-110.78359985
-110.78279877
-110.78199768
-110.78109741
-110.78029633
-110.77940369
-110.7786026
-110.77780151
-110.77690125
-110.77610016
-110.77519989
-110.7743988
-110.77359772
-110.77269745
-110.77189636
-110.77110291
-110.77020264
-110.76940155
-110.76850128
-110.7677002
-110.76689911
-110.76599884
-110.76519775
-110.76439667
-110.7634964
-110.76270294
-110.76190186
-110.76100159
-110.7602005
-110.75939941
-110.75859833
-110.75779724
-110.75689697
-110.75610352
-110.75610352
-110.75450134
-110.75360107
-110.75279999
-110.7519989
-110.75119781
-110.75039673
-110.74960327
-110.748703
-110.74790192
-110.74710083
-110.74629974
-110.74549866
-110.74469757
-110.74389648
-110.74310303
-110.74240112
-110.74160004
-110.74079895
-110.73989868
-110.7390976
-110.73829651
-110.73750305
-110.73670197
-110.7358017
-110.73500061
-110.73419952
-110.73339844
-110.73249817
-110.73169708
-110.73090363
-110.73000336
-110.72920227
-110.72840118
-110.72750092
-110.72669983
-110.72579956
-110.72499847
-110.72409821
-110.72319794
-110.72239685
-110.72149658
-110.72059631
-110.71970367
-110.71890259
-110.71800232
-110.71720123
-110.71630096
-110.7154007
-110.71459961
-110.71369934
-110.71289825
-110.71199799
-110.7111969
-110.71040344
-110.70950317
-110.70870209
-110.707901
-110.70709991
-110.70619965
-110.70619965
-110.70449829
-110.7036972
-110.70279694
-110.70200348
-110.70110321
-110.70030212
-110.69950104
-110.69860077
-110.69779968
-110.6969986
-110.69619751
-110.69539642
-110.69450378
-110.6937027
-110.69290161
-110.69210052
-110.69129944
-110.69049835
-110.68959808
-110.688797
-110.68800354
-110.68720245
-110.68630219
-110.6855011
-110.68470001
-110.68389893
-110.68309784
-110.68229675
-110.6815033
-110.68070221
-110.67990112
-110.67910004
-110.67829895
-110.67759705
-110.67680359
-110.6760025
-110.67520142
-110.67440033
-110.67359924
-110.67279816
-110.67199707
-110.67120361
-110.67040253
-110.66960144
-110.66880035
-110.66799927
-110.66719818
-110.66639709
-110.66560364
-110.66480255
-110.66400146
-110.66320038
-110.66249847
-110.66169739
-110.6608963
-110.66010284
-110.65920258
-110.65840149
-110.6576004
-110.6576004
-110.65579987
-110.65499878
-110.65409851
-110.65329742
-110.65249634
-110.6516037
-110.65080261
-110.65000153
-110.64920044
-110.64839935
-110.64759827
-110.64679718
-110.64600372
-110.64520264
-110.64440155
-110.64360046
-110.64289856
-110.64209747
-110.64129639
-110.64050293
-110.63970184
-110.63890076
-110.63809967
-110.63729858
-110.6364975
-110.63569641
-110.63490295
-110.63400269
-110.6332016
-110.63240051
-110.63159943
-110.63079834
-110.62989807
-110.62909698
-110.62830353
-110.62750244
-110.62670135
-110.62590027
-110.62509918
-110.6242981
-110.62349701
-110.62270355
-110.62190247
-110.62110138
-110.62030029
-110.61949921
-110.61859894
-110.61779785
-110.61689758
-110.6160965
-110.61519623
-110.61430359
-110.61340332
-110.61250305
-110.61160278
-110.61070251
-110.60980225
-110.60890198
-110.60800171
-110.60800171
-110.60620117
-110.6053009
-110.60440063
-110.60350037
-110.6026001
-110.60179901
-110.60089874
-110.60009766
-110.59919739
-110.5983963
-110.59750366
-110.59670258
-110.59580231
-110.59500122
-110.59410095
-110.59329987
-110.5923996
-110.59149933
-110.59069824
-110.58979797
-110.58889771
-110.58809662
-110.58719635
-110.58640289
-110.58560181
-110.58480072
-110.58390045
-110.58309937
-110.58229828
-110.58149719
-110.58070374
-110.57990265
-110.57920074
-110.57839966
-110.57759857
-110.57679749
-110.5759964
-110.57530212
-110.57450104
-110.57379913
-110.57299805
-110.57219696
-110.57150269
-110.5707016
-110.56990051
-110.56909943
-110.56829834
-110.56749725
-110.5667038
-110.56590271
-110.56510162
-110.56420135
-110.56340027
-110.56259918
-110.5617981
-110.56099701
-110.56020355
-110.55930328
-110.5585022
-110.5585022
-110.55690002
-110.55609894
-110.55529785
-110.55439758
-110.5535965
-110.55280304
-110.55200195
-110.55120087
-110.55039978
-110.54959869
-110.54879761
-110.54799652
-110.54720306
-110.54650116
-110.54570007
-110.54489899
-110.5440979
-110.54329681
-110.54260254
