-17
-17.209999084
-17.38999939
-17.489999771
-17.559999466
-17.659999847
-17.75
-17.739999771
-17.709999084
-17.649999619
-17.5
-17.329999924
-17.329999924
-17.25
-17.409999847
-17.680000305
-18.129999161
-18.629999161
-19.010000229
-19.190000534
-19.170000076
-19.170000076
-19.030000687
-18.670000076
-18.549999237
-18.549999237
-18.61000061
-18.75
-18.850000381
-18.930000305
-18.950000763
-18.909999847
-18.819999695
-18.729999542
-18.63999939
-18.540000916
-18.489999771
-18.479999542
-18.510000229
-18.510000229
-18.729999542
-18.920000076
-19.010000229
-18.979999542
-18.930000305
-18.850000381
-18.770000458
-18.75
-18.719999313
-18.690000534
-18.629999161
-18.600000381
-18.629999161
-18.700000763
-18.659999847
-18.549999237
-18.459999084
-18.309999466
-18.200000763
-18.100000381
-18.11000061
-18.149999619
-18.180000305
-18.229999542
-18.319999695
-18.430000305
-18.530000687
-18.579999924
-18.569999695
-18.399999619
-18.180000305
-18.010000229
-17.870000839
-17.819999695
-17.819999695
-17.770000458
-17.719999313
-17.729999542
-17.770000458
-17.780000687
-17.75
-17.75
-17.75
-17.850000381
-17.879999161
-17.899999619
-17.909999847
-17.870000839
-17.780000687
-17.649999619
-17.459999084
-17.239999771
-17.069999695
-16.920000076
-16.770000458
-16.729999542
-16.770000458
-16.879999161
-16.979999542
-16.979999542
-17.090000153
-17.030000687
-16.88999939
-16.729999542
-16.569999695
-16.440000534
-16.440000534
-16.149999619
-15.970000267
-15.829999924
-15.760000229
-15.819999695
-15.93999958
-16
-16.030000687
-16.090000153
-16.190000534
-16.280000687
-16.239999771
-16.11000061
-16.010000229
-16
-16.059999466
-16.149999619
-16.229999542
-16.399999619
-16.590000153
-16.790000916
-16.989999771
-17.159999847
-17.260000229
-17.409999847
-17.629999161
-17.870000839
-18.069999695
-18.260000229
-18.479999542
-18.760000229
-19.069999695
-19.309999466
-19.399999619
-19.379999161
-19.379999161
-19.260000229
-19.319999695
-19.510000229
-19.690000534
-19.75
-19.770000458
-19.659999847
-19.409999847
-19.229999542
-19.120000839
-19.040000916
-19.030000687
-19.059999466
-19.159999847
-19.260000229
-19.350000381
-19.350000381
-19.579999924
-19.729999542
-19.809999466
-19.88999939
-19.979999542
-20.040000916
-20.049999237
-20.059999466
-20.100000381
-20.030000687
-19.809999466
-19.61000061
-19.479999542
-19.370000839
-19.340000153
-19.340000153
-19.309999466
-19.270000458
-19.229999542
-19.170000076
-19.11000061
-19.11000061
-19.11000061
-19.11000061
-19.180000305
-19.290000916
-19.38999939
-19.479999542
-19.549999237
-19.569999695
-19.469999313
-19.25
-19.049999237
-18.959999084
-18.969999313
-19
-18.950000763
-18.840000153
-18.75
-18.709999084
-18.690000534
-18.729999542
-18.729999542
-18.940000534
-19.020000458
-19.11000061
-19.219999313
-19.329999924
-19.38999939
-19.370000839
-19.299999237
-19.190000534
-19.059999466
-18.950000763
-18.909999847
-19.010000229
-19.209999084
-19.489999771
-19.700000763
-19.700000763
-19.950000763
-20
-20.030000687
-20.049999237
-20
-19.790000916
-19.590000153
-19.479999542
-19.379999161
-19.25
-19.209999084
-19.270000458
-19.329999924
-19.36000061
-19.409999847
-19.600000381
-19.819999695
-20.030000687
-20.219999313
-20.379999161
-20.520000458
-20.63999939
-20.739999771
-20.819999695
-20.909999847
-21
-21.069999695
-21.129999161
-21.100000381
-20.940000534
-20.760000229
-20.569999695
-20.450000763
-20.370000839
-20.280000687
-20.159999847
-20.030000687
-20.010000229
-20.079999924
-20.200000763
-20.319999695
-20.430000305
-20.430000305
-20.790000916
-20.959999084
-21.209999084
-21.510000229
-21.690000534
-21.819999695
-21.969999313
-22.11000061
-22.200000763
-22.219999313
-22.270000458
-22.350000381
-22.399999619
-22.420000076
-22.379999161
-22.350000381
-22.350000381
-22.11000061
-22.010000229
-21.969999313
-22
-22.090000153
-22.270000458
-22.5
-22.659999847
-22.75
-22.680000305
-22.450000763
-22.190000534
-22.059999466
-22.040000916
-22.049999237
-22.020000458
-21.989999771
-21.959999084
-21.969999313
-21.979999542
-21.969999313
-21.909999847
-21.86000061
-21.799999237
-21.729999542
-21.620000839
-21.530000687
-21.450000763
-21.370000839
-21.229999542
-21.079999924
-20.950000763
-20.879999161
-20.88999939
-20.969999313
-21.040000916
-21.079999924
-21.120000839
-21.170000076
-21.260000229
-21.38999939
-21.469999313
-21.469999313
-21.38999939
-21.340000153
-21.319999695
-21.299999237
-21.290000916
-21.280000687
-21.229999542
-21.200000763
-21.219999313
-21.25
-21.229999542
-21.170000076
-21.120000839
-21.100000381
-21.11000061
-21.149999619
-21.149999619
-21.200000763
-21.180000305
-21.129999161
-21.059999466
-21.030000687
-21.059999466
-21.079999924
-21.030000687
-20.930000305
-20.870000839
-20.840000153
-20.850000381
-20.879999161
-20.909999847
-20.86000061
-20.829999924
-20.840000153
-20.88999939
-20.979999542
-21.11000061
-21.25
-21.399999619
-21.559999466
-21.709999084
-21.86000061
-21.950000763
-22.010000229
-22.049999237
-22.069999695
-22.090000153
-22.11000061
-22.100000381
-21.979999542
-21.709999084
-21.399999619
-21.13999939
-20.909999847
-20.690000534
-20.479999542
-20.25
-20.059999466
-19.940000534
-19.940000534
-20.090000153
-20.270000458
-20.38999939
-20.399999619
-20.36000061
-20.340000153
-20.36000061
-20.350000381
-20.319999695
-20.229999542
-20.129999161
-20.049999237
-20
-19.979999542
-19.989999771
-20.030000687
-20.030000687
-20.319999695
-20.5
-20.61000061
-20.680000305
-20.719999313
-20.790000916
-20.829999924
-20.86000061
-20.899999619
-20.969999313
-21.059999466
-21.13999939
-21.239999771
-21.319999695
-21.370000839
-21.440000534
-21.5
-21.510000229
-21.559999466
-21.590000153
-21.600000381
-21.600000381
-21.629999161
-21.63999939
-21.590000153
-21.530000687
-21.430000305
-21.260000229
-21.079999924
-20.969999313
-20.920000076
-20.88999939
-20.850000381
-20.840000153
-20.879999161
-20.930000305
-20.989999771
-21
-20.989999771
-20.989999771
-21
-21.090000153
-21.090000153
-21.309999466
-21.379999161
-21.469999313
-21.409999847
-21.209999084
-20.950000763
-20.700000763
-20.5
-20.399999619
-20.370000839
-20.340000153
-20.340000153
-20.370000839
-20.399999619
-20.430000305
-20.440000534
-20.440000534
-20.459999084
-20.399999619
-20.239999771
-20.010000229
-19.75
-19.540000916
-19.319999695
-19.100000381
-18.959999084
-18.809999466
-18.620000839
-18.409999847
-18.120000839
-17.809999466
-17.549999237
-17.319999695
-17.069999695
-16.930000305
-17.059999466
-17.370000839
-17.709999084
-18.010000229
-18.290000916
-18.489999771
-18.590000153
-18.659999847
-18.690000534
-18.760000229
-18.840000153
-18.909999847
-18.930000305
-18.909999847
-18.950000763
-19.010000229
-19.079999924
-18.989999771
-18.729999542
-18.459999084
-18.340000153
-18.350000381
-18.379999161
-18.420000076
-18.420000076
-18.520000458
-18.61000061
-18.709999084
-18.760000229
-18.799999237
-18.840000153
-18.780000687
-18.649999619
-18.579999924
-18.579999924
-18.709999084
-18.969999313
-19.200000763
-19.280000687
-19.340000153
-19.440000534
-19.440000534
-19.600000381
-19.63999939
-19.559999466
-19.379999161
-19.280000687
-19.270000458
-19.270000458
-19.069999695
-18.950000763
-18.850000381
-18.780000687
-18.770000458
-18.850000381
-18.879999161
-18.840000153
-18.809999466
-18.799999237
-18.790000916
-18.809999466
-18.809999466
-18.780000687
-18.729999542
-18.680000305
-18.620000839
-18.559999466
-18.510000229
-18.459999084
-18.430000305
-18.379999161
-18.370000839
-18.36000061
-18.340000153
-18.319999695
-18.319999695
-18.350000381
-18.36000061
-18.319999695
-18.329999924
-18.329999924
-18.309999466
-18.350000381
-18.370000839
-18.370000839
-18.590000153
-18.75
-18.930000305
-19.079999924
-19.280000687
-19.540000916
-19.829999924
-20.090000153
-20.280000687
-20.440000534
-20.590000153
-20.739999771
-20.909999847
-21.059999466
-21.229999542
-21.420000076
-21.420000076
-21.36000061
-21.100000381
-20.870000839
-20.670000076
-20.489999771
-20.309999466
-20.309999466
-19.920000076
-19.729999542
-19.600000381
-19.569999695
-19.520000458
-19.459999084
-19.420000076
-19.38999939
-19.409999847
-19.430000305
-19.409999847
-19.280000687
-19.170000076
-19.11000061
-19.030000687
-18.950000763
-18.770000458
-18.540000916
-18.340000153
-18.190000534
-18.049999237
-17.790000916
-17.579999924
-17.420000076
-17.180000305
-16.979999542
-16.899999619
-16.940000534
-17.020000458
-17.129999161
-17.270000458
-17.409999847
-17.479999542
-17.510000229
-17.579999924
-17.579999924
-17.969999313
-18.11000061
-18.219999313
-18.370000839
-18.510000229
-18.590000153
-18.569999695
-18.569999695
-18.61000061
-18.590000153
-18.520000458
-18.379999161
-18.190000534
-18
-17.88999939
-17.799999237
-17.799999237
-17.459999084
-17.329999924
-17.299999237
-17.290000916
-17.209999084
-17.129999161
-17.129999161
-17.159999847
-17.329999924
-17.549999237
-17.719999313
-17.829999924
-17.909999847
-18.040000916
-18.219999313
-18.36000061
-18.409999847
-18.5
-18.549999237
-18.5
-18.450000763
-18.459999084
-18.469999313
-18.479999542
-18.5
-18.530000687
-18.590000153
-18.63999939
-18.659999847
-18.629999161
-18.600000381
-18.63999939
-18.629999161
-18.540000916
-18.459999084
-18.409999847
-18.350000381
-18.299999237
-18.219999313
-18.13999939
-18.069999695
-18.030000687
-18.069999695
-18.170000076
-18.200000763
-18.170000076
-18.170000076
-18.190000534
-18.270000458
-18.299999237
-18.270000458
-18.200000763
-18.159999847
-18.190000534
-18.229999542
-18.180000305
-18.069999695
-17.989999771
-18
-18
-18.090000153
-18.120000839
-18.260000229
-18.540000916
-18.86000061
-19.129999161
-19.350000381
-19.569999695
-19.760000229
-19.799999237
-19.659999847
-19.549999237
-19.540000916
-19.680000305
-19.879999161
-19.979999542
-20.049999237
-20.11000061
-20.13999939
-20.120000839
-20.059999466
-20.059999466
-20.159999847
-20.280000687
-20.399999619
-20.590000153
-20.739999771
-20.829999924
-20.850000381
-20.829999924
-20.700000763
-20.549999237
-20.469999313
-20.319999695
-20.120000839
-19.979999542
-19.879999161
-19.790000916
-19.799999237
-19.930000305
-20.040000916
-20.120000839
-20.120000839
-20.229999542
-20.190000534
-20.170000076
-20.159999847
-20.13999939
-20.209999084
-20.290000916
-20.340000153
-20.399999619
-20.489999771
-20.559999466
-20.590000153
-20.61000061
-20.63999939
-20.719999313
-20.799999237
-20.799999237
-20.809999466
-20.690000534
-20.690000534
-20.790000916
-20.829999924
-20.819999695
-20.840000153
-20.88999939
-20.879999161
-20.799999237
-20.770000458
-20.739999771
-20.680000305
-20.629999161
-20.63999939
-20.559999466
-20.409999847
-20.319999695
-20.280000687
-20.260000229
-20.319999695
-20.430000305
-20.520000458
-20.600000381
-20.659999847
-20.670000076
-20.600000381
-20.469999313
-20.340000153
-20.270000458
-20.280000687
-20.370000839
-20.479999542
-20.469999313
-20.409999847
-20.379999161
-20.379999161
-20.409999847
-20.489999771
-20.559999466
-20.579999924
-20.590000153
-20.590000153
-20.670000076
-20.829999924
-21
-21.129999161
-21.149999619
-21.170000076
-21.209999084
-21.329999924
-21.340000153
-21.25
-21.079999924
-20.809999466
-20.569999695
-20.399999619
-20.25
-20.120000839
-20.120000839
-20.079999924
-20.090000153
-20.100000381
-20.079999924
-20.010000229
-19.959999084
-20
-20.059999466
-20.040000916
-19.950000763
-19.86000061
-19.799999237
-19.719999313
-19.63999939
-19.579999924
-19.530000687
-19.540000916
-19.63999939
-19.739999771
-19.760000229
-19.729999542
-19.590000153
-19.379999161
-19.129999161
-18.959999084
-18.86000061
-18.700000763
-18.479999542
-18.280000687
-18.200000763
-18.069999695
-17.870000839
-17.739999771
-17.709999084
-17.729999542
-17.729999542
-17.760000229
-17.870000839
-18
-18.120000839
-18.190000534
-18.229999542
-18.229999542
-18.36000061
-18.530000687
-18.879999161
-19.270000458
-19.569999695
-19.659999847
-19.620000839
-19.569999695
-19.600000381
-19.649999619
-19.680000305
-19.719999313
-19.790000916
-19.86000061
-19.879999161
-19.840000153
-19.840000153
-19.590000153
-19.420000076
-19.299999237
-19.239999771
-19.13999939
-18.959999084
-18.959999084
-18.719999313
-18.709999084
-18.819999695
-19.010000229
-19.229999542
-19.370000839
-19.450000763
-19.559999466
-19.729999542
-19.88999939
-19.969999313
-20
-20.079999924
-20.200000763
-20.340000153
-20.430000305
-20.440000534
-20.459999084
-20.579999924
-20.739999771
-20.819999695
-20.88999939
-21.020000458
-21.010000229
-20.909999847
-20.920000076
-21
-20.959999084
-20.809999466
-20.719999313
-20.590000153
-20.399999619
-20.25
-20.120000839
-19.989999771
-19.989999771
-19.979999542
-20.120000839
-20.13999939
-20.030000687
-19.780000687
-19.559999466
-19.479999542
-19.409999847
-19.350000381
-19.36000061
-19.38999939
-19.430000305
-19.479999542
-19.530000687
-19.600000381
-19.760000229
-19.760000229
-19.829999924
-19.75
-19.61000061
-19.489999771
-19.379999161
-19.260000229
-19.260000229
-18.979999542
-18.75
-18.590000153
-18.579999924
-18.659999847
-18.870000839
-19.049999237
-19.190000534
-19.350000381
-19.420000076
-19.420000076
-19.530000687
-19.61000061
-19.559999466
-19.579999924
-19.63999939
-19.739999771
-19.829999924
-19.870000839
-19.899999619
-19.899999619
-19.88999939
-19.930000305
-19.969999313
-19.909999847
-19.819999695
-19.809999466
-19.819999695
-19.799999237
-19.829999924
-19.829999924
-19.850000381
-19.909999847
-19.959999084
-20
-20
-19.870000839
-19.770000458
-19.680000305
-19.629999161
-19.649999619
-19.780000687
-19.950000763
-20.100000381
-20.229999542
-20.280000687
-20.209999084
-20.079999924
-20.040000916
-20.010000229
-19.899999619
-19.809999466
-19.809999466
-19.659999847
-19.520000458
-19.379999161
-19.329999924
-19.379999161
-19.479999542
-19.479999542
-19.469999313
-19.350000381
-19.229999542
-19.159999847
-19.129999161
-19.239999771
-19.370000839
-19.420000076
-19.450000763
-19.549999237
-19.63999939
-19.620000839
-19.569999695
-19.549999237
-19.620000839
-19.680000305
-19.670000076
-19.680000305
-19.75
-19.850000381
-19.969999313
-20.030000687
-20.030000687
-20.049999237
-20.049999237
-19.950000763
-19.879999161
-19.899999619
-19.909999847
-19.930000305
-19.920000076
-19.870000839
-19.870000839
-19.899999619
-20.030000687
-20.030000687
-20.329999924
-20.440000534
-20.5
-20.569999695
-20.670000076
-20.739999771
-20.799999237
-20.770000458
-20.700000763
-20.690000534
-20.770000458
-20.899999619
-20.840000153
-20.520000458
-20.190000534
-19.969999313
-19.969999313
-19.239999771
-18.909999847
-18.760000229
-18.729999542
-18.709999084
-18.690000534
-18.739999771
-18.790000916
-18.659999847
-18.409999847
-18.219999313
-18.090000153
-17.920000076
-17.879999161
-18
-18.229999542
-18.479999542
-18.680000305
-18.809999466
-18.940000534
-19.069999695
-19.170000076
-19.239999771
-19.36000061
-19.559999466
-19.850000381
-20.100000381
-20.229999542
-20.219999313
-20.180000305
-20.090000153
-20.010000229
-19.950000763
-19.920000076
-19.979999542
-20.040000916
-20.079999924
-20.149999619
-20.219999313
-20.309999466
-20.379999161
-20.319999695
-20.319999695
-19.959999084
-19.840000153
-19.770000458
-19.719999313
-19.649999619
-19.530000687
-19.469999313
-19.440000534
-19.399999619
-19.399999619
-19.379999161
-19.270000458
-19.219999313
-19.329999924
-19.489999771
-19.620000839
-19.620000839
-19.600000381
-19.450000763
-19.350000381
-19.38999939
-19.569999695
-19.799999237
-20.049999237
-20.260000229
-20.290000916
-20.319999695
-20.340000153
-20.350000381
-20.379999161
-20.319999695
-20.180000305
-20.079999924
-20.120000839
-20.159999847
-20.170000076
-20.13999939
-20.219999313
-20.440000534
-20.63999939
-20.729999542
-20.809999466
-20.870000839
-20.88999939
-20.899999619
-20.920000076
-20.989999771
-21.11000061
-21.209999084
-21.280000687
-21.170000076
-20.870000839
-20.510000229
-20.200000763
-19.879999161
-19.579999924
-19.420000076
-19.350000381
-19.309999466
-19.309999466
-19.030000687
-18.870000839
-18.739999771
-18.649999619
-18.670000076
-18.770000458
-18.809999466
-18.780000687
-18.780000687
-18.809999466
-18.879999161
-18.930000305
-18.979999542
-19
-19
-18.969999313
-18.969999313
-19
-19.030000687
-19.069999695
-19.13999939
-19.219999313
-19.299999237
-19.370000839
-19.430000305
-19.479999542
-19.549999237
-19.659999847
-19.760000229
-19.799999237
-19.840000153
-19.870000839
-19.899999619
-19.940000534
-19.959999084
-19.950000763
