3726581866
3726581867
3726581868
3726581869
3726581870
3726581871
3726581872
3726581873
3726581874
3726581875
3726581876
3726581877
3726581878
3726581879
3726581880
3726581881
3726581882
3726581883
3726581884
3726581885
3726581886
3726581887
3726581888
3726581889
3726581890
3726581891
3726581892
3726581893
3726581894
3726581895
3726581896
3726581897
3726581898
3726581899
3726581900
3726581901
3726581902
3726581903
3726581904
3726581905
3726581906
3726581907
3726581908
3726581909
3726581910
3726581911
3726581912
3726581913
3726581914
3726581915
3726581916
3726581917
3726581918
3726581919
3726581920
3726581921
3726581922
3726581923
3726581924
3726581925
3726581926
3726581927
3726581928
3726581929
3726581930
3726581931
3726581932
3726581933
3726581934
3726581935
3726581936
3726581937
3726581938
3726581939
3726581940
3726581941
3726581942
3726581943
3726581944
3726581945
3726581946
3726581947
3726581948
3726581949
3726581950
3726581951
3726581952
3726581953
3726581954
3726581955
3726581956
3726581957
3726581958
3726581959
3726581960
3726581961
3726581962
3726581963
3726581964
3726581965
3726581966
3726581967
3726581968
3726581969
3726581970
3726581971
3726581972
3726581973
3726581974
3726581975
3726581976
3726581977
3726581978
3726581979
3726581980
3726581981
3726581982
3726581983
3726581984
3726581985
3726581986
3726581987
3726581988
3726581989
3726581990
3726581991
3726581992
3726581993
3726581994
3726581995
3726581996
3726581997
3726581998
3726581999
3726582000
3726582001
3726582002
3726582003
3726582004
3726582005
3726582006
3726582007
3726582008
3726582009
3726582010
3726582011
3726582012
3726582013
3726582014
3726582015
3726582016
3726582017
3726582018
3726582019
3726582020
3726582021
3726582022
3726582023
3726582024
3726582025
3726582026
3726582027
3726582028
3726582029
3726582030
3726582031
3726582032
3726582033
3726582034
3726582035
3726582036
3726582037
3726582038
3726582039
3726582040
3726582041
3726582042
3726582043
3726582044
3726582045
3726582046
3726582047
3726582048
3726582049
3726582050
3726582051
3726582052
3726582053
3726582054
3726582055
3726582056
3726582057
3726582058
3726582059
3726582060
3726582061
3726582062
3726582063
3726582064
3726582065
3726582066
3726582067
3726582068
3726582069
3726582070
3726582071
3726582072
3726582073
3726582074
3726582075
3726582076
3726582077
3726582078
3726582079
3726582080
3726582081
3726582082
3726582083
3726582084
3726582085
3726582086
3726582087
3726582088
3726582089
3726582090
3726582091
3726582092
3726582093
3726582094
3726582095
3726582096
3726582097
3726582098
3726582099
3726582100
3726582101
3726582102
3726582103
3726582104
3726582105
3726582106
3726582107
3726582108
3726582109
3726582110
3726582111
3726582112
3726582113
3726582114
3726582115
3726582116
3726582117
3726582118
3726582119
3726582120
3726582121
3726582122
3726582123
3726582124
3726582125
3726582126
3726582127
3726582128
3726582129
3726582130
3726582131
3726582132
3726582133
3726582134
3726582135
3726582136
3726582137
3726582138
3726582139
3726582140
3726582141
3726582142
3726582143
3726582144
3726582145
3726582146
3726582147
3726582148
3726582149
3726582150
3726582151
3726582152
3726582153
3726582154
3726582155
3726582156
3726582157
3726582158
3726582159
3726582160
3726582161
3726582162
3726582163
3726582164
3726582165
3726582166
3726582167
3726582168
3726582169
3726582170
3726582171
3726582172
3726582173
3726582174
3726582175
3726582176
3726582177
3726582178
3726582179
3726582180
3726582181
3726582182
3726582183
3726582184
3726582185
3726582186
3726582187
3726582188
3726582189
3726582190
3726582191
3726582192
3726582193
3726582194
3726582195
3726582196
3726582197
3726582198
3726582199
3726582200
3726582201
3726582202
3726582203
3726582204
3726582205
3726582206
3726582207
3726582208
3726582209
3726582210
3726582211
3726582212
3726582213
3726582214
3726582215
3726582216
3726582217
3726582218
3726582219
3726582220
3726582221
3726582222
3726582223
3726582224
3726582225
3726582226
3726582227
3726582228
3726582229
3726582230
3726582231
3726582232
3726582233
3726582234
3726582235
3726582236
3726582237
3726582238
3726582239
3726582240
3726582241
3726582242
3726582243
3726582244
3726582245
3726582246
3726582247
3726582248
3726582249
3726582250
3726582251
3726582252
3726582253
3726582254
3726582255
3726582256
3726582257
3726582258
3726582259
3726582260
3726582261
3726582262
3726582263
3726582264
3726582265
3726582266
3726582267
3726582268
3726582269
3726582270
3726582271
3726582272
3726582273
3726582274
3726582275
3726582276
3726582277
3726582278
3726582279
3726582280
3726582281
3726582282
3726582283
3726582284
3726582285
3726582286
3726582287
3726582288
3726582289
3726582290
3726582291
3726582292
3726582293
3726582294
3726582295
3726582296
3726582297
3726582298
3726582299
3726582300
3726582301
3726582302
3726582303
3726582304
3726582305
3726582306
3726582307
3726582308
3726582309
3726582310
3726582311
3726582312
3726582313
3726582314
3726582315
3726582316
3726582317
3726582318
3726582319
3726582320
3726582321
3726582322
3726582323
3726582324
3726582325
3726582326
3726582327
3726582328
3726582329
3726582330
3726582331
3726582332
3726582333
3726582334
3726582335
3726582336
3726582337
3726582338
3726582339
3726582340
3726582341
3726582342
3726582343
3726582344
3726582345
3726582346
3726582347
3726582348
3726582349
3726582350
3726582351
3726582352
3726582353
3726582354
3726582355
3726582356
3726582357
3726582358
3726582359
3726582360
3726582361
3726582362
3726582363
3726582364
3726582365
3726582366
3726582367
3726582368
3726582369
3726582370
3726582371
3726582372
3726582373
3726582374
3726582375
3726582376
3726582377
3726582378
3726582379
3726582380
3726582381
3726582382
3726582383
3726582384
3726582385
3726582386
3726582387
3726582388
3726582389
3726582390
3726582391
3726582392
3726582393
3726582394
3726582395
3726582396
3726582397
3726582398
3726582399
3726582400
3726582401
3726582402
3726582403
3726582404
3726582405
3726582406
3726582407
3726582408
3726582409
3726582410
3726582411
3726582412
3726582413
3726582414
3726582415
3726582416
3726582417
3726582418
3726582419
3726582420
3726582421
3726582422
3726582423
3726582424
3726582425
3726582426
3726582427
3726582428
3726582429
3726582430
3726582431
3726582432
3726582433
3726582434
3726582435
3726582436
3726582437
3726582438
3726582439
3726582440
3726582441
3726582442
3726582443
3726582444
3726582445
3726582446
3726582447
3726582448
3726582449
3726582450
3726582451
3726582452
3726582453
3726582454
3726582455
3726582456
3726582457
3726582458
3726582459
3726582460
3726582461
3726582462
3726582463
3726582464
3726582465
3726582466
3726582467
3726582468
3726582469
3726582470
3726582471
3726582472
3726582473
3726582474
3726582475
3726582476
3726582477
3726582478
3726582479
3726582480
3726582481
3726582482
3726582483
3726582484
3726582485
3726582486
3726582487
3726582488
3726582489
3726582490
3726582491
3726582492
3726582493
3726582494
3726582495
3726582496
3726582497
3726582498
3726582499
3726582500
3726582501
3726582502
3726582503
3726582504
3726582505
3726582506
3726582507
3726582508
3726582509
3726582510
3726582511
3726582512
3726582513
3726582514
3726582515
3726582516
3726582517
3726582518
3726582519
3726582520
3726582521
3726582522
3726582523
3726582524
3726582525
3726582526
3726582527
3726582528
3726582529
3726582530
3726582531
3726582532
3726582533
3726582534
3726582535
3726582536
3726582537
3726582538
3726582539
3726582540
3726582541
3726582542
3726582543
3726582544
3726582545
3726582546
3726582547
3726582548
3726582549
3726582550
3726582551
3726582552
3726582553
3726582554
3726582555
3726582556
3726582557
3726582558
3726582559
3726582560
3726582561
3726582562
3726582563
3726582564
3726582565
3726582566
3726582567
3726582568
3726582569
3726582570
3726582571
3726582572
3726582573
3726582574
3726582575
3726582576
3726582577
3726582578
3726582579
3726582580
3726582581
3726582582
3726582583
3726582584
3726582585
3726582586
3726582587
3726582588
3726582589
3726582590
3726582591
3726582592
3726582593
3726582594
3726582595
3726582596
3726582597
3726582598
3726582599
3726582600
3726582601
3726582602
3726582603
3726582604
3726582605
3726582606
3726582607
3726582608
3726582609
3726582610
3726582611
3726582612
3726582613
3726582614
3726582615
3726582616
3726582617
3726582618
3726582619
3726582620
3726582621
3726582622
3726582623
3726582624
3726582625
3726582626
3726582627
3726582628
3726582629
3726582630
3726582631
3726582632
3726582633
3726582634
3726582635
3726582636
3726582637
3726582638
3726582639
3726582640
3726582641
3726582642
3726582643
3726582644
3726582645
3726582646
3726582647
3726582648
3726582649
3726582650
3726582651
3726582652
3726582653
3726582654
3726582655
3726582656
3726582657
3726582658
3726582659
3726582660
3726582661
3726582662
3726582663
3726582664
3726582665
3726582666
3726582667
3726582668
3726582669
3726582670
3726582671
3726582672
3726582673
3726582674
3726582675
3726582676
3726582677
3726582678
3726582679
3726582680
3726582681
3726582682
3726582683
3726582684
3726582685
3726582686
3726582687
3726582688
3726582689
3726582690
3726582691
3726582692
3726582693
3726582694
3726582695
3726582696
3726582697
3726582698
3726582699
3726582700
3726582701
3726582702
3726582703
3726582704
3726582705
3726582706
3726582707
3726582708
3726582709
3726582710
3726582711
3726582712
3726582713
3726582714
3726582715
3726582716
3726582717
3726582718
3726582719
3726582720
3726582721
3726582722
3726582723
3726582724
3726582725
3726582726
3726582727
3726582728
3726582729
3726582730
3726582731
3726582732
3726582733
3726582734
3726582735
3726582736
3726582737
3726582738
3726582739
3726582740
3726582741
3726582742
3726582743
3726582744
3726582745
3726582746
3726582747
3726582748
3726582749
3726582750
3726582751
3726582752
3726582753
3726582754
3726582755
3726582756
3726582757
3726582758
3726582759
3726582760
3726582761
3726582762
3726582763
3726582764
3726582765
3726582766
3726582767
3726582768
3726582769
3726582770
3726582771
3726582772
3726582773
3726582774
3726582775
3726582776
3726582777
3726582778
3726582779
3726582780
3726582781
3726582782
3726582783
3726582784
3726582785
3726582786
3726582787
3726582788
3726582789
3726582790
3726582791
3726582792
3726582793
3726582794
3726582795
3726582796
3726582797
3726582798
3726582799
3726582800
3726582801
3726582802
3726582803
3726582804
3726582805
3726582806
3726582807
3726582808
3726582809
3726582810
3726582811
3726582812
3726582813
3726582814
3726582815
3726582816
3726582817
3726582818
3726582819
3726582820
3726582821
3726582822
3726582823
3726582824
3726582825
3726582826
3726582827
3726582828
3726582829
3726582830
3726582831
3726582832
3726582833
3726582834
3726582835
3726582836
3726582837
3726582838
3726582839
3726582840
3726582841
3726582842
3726582843
3726582844
3726582845
3726582846
3726582847
3726582848
3726582849
3726582850
3726582851
3726582852
3726582853
3726582854
3726582855
3726582856
3726582857
3726582858
3726582859
3726582860
3726582861
3726582862
3726582863
3726582864
3726582865
3726582866
3726582867
3726582868
3726582869
3726582870
3726582871
3726582872
3726582873
3726582874
3726582875
3726582876
3726582877
3726582878
3726582879
3726582880
3726582881
3726582882
3726582883
3726582884
3726582885
3726582886
3726582887
3726582888
3726582889
3726582890
3726582891
3726582892
3726582893
3726582894
3726582895
3726582896
3726582897
3726582898
3726582899
3726582900
3726582901
3726582902
3726582903
3726582904
3726582905
3726582906
3726582907
3726582908
3726582909
3726582910
3726582911
3726582912
3726582913
3726582914
3726582915
3726582916
3726582917
3726582918
3726582919
3726582920
3726582921
3726582922
3726582923
3726582924
3726582925
3726582926
3726582927
3726582928
3726582929
3726582930
3726582931
3726582932
3726582933
3726582934
3726582935
3726582936
3726582937
3726582938
3726582939
3726582940
3726582941
3726582942
3726582943
3726582944
3726582945
3726582946
3726582947
3726582948
3726582949
3726582950
3726582951
3726582952
3726582953
3726582954
3726582955
3726582956
3726582957
3726582958
3726582959
3726582960
3726582961
3726582962
3726582963
3726582964
3726582965
3726582966
3726582967
3726582968
3726582969
3726582970
3726582971
3726582972
3726582973
3726582974
3726582975
3726582976
3726582977
3726582978
3726582979
3726582980
3726582981
3726582982
3726582983
3726582984
3726582985
3726582986
3726582987
3726582988
3726582989
3726582990
3726582991
3726582992
3726582993
3726582994
3726582995
3726582996
3726582997
3726582998
3726582999
3726583000
3726583001
3726583002
3726583003
3726583004
3726583005
3726583006
3726583007
3726583008
3726583009
3726583010
3726583011
3726583012
3726583013
3726583014
3726583015
3726583016
3726583017
3726583018
3726583019
3726583020
3726583021
3726583022
3726583023
3726583024
3726583025
3726583026
3726583027
3726583028
3726583029
3726583030
3726583031
3726583032
3726583033
3726583034
3726583035
3726583036
3726583037
3726583038
3726583039
3726583040
3726583041
3726583042
3726583043
3726583044
3726583045
3726583046
3726583047
3726583048
3726583049
3726583050
3726583051
3726583052
3726583053
3726583054
3726583055
3726583056
3726583057
3726583058
3726583059
3726583060
3726583061
3726583062
3726583063
3726583064
