3726581866.1
3726581867.1
3726581868.1
3726581869.1
3726581870.1
3726581871.1
3726581872.1
3726581873.1
3726581874.1
3726581875.1
3726581876.1
3726581877.1
3726581878.1
3726581879.1
3726581880.1
3726581881.1
3726581882.1
3726581883.1
3726581884.1
3726581885.1
3726581886.1
3726581887.1
3726581888.1
3726581889.1
3726581890.1
3726581891.1
3726581892.1
3726581893.1
3726581894.1
3726581895.1
3726581896.1
3726581897.1
3726581898.1
3726581899.1
3726581900.1
3726581901.1
3726581902.1
3726581903.1
3726581904.1
3726581905.1
3726581906.1
3726581907.1
3726581908.1
3726581909.1
3726581910.1
3726581911.1
3726581912.1
3726581913.1
3726581914.1
3726581915.1
3726581916.1
3726581917.1
3726581918.1
3726581919.1
3726581920.1
3726581921.1
3726581922.1
3726581923.1
3726581924.1
3726581925.1
3726581926.1
3726581927.1
3726581928.1
3726581929.1
3726581930.1
3726581931.1
3726581932.1
3726581933.1
3726581934.1
3726581935.1
3726581936.1
3726581937.1
3726581938.1
3726581939.1
3726581940.1
3726581941.1
3726581942.1
3726581943.1
3726581944.1
3726581945.1
3726581946.1
3726581947.1
3726581948.1
3726581949.1
3726581950.1
3726581951.1
3726581952.1
3726581953.1
3726581954.1
3726581955.1
3726581956.1
3726581957.1
3726581958.1
3726581959.1
3726581960.1
3726581961.1
3726581962.1
3726581963.1
3726581964.1
3726581965.1
3726581966.1
3726581967.1
3726581968.1
3726581969.1
3726581970.1
3726581971.1
3726581972.1
3726581973.1
3726581974.1
3726581975.1
3726581976.1
3726581977.1
3726581978.1
3726581979.1
3726581980.1
3726581981.1
3726581982.1
3726581983.1
3726581984.1
3726581985.1
3726581986.1
3726581987.1
3726581988.1
3726581989.1
3726581990.1
3726581991.1
3726581992.1
3726581993.1
3726581994.1
3726581995.1
3726581996.1
3726581997.1
3726581998.1
3726581999.1
3726582000.1
3726582001.1
3726582002.1
3726582003.1
3726582004.1
3726582005.1
3726582006.1
3726582007.1
3726582008.1
3726582009.1
3726582010.1
3726582011.1
3726582012.1
3726582013.1
3726582014.1
3726582015.1
3726582016.1
3726582017.1
3726582018.1
3726582019.1
3726582020.1
3726582021.1
3726582022.1
3726582023.1
3726582024.1
3726582025.1
3726582026.1
3726582027.1
3726582028.1
3726582029.1
3726582030.1
3726582031.1
3726582032.1
3726582033.1
3726582034.1
3726582035.1
3726582036.1
3726582037.1
3726582038.1
3726582039.1
3726582040.1
3726582041.1
3726582042.1
3726582043.1
3726582044.1
3726582045.1
3726582046.1
3726582047.1
3726582048.1
3726582049.1
3726582050.1
3726582051.1
3726582052.1
3726582053.1
3726582054.1
3726582055.1
3726582056.1
3726582057.1
3726582058.1
3726582059.1
3726582060.1
3726582061.1
3726582062.1
3726582063.1
3726582064.1
3726582065.1
3726582066.1
3726582067.1
3726582068.1
3726582069.1
3726582070.1
3726582071.1
3726582072.1
3726582073.1
3726582074.1
3726582075.1
3726582076.1
3726582077.1
3726582078.1
3726582079.1
3726582080.1
3726582081.1
3726582082.1
3726582083.1
3726582084.1
3726582085.1
3726582086.1
3726582087.1
3726582088.1
3726582089.1
3726582090.1
3726582091.1
3726582092.1
3726582093.1
3726582094.1
3726582095.1
3726582096.1
3726582097.1
3726582098.1
3726582099.1
3726582100.1
3726582101.1
3726582102.1
3726582103.1
3726582104.1
3726582105.1
3726582106.1
3726582107.1
3726582108.1
3726582109.1
3726582110.1
3726582111.1
3726582112.1
3726582113.1
3726582114.1
3726582115.1
3726582116.1
3726582117.1
3726582118.1
3726582119.1
3726582120.1
3726582121.1
3726582122.1
3726582123.1
3726582124.1
3726582125.1
3726582126.1
3726582127.1
3726582128.1
3726582129.1
3726582130.1
3726582131.1
3726582132.1
3726582133.1
3726582134.1
3726582135.1
3726582136.1
3726582137.1
3726582138.1
3726582139.1
3726582140.1
3726582141.1
3726582142.1
3726582143.1
3726582144.1
3726582145.1
3726582146.1
3726582147.1
3726582148.1
3726582149.1
3726582150.1
3726582151.1
3726582152.1
3726582153.1
3726582154.1
3726582155.1
3726582156.1
3726582157.1
3726582158.1
3726582159.1
3726582160.1
3726582161.1
3726582162.1
3726582163.1
3726582164.1
3726582165.1
3726582166.1
3726582167.1
3726582168.1
3726582169.1
3726582170.1
3726582171.1
3726582172.1
3726582173.1
3726582174.1
3726582175.1
3726582176.1
3726582177.1
3726582178.1
3726582179.1
3726582180.1
3726582181.1
3726582182.1
3726582183.1
3726582184.1
3726582185.1
3726582186.1
3726582187.1
3726582188.1
3726582189.1
3726582190.1
3726582191.1
3726582192.1
3726582193.1
3726582194.1
3726582195.1
3726582196.1
3726582197.1
3726582198.1
3726582199.1
3726582200.1
3726582201.1
3726582202.1
3726582203.1
3726582204.1
3726582205.1
3726582206.1
3726582207.1
3726582208.1
3726582209.1
3726582210.1
3726582211.1
3726582212.1
3726582213.1
3726582214.1
3726582215.1
3726582216.1
3726582217.1
3726582218.1
3726582219.1
3726582220.1
3726582221.1
3726582222.1
3726582223.1
3726582224.1
3726582225.1
3726582226.1
3726582227.1
3726582228.1
3726582229.1
3726582230.1
3726582231.1
3726582232.1
3726582233.1
3726582234.1
3726582235.1
3726582236.1
3726582237.1
3726582238.1
3726582239.1
3726582240.1
3726582241.1
3726582242.1
3726582243.1
3726582244.1
3726582245.1
3726582246.1
3726582247.1
3726582248.1
3726582249.1
3726582250.1
3726582251.1
3726582252.1
3726582253.1
3726582254.1
3726582255.1
3726582256.1
3726582257.1
3726582258.1
3726582259.1
3726582260.1
3726582261.1
3726582262.1
3726582263.1
3726582264.1
3726582265.1
3726582266.1
3726582267.1
3726582268.1
3726582269.1
3726582270.1
3726582271.1
3726582272.1
3726582273.1
3726582274.1
3726582275.1
3726582276.1
3726582277.1
3726582278.1
3726582279.1
3726582280.1
3726582281.1
3726582282.1
3726582283.1
3726582284.1
3726582285.1
3726582286.1
3726582287.1
3726582288.1
3726582289.1
3726582290.1
3726582291.1
3726582292.1
3726582293.1
3726582294.1
3726582295.1
3726582296.1
3726582297.1
3726582298.1
3726582299.1
3726582300.1
3726582301.1
3726582302.1
3726582303.1
3726582304.1
3726582305.1
3726582306.1
3726582307.1
3726582308.1
3726582309.1
3726582310.1
3726582311.1
3726582312.1
3726582313.1
3726582314.1
3726582315.1
3726582316.1
3726582317.1
3726582318.1
3726582319.1
3726582320.1
3726582321.1
3726582322.1
3726582323.1
3726582324.1
3726582325.1
3726582326.1
3726582327.1
3726582328.1
3726582329.1
3726582330.1
3726582331.1
3726582332.1
3726582333.1
3726582334.1
3726582335.1
3726582336.1
3726582337.1
3726582338.1
3726582339.1
3726582340.1
3726582341.1
3726582342.1
3726582343.1
3726582344.1
3726582345.1
3726582346.1
3726582347.1
3726582348.1
3726582349.1
3726582350.1
3726582351.1
3726582352.1
3726582353.1
3726582354.1
3726582355.1
3726582356.1
3726582357.1
3726582358.1
3726582359.1
3726582360.1
3726582361.1
3726582362.1
3726582363.1
3726582364.1
3726582365.1
3726582366.1
3726582367.1
3726582368.1
3726582369.1
3726582370.1
3726582371.1
3726582372.1
3726582373.1
3726582374.1
3726582375.1
3726582376.1
3726582377.1
3726582378.1
3726582379.1
3726582380.1
3726582381.1
3726582382.1
3726582383.1
3726582384.1
3726582385.1
3726582386.1
3726582387.1
3726582388.1
3726582389.1
3726582390.1
3726582391.1
3726582392.1
3726582393.1
3726582394.1
3726582395.1
3726582396.1
3726582397.1
3726582398.1
3726582399.1
3726582400.1
3726582401.1
3726582402.1
3726582403.1
3726582404.1
3726582405.1
3726582406.1
3726582407.1
3726582408.1
3726582409.1
3726582410.1
3726582411.1
3726582412.1
3726582413.1
3726582414.1
3726582415.1
3726582416.1
3726582417.1
3726582418.1
3726582419.1
3726582420.1
3726582421.1
3726582422.1
3726582423.1
3726582424.1
3726582425.1
3726582426.1
3726582427.1
3726582428.1
3726582429.1
3726582430.1
3726582431.1
3726582432.1
3726582433.1
3726582434.1
3726582435.1
3726582436.1
3726582437.1
3726582438.1
3726582439.1
3726582440.1
3726582441.1
3726582442.1
3726582443.1
3726582444.1
3726582445.1
3726582446.1
3726582447.1
3726582448.1
3726582449.1
3726582450.1
3726582451.1
3726582452.1
3726582453.1
3726582454.1
3726582455.1
3726582456.1
3726582457.1
3726582458.1
3726582459.1
3726582460.1
3726582461.1
3726582462.1
3726582463.1
3726582464.1
3726582465.1
3726582466.1
3726582467.1
3726582468.1
3726582469.1
3726582470.1
3726582471.1
3726582472.1
3726582473.1
3726582474.1
3726582475.1
3726582476.1
3726582477.1
3726582478.1
3726582479.1
3726582480.1
3726582481.1
3726582482.1
3726582483.1
3726582484.1
3726582485.1
3726582486.1
3726582487.1
3726582488.1
3726582489.1
3726582490.1
3726582491.1
3726582492.1
3726582493.1
3726582494.1
3726582495.1
3726582496.1
3726582497.1
3726582498.1
3726582499.1
3726582500.1
3726582501.1
3726582502.1
3726582503.1
3726582504.1
3726582505.1
3726582506.1
3726582507.1
3726582508.1
3726582509.1
3726582510.1
3726582511.1
3726582512.1
3726582513.1
3726582514.1
3726582515.1
3726582516.1
3726582517.1
3726582518.1
3726582519.1
3726582520.1
3726582521.1
3726582522.1
3726582523.1
3726582524.1
3726582525.1
3726582526.1
3726582527.1
3726582528.1
3726582529.1
3726582530.1
3726582531.1
3726582532.1
3726582533.1
3726582534.1
3726582535.1
3726582536.1
3726582537.1
3726582538.1
3726582539.1
3726582540.1
3726582541.1
3726582542.1
3726582543.1
3726582544.1
3726582545.1
3726582546.1
3726582547.1
3726582548.1
3726582549.1
3726582550.1
3726582551.1
3726582552.1
3726582553.1
3726582554.1
3726582555.1
3726582556.1
3726582557.1
3726582558.1
3726582559.1
3726582560.1
3726582561.1
3726582562.1
3726582563.1
3726582564.1
3726582565.1
3726582566.1
3726582567.1
3726582568.1
3726582569.1
3726582570.1
3726582571.1
3726582572.1
3726582573.1
3726582574.1
3726582575.1
3726582576.1
3726582577.1
3726582578.1
3726582579.1
3726582580.1
3726582581.1
3726582582.1
3726582583.1
3726582584.1
3726582585.1
3726582586.1
3726582587.1
3726582588.1
3726582589.1
3726582590.1
3726582591.1
3726582592.1
3726582593.1
3726582594.1
3726582595.1
3726582596.1
3726582597.1
3726582598.1
3726582599.1
3726582600.1
3726582601.1
3726582602.1
3726582603.1
3726582604.1
3726582605.1
3726582606.1
3726582607.1
3726582608.1
3726582609.1
3726582610.1
3726582611.1
3726582612.1
3726582613.1
3726582614.1
3726582615.1
3726582616.1
3726582617.1
3726582618.1
3726582619.1
3726582620.1
3726582621.1
3726582622.1
3726582623.1
3726582624.1
3726582625.1
3726582626.1
3726582627.1
3726582628.1
3726582629.1
3726582630.1
3726582631.1
3726582632.1
3726582633.1
3726582634.1
3726582635.1
3726582636.1
3726582637.1
3726582638.1
3726582639.1
3726582640.1
3726582641.1
3726582642.1
3726582643.1
3726582644.1
3726582645.1
3726582646.1
3726582647.1
3726582648.1
3726582649.1
3726582650.1
3726582651.1
3726582652.1
3726582653.1
3726582654.1
3726582655.1
3726582656.1
3726582657.1
3726582658.1
3726582659.1
3726582660.1
3726582661.1
3726582662.1
3726582663.1
3726582664.1
3726582665.1
3726582666.1
3726582667.1
3726582668.1
3726582669.1
3726582670.1
3726582671.1
3726582672.1
3726582673.1
3726582674.1
3726582675.1
3726582676.1
3726582677.1
3726582678.1
3726582679.1
3726582680.1
3726582681.1
3726582682.1
3726582683.1
3726582684.1
3726582685.1
3726582686.1
3726582687.1
3726582688.1
3726582689.1
3726582690.1
3726582691.1
3726582692.1
3726582693.1
3726582694.1
3726582695.1
3726582696.1
3726582697.1
3726582698.1
3726582699.1
3726582700.1
3726582701.1
3726582702.1
3726582703.1
3726582704.1
3726582705.1
3726582706.1
3726582707.1
3726582708.1
3726582709.1
3726582710.1
3726582711.1
3726582712.1
3726582713.1
3726582714.1
3726582715.1
3726582716.1
3726582717.1
3726582718.1
3726582719.1
3726582720.1
3726582721.1
3726582722.1
3726582723.1
3726582724.1
3726582725.1
3726582726.1
3726582727.1
3726582728.1
3726582729.1
3726582730.1
3726582731.1
3726582732.1
3726582733.1
3726582734.1
3726582735.1
3726582736.1
3726582737.1
3726582738.1
3726582739.1
3726582740.1
3726582741.1
3726582742.1
3726582743.1
3726582744.1
3726582745.1
3726582746.1
3726582747.1
3726582748.1
3726582749.1
3726582750.1
3726582751.1
3726582752.1
3726582753.1
3726582754.1
3726582755.1
3726582756.1
3726582757.1
3726582758.1
3726582759.1
3726582760.1
3726582761.1
3726582762.1
3726582763.1
3726582764.1
3726582765.1
3726582766.1
3726582767.1
3726582768.1
3726582769.1
3726582770.1
3726582771.1
3726582772.1
3726582773.1
3726582774.1
3726582775.1
3726582776.1
3726582777.1
3726582778.1
3726582779.1
3726582780.1
3726582781.1
3726582782.1
3726582783.1
3726582784.1
3726582785.1
3726582786.1
3726582787.1
3726582788.1
3726582789.1
3726582790.1
3726582791.1
3726582792.1
3726582793.1
3726582794.1
3726582795.1
3726582796.1
3726582797.1
3726582798.1
3726582799.1
3726582800.1
3726582801.1
3726582802.1
3726582803.1
3726582804.1
3726582805.1
3726582806.1
3726582807.1
3726582808.1
3726582809.1
3726582810.1
3726582811.1
3726582812.1
3726582813.1
3726582814.1
3726582815.1
3726582816.1
3726582817.1
3726582818.1
3726582819.1
3726582820.1
3726582821.1
3726582822.1
3726582823.1
3726582824.1
3726582825.1
3726582826.1
3726582827.1
3726582828.1
3726582829.1
3726582830.1
3726582831.1
3726582832.1
3726582833.1
3726582834.1
3726582835.1
3726582836.1
3726582837.1
3726582838.1
3726582839.1
3726582840.1
3726582841.1
3726582842.1
3726582843.1
3726582844.1
3726582845.1
3726582846.1
3726582847.1
3726582848.1
3726582849.1
3726582850.1
3726582851.1
3726582852.1
3726582853.1
3726582854.1
3726582855.1
3726582856.1
3726582857.1
3726582858.1
3726582859.1
3726582860.1
3726582861.1
3726582862.1
3726582863.1
3726582864.1
3726582865.1
3726582866.1
3726582867.1
3726582868.1
3726582869.1
3726582870.1
3726582871.1
3726582872.1
3726582873.1
3726582874.1
3726582875.1
3726582876.1
3726582877.1
3726582878.1
3726582879.1
3726582880.1
3726582881.1
3726582882.1
3726582883.1
3726582884.1
3726582885.1
3726582886.1
3726582887.1
3726582888.1
3726582889.1
3726582890.1
3726582891.1
3726582892.1
3726582893.1
3726582894.1
3726582895.1
3726582896.1
3726582897.1
3726582898.1
3726582899.1
3726582900.1
3726582901.1
3726582902.1
3726582903.1
3726582904.1
3726582905.1
3726582906.1
3726582907.1
3726582908.1
3726582909.1
3726582910.1
3726582911.1
3726582912.1
3726582913.1
3726582914.1
3726582915.1
3726582916.1
3726582917.1
3726582918.1
3726582919.1
3726582920.1
3726582921.1
3726582922.1
3726582923.1
3726582924.1
3726582925.1
3726582926.1
3726582927.1
3726582928.1
3726582929.1
3726582930.1
3726582931.1
3726582932.1
3726582933.1
3726582934.1
3726582935.1
3726582936.1
3726582937.1
3726582938.1
3726582939.1
3726582940.1
3726582941.1
3726582942.1
3726582943.1
3726582944.1
3726582945.1
3726582946.1
3726582947.1
3726582948.1
3726582949.1
3726582950.1
3726582951.1
3726582952.1
3726582953.1
3726582954.1
3726582955.1
3726582956.1
3726582957.1
3726582958.1
3726582959.1
3726582960.1
3726582961.1
3726582962.1
3726582963.1
3726582964.1
3726582965.1
3726582966.1
3726582967.1
3726582968.1
3726582969.1
3726582970.1
3726582971.1
3726582972.1
3726582973.1
3726582974.1
3726582975.1
3726582976.1
3726582977.1
3726582978.1
3726582979.1
3726582980.1
3726582981.1
3726582982.1
3726582983.1
3726582984.1
3726582985.1
3726582986.1
3726582987.1
3726582988.1
3726582989.1
3726582990.1
3726582991.1
3726582992.1
3726582993.1
3726582994.1
3726582995.1
3726582996.1
3726582997.1
3726582998.1
3726582999.1
3726583000.1
3726583001.1
3726583002.1
3726583003.1
3726583004.1
3726583005.1
3726583006.1
3726583007.1
3726583008.1
3726583009.1
3726583010.1
3726583011.1
3726583012.1
3726583013.1
3726583014.1
3726583015.1
3726583016.1
3726583017.1
3726583018.1
3726583019.1
3726583020.1
3726583021.1
3726583022.1
3726583023.1
3726583024.1
3726583025.1
3726583026.1
3726583027.1
3726583028.1
3726583029.1
3726583030.1
3726583031.1
3726583032.1
3726583033.1
3726583034.1
3726583035.1
3726583036.1
3726583037.1
3726583038.1
3726583039.1
3726583040.1
3726583041.1
3726583042.1
3726583043.1
3726583044.1
3726583045.1
3726583046.1
3726583047.1
3726583048.1
3726583049.1
3726583050.1
3726583051.1
3726583052.1
3726583053.1
3726583054.1
3726583055.1
3726583056.1
3726583057.1
3726583058.1
3726583059.1
3726583060.1
3726583061.1
3726583062.1
3726583063.1
3726583064.1
