(2022, 32, 634661024)
(2022, 32, 634671023)
(2022, 32, 634681024)
(2022, 32, 634691023)
(2022, 32, 634701020)
(2022, 32, 634711031)
(2022, 32, 634721020)
(2022, 32, 634731032)
(2022, 32, 634741041)
(2022, 32, 634751042)
(2022, 32, 634761021)
(2022, 32, 634771038)
(2022, 32, 634781022)
(2022, 32, 634791020)
(2022, 32, 634801037)
(2022, 32, 634811022)
(2022, 32, 634821030)
(2022, 32, 634831032)
(2022, 32, 634841021)
(2022, 32, 634851030)
(2022, 32, 634861029)
(2022, 32, 634871010)
(2022, 32, 634881036)
(2022, 32, 634891033)
(2022, 32, 634901035)
(2022, 32, 634911037)
(2022, 32, 634921027)
(2022, 32, 634931032)
(2022, 32, 634941034)
(2022, 32, 634951035)
(2022, 32, 634961030)
(2022, 32, 634971033)
(2022, 32, 634981020)
(2022, 32, 634991032)
(2022, 32, 635001031)
(2022, 32, 635011030)
(2022, 32, 635021022)
(2022, 32, 635031016)
(2022, 32, 635041023)
(2022, 32, 635051032)
(2022, 32, 635061036)
(2022, 32, 635071039)
(2022, 32, 635081031)
(2022, 32, 635091022)
(2022, 32, 635101023)
(2022, 32, 635111023)
(2022, 32, 635121030)
(2022, 32, 635131022)
(2022, 32, 635141021)
(2022, 32, 635151020)
(2022, 32, 635161021)
(2022, 32, 635171022)
(2022, 32, 635181031)
(2022, 32, 635191031)
(2022, 32, 635201021)
(2022, 32, 635211021)
(2022, 32, 635221021)
(2022, 32, 635231021)
(2022, 32, 635241021)
(2022, 32, 635251020)
(2022, 32, 635261022)
(2022, 32, 635271013)
(2022, 32, 635281013)
(2022, 32, 635291021)
(2022, 32, 635301039)
(2022, 32, 635311036)
(2022, 32, 635321041)
(2022, 32, 635331021)
(2022, 32, 635341021)
(2022, 32, 635351022)
(2022, 32, 635361021)
(2022, 32, 635371023)
(2022, 32, 635381045)
(2022, 32, 635391044)
(2022, 32, 635401046)
(2022, 32, 635411047)
(2022, 32, 635421040)
(2022, 32, 635431043)
(2022, 32, 635441040)
(2022, 32, 635451039)
(2022, 32, 635461041)
(2022, 32, 635471033)
(2022, 32, 635481025)
(2022, 32, 635491033)
(2022, 32, 635501032)
(2022, 32, 635511029)
(2022, 32, 635521034)
(2022, 32, 635531029)
(2022, 32, 635541022)
(2022, 32, 635551032)
(2022, 32, 635561032)
(2022, 32, 635571032)
(2022, 32, 635581033)
(2022, 32, 635591033)
(2022, 32, 635601032)
(2022, 32, 635611033)
(2022, 32, 635621024)
(2022, 32, 635631034)
(2022, 32, 635641034)
(2022, 32, 635651032)
(2022, 32, 635661034)
(2022, 32, 635671033)
(2022, 32, 635681019)
(2022, 32, 635691022)
(2022, 32, 635701033)
(2022, 32, 635711020)
(2022, 32, 635721022)
(2022, 32, 635731023)
(2022, 32, 635741031)
(2022, 32, 635751021)
(2022, 32, 635761023)
(2022, 32, 635771024)
(2022, 32, 635781023)
(2022, 32, 635791023)
(2022, 32, 635801032)
(2022, 32, 635811032)
(2022, 32, 635821032)
(2022, 32, 635831032)
(2022, 32, 635841024)
(2022, 32, 635851022)
(2022, 32, 635861021)
(2022, 32, 635871031)
(2022, 32, 635881033)
(2022, 32, 635891044)
(2022, 32, 635901022)
(2022, 32, 635911024)
(2022, 32, 635921025)
(2022, 32, 635931042)
(2022, 32, 635941026)
(2022, 32, 635951025)
(2022, 32, 635961037)
(2022, 32, 635971022)
(2022, 32, 635981037)
(2022, 32, 635991021)
(2022, 32, 636001032)
(2022, 32, 636011023)
(2022, 32, 636021022)
(2022, 32, 636031032)
(2022, 32, 636041032)
(2022, 32, 636051031)
(2022, 32, 636061032)
(2022, 32, 636071022)
(2022, 32, 636081034)
(2022, 32, 636091025)
(2022, 32, 636101033)
(2022, 32, 636111033)
(2022, 32, 636121032)
(2022, 32, 636131015)
(2022, 32, 636141012)
(2022, 32, 636151021)
(2022, 32, 636161021)
(2022, 32, 636171021)
(2022, 32, 636181042)
(2022, 32, 636191032)
(2022, 32, 636201046)
(2022, 32, 636211024)
(2022, 32, 636221035)
(2022, 32, 636231038)
(2022, 32, 636241041)
(2022, 32, 636251036)
(2022, 32, 636261040)
(2022, 32, 636271041)
(2022, 32, 636281022)
(2022, 32, 636291042)
(2022, 32, 636301022)
(2022, 32, 636311035)
(2022, 32, 636321032)
(2022, 32, 636331034)
(2022, 32, 636341031)
(2022, 32, 636351023)
(2022, 32, 636361033)
(2022, 32, 636371030)
(2022, 32, 636381034)
(2022, 32, 636391031)
(2022, 32, 636401023)
(2022, 32, 636411013)
(2022, 32, 636421022)
(2022, 32, 636431023)
(2022, 32, 636441035)
(2022, 32, 636451019)
(2022, 32, 636461015)
(2022, 32, 636471033)
(2022, 32, 636481032)
(2022, 32, 636491033)
(2022, 32, 636501035)
(2022, 32, 636511036)
(2022, 32, 636521016)
(2022, 32, 636531024)
(2022, 32, 636541023)
(2022, 32, 636551035)
(2022, 32, 636561024)
(2022, 32, 636571033)
(2022, 32, 636581035)
(2022, 32, 636591033)
(2022, 32, 636601015)
(2022, 32, 636611023)
(2022, 32, 636621031)
(2022, 32, 636631035)
(2022, 32, 636641032)
(2022, 32, 636651032)
(2022, 32, 636661032)
(2022, 32, 636671032)
(2022, 32, 636681033)
(2022, 32, 636691033)
(2022, 32, 636701034)
(2022, 32, 636711023)
(2022, 32, 636721022)
(2022, 32, 636731034)
(2022, 32, 636741023)
(2022, 32, 636751023)
(2022, 32, 636761022)
(2022, 32, 636771023)
(2022, 32, 636781040)
(2022, 32, 636791025)
(2022, 32, 636801035)
(2022, 32, 636811022)
(2022, 32, 636821023)
(2022, 32, 636831034)
(2022, 32, 636841023)
(2022, 32, 636851023)
(2022, 32, 636861030)
(2022, 32, 636871012)
(2022, 32, 636881030)
(2022, 32, 636891013)
(2022, 32, 636901032)
(2022, 32, 636911031)
(2022, 32, 636921029)
(2022, 32, 636931027)
(2022, 32, 636941028)
(2022, 32, 636951030)
(2022, 32, 636961035)
(2022, 32, 636971027)
(2022, 32, 636981024)
(2022, 32, 636991034)
(2022, 32, 637001034)
(2022, 32, 637011022)
(2022, 32, 637021024)
(2022, 32, 637031038)
(2022, 32, 637041031)
(2022, 32, 637051028)
(2022, 32, 637061030)
(2022, 32, 637071030)
(2022, 32, 637081030)
(2022, 32, 637091030)
(2022, 32, 637101028)
(2022, 32, 637111028)
(2022, 32, 637121024)
(2022, 32, 637131022)
(2022, 32, 637141034)
(2022, 32, 637151033)
(2022, 32, 637161033)
(2022, 32, 637171015)
(2022, 32, 637181023)
(2022, 32, 637191024)
(2022, 32, 637201024)
(2022, 32, 637211014)
(2022, 32, 637221014)
(2022, 32, 637231032)
(2022, 32, 637241032)
(2022, 32, 637251032)
(2022, 32, 637261033)
(2022, 32, 637271023)
(2022, 32, 637281024)
(2022, 32, 637291033)
(2022, 32, 637301024)
(2022, 32, 637311024)
(2022, 32, 637321023)
(2022, 32, 637331023)
(2022, 32, 637341042)
(2022, 32, 637351024)
(2022, 32, 637361023)
(2022, 32, 637371025)
(2022, 32, 637381026)
(2022, 32, 637391025)
(2022, 32, 637401031)
(2022, 32, 637411024)
(2022, 32, 637421037)
(2022, 32, 637431032)
(2022, 32, 637441024)
(2022, 32, 637451023)
(2022, 32, 637461030)
(2022, 32, 637471031)
(2022, 32, 637481031)
(2022, 32, 637491032)
(2022, 32, 637501031)
(2022, 32, 637511031)
(2022, 32, 637521025)
(2022, 32, 637531014)
(2022, 32, 637541024)
(2022, 32, 637551012)
(2022, 32, 637561033)
(2022, 32, 637571033)
(2022, 32, 637581013)
(2022, 32, 637591022)
(2022, 32, 637601024)
(2022, 32, 637611024)
(2022, 32, 637621023)
(2022, 32, 637631013)
(2022, 32, 637641023)
(2022, 32, 637651023)
(2022, 32, 637661025)
(2022, 32, 637671023)
(2022, 32, 637681025)
(2022, 32, 637691034)
(2022, 32, 637701043)
(2022, 32, 637711023)
(2022, 32, 637721041)
(2022, 32, 637731024)
(2022, 32, 637741042)
(2022, 32, 637751041)
(2022, 32, 637761034)
(2022, 32, 637771024)
(2022, 32, 637781033)
(2022, 32, 637791024)
(2022, 32, 637801034)
(2022, 32, 637811039)
(2022, 32, 637821030)
(2022, 32, 637831029)
(2022, 32, 637841015)
(2022, 32, 637851015)
(2022, 32, 637861057)
(2022, 32, 637871043)
(2022, 32, 637881035)
(2022, 32, 637891043)
(2022, 32, 637901018)
(2022, 32, 637911041)
(2022, 32, 637921042)
(2022, 32, 637931036)
(2022, 32, 637941035)
(2022, 32, 637951026)
(2022, 32, 637961046)
(2022, 32, 637971022)
(2022, 32, 637981025)
(2022, 32, 637991020)
(2022, 32, 638001033)
(2022, 32, 638011024)
(2022, 32, 638021033)
(2022, 32, 638031025)
(2022, 32, 638041025)
(2022, 32, 638051025)
(2022, 32, 638061034)
(2022, 32, 638071026)
(2022, 32, 638081034)
(2022, 32, 638091015)
(2022, 32, 638101034)
(2022, 32, 638111025)
(2022, 32, 638121025)
(2022, 32, 638131015)
(2022, 32, 638141025)
(2022, 32, 638151025)
(2022, 32, 638161023)
(2022, 32, 638171023)
(2022, 32, 638181026)
(2022, 32, 638191025)
(2022, 32, 638201015)
(2022, 32, 638211034)
(2022, 32, 638221025)
(2022, 32, 638231034)
(2022, 32, 638241025)
(2022, 32, 638251042)
(2022, 32, 638261045)
(2022, 32, 638271024)
(2022, 32, 638281034)
(2022, 32, 638291013)
(2022, 32, 638301024)
(2022, 32, 638311026)
(2022, 32, 638321041)
(2022, 32, 638331024)
(2022, 32, 638341038)
(2022, 32, 638351028)
(2022, 32, 638361045)
(2022, 32, 638371039)
(2022, 32, 638381032)
(2022, 32, 638391036)
(2022, 32, 638401038)
(2022, 32, 638411033)
(2022, 32, 638421034)
(2022, 32, 638431031)
(2022, 32, 638441031)
(2022, 32, 638451033)
(2022, 32, 638461017)
(2022, 32, 638471034)
(2022, 32, 638481030)
(2022, 32, 638491036)
(2022, 32, 638501032)
(2022, 32, 638511040)
(2022, 32, 638521034)
(2022, 32, 638531041)
(2022, 32, 638541035)
(2022, 32, 638551037)
(2022, 32, 638561024)
(2022, 32, 638571024)
(2022, 32, 638581026)
(2022, 32, 638591026)
(2022, 32, 638601025)
(2022, 32, 638611034)
(2022, 32, 638621026)
(2022, 32, 638631026)
(2022, 32, 638641027)
(2022, 32, 638651024)
(2022, 32, 638661016)
(2022, 32, 638671025)
(2022, 32, 638681014)
(2022, 32, 638691025)
(2022, 32, 638701025)
(2022, 32, 638711014)
(2022, 32, 638721024)
(2022, 32, 638731013)
(2022, 32, 638741033)
(2022, 32, 638751033)
(2022, 32, 638761024)
(2022, 32, 638771034)
(2022, 32, 638781014)
(2022, 32, 638791036)
(2022, 32, 638801035)
(2022, 32, 638811034)
(2022, 32, 638821028)
(2022, 32, 638831027)
(2022, 32, 638841024)
(2022, 32, 638851014)
(2022, 32, 638861024)
(2022, 32, 638871039)
(2022, 32, 638881045)
(2022, 32, 638891024)
(2022, 32, 638901014)
(2022, 32, 638911034)
(2022, 32, 638921014)
(2022, 32, 638931039)
(2022, 32, 638941036)
(2022, 32, 638951025)
(2022, 32, 638961034)
(2022, 32, 638971017)
(2022, 32, 638981034)
(2022, 32, 638991040)
(2022, 32, 639001037)
(2022, 32, 639011047)
(2022, 32, 639021035)
(2022, 32, 639031049)
(2022, 32, 639041038)
(2022, 32, 639051039)
(2022, 32, 639061025)
(2022, 32, 639071025)
(2022, 32, 639081036)
(2022, 32, 639091023)
(2022, 32, 639101027)
(2022, 32, 639111036)
(2022, 32, 639121021)
(2022, 32, 639131035)
(2022, 32, 639141035)
(2022, 32, 639151022)
(2022, 32, 639161035)
(2022, 32, 639171024)
(2022, 32, 639181035)
(2022, 32, 639191034)
(2022, 32, 639201026)
(2022, 32, 639211016)
(2022, 32, 639221026)
(2022, 32, 639231026)
(2022, 32, 639241025)
(2022, 32, 639251024)
(2022, 32, 639261024)
(2022, 32, 639271017)
(2022, 32, 639281016)
(2022, 32, 639291034)
(2022, 32, 639301024)
(2022, 32, 639311035)
(2022, 32, 639321016)
(2022, 32, 639331017)
(2022, 32, 639341025)
(2022, 32, 639351037)
(2022, 32, 639361035)
(2022, 32, 639371035)
(2022, 32, 639381035)
(2022, 32, 639391024)
(2022, 32, 639401025)
(2022, 32, 639411024)
(2022, 32, 639421024)
(2022, 32, 639431024)
(2022, 32, 639441026)
(2022, 32, 639451025)
(2022, 32, 639461025)
(2022, 32, 639471025)
(2022, 32, 639481040)
(2022, 32, 639491025)
(2022, 32, 639501038)
(2022, 32, 639511015)
(2022, 32, 639521037)
(2022, 32, 639531037)
(2022, 32, 639541015)
(2022, 32, 639551025)
(2022, 32, 639561036)
(2022, 32, 639571035)
(2022, 32, 639581034)
(2022, 32, 639591035)
(2022, 32, 639601036)
(2022, 32, 639611015)
(2022, 32, 639621037)
(2022, 32, 639631016)
(2022, 32, 639641037)
(2022, 32, 639651016)
(2022, 32, 639661014)
(2022, 32, 639671034)
(2022, 32, 639681025)
(2022, 32, 639691023)
(2022, 32, 639701036)
(2022, 32, 639711041)
(2022, 32, 639721038)
(2022, 32, 639731038)
(2022, 32, 639741006)
(2022, 32, 639751028)
(2022, 32, 639761030)
(2022, 32, 639771046)
(2022, 32, 639781023)
(2022, 32, 639791037)
(2022, 32, 639801024)
(2022, 32, 639811034)
(2022, 32, 639821026)
(2022, 32, 639831034)
(2022, 32, 639841034)
(2022, 32, 639851016)
(2022, 32, 639861025)
(2022, 32, 639871025)
(2022, 32, 639881035)
(2022, 32, 639891035)
(2022, 32, 639901036)
(2022, 32, 639911046)
(2022, 32, 639921017)
(2022, 32, 639931027)
(2022, 32, 639941026)
(2022, 32, 639951014)
(2022, 32, 639961017)
(2022, 32, 639971026)
(2022, 32, 639981018)
(2022, 32, 639991025)
(2022, 32, 640001025)
(2022, 32, 640011046)
(2022, 32, 640021025)
(2022, 32, 640031025)
(2022, 32, 640041041)
(2022, 32, 640051018)
(2022, 32, 640061026)
(2022, 32, 640071046)
(2022, 32, 640081027)
(2022, 32, 640091046)
(2022, 32, 640101035)
(2022, 32, 640111035)
(2022, 32, 640121032)
(2022, 32, 640131035)
(2022, 32, 640141037)
(2022, 32, 640151031)
(2022, 32, 640161016)
(2022, 32, 640171038)
(2022, 32, 640181031)
(2022, 32, 640191018)
(2022, 32, 640201016)
(2022, 32, 640211017)
(2022, 32, 640221029)
(2022, 32, 640231029)
(2022, 32, 640241016)
(2022, 32, 640251035)
(2022, 32, 640261031)
(2022, 32, 640271016)
(2022, 32, 640281035)
(2022, 32, 640291035)
(2022, 32, 640301025)
(2022, 32, 640311023)
(2022, 32, 640321028)
(2022, 32, 640331026)
(2022, 32, 640341026)
(2022, 32, 640351027)
(2022, 32, 640361025)
(2022, 32, 640371036)
(2022, 32, 640381019)
(2022, 32, 640391018)
(2022, 32, 640401028)
(2022, 32, 640411027)
(2022, 32, 640421026)
(2022, 32, 640431015)
(2022, 32, 640441025)
(2022, 32, 640451038)
(2022, 32, 640461017)
(2022, 32, 640471027)
(2022, 32, 640481026)
(2022, 32, 640491027)
(2022, 32, 640501028)
(2022, 32, 640511027)
(2022, 32, 640521027)
(2022, 32, 640531031)
(2022, 32, 640541029)
(2022, 32, 640551018)
(2022, 32, 640561030)
(2022, 32, 640571017)
(2022, 32, 640581028)
(2022, 32, 640591029)
(2022, 32, 640601027)
(2022, 32, 640611017)
(2022, 32, 640621026)
(2022, 32, 640631026)
(2022, 32, 640641026)
(2022, 32, 640651045)
(2022, 32, 640661027)
(2022, 32, 640671019)
(2022, 32, 640681027)
(2022, 32, 640691039)
(2022, 32, 640701017)
(2022, 32, 640711034)
(2022, 32, 640721037)
(2022, 32, 640731026)
(2022, 32, 640741037)
(2022, 32, 640751015)
(2022, 32, 640761029)
(2022, 32, 640771028)
(2022, 32, 640781032)
(2022, 32, 640791017)
(2022, 32, 640801031)
(2022, 32, 640811017)
(2022, 32, 640821028)
(2022, 32, 640831036)
(2022, 32, 640841034)
(2022, 32, 640851038)
(2022, 32, 640861034)
(2022, 32, 640871033)
(2022, 32, 640881029)
(2022, 32, 640891035)
(2022, 32, 640901049)
(2022, 32, 640911017)
(2022, 32, 640921038)
(2022, 32, 640931028)
(2022, 32, 640941023)
(2022, 32, 640951026)
(2022, 32, 640961019)
(2022, 32, 640971028)
(2022, 32, 640981028)
(2022, 32, 640991026)
(2022, 32, 641001028)
(2022, 32, 641011018)
(2022, 32, 641021018)
(2022, 32, 641031026)
(2022, 32, 641041018)
(2022, 32, 641051015)
(2022, 32, 641061018)
(2022, 32, 641071027)
(2022, 32, 641081027)
(2022, 32, 641091018)
(2022, 32, 641101026)
(2022, 32, 641111027)
(2022, 32, 641121027)
(2022, 32, 641131032)
(2022, 32, 641141032)
(2022, 32, 641151021)
(2022, 32, 641161037)
(2022, 32, 641171031)
(2022, 32, 641181037)
(2022, 32, 641191028)
(2022, 32, 641201018)
(2022, 32, 641211018)
(2022, 32, 641221018)
(2022, 32, 641231026)
(2022, 32, 641241018)
(2022, 32, 641251026)
(2022, 32, 641261026)
(2022, 32, 641271027)
(2022, 32, 641281026)
(2022, 32, 641291026)
(2022, 32, 641301037)
(2022, 32, 641311027)
(2022, 32, 641321026)
(2022, 32, 641331030)
(2022, 32, 641341031)
(2022, 32, 641351031)
(2022, 32, 641361028)
(2022, 32, 641371027)
(2022, 32, 641381027)
(2022, 32, 641391027)
(2022, 32, 641401017)
(2022, 32, 641411026)
(2022, 32, 641421018)
(2022, 32, 641431018)
(2022, 32, 641441028)
(2022, 32, 641451027)
(2022, 32, 641461043)
(2022, 32, 641471017)
(2022, 32, 641481027)
(2022, 32, 641491044)
(2022, 32, 641501017)
(2022, 32, 641511027)
(2022, 32, 641521017)
(2022, 32, 641531017)
(2022, 32, 641541016)
(2022, 32, 641551018)
(2022, 32, 641561016)
(2022, 32, 641571041)
(2022, 32, 641581035)
(2022, 32, 641591038)
(2022, 32, 641601018)
(2022, 32, 641611037)
(2022, 32, 641621028)
(2022, 32, 641631028)
(2022, 32, 641641042)
(2022, 32, 641651018)
(2022, 32, 641661039)
(2022, 32, 641671039)
(2022, 32, 641681042)
(2022, 32, 641691031)
(2022, 32, 641701036)
(2022, 32, 641711036)
(2022, 32, 641721026)
(2022, 32, 641731040)
(2022, 32, 641741028)
(2022, 32, 641751027)
(2022, 32, 641761037)
(2022, 32, 641771019)
(2022, 32, 641781027)
(2022, 32, 641791019)
(2022, 32, 641801040)
(2022, 32, 641811027)
(2022, 32, 641821017)
(2022, 32, 641831016)
(2022, 32, 641841027)
(2022, 32, 641851027)
(2022, 32, 641861027)
(2022, 32, 641871017)
(2022, 32, 641881027)
(2022, 32, 641891027)
(2022, 32, 641901029)
(2022, 32, 641911017)
(2022, 32, 641921028)
(2022, 32, 641931018)
(2022, 32, 641941027)
(2022, 32, 641951019)
(2022, 32, 641961027)
(2022, 32, 641971029)
(2022, 32, 641981031)
(2022, 32, 641991031)
(2022, 32, 642001040)
(2022, 32, 642011032)
(2022, 32, 642021032)
(2022, 32, 642031033)
(2022, 32, 642041028)
(2022, 32, 642051019)
(2022, 32, 642061028)
(2022, 32, 642071020)
(2022, 32, 642081016)
(2022, 32, 642091026)
(2022, 32, 642101016)
(2022, 32, 642111017)
(2022, 32, 642121017)
(2022, 32, 642131017)
(2022, 32, 642141017)
(2022, 32, 642151029)
(2022, 32, 642161030)
(2022, 32, 642171019)
(2022, 32, 642181028)
(2022, 32, 642191020)
(2022, 32, 642201019)
(2022, 32, 642211017)
(2022, 32, 642221036)
(2022, 32, 642231036)
(2022, 32, 642241017)
(2022, 32, 642251037)
(2022, 32, 642261017)
(2022, 32, 642271019)
(2022, 32, 642281046)
(2022, 32, 642291042)
(2022, 32, 642301045)
(2022, 32, 642311020)
(2022, 32, 642321043)
(2022, 32, 642331035)
(2022, 32, 642341039)
(2022, 32, 642351029)
(2022, 32, 642361018)
(2022, 32, 642371032)
(2022, 32, 642381031)
(2022, 32, 642391029)
(2022, 32, 642401029)
(2022, 32, 642411029)
(2022, 32, 642421020)
(2022, 32, 642431021)
(2022, 32, 642441023)
(2022, 32, 642451032)
(2022, 32, 642461032)
(2022, 32, 642471025)
(2022, 32, 642481032)
(2022, 32, 642491025)
(2022, 32, 642501030)
(2022, 32, 642511019)
(2022, 32, 642521028)
(2022, 32, 642531020)
(2022, 32, 642541028)
(2022, 32, 642551019)
(2022, 32, 642561028)
(2022, 32, 642571028)
(2022, 32, 642581018)
(2022, 32, 642591018)
(2022, 32, 642601029)
(2022, 32, 642611018)
(2022, 32, 642621018)
(2022, 32, 642631030)
(2022, 32, 642641028)
(2022, 32, 642651028)
(2022, 32, 642661021)
(2022, 32, 642671032)
(2022, 32, 642681028)
(2022, 32, 642691017)
(2022, 32, 642701040)
(2022, 32, 642711018)
(2022, 32, 642721018)
(2022, 32, 642731017)
(2022, 32, 642741039)
(2022, 32, 642751018)
(2022, 32, 642761043)
(2022, 32, 642771020)
(2022, 32, 642781019)
(2022, 32, 642791034)
(2022, 32, 642801019)
(2022, 32, 642811031)
(2022, 32, 642821029)
(2022, 32, 642831032)
(2022, 32, 642841028)
(2022, 32, 642851026)
(2022, 32, 642861029)
(2022, 32, 642871030)
(2022, 32, 642881029)
(2022, 32, 642891027)
(2022, 32, 642901029)
(2022, 32, 642911038)
(2022, 32, 642921025)
(2022, 32, 642931031)
(2022, 32, 642941028)
(2022, 32, 642951028)
(2022, 32, 642961039)
(2022, 32, 642971029)
(2022, 32, 642981029)
(2022, 32, 642991019)
(2022, 32, 643001030)
(2022, 32, 643011018)
(2022, 32, 643021030)
(2022, 32, 643031030)
(2022, 32, 643041020)
(2022, 32, 643051020)
(2022, 32, 643061029)
(2022, 32, 643071039)
(2022, 32, 643081029)
(2022, 32, 643091030)
(2022, 32, 643101029)
(2022, 32, 643111029)
(2022, 32, 643121019)
(2022, 32, 643131019)
(2022, 32, 643141030)
(2022, 32, 643151020)
(2022, 32, 643161020)
(2022, 32, 643171030)
(2022, 32, 643181019)
(2022, 32, 643191029)
(2022, 32, 643201029)
(2022, 32, 643211029)
(2022, 32, 643221019)
(2022, 32, 643231021)
(2022, 32, 643241019)
(2022, 32, 643251029)
(2022, 32, 643261029)
(2022, 32, 643271029)
(2022, 32, 643281020)
(2022, 32, 643291019)
(2022, 32, 643301018)
(2022, 32, 643311018)
(2022, 32, 643321039)
(2022, 32, 643331018)
(2022, 32, 643341038)
(2022, 32, 643351031)
(2022, 32, 643361028)
(2022, 32, 643371019)
(2022, 32, 643381045)
(2022, 32, 643391046)
(2022, 32, 643401051)
(2022, 32, 643411023)
(2022, 32, 643421024)
(2022, 32, 643431034)
(2022, 32, 643441031)
(2022, 32, 643451031)
(2022, 32, 643461026)
(2022, 32, 643471022)
(2022, 32, 643481020)
(2022, 32, 643491023)
(2022, 32, 643501030)
(2022, 32, 643511021)
(2022, 32, 643521032)
(2022, 32, 643531021)
(2022, 32, 643541028)
(2022, 32, 643551019)
(2022, 32, 643561022)
(2022, 32, 643571040)
(2022, 32, 643581022)
(2022, 32, 643591031)
(2022, 32, 643601020)
(2022, 32, 643611030)
(2022, 32, 643621021)
(2022, 32, 643631030)
(2022, 32, 643641021)
(2022, 32, 643651019)
(2022, 32, 643661033)
(2022, 32, 643671032)
(2022, 32, 643681020)
(2022, 32, 643691022)
(2022, 32, 643701021)
(2022, 32, 643711029)
(2022, 32, 643721030)
(2022, 32, 643731019)
(2022, 32, 643741019)
(2022, 32, 643751028)
(2022, 32, 643761028)
(2022, 32, 643771030)
(2022, 32, 643781029)
(2022, 32, 643791028)
(2022, 32, 643801029)
(2022, 32, 643811022)
(2022, 32, 643821020)
(2022, 32, 643831019)
(2022, 32, 643841019)
(2022, 32, 643851021)
(2022, 32, 643861022)
(2022, 32, 643871038)
(2022, 32, 643881036)
(2022, 32, 643891033)
(2022, 32, 643901038)
(2022, 32, 643911034)
(2022, 32, 643921039)
(2022, 32, 643931039)
(2022, 32, 643941019)
(2022, 32, 643951032)
(2022, 32, 643961031)
(2022, 32, 643971029)
(2022, 32, 643981031)
(2022, 32, 643991034)
(2022, 32, 644001029)
(2022, 32, 644011034)
(2022, 32, 644021033)
(2022, 32, 644031039)
(2022, 32, 644041037)
(2022, 32, 644051035)
(2022, 32, 644061042)
(2022, 32, 644071049)
(2022, 32, 644081039)
(2022, 32, 644091024)
(2022, 32, 644101019)
(2022, 32, 644111021)
(2022, 32, 644121022)
(2022, 32, 644131015)
(2022, 32, 644141022)
(2022, 32, 644151021)
(2022, 32, 644161022)
(2022, 32, 644171022)
(2022, 32, 644181031)
(2022, 32, 644191030)
(2022, 32, 644201030)
(2022, 32, 644211033)
(2022, 32, 644221019)
(2022, 32, 644231029)
(2022, 32, 644241019)
(2022, 32, 644251021)
(2022, 32, 644261030)
(2022, 32, 644271030)
(2022, 32, 644281021)
(2022, 32, 644291031)
(2022, 32, 644301031)
(2022, 32, 644311041)
(2022, 32, 644321020)
(2022, 32, 644331020)
(2022, 32, 644341038)
(2022, 32, 644351020)
(2022, 32, 644361020)
(2022, 32, 644371021)
(2022, 32, 644381021)
(2022, 32, 644391043)
(2022, 32, 644401020)
(2022, 32, 644411038)
(2022, 32, 644421020)
(2022, 32, 644431027)
(2022, 32, 644441032)
(2022, 32, 644451030)
(2022, 32, 644461031)
(2022, 32, 644471033)
(2022, 32, 644481032)
(2022, 32, 644491021)
(2022, 32, 644501032)
(2022, 32, 644511019)
(2022, 32, 644521021)
(2022, 32, 644531018)
(2022, 32, 644541021)
(2022, 32, 644551013)
(2022, 32, 644561022)
(2022, 32, 644571030)
(2022, 32, 644581032)
(2022, 32, 644591032)
(2022, 32, 644601022)
(2022, 32, 644611021)
(2022, 32, 644621021)
(2022, 32, 644631022)
(2022, 32, 644641034)
(2022, 32, 644651021)
(2022, 32, 644661021)
(2022, 32, 644671020)
(2022, 32, 644681022)
(2022, 32, 644691020)
(2022, 32, 644701020)
(2022, 32, 644711022)
(2022, 32, 644721020)
(2022, 32, 644731030)
(2022, 32, 644741020)
(2022, 32, 644751031)
(2022, 32, 644761012)
(2022, 32, 644771032)
(2022, 32, 644781031)
(2022, 32, 644791031)
(2022, 32, 644801033)
(2022, 32, 644811031)
(2022, 32, 644821021)
(2022, 32, 644831030)
(2022, 32, 644841034)
(2022, 32, 644851022)
(2022, 32, 644861021)
(2022, 32, 644871012)
(2022, 32, 644881032)
(2022, 32, 644891022)
(2022, 32, 644901021)
(2022, 32, 644911020)
(2022, 32, 644921039)
(2022, 32, 644931020)
(2022, 32, 644941031)
(2022, 32, 644951020)
(2022, 32, 644961031)
(2022, 32, 644971021)
(2022, 32, 644981020)
(2022, 32, 644991031)
(2022, 32, 645001020)
(2022, 32, 645011041)
(2022, 32, 645021020)
(2022, 32, 645031037)
(2022, 32, 645041023)
(2022, 32, 645051020)
(2022, 32, 645061020)
(2022, 32, 645071021)
(2022, 32, 645081021)
(2022, 32, 645091031)
(2022, 32, 645101024)
(2022, 32, 645111032)
(2022, 32, 645121023)
(2022, 32, 645131030)
(2022, 32, 645141037)
(2022, 32, 645151024)
(2022, 32, 645161041)
(2022, 32, 645171032)
(2022, 32, 645181030)
(2022, 32, 645191032)
(2022, 32, 645201024)
(2022, 32, 645211033)
(2022, 32, 645221024)
(2022, 32, 645231031)
(2022, 32, 645241011)
(2022, 32, 645251024)
(2022, 32, 645261031)
(2022, 32, 645271030)
(2022, 32, 645281030)
(2022, 32, 645291030)
(2022, 32, 645301031)
(2022, 32, 645311020)
(2022, 32, 645321031)
(2022, 32, 645331031)
(2022, 32, 645341031)
(2022, 32, 645351031)
(2022, 32, 645361023)
(2022, 32, 645371013)
(2022, 32, 645381032)
(2022, 32, 645391032)
(2022, 32, 645401041)
(2022, 32, 645411021)
(2022, 32, 645421037)
(2022, 32, 645431015)
(2022, 32, 645441021)
(2022, 32, 645451022)
(2022, 32, 645461021)
(2022, 32, 645471052)
(2022, 32, 645481035)
(2022, 32, 645491036)
(2022, 32, 645501011)
(2022, 32, 645511036)
(2022, 32, 645521037)
(2022, 32, 645531032)
(2022, 32, 645541031)
(2022, 32, 645551011)
(2022, 32, 645561032)
(2022, 32, 645571027)
(2022, 32, 645581029)
(2022, 32, 645591032)
(2022, 32, 645601030)
(2022, 32, 645611012)
(2022, 32, 645621032)
(2022, 32, 645631032)
(2022, 32, 645641031)
(2022, 32, 645651033)
(2022, 32, 645661024)
(2022, 32, 645671024)
(2022, 32, 645681034)
(2022, 32, 645691032)
(2022, 32, 645701021)
(2022, 32, 645711024)
(2022, 32, 645721031)
(2022, 32, 645731023)
(2022, 32, 645741044)
(2022, 32, 645751033)
(2022, 32, 645761035)
(2022, 32, 645771036)
(2022, 32, 645781051)
(2022, 32, 645791039)
(2022, 32, 645801038)
(2022, 32, 645811062)
(2022, 32, 645821031)
(2022, 32, 645831021)
(2022, 32, 645841022)
(2022, 32, 645851022)
(2022, 32, 645861032)
(2022, 32, 645871032)
(2022, 32, 645881032)
(2022, 32, 645891021)
(2022, 32, 645901022)
(2022, 32, 645911022)
(2022, 32, 645921022)
(2022, 32, 645931021)
(2022, 32, 645941032)
(2022, 32, 645951021)
(2022, 32, 645961032)
(2022, 32, 645971022)
(2022, 32, 645981022)
(2022, 32, 645991042)
(2022, 32, 646001021)
(2022, 32, 646011022)
(2022, 32, 646021034)
(2022, 32, 646031021)
(2022, 32, 646041021)
(2022, 32, 646051024)
(2022, 32, 646061021)
(2022, 32, 646071041)
(2022, 32, 646081046)
(2022, 32, 646091046)
(2022, 32, 646101049)
(2022, 32, 646111025)
(2022, 32, 646121024)
(2022, 32, 646131013)
(2022, 32, 646141042)
(2022, 32, 646151013)
(2022, 32, 646161030)
(2022, 32, 646171031)
(2022, 32, 646181013)
(2022, 32, 646191032)
(2022, 32, 646201029)
(2022, 32, 646211031)
(2022, 32, 646221031)
(2022, 32, 646231029)
(2022, 32, 646241034)
(2022, 32, 646251038)
(2022, 32, 646261038)
(2022, 32, 646271034)
(2022, 32, 646281036)
(2022, 32, 646291023)
(2022, 32, 646301025)
(2022, 32, 646311037)
(2022, 32, 646321012)
(2022, 32, 646331012)
(2022, 32, 646341022)
(2022, 32, 646351024)
(2022, 32, 646361012)
(2022, 32, 646371023)
(2022, 32, 646381022)
(2022, 32, 646391022)
(2022, 32, 646401023)
(2022, 32, 646411025)
(2022, 32, 646421023)
(2022, 32, 646431028)
(2022, 32, 646441044)
(2022, 32, 646451042)
(2022, 32, 646461022)
(2022, 32, 646471016)
(2022, 32, 646481031)
(2022, 32, 646491022)
(2022, 32, 646501024)
(2022, 32, 646511022)
(2022, 32, 646521032)
(2022, 32, 646531024)
(2022, 32, 646541024)
(2022, 32, 646551034)
(2022, 32, 646561036)
(2022, 32, 646571028)
(2022, 32, 646581026)
(2022, 32, 646591027)
(2022, 32, 646601045)
(2022, 32, 646611034)
(2022, 32, 646621033)
(2022, 32, 646631024)
(2022, 32, 646641024)
