56019305
56029304
56039305
56049304
56059301
56069312
56079301
56089313
56099322
56109323
56119302
56129319
56139304
56149302
56159319
56169304
56179312
56189314
56199303
56209312
56219311
56229292
56239318
56249315
56259317
56269319
56279309
56289315
56299317
56309318
56319313
56329316
56339303
56349315
56359314
56369313
56379305
56389299
56399306
56409315
56419319
56429322
56439314
56449306
56459307
56469307
56479314
56489306
56499305
56509304
56519305
56529306
56539315
56549315
56559305
56569305
56579305
56589305
56599305
56609305
56619307
56629298
56639298
56649306
56659324
56669321
56679326
56689306
56699306
56709307
56719306
56729308
56739330
56749330
56759332
56769333
56779326
56789329
56799326
56809325
56819327
56829319
56839311
56849319
56859318
56869315
56879320
56889315
56899309
56909319
56919319
56929319
56939320
56949320
56959319
56969320
56979311
56989321
56999321
57009319
57019321
57029320
57039306
57049310
57059321
57069308
57079310
57089311
57099319
57109309
57119311
57129312
57139311
57149311
57159320
57169320
57179320
57189320
57199312
57209311
57219310
57229320
57239322
57249333
57259311
57269313
57279314
57289331
57299315
57309314
57319326
57329311
57339326
57349311
57359322
57369313
57379312
57389322
57399322
57409321
57419322
57429312
57439324
57449315
57459323
57469323
57479322
57489305
57499302
57509312
57519312
57529312
57539333
57549323
57559337
57569315
57579326
57589329
57599332
57609327
57619331
57629332
57639313
57649333
57659314
57669327
57679324
57689326
57699323
57709315
57719325
57729322
57739326
57749323
57759315
57769305
57779314
57789315
57799327
57809311
57819308
57829326
57839325
57849326
57859328
57869329
57879309
57889317
57899316
57909328
57919317
57929326
57939328
57949326
57959308
57969317
57979325
57989329
57999326
58009326
58019326
58029326
58039327
58049327
58059328
58069317
58079316
58089328
58099317
58109317
58119317
58129318
58139335
58149320
58159330
58169317
58179318
58189329
58199318
58209318
58219325
58229307
58239325
58249308
58259327
58269326
58279325
58289323
58299324
58309326
58319331
58329323
58339320
58349330
58359330
58369318
58379320
58389334
58399327
58409324
58419326
58429327
58439327
58449327
58459325
58469325
58479321
58489319
58499331
58509330
58519330
58529312
58539320
58549321
58559321
58569312
58579312
58589330
58599330
58609330
58619331
58629321
58639322
58649331
58659322
58669322
58679321
58689321
58699340
58709322
58719322
58729324
58739325
58749324
58759330
58769323
58779336
58789331
58799323
58809322
58819329
58829330
58839330
58849331
58859330
58869330
58879325
58889314
58899324
58909312
58919333
58929333
58939313
58949322
58959324
58969324
58979323
58989313
58999323
59009323
59019325
59029324
59039326
59049335
59059344
59069324
59079342
59089325
59099343
59109342
59119335
59129325
59139334
59149325
59159335
59169340
59179331
59189331
59199317
59209317
59219359
59229345
59239337
59249345
59259320
59269343
59279344
59289338
59299337
59309328
59319348
59329325
59339328
59349323
59359336
59369327
59379336
59389328
59399328
59409328
59419337
59429329
59439337
59449318
59459337
59469328
59479328
59489319
59499329
59509329
59519327
59529327
59539330
59549329
59559319
59569338
59579329
59589338
59599329
59609346
59619349
59629328
59639339
59649318
59659329
59669331
59679346
59689329
59699343
59709333
59719350
59729344
59739337
59749341
59759343
59769338
59779339
59789337
59799337
59809339
59819323
59829340
59839336
59849342
59859338
59869346
59879340
59889347
59899341
59909343
59919330
59929330
59939333
59949333
59959332
59969341
59979333
59989333
59999334
60009331
60019323
60029332
60039321
60049332
60059332
60069321
60079331
60089321
60099341
60109341
60119332
60129342
60139322
60149344
60159343
60169342
60179336
60189335
60199332
60209322
60219332
60229347
60239353
60249333
60259323
60269343
60279323
60289348
60299345
60309334
60319343
60329326
60339343
60349349
60359346
60369356
60379344
60389359
60399348
60409349
60419335
60429335
60439346
60449333
60459337
60469346
60479331
60489345
60499345
60509332
60519345
60529334
60539345
60549345
60559337
60569327
60579337
60589337
60599336
60609335
60619335
60629328
60639327
60649345
60659335
60669346
60679327
60689328
60699337
60709349
60719347
60729347
60739347
60749336
60759337
60769336
60779336
60789336
60799338
60809337
60819337
60829337
60839352
60849338
60859351
60869328
60879350
60889350
60899328
60909338
60919349
60929348
60939347
60949348
60959349
60969328
60979350
60989329
60999350
61009330
61019328
61029348
61039339
61049337
61059350
61069355
61079352
61089352
61099320
61109342
61119344
61129360
61139337
61149351
61159339
61169349
61179341
61189349
61199349
61209331
61219340
61229340
61239350
61249350
61259351
61269361
61279332
61289342
61299341
61309330
61319333
61329342
61339334
61349341
61359341
61369362
61379341
61389341
61399357
61409334
61419342
61429362
61439343
61449362
61459352
61469352
61479349
61489352
61499354
61509348
61519333
61529355
61539348
61549335
61559333
61569334
61579346
61589346
61599333
61609353
61619349
61629334
61639353
61649353
61659343
61669341
61679346
61689344
61699344
61709345
61719343
61729354
61739337
61749336
61759346
61769346
61779345
61789334
61799344
61809357
61819336
61829346
61839345
61849346
61859347
61869346
61879346
61889350
61899348
61909337
61919350
61929337
61939348
61949349
61959347
61969337
61979346
61989346
61999346
62009365
62019347
62029339
62039347
62049359
62059337
62069355
62079358
62089347
62099358
62109336
62119350
62129349
62139353
62149338
62159352
62169338
62179349
62189357
62199355
62209359
62219356
62229355
62239351
62249357
62259371
62269339
62279360
62289350
62299345
62309348
62319341
62329350
62339350
62349348
62359350
62369340
62379341
62389349
62399341
62409338
62419341
62429350
62439350
62449341
62459349
62469350
62479350
62489355
62499355
62509344
62519360
62529355
62539361
62549352
62559342
62569342
62579342
62589350
62599342
62609350
62619350
62629351
62639350
62649350
62659361
62669351
62679351
62689355
62699356
62709356
62719353
62729352
62739352
62749352
62759342
62769351
62779343
62789343
62799353
62809352
62819368
62829343
62839353
62849370
62859343
62869353
62879343
62889343
62899342
62909344
62919342
62929367
62939361
62949364
62959344
62969363
62979355
62989355
62999369
63009345
63019366
63029366
63039369
63049358
63059363
63069363
63079353
63089367
63099355
63109354
63119364
63129346
63139355
63149347
63159368
63169355
63179345
63189344
63199355
63209355
63219355
63229345
63239355
63249355
63259357
63269345
63279356
63289347
63299356
63309348
63319356
63329358
63339360
63349360
63359369
63369361
63379361
63389362
63399357
63409348
63419357
63429349
63439346
63449356
63459346
63469347
63479347
63489347
63499347
63509359
63519360
63529349
63539358
63549350
63559349
63569347
63579366
63589367
63599348
63609368
63619348
63629350
63639377
63649373
63659376
63669351
63679374
63689366
63699370
63709360
63719349
63729363
63739362
63749361
63759361
63769361
63779352
63789353
63799355
63809364
63819364
63829357
63839364
63849357
63859362
63869351
63879360
63889352
63899361
63909352
63919361
63929361
63939351
63949351
63959362
63969351
63979351
63989363
63999361
64009361
64019354
64029365
64039361
64049351
64059374
64069352
64079352
64089351
64099373
64109352
64119377
64129354
64139353
64149368
64159353
64169365
64179363
64189367
64199363
64209361
64219364
64229365
64239364
64249362
64259364
64269373
64279360
64289366
64299363
64309363
64319374
64329364
64339364
64349355
64359366
64369354
64379366
64389366
64399356
64409356
64419365
64429375
64439365
64449366
64459365
64469365
64479355
64489355
64499366
64509357
64519357
64529367
64539356
64549366
64559366
64569366
64579356
64589358
64599356
64609366
64619366
64629366
64639357
64649356
64659356
64669356
64679377
64689356
64699376
64709369
64719366
64729357
64739383
64749384
64759389
64769361
64779362
64789372
64799370
64809370
64819365
64829361
64839359
64849362
64859369
64869360
64879371
64889360
64899367
64909358
64919361
64929379
64939361
64949370
64959360
64969370
64979361
64989370
64999361
65009359
65019373
65029372
65039360
65049362
65059361
65069369
65079370
65089359
65099359
65109369
65119369
65129371
65139370
65149369
65159370
65169363
65179361
65189360
65199360
65209362
65219363
65229379
65239377
65249374
65259380
65269376
65279381
65289381
65299361
65309374
65319373
65329371
65339373
65349376
65359371
65369376
65379375
65389381
65399379
65409378
65419385
65429392
65439382
65449367
65459362
65469364
65479365
65489358
65499365
65509364
65519365
65529365
65539374
65549373
65559373
65569377
65579363
65589373
65599363
65609365
65619374
65629374
65639365
65649375
65659375
65669385
65679364
65689364
65699382
65709364
65719365
65729366
65739366
65749388
65759365
65769383
65779365
65789372
65799377
65809375
65819376
65829378
65839377
65849366
65859378
65869365
65879367
65889364
65899367
65909359
65919368
65929376
65939378
65949378
65959368
65969367
65979367
65989368
65999380
66009367
66019368
66029367
66039369
66049367
66059367
66069369
66079367
66089377
66099367
66109378
66119359
66129379
66139378
66149378
66159380
66169379
66179369
66189378
66199382
66209370
66219369
66229360
66239380
66249370
66259369
66269368
66279387
66289368
66299379
66309368
66319380
66329370
66339369
66349380
66359369
66369390
66379369
66389386
66399372
66409369
66419369
66429370
66439370
66449380
66459373
66469382
66479373
66489380
66499387
66509374
66519391
66529382
66539380
66549382
66559374
66569383
66579374
66589381
66599361
66609374
66619382
66629381
66639381
66649381
66659382
66669371
66679382
66689382
66699382
66709382
66719374
66729364
66739383
66749383
66759392
66769372
66779389
66789367
66799373
66809374
66819373
66829404
66839387
66849388
66859363
66869388
66879389
66889384
66899383
66909363
66919384
66929380
66939382
66949385
66959383
66969365
66979385
66989385
66999384
67009386
67019377
67029377
67039387
67049385
67059374
67069377
67079385
67089377
67099398
67109387
67119389
67129390
67139405
67149393
67159392
67169416
67179385
67189375
67199376
67209376
67219386
67229387
67239387
67249376
67259377
67269377
67279377
67289376
67299387
67309376
67319387
67329377
67339377
67349397
67359376
67369377
67379389
67389377
67399377
67409380
67419377
67429397
67439402
67449402
67459405
67469381
67479380
67489369
67499398
67509369
67519386
67529387
67539370
67549389
67559386
67569388
67579388
67589386
67599391
67609395
67619395
67629391
67639393
67649380
67659382
67669394
67679369
67689370
67699380
67709382
67719370
67729381
67739380
67749380
67759381
67769383
67779381
67789386
67799402
67809400
67819380
67829374
67839390
67849381
67859383
67869381
67879391
67889383
67899383
67909393
67919395
67929387
67939385
67949386
67959404
67969393
67979392
67989384
67999384
