1.1900000572
1.1799999475
1.0900000334
0.89999997616
0.75
0.66000002623
0.69999998808
0.74000000954
0.66000002623
0.80000001192
0.62000000477
0.51999998093
0.51999998093
0.50999999046
0.34000000358
0.070000000298
-0.079999998212
-0.18000000715
-0.18000000715
-0.090000003576
0
0
0.0099999997765
0.30000001192
0.28999999166
0.25
0.28999999166
0.38999998569
0.63999998569
0.31999999285
0.18000000715
0.33000001311
0.36000001431
0.37999999523
0.47999998927
0.68999999762
0.57999998331
0.31000000238
0.029999999329
0.029999999329
-0.21999999881
-0.40999999642
-0.52999997139
-0.37999999523
-0.15000000596
-0.070000000298
-0.17000000179
-0.12999999523
-0.15000000596
-0.25999999046
-0.41999998689
-0.51999998093
-0.56000000238
-0.56999999285
-0.62999999523
-0.60000002384
-0.52999997139
-0.46999999881
-0.46000000834
-0.55000001192
-0.46000000834
-0.33000001311
-0.21999999881
-0.18000000715
-0.18000000715
-0.18000000715
-0.17000000179
-0.25
-0.33000001311
-0.41999998689
-0.46000000834
-0.44999998808
-0.52999997139
-0.58999997377
-0.57999998331
-0.61000001431
-0.66000002623
-0.62000000477
-0.56000000238
-0.43999999762
-0.33000001311
-0.23000000417
-0.23000000417
-0.050000000745
0.029999999329
-0.050000000745
-0.070000000298
-0.10000000149
-0.18999999762
-0.23000000417
-0.20999999344
-0.18000000715
-0.059999998659
0.12999999523
0.25999999046
0.43999999762
0.56000000238
0.51999998093
0.40000000596
0.40000000596
0.27000001073
0.31999999285
0.38999998569
0.51999998093
0.52999997139
0.54000002146
0.54000002146
0.54000002146
0.55000001192
0.62000000477
0.62000000477
0.62000000477
0.58999997377
0.52999997139
0.46000000834
0.43999999762
0.50999999046
0.5
0.51999998093
0.51999998093
0.40999999642
0.33000001311
0.55000001192
0.61000001431
0.67000001669
0.66000002623
0.57999998331
0.62000000477
0.61000001431
0.55000001192
0.37999999523
0.28000000119
0.050000000745
-0.20000000298
-0.1099999994
0.029999999329
0.0099999997765
-0.27000001073
-0.50999999046
-0.60000002384
-0.47999998927
-0.34999999404
-0.34999999404
-0.25
-0.25999999046
-0.23999999464
-0.27000001073
-0.21999999881
-0.27000001073
-0.41999998689
-0.41999998689
-0.31999999285
-0.15999999642
-0.10000000149
-0.11999999732
-0.079999998212
-0.029999999329
0
-0.019999999553
-0.019999999553
-0.31000000238
-0.34999999404
-0.28999999166
-0.15000000596
-0.029999999329
0.0099999997765
0.029999999329
0.050000000745
0.029999999329
-0.039999999106
-0.029999999329
0.059999998659
0.11999999732
0.079999998212
0.029999999329
0
0.059999998659
0.079999998212
0.15999999642
0.20000000298
0.17000000179
0.1400000006
0.10000000149
-0.0099999997765
-0.15999999642
-0.23999999464
-0.25
-0.23999999464
-0.23000000417
-0.1400000006
-0.050000000745
0.059999998659
0.15000000596
0.21999999881
0.18999999762
0.18000000715
0.23999999464
0.23999999464
0.25999999046
0.28999999166
0.25999999046
0.15999999642
0.15999999642
-0.070000000298
-0.23999999464
-0.30000001192
-0.25999999046
-0.27000001073
-0.28000000119
-0.20000000298
-0.11999999732
-0.070000000298
-0.0099999997765
0.090000003576
0.15000000596
0.23999999464
0.1400000006
-0.070000000298
-0.21999999881
-0.21999999881
-0.23999999464
-0.21999999881
-0.27000001073
-0.31000000238
-0.28000000119
-0.21999999881
-0.079999998212
0.070000000298
0.15000000596
0.15000000596
0.20999999344
0.18999999762
0.10000000149
0.050000000745
-0.039999999106
-0.079999998212
-0.15999999642
-0.27000001073
-0.30000001192
-0.30000001192
-0.27000001073
-0.23000000417
-0.25999999046
-0.34000000358
-0.34000000358
-0.34000000358
-0.30000001192
-0.27000001073
-0.1400000006
-0.070000000298
-0.029999999329
-0.029999999329
-0.050000000745
-0.090000003576
-0.050000000745
-0.039999999106
-0.12999999523
-0.20000000298
-0.28000000119
-0.33000001311
-0.28999999166
-0.30000001192
-0.30000001192
-0.43999999762
-0.54000002146
-0.64999997616
-0.70999997854
-0.63999998569
-0.54000002146
-0.46000000834
-0.44999998808
-0.47999998927
-0.58999997377
-0.50999999046
-0.44999998808
-0.41999998689
-0.44999998808
-0.47999998927
-0.46000000834
-0.46000000834
-0.52999997139
-0.51999998093
-0.52999997139
-0.40999999642
-0.28999999166
-0.28000000119
-0.090000003576
0.029999999329
0.11999999732
0.18000000715
0.18000000715
0.20000000298
0.21999999881
0.23000000417
0.23000000417
0.20000000298
0.20000000298
0.28000000119
0.38999998569
0.40999999642
0.40000000596
0.38999998569
0.44999998808
0.51999998093
0.52999997139
0.38999998569
0.40000000596
0.40000000596
0.43999999762
0.43999999762
0.51999998093
0.61000001431
0.67000001669
0.73000001907
0.75999999046
0.68999999762
0.57999998331
0.44999998808
0.34000000358
0.25999999046
0.23000000417
0.20999999344
0.20999999344
0.25999999046
0.28999999166
0.25999999046
0.18000000715
0.17000000179
0.17000000179
0.23999999464
0.27000001073
0.25
0.23999999464
0.28000000119
0.20999999344
0.17000000179
0.20000000298
0.17000000179
0.21999999881
0.21999999881
0.18999999762
0.12999999523
0.20999999344
0.34000000358
0.36000001431
0.40000000596
0.41999998689
0.38999998569
0.40000000596
0.46999999881
0.5
0.46999999881
0.37999999523
0.37999999523
0.30000001192
0.25999999046
0.23000000417
0.21999999881
0.20000000298
0.18000000715
0.070000000298
-0.019999999553
-0.10000000149
-0.25
-0.18999999762
-0.1400000006
-0.079999998212
-0.019999999553
-0.0099999997765
0.039999999106
0.0099999997765
0.0099999997765
-0.059999998659
-0.079999998212
-0.050000000745
-0.029999999329
0.0099999997765
0.1099999994
0.1400000006
0.15999999642
0.23000000417
0.28999999166
0.28999999166
0.23000000417
0.18000000715
0.039999999106
-0.12999999523
-0.30000001192
-0.28999999166
-0.27000001073
-0.31000000238
-0.31000000238
-0.28999999166
-0.21999999881
-0.1400000006
-0.11999999732
-0.12999999523
-0.1099999994
-0.18000000715
-0.18000000715
-0.50999999046
-0.64999997616
-0.73000001907
-0.75
-0.67000001669
-0.63999998569
-0.72000002861
-0.76999998093
-0.74000000954
-0.76999998093
-0.81000000238
-0.87999999523
-0.83999997377
-0.79000002146
-0.75
-0.72000002861
-0.69999998808
-0.69999998808
-0.70999997854
-0.77999997139
-0.79000002146
-0.74000000954
-0.67000001669
-0.67000001669
-0.61000001431
-0.49000000954
-0.46999999881
-0.30000001192
-0.20999999344
-0.20000000298
-0.18000000715
-0.1400000006
-0.20000000298
-0.23999999464
-0.37000000477
-0.46000000834
-0.43999999762
-0.40999999642
-0.49000000954
-0.50999999046
-0.50999999046
-0.63999998569
-0.63999998569
-0.81999999285
-0.81000000238
-0.77999997139
-0.67000001669
-0.56000000238
-0.40999999642
-0.36000001431
-0.37000000477
-0.30000001192
-0.18000000715
-0.15999999642
-0.17000000179
-0.20999999344
-0.40000000596
-0.46999999881
-0.47999998927
-0.47999998927
-0.52999997139
-0.58999997377
-0.15000000596
0.40000000596
0.86000001431
1.2300000191
1.5099999905
1.6799999475
1.7300000191
1.6299999952
1.5299999714
1.3899999857
1.2899999619
1.1900000572
1.1599999666
1.1000000238
1.0700000525
0.87000000477
0.74000000954
0.61000001431
0.49000000954
0.34999999404
0.23999999464
0.090000003576
-0.0099999997765
0.029999999329
0.050000000745
0.1400000006
0.20999999344
0.23999999464
0.25
0.28000000119
0.27000001073
0.23999999464
0.28000000119
0.34999999404
0.43999999762
0.55000001192
0.66000002623
0.64999997616
0.57999998331
0.57999998331
0.57999998331
0.50999999046
0.40000000596
0.31000000238
0.23999999464
0.23999999464
0.27000001073
0.30000001192
0.31999999285
0.30000001192
0.20999999344
0.029999999329
-0.23999999464
-0.37000000477
-0.47999998927
-0.46000000834
-0.43999999762
-0.43999999762
-0.23000000417
-0.20999999344
-0.11999999732
0.10000000149
0.31999999285
0.34000000358
0.34000000358
0.34999999404
0.38999998569
0.40000000596
0.43999999762
0.43000000715
0.40999999642
0.34999999404
0.37000000477
0.40999999642
0.50999999046
0.55000001192
0.60000002384
0.56999999285
0.49000000954
0.40000000596
0.38999998569
0.43999999762
0.62000000477
0.86000001431
0.94999998808
0.99000000954
1.0900000334
1.1100000143
1.1000000238
1.0399999619
0.87999999523
0.75
0.73000001907
0.70999997854
0.72000002861
0.62999999523
0.40999999642
0.34000000358
0.20000000298
-0.1400000006
-0.1400000006
-0.72000002861
-1.1799999475
-1.3799999952
-1.5399999619
-1.5800000429
-1.6100000143
-1.6900000572
-1.5299999714
-0.81999999285
-0.31999999285
-0.31999999285
-0.56999999285
-0.76999998093
-0.85000002384
-0.51999998093
-0.40000000596
-0.40000000596
-0.54000002146
-0.56000000238
-0.56999999285
-0.68999999762
-0.74000000954
-0.68999999762
-0.68999999762
-0.46000000834
-0.34000000358
-0.050000000745
0.1400000006
0.20000000298
0.25999999046
0.23999999464
0.21999999881
0.23999999464
0.12999999523
0.070000000298
0.10000000149
0.15999999642
0.12999999523
0.039999999106
0.070000000298
0.20999999344
0.34999999404
0.41999998689
0.37000000477
0.23999999464
0.17000000179
0.30000001192
0.40000000596
0.44999998808
0.36000001431
0.23000000417
0.12999999523
0.21999999881
0.34999999404
0.31999999285
0.23999999464
0.17000000179
0.18000000715
0.15999999642
0.15999999642
-0.090000003576
-0.17000000179
-0.28999999166
-0.44999998808
-0.43000000715
-0.38999998569
-0.46999999881
-0.43000000715
-0.40999999642
-0.41999998689
-0.37999999523
-0.34000000358
-0.31000000238
-0.25999999046
-0.18999999762
-0.17000000179
-0.17000000179
-0.17000000179
-0.23999999464
-0.20000000298
-0.20000000298
-0.23999999464
-0.23000000417
-0.23000000417
-0.28000000119
-0.27000001073
-0.20999999344
-0.18000000715
-0.17000000179
-0.27000001073
-0.44999998808
-0.58999997377
-0.56999999285
-0.55000001192
-0.56000000238
-0.36000001431
-0.21999999881
-0.029999999329
-0.029999999329
-0.0099999997765
-0.029999999329
0.0099999997765
-0.039999999106
-0.059999998659
-0.029999999329
0.070000000298
0.23000000417
0.38999998569
0.41999998689
0.34000000358
0.18000000715
0.1400000006
0.12999999523
0.18000000715
0.17000000179
0.17000000179
0.15999999642
0.15999999642
0.15000000596
0.17000000179
0.23000000417
0.21999999881
0.12999999523
0.11999999732
0.10000000149
0.15999999642
0.23000000417
0.1400000006
-0.039999999106
-0.31000000238
-0.46000000834
-0.46999999881
-0.43000000715
-0.28999999166
-0.1400000006
0.10000000149
0.10000000149
0.37000000477
0.12999999523
0.070000000298
-0.21999999881
-0.52999997139
-0.60000002384
-0.5
-0.46000000834
-0.46000000834
-0.37999999523
-0.41999998689
-0.38999998569
-0.28000000119
-0.079999998212
0.11999999732
0.070000000298
0.0099999997765
-0.0099999997765
0.019999999553
-0.10000000149
-0.18000000715
-0.25999999046
-0.20999999344
-0.15999999642
-0.20999999344
-0.27000001073
-0.36000001431
-0.37000000477
-0.33000001311
-0.31999999285
-0.11999999732
-0.029999999329
0.15999999642
0.34000000358
0.43999999762
0.47999998927
0.49000000954
0.40000000596
0.23000000417
0.25
0.40999999642
0.33000001311
0.33000001311
0.15000000596
0.11999999732
0.15999999642
0.30000001192
0.46999999881
0.46999999881
0.37000000477
0.33000001311
0.25999999046
0.15999999642
0.10000000149
0.10000000149
0.15999999642
0.28000000119
0.31000000238
0.21999999881
0.21999999881
0.31999999285
0.37999999523
0.37000000477
0.28000000119
0.070000000298
-0.0099999997765
-0.12999999523
-0.31000000238
-0.25999999046
-0.17000000179
-0.15000000596
-0.070000000298
-0.019999999553
-0.050000000745
0.019999999553
0.17000000179
0.31999999285
0.23999999464
0.18999999762
0.090000003576
0.0099999997765
0.019999999553
0.0099999997765
0
0.090000003576
0.18000000715
0.15999999642
0.20000000298
0.28999999166
0.36000001431
0.43999999762
0.43999999762
0.40999999642
0.51999998093
0.50999999046
0.36000001431
0.15000000596
-0.1099999994
-0.40999999642
-0.56999999285
-0.63999998569
-0.54000002146
-0.54000002146
-0.43000000715
-0.43000000715
-0.46000000834
-0.56000000238
-0.62000000477
-0.57999998331
-0.68999999762
-0.58999997377
-0.47999998927
-0.28000000119
-0.1099999994
-0.039999999106
-0.20000000298
-0.34000000358
-0.52999997139
-0.74000000954
-0.74000000954
-0.86000001431
-0.77999997139
-0.61000001431
-0.54000002146
-0.60000002384
-0.63999998569
-0.67000001669
-0.88999998569
-1.0800000429
-1.0199999809
-0.85000002384
-0.81999999285
-0.81000000238
-0.76999998093
-0.80000001192
-0.89999997616
-1.0299999714
-1.1100000143
-1.1100000143
-1.0499999523
-0.63999998569
-0.34000000358
-0.090000003576
-0.11999999732
-0.050000000745
0.21999999881
0.40999999642
0.79000002146
1.2899999619
1.8600000143
2.2599999905
2.5699999332
2.7999999523
2.8099999428
2.4900000095
2.1900000572
1.8799999952
1.4299999475
0.99000000954
0.75999999046
0.74000000954
0.74000000954
0.74000000954
0.88999998569
0.77999997139
0.56999999285
0.30000001192
0.17000000179
0.15000000596
0.12999999523
0.1099999994
0.019999999553
-0.079999998212
-0.090000003576
-0.1099999994
-0.23000000417
-0.31000000238
-0.30000001192
-0.18999999762
-0.18999999762
0.18999999762
0.33000001311
0.28999999166
0.27000001073
0.37999999523
0.34999999404
0.34999999404
0.43999999762
0.38999998569
0.23000000417
-0.019999999553
-0.15999999642
-0.18999999762
-0.23999999464
-0.43000000715
-0.62999999523
-0.75
-0.67000001669
-0.68999999762
-0.75999999046
-0.64999997616
-0.56000000238
-0.51999998093
-0.57999998331
-0.62000000477
-0.57999998331
-0.52999997139
-0.50999999046
-0.87000000477
-0.66000002623
-0.47999998927
-0.47999998927
-0.77999997139
-0.86000001431
-0.54000002146
-0.34999999404
-0.21999999881
-0.18999999762
-0.31999999285
-0.68000000715
-0.86000001431
-0.95999997854
-0.95999997854
-0.5
-0.67000001669
-0.50999999046
-0.60000002384
-0.68000000715
-0.58999997377
-0.60000002384
-0.28999999166
-0.019999999553
0.31999999285
0.66000002623
0.76999998093
0.68000000715
0.51999998093
0.25
0.43999999762
0.43999999762
1
0.94999998808
0.74000000954
0.60000002384
0.93000000715
1.0199999809
1.0199999809
1.0700000525
0.86000001431
0.72000002861
0.69999998808
0.56999999285
0.43000000715
0.10000000149
-0.23999999464
-0.36000001431
-0.30000001192
-0.38999998569
-0.60000002384
-0.5
-0.41999998689
-0.25
-0.029999999329
0
0.11999999732
0.050000000745
0.0099999997765
-0.090000003576
-0.090000003576
-0.059999998659
0.029999999329
0.029999999329
-0.15999999642
-0.20000000298
-0.1099999994
-0.15000000596
-0.18999999762
-0.40000000596
-0.56000000238
-0.37999999523
-0.28000000119
-0.12999999523
-0.12999999523
-0.0099999997765
0.059999998659
0
-0.10000000149
-0.18999999762
-0.20000000298
-0.28000000119
-0.41999998689
-0.28000000119
-0.070000000298
0.15999999642
0.44999998808
0.54000002146
0.52999997139
0.36000001431
0.1099999994
0.1099999994
-0.18999999762
-0.31000000238
-0.37999999523
-0.18999999762
-0.019999999553
0
0
-0.090000003576
0.050000000745
0.090000003576
0.0099999997765
-0.33000001311
-0.40000000596
-0.5
-0.55000001192
-0.50999999046
-0.40999999642
-0.33000001311
-0.28000000119
-0.34000000358
-0.46000000834
-0.43000000715
-0.23999999464
-0.36000001431
-0.43000000715
-0.37000000477
-0.27000001073
-0.20999999344
-0.18000000715
-0.15000000596
-0.079999998212
0.12999999523
-0.0099999997765
-0.10000000149
-0.18000000715
-0.31999999285
-0.46999999881
-0.46000000834
-0.47999998927
-0.44999998808
-0.50999999046
-0.47999998927
-0.47999998927
-0.81000000238
-0.87000000477
-0.64999997616
-0.54000002146
-0.30000001192
-0.34000000358
-0.17000000179
-0.079999998212
0.039999999106
0.019999999553
-0.18999999762
-0.55000001192
-0.68000000715
-0.61000001431
-0.46000000834
-0.10000000149
-0.10000000149
1.0599999428
1.25
1.4199999571
1.6599999666
1.6200000048
1.4800000191
1.3600000143
1.3999999762
1.5199999809
1.5499999523
1.6100000143
1.7100000381
1.75
1.6599999666
1.6000000238
1.5199999809
1.2200000286
1.0700000525
0.62999999523
0.1400000006
-0.059999998659
0.11999999732
0.31000000238
0.37000000477
0.090000003576
-0.37999999523
-0.68999999762
-0.55000001192
-0.31000000238
0.15999999642
0.38999998569
0.49000000954
0.72000002861
0.83999997377
0.76999998093
0.41999998689
0.1099999994
-0.18999999762
-0.41999998689
-0.5
-0.43000000715
-0.41999998689
-0.41999998689
-0.5
-0.43999999762
-0.50999999046
-0.46999999881
-0.55000001192
-0.77999997139
-1.0700000525
-1.4400000572
-1.5
-1.4099999666
-1.2100000381
-0.94999998808
-0.80000001192
-0.76999998093
-0.75
-0.73000001907
-0.73000001907
-0.37000000477
0.12999999523
0.55000001192
0.87999999523
1.0299999714
0.98000001907
0.82999998331
0.68000000715
0.5
0.51999998093
0.46000000834
0.31999999285
0.23000000417
0.090000003576
0.0099999997765
-0.0099999997765
-0.029999999329
-0.070000000298
-0.15999999642
-0.18000000715
-0.079999998212
-0.050000000745
-0.019999999553
-0.090000003576
-0.17000000179
-0.20000000298
-0.23000000417
-0.18000000715
-0.15999999642
-0.12999999523
-0.20999999344
-0.38999998569
-0.44999998808
-0.36000001431
-0.079999998212
0.28999999166
0.49000000954
0.52999997139
0.52999997139
0.40000000596
0.18999999762
0.039999999106
0.039999999106
-0.27000001073
-0.17000000179
-0.18999999762
-0.11999999732
-0.079999998212
-0.17000000179
-0.12999999523
-0.079999998212
-0.11999999732
-0.039999999106
0.050000000745
0.1099999994
0.21999999881
0.18999999762
0.15999999642
0.23999999464
0.23999999464
0.33000001311
0.28000000119
0.15999999642
-0.0099999997765
-0.18000000715
-0.1400000006
-0.039999999106
-0.039999999106
-0.18999999762
-0.31999999285
-0.34999999404
-0.25
-0.31999999285
-0.37000000477
-0.38999998569
-0.41999998689
-0.60000002384
-0.37999999523
-0.090000003576
