1025.56604
1026.7769775
1027.881958
1028.8079834
1029.5939941
1030.2719727
1031.0059814
1031.7110596
1032.375
1033.1600342
1033.7800293
1034.3310547
1034.8659668
1035.3809814
1035.7189941
1035.8010254
1035.6949463
1035.4709473
1035.2800293
1035.2070312
1035.2120361
1035.2359619
1035.2969971
1035.5649414
1035.8900146
1036.2189941
1036.5319824
1036.8959961
1037.4749756
1037.8170166
1037.967041
1038.2950439
1038.6359863
1039.0500488
1039.5760498
1040.2590332
1040.7960205
1041.1290283
1041.1590576
1041.1590576
1040.7939453
1040.3179932
1039.7910156
1039.3850098
1039.2189941
1039.1379395
1038.9940186
1038.894043
1038.7030029
1038.4589844
1038.0539551
1037.5639648
1037.0290527
1036.4630127
1035.8540039
1035.282959
1034.7449951
1034.2919922
1033.8640137
1033.3709717
1032.9110107
1032.5639648
1032.3859863
1032.2110596
1032.0610352
1031.9129639
1031.7550049
1031.4820557
1031.151001
1030.7449951
1030.3170166
1029.8599854
1029.3570557
1028.8050537
1028.1999512
1027.6290283
1027.0080566
1026.3599854
1025.8199463
1025.4060059
1025.1140137
1024.907959
1024.7910156
1024.7709961
1024.7769775
1024.7609863
1024.7180176
1024.6230469
1024.3990479
1024.1660156
1023.947998
1023.7880249
1023.7470093
1023.8699951
1024.177002
1024.6230469
1025.1450195
1025.6729736
1026.0620117
1026.0620117
1026.6450195
1026.9689941
1027.3959961
1027.9370117
1028.5040283
1029.0429688
1029.5710449
1030.1149902
1030.6789551
1031.2729492
1031.8780518
1032.4770508
1033.0489502
1033.5159912
1033.9549561
1034.4289551
1034.9179688
1035.4439697
1035.9439697
1036.4379883
1036.8599854
1037.2340088
1037.7380371
1038.3370361
1038.9699707
1039.625
1040.2220459
1040.7960205
1041.381958
1041.8909912
1042.3270264
1042.5570068
1042.5600586
1042.3590088
1042.2110596
1042.2359619
1042.2550049
1042.0009766
1041.5080566
1040.8740234
1040.3659668
1040.0269775
1039.81604
1039.6209717
1039.4050293
1039.1390381
1038.822998
1038.592041
1038.3289795
1037.9189453
1037.532959
1037.2230225
1037.0649414
1037.0150146
1036.9370117
1036.8699951
1036.8499756
1036.8149414
1036.7679443
1036.7679443
1036.3780518
1036.052002
1035.8100586
1035.6600342
1035.6080322
1035.6369629
1035.6949463
1035.7469482
1035.7609863
1035.7650146
1035.7600098
1035.8330078
1035.9699707
1036.1120605
1036.2280273
1036.3360596
1036.4029541
1036.5169678
1036.6939697
1036.9040527
1037.0959473
1037.2750244
1037.3950195
1037.4139404
1037.2910156
1037.0770264
1036.8349609
1036.6099854
1036.4150391
1036.2740479
1036.2679443
1036.3570557
1036.5400391
1036.7480469
1037.0090332
1037.2640381
1037.5159912
1037.7750244
1038.0930176
1038.3909912
1038.657959
1038.8480225
1038.8990479
1038.8570557
1038.6700439
1038.4310303
1038.1240234
1037.8299561
1037.5909424
1037.3919678
1037.2879639
1037.2380371
1037.2249756
1037.2740479
1037.4560547
1037.6860352
1037.8430176
1037.8129883
1037.6140137
1037.6140137
1037.1650391
1036.9859619
1036.769043
1036.4830322
1036.1719971
1035.93396
1035.8050537
1035.8220215
1035.9589844
1036.1130371
1036.3189697
1036.5109863
1036.6280518
1036.6569824
1036.6529541
1036.6379395
1036.5019531
1036.243042
1035.9799805
1035.7099609
1035.4360352
1035.1729736
1034.9289551
1034.6450195
1034.3129883
1033.9589844
1033.6600342
1033.4169922
1033.2490234
1033.1889648
1033.1669922
1033.1779785
1033.1199951
1033.0159912
1032.9329834
1032.8990479
1032.8110352
1032.6130371
1032.3620605
1032.0810547
1031.7480469
1031.4610596
1031.177002
1030.7419434
1030.2180176
1029.5529785
1028.8879395
1028.2640381
1027.7459717
1027.3210449
1026.8869629
1026.4110107
1025.8570557
1025.3470459
1024.9160156
1024.5040283
1024.1049805
1023.6079712
1023.0479736
1023.0479736
1022.0109863
1021.5189819
1021.0430298
1020.6469727
1020.3740234
1020.0880127
1019.9379883
1019.9349976
1020.0679932
1020.2479858
1020.4310303
1020.6409912
1020.8770142
1021.1279907
1021.3670044
1021.5960083
1021.8029785
1022.0560303
1022.3759766
1022.7769775
1023.1970215
1023.6129761
1024.06604
1024.5610352
1025.0550537
1025.5310059
1025.907959
1026.2769775
1026.6550293
1027.0999756
1027.6149902
1028.1710205
1028.7969971
1029.4899902
1030.2519531
1030.973999
1031.6159668
1032.1070557
1032.4460449
1032.7089844
1032.9279785
1033.1309814
1033.3630371
1033.6130371
1033.9139404
1034.1760254
1034.3809814
1034.5350342
1034.7290039
1034.9709473
1035.2209473
1035.4759521
1035.7089844
1035.947998
1036.1600342
1036.3620605
1036.5450439
1036.7330322
1036.947998
1036.947998
1037.30896
1037.4520264
1037.6789551
1038.006958
1038.3719482
1038.7330322
1039.0970459
1039.5159912
1039.9859619
1040.4639893
1040.9610596
1041.4129639
1041.8719482
1042.2159424
1042.5439453
1042.8050537
1043.0229492
1043.2370605
1043.447998
1043.598999
1043.6879883
1043.6500244
1043.5050049
1043.3050537
1043.0410156
1042.8470459
1042.7349854
1042.6860352
1042.6879883
1042.7349854
1042.7580566
1042.7380371
1042.6739502
1042.6049805
1042.5460205
1042.5300293
1042.5539551
1042.5970459
1042.7159424
1042.9129639
1043.1400146
1043.4350586
1043.7580566
1044.032959
1044.19104
1044.19104
1044.0240479
1043.7399902
1043.4699707
1043.2220459
1042.9420166
1042.6350098
1042.3649902
1042.1569824
1042.0100098
1041.9229736
1041.8740234
1041.7840576
1041.6020508
1041.6020508
1040.7419434
1040.0849609
1039.3580322
1038.6500244
1037.9830322
1037.30896
1036.5999756
1035.8759766
1035.0899658
1034.3260498
1033.5699463
1032.7270508
1031.8740234
1031.0739746
1030.3540039
1029.6429443
1028.973999
1028.3060303
1027.6159668
1026.9069824
1026.1590576
1025.4090576
1024.68396
1024.0109863
1023.4099731
1022.9119873
1022.4489746
1022.0869751
1021.8779907
1021.6939697
1021.5449829
1021.4069824
1021.2719727
1021.0609741
1020.7290039
1020.3010254
1019.8649902
1019.4279785
1018.9450073
1018.4489746
1017.9359741
1017.2689819
1016.4819946
1015.6749878
1014.8690186
1014.065979
1013.4140015
1012.8699951
1012.4470215
1012.0529785
1011.684021
1011.3829956
1011.2050171
1011.0789795
1010.9530029
1010.7130127
1010.3389893
1009.8800049
1009.40802
1009.40802
1008.3889771
1007.8239746
1007.6560059
1008.0319824
1008.8809814
1010.0869751
1011.5839844
1013.2680054
1015.0059814
1016.664978
1018.2410278
1019.6489868
1020.9589844
1022.1539917
1023.322998
1024.4639893
1025.4940186
1026.44104
1027.2070312
1027.7919922
1028.2600098
1028.6040039
1028.8139648
1028.8540039
1028.8599854
1028.8580322
1028.9460449
1029.0839844
1029.2750244
1029.4780273
1029.7089844
1029.9820557
1030.2819824
1030.5780029
1030.8719482
1031.2290039
1031.677002
1032.2089844
1032.8499756
1033.5159912
1034.1810303
1034.7669678
1035.3210449
1035.7979736
1036.1999512
1036.4709473
1036.6899414
1036.9439697
1037.2249756
1037.5439453
1037.8449707
1038.1359863
1038.3809814
1038.4229736
1038.2490234
1037.8709717
1037.4189453
1036.9329834
1036.5290527
1036.5290527
1035.9239502
1035.7330322
1035.6359863
1035.7390137
1036.0389404
1036.4189453
1036.7910156
1037.144043
1037.5169678
1037.9350586
1038.3769531
1038.7929688
1039.1419678
1039.5009766
1039.9069824
1040.3199463
1040.8100586
1041.375
1041.9499512
1042.4890137
1042.9360352
1043.3260498
1043.7209473
1044.2149658
1044.8530273
1045.6529541
1046.6120605
1047.6600342
1048.7399902
1049.8540039
1050.9250488
1051.9510498
1052.8260498
1053.5830078
1054.2669678
1054.9790039
1055.7159424
1056.3289795
1056.7490234
1057.0620117
1057.2130127
1057.0830078
1056.6479492
1055.9179688
1054.7719727
1053.3640137
1051.8139648
1050.2110596
1048.5870361
1046.8990479
1045.3549805
1044.5019531
1044.2230225
1043.9119873
1043.3430176
1042.5799561
1041.7330322
1041.1760254
1040.7519531
1040.7519531
1039.7159424
1039.1269531
1038.5209961
1037.848999
1037.1600342
1036.4890137
1035.8439941
1035.3280029
1035.0219727
1035.0360107
1035.2130127
1035.4499512
1035.6999512
1035.9709473
1036.1970215
1036.3850098
1036.5119629
1036.598999
1036.69104
1036.8360596
1036.9460449
1037.0159912
1037.1379395
1037.3669434
1037.6689453
1038.0439453
1038.4119873
1038.6929932
1038.8979492
1039.1970215
1039.5839844
1040.0410156
1040.4489746
1040.6970215
1040.8470459
1041.0860596
1041.381958
1041.68396
1041.9160156
1042.0679932
1042.2349854
1042.394043
1042.4780273
1042.3380127
1042.0789795
1041.7530518
1041.3000488
1040.8719482
1040.4429932
1040.0770264
1039.6390381
1039.2149658
1038.7669678
1038.3530273
1037.9899902
1037.6949463
1037.4360352
1037.2039795
1037.0649414
1037.0649414
1036.6920166
1036.4620361
1036.2989502
1036.1529541
1035.9560547
1035.7320557
1035.5040283
1035.2259521
1034.9530029
1034.7230225
1034.5579834
1034.3719482
1034.0620117
1033.6330566
1033.0899658
1032.5209961
1032.006958
1031.4799805
1031.0980225
1030.8740234
1030.8129883
1030.7719727
1030.7669678
1030.7600098
1030.7330322
1030.6419678
1030.5489502
1030.4899902
1030.5770264
1030.8070068
1031.177002
1031.5720215
1031.8909912
1032.1090088
1032.2540283
1032.4160156
1032.5699463
1032.7030029
1032.8260498
1032.9790039
1033.1080322
1033.256958
1033.4589844
1033.7110596
1033.9379883
1034.105957
1034.2220459
1034.3289795
1034.4659424
1034.6889648
1034.8360596
1034.756958
1034.4919434
1034.0269775
1033.5109863
1033.105957
1032.8339844
1032.7889404
1032.8909912
1032.8909912
1033.4129639
1033.5469971
1033.6330566
1033.4460449
1032.9720459
1032.4050293
1031.8480225
1031.3830566
1030.9189453
1030.4749756
1030.0469971
1029.6989746
1029.4429932
1029.407959
1029.493042
1029.5820312
1029.6359863
1029.5949707
1029.5799561
1029.4949951
1029.2719727
1029.0140381
1028.782959
1028.5649414
1028.3289795
1028.0450439
1027.68396
1027.2750244
1026.9510498
1026.6739502
1026.5400391
1026.5679932
1026.7230225
1027.0500488
1027.5030518
1028.0080566
1028.4940186
1028.9279785
1029.2149658
1029.4790039
1029.9000244
1030.2419434
1030.4389648
1030.6149902
1030.8249512
1031.0450439
1031.3320312
1031.7659912
1032.2640381
1032.7249756
1033.0710449
1033.381958
1033.5980225
1033.743042
1033.8699951
1034.0439453
1034.3289795
1034.6820068
1034.8959961
1034.8959961
1035.3759766
1035.7960205
1036.2010498
1036.4680176
1036.5679932
1036.5539551
1036.4499512
1036.1779785
1035.9239502
1035.7480469
1035.5570068
1035.493042
1035.4899902
1035.4379883
1035.4510498
1035.651001
1035.9310303
1036.1889648
1036.4110107
1036.5319824
1036.6020508
1036.6569824
1036.6729736
1036.723999
1036.8299561
1037.0100098
1037.1970215
1037.4610596
1037.7659912
1038.0970459
1038.5930176
1039.032959
1039.4449463
1039.993042
1040.5250244
1040.8869629
1041.0040283
1040.9050293
1040.5419922
1039.9840088
1039.342041
1038.7580566
1038.2209473
1037.7650146
1037.3590088
1036.8740234
1036.3120117
1035.7139893
1035.1070557
1034.4139404
1033.776001
1033.3249512
1033.0639648
1032.9310303
1032.8389893
1032.5889893
1032.223999
1031.7110596
1030.9610596
1030.9610596
1029.2540283
1028.4720459
1027.8380127
1027.3050537
1026.7719727
1026.1020508
1025.3260498
1024.3869629
1023.3560181
1022.3209839
1021.40802
1020.59198
1019.7890015
1018.9910278
1018.1970215
1017.2639771
1016.2269897
1015.1569824
1014.0209961
1012.9609985
1012.3010254
1011.9550171
1011.8109741
1011.6890259
1011.6879883
1011.9769897
1012.4190063
1013.1669922
1014.4320068
1016.2750244
1018.5460205
1021.1660156
1024.0009766
1026.8149414
1029.3360596
1031.5109863
1033.3890381
1034.8669434
1035.8890381
1036.644043
1037.3630371
1038.1020508
1038.9439697
1039.8730469
1040.6350098
1041.1929932
1041.526001
1041.7060547
1041.8499756
1041.9820557
1042.1099854
1042.1660156
1042.0970459
1041.9790039
1041.8470459
1041.6259766
1041.3060303
1040.9899902
1040.8289795
1040.8289795
1040.9179688
1041.2509766
1041.5999756
1041.8199463
1042.1500244
1042.5419922
1042.9959717
1043.447998
1043.848999
1044.131958
1044.1259766
1043.9360352
1043.6750488
1043.427002
1043.0090332
1042.3929443
1041.6899414
1041.0050049
1040.2979736
1039.4980469
1038.7950439
1038.1960449
1037.6700439
1037.0980225
1036.5369873
1035.9570312
1035.3959961
1034.8969727
1034.1140137
1033.3959961
1032.8769531
1032.4189453
1031.6610107
1030.8449707
1030.2900391
1029.93396
1029.7080078
1029.5219727
1029.1870117
1028.55896
1027.7270508
1026.7709961
1026.2979736
1025.8339844
1025.1829834
1024.6309814
1024.0310059
1023.3519897
1022.7559814
1022.1680298
1021.8599854
1021.8510132
1022.1749878
1022.7919922
1023.5980225
1024.3010254
1024.8449707
1025.0870361
1025.4969482
1025.4969482
1027.2280273
1028.2080078
1029.0059814
1029.6030273
1030.4720459
1031.4379883
1032.6350098
1033.7049561
1034.5410156
1035.2790527
1035.9980469
1036.5939941
1037.0080566
1037.0200195
1036.7320557
1036.348999
1036.0290527
1035.6500244
1035.0439453
1034.5279541
1034.1400146
1033.8890381
1033.7750244
1033.8210449
1033.9460449
1034.0350342
1034.0290527
1033.9790039
1033.8850098
1033.8699951
1033.9310303
1034
1033.8740234
1033.6999512
1033.5699463
1033.3859863
1033.1710205
1032.7490234
1032.1639404
1031.7199707
1031.4320068
1031.2889404
1031.322998
1031.3540039
1031.427002
1031.4060059
1031.3139648
1031.1330566
1030.8969727
1030.6219482
1030.2299805
1029.9219971
1029.855957
1029.9990234
1030.4139404
1030.9289551
1031.4890137
1031.9000244
1032.0469971
1032.0469971
1031.7030029
1031.3840332
1031.0300293
1030.8330078
1030.7979736
1030.8060303
1030.7380371
1030.6109619
1030.5880127
1030.7230225
1030.7600098
1030.4580078
1030.0860596
1029.6020508
1029.0550537
1028.5629883
1028.1090088
1027.7120361
1027.3780518
1027.0699463
1026.6300049
1026.223999
1025.9429932
1025.5610352
1025.1280518
1024.7900391
1024.5560303
1024.3349609
1024.1519775
1024.0100098
1023.9439697
1024.0839844
1024.0500488
1023.9660034
1023.7880249
1023.4520264
1022.9910278
1022.4609985
1022.0020142
1021.5609741
1021.0750122
1020.5739746
1019.992981
1019.1589966
1018.3200073
1017.5969849
1017.0319824
1016.7559814
1016.4550171
1016.2719727
1016.1939697
1016.2189941
1016.2369995
1016.0310059
1015.5009766
1014.8410034
1014.2340088
1013.7789917
1013.7139893
1013.7139893
1015.2399902
1016.5230103
1017.9639893
1019.6030273
1021.1829834
1022.6959839
1024.0780029
1025.375
1026.848999
1028.3730469
1029.9499512
1031.6729736
1033.473999
1035.1650391
1036.7330322
1038.2270508
1039.427002
1040.4599609
1041.0720215
1041.223999
1041.1639404
1041.3000488
1041.6049805
1041.9610596
1042.0570068
1041.6469727
1040.9300537
1040.3029785
1039.9689941
1040.0649414
1040.4919434
1041
1041.7199707
1042.5760498
1043.3809814
1043.8129883
1043.8609619
1043.6860352
1043.302002
1042.8270264
1042.4389648
1041.9919434
1041.5450439
1041.05896
1040.6230469
1040.1070557
1039.6550293
1039.0909424
1038.2989502
1037.2580566
1035.9189453
1034.4000244
1032.8859863
1031.631958
1030.69104
1029.9019775
1029.1519775
1028.3909912
1027.6479492
1027.6479492
1026.5649414
1026.6390381
1027.1789551
1028.0980225
1029.1409912
1030.151001
1031.0179443
1031.6610107
1032.2130127
1032.6679688
1033.0839844
1033.4100342
1033.6459961
1033.7850342
1033.8199463
1033.7910156
1033.7519531
1033.6789551
1033.5169678
1033.3339844
1033.217041
1033.177002
1033.1330566
1033.0300293
1032.8220215
1032.5839844
1032.348999
1032.157959
1032.0229492
1031.8659668
1031.6300049
1031.2530518
1030.7989502
1030.4620361
1030.3730469
1030.6350098
1031.1049805
1031.6450195
1032.1429443
1032.5379639
1032.7480469
1032.7900391
1032.5810547
1032.2750244
1032.0610352
1031.9029541
1031.7609863
1031.6350098
1031.4610596
1031.3039551
1031.2220459
1031.1169434
1031.05896
1031.092041
1031.2130127
1031.4260254
1031.6300049
1031.7939453
1032.0389404
1032.0389404
1032.6429443
1032.947998
1033.1369629
1033.1309814
1032.9959717
1032.8239746
1032.7249756
1032.6340332
1032.4980469
1032.2419434
1031.8990479
1031.6259766
1031.322998
1030.94104
1030.5209961
1030.0789795
1029.5040283
1029.1280518
1028.9849854
