1465078
1465177
1465277
1465378
1465478
1465577
1465677
1465778
1465878
1465978
1466077
1466178
1466278
1466378
1466478
1466577
1466677
1466778
1466877
1466978
1467078
1467178
1467277
1467377
1467477
1467578
1467677
1467778
1467877
1467977
1468077
1468177
1468277
1468377
1468478
1468577
1468677
1468777
1468877
1468978
1469078
1469178
1469277
1469378
1469477
1469578
1469677
1469778
1469877
1469978
1470077
1470178
1470278
1470378
1470478
1470577
1470677
1470777
1470877
1470977
1471077
1471177
1471277
1471377
1471478
1471578
1471677
1471777
1471878
1471977
1472077
1472178
1472277
1472378
1472478
1472577
1472678
1472777
1472877
1472977
1473078
1473178
1473277
1473377
1473477
1473577
1473678
1473777
1473877
1473978
1474077
1474177
1474277
1474378
1474478
1474578
1474678
1474777
1474878
1474977
1475078
1475177
1475277
1475377
1475478
1475577
1475677
1475777
1475877
1475977
1476077
1476177
1476278
1476378
1476478
1476578
1476678
1476777
1476878
1476977
1477077
1477178
1477277
1477377
1477478
1477577
1477678
1477778
1477877
1477977
1478078
1478178
1478278
1478377
1478478
1478577
1478678
1478778
1478877
1478977
1479078
1479177
1479277
1479377
1479477
1479577
1479678
1479778
1479878
1479977
1480077
1480178
1480277
1480378
1480478
1480577
1480677
1480777
1480877
1480978
1481077
1481178
1481277
1481377
1481477
1481577
1481678
1481777
1481877
1481977
1482077
1482178
1482278
1482378
1482477
1482578
1482678
1482778
1482878
1482977
1483078
1483178
1483277
1483377
1483477
1483577
1483678
1483778
1483878
1483978
1484077
1484177
1484277
1484377
1484478
1484577
1484678
1484778
1484878
1484978
1485077
1485178
1485277
1485378
1485477
1485578
1485677
1485777
1485877
1485978
1486077
1486177
1486277
1486377
1486477
1486577
1486678
1486778
1486877
1486977
1487077
1487177
1487278
1487377
1487478
1487577
1487678
1487778
1487878
1487977
1488077
1488177
1488277
1488377
1488478
1488578
1488677
1488777
1488877
1488977
1489077
1489178
1489277
1489377
1489478
1489577
1489677
1489778
1489878
1489978
1490077
1490177
1490277
1490377
1490477
1490578
1490677
1490777
1490877
1490978
1491078
1491177
1491278
1491377
1491477
1491578
1491678
1491777
1491877
1491977
1492078
1492178
1492277
1492378
1492477
1492578
1492677
1492778
1492878
1492977
1493078
1493178
1493278
1493378
1493477
1493577
1493677
1493777
1493878
1493977
1494077
1494178
1494277
1494377
1494477
1494577
1494677
1494777
1494878
1494978
1495078
1495177
1495277
1495377
1495478
1495578
1495677
1495778
1495877
1495977
1496077
1496177
1496277
1496377
1496478
1496578
1496678
1496777
1496877
1496978
1497077
1497177
1497278
1497378
1497477
1497578
1497677
1497778
1497877
1497978
1498077
1498178
1498277
1498378
1498478
1498577
1498677
1498777
1498878
1498978
1499078
1499178
1499277
1499377
1499478
1499577
1499677
1499778
1499877
1499977
1500078
1500177
1500277
1500378
1500477
1500577
1500677
1500778
1500877
1500978
1501077
1501178
1501277
1501377
1501478
1501577
1501677
1501778
1501878
1501977
1502077
1502177
1502278
1502377
1502477
1502578
1502677
1502778
1502877
1502978
1503078
1503177
1503277
1503377
1503477
1503577
1503678
1503777
1503877
1503978
1504077
1504177
1504278
1504377
1504478
1504578
1504677
1504778
1504878
1504977
1505077
1505178
1505277
1505378
1505477
1505577
1505677
1505778
1505877
1505978
1506077
1506177
1506277
1506377
1506478
1506577
1506678
1506778
1506877
1506977
1507077
1507177
1507277
1507377
1507477
1507578
1507678
1507777
1507877
1507978
1508077
1508178
1508278
1508378
1508477
1508577
1508678
1508777
1508877
1508977
1509077
1509177
1509278
1509377
1509478
1509577
1509678
1509777
1509878
1509978
1510077
1510177
1510278
1510378
1510477
1510577
1510677
1510778
1510878
1510978
1511078
1511178
1511278
1511378
1511477
1511577
1511677
1511778
1511877
1511977
1512077
1512177
1512277
1512377
1512477
1512577
1512678
1512778
1512877
1512977
1513077
1513178
1513277
1513377
1513478
1513577
1513677
1513777
1513877
1513977
1514077
1514178
1514278
1514377
1514478
1514577
1514678
1514778
1514878
1514978
1515078
1515177
1515277
1515378
1515477
1515577
1515677
1515778
1515878
1515977
1516077
1516177
1516278
1516378
1516477
1516577
1516677
1516778
1516877
1516977
1517078
1517177
1517277
1517377
1517478
1517578
1517678
1517777
1517878
1517978
1518077
1518178
1518278
1518377
1518478
1518577
1518678
1518778
1518878
1518977
1519077
1519178
1519277
1519377
1519477
1519577
1519677
1519777
1519878
1519977
1520078
1520177
1520277
1520378
1520477
1520577
1520678
1520778
1520878
1520977
1521077
1521177
1521277
1521377
1521477
1521578
1521677
1521778
1521878
1521978
1522078
1522177
1522278
1522377
1522477
1522578
1522678
1522778
1522877
1522978
1523078
1523178
1523277
1523378
1523477
1523578
1523677
1523777
1523877
1523977
1524078
1524178
1524278
1524377
1524478
1524578
1524677
1524778
1524878
1524978
1525077
1525178
1525278
1525378
1525478
1525577
1525678
1525778
1525878
1525977
1526077
1526178
1526277
1526377
1526478
1526577
1526677
1526777
1526878
1526978
1527077
1527177
1527278
1527378
1527478
1527577
1527677
1527777
1527878
1527978
1528078
1528177
1528277
1528378
1528477
1528578
1528677
1528778
1528877
1528977
1529077
1529177
1529278
1529377
1529477
1529577
1529678
1529777
1529877
1529978
1530078
1530177
1530277
1530378
1530477
1530578
1530677
1530778
1530877
1530978
1531077
1531178
1531278
1531378
1531478
1531577
1531677
1531777
1531877
1531977
1532078
1532177
1532277
1532378
1532477
1532578
1532677
1532778
1532877
1532978
1533078
1533177
1533277
1533377
1533478
1533578
1533678
1533777
1533877
1533977
1534078
1534178
1534277
1534378
1534477
1534578
1534677
1534778
1534877
1534977
1535077
1535177
1535277
1535377
1535477
1535577
1535678
1535778
1535877
1535977
1536077
1536178
1536278
1536378
1536478
1536577
1536677
1536777
1536878
1536977
1537078
1537177
1537277
1537378
1537478
1537577
1537677
1537777
1537878
1537977
1538078
1538178
1538278
1538377
1538477
1538578
1538677
1538777
1538877
1538978
1539078
1539177
1539277
1539377
1539477
1539578
1539677
1539778
1539878
1539977
1540078
1540177
1540278
1540377
1540478
1540577
1540678
1540778
1540878
1540977
1541077
1541177
1541278
1541378
1541477
1541577
1541678
1541777
1541877
1541977
1542078
1542178
1542278
1542378
1542477
1542577
1542677
1542777
1542878
1542977
1543078
1543177
1543277
1543378
1543478
1543578
1543677
1543778
1543878
1543977
1544078
1544178
1544278
1544377
1544478
1544578
1544678
1544778
1544877
1544977
1545077
1545177
1545277
1545377
1545477
1545577
1545677
1545777
1545877
1545977
1546077
1546177
1546277
1546378
1546478
1546577
1546677
1546778
1546877
1546978
1547077
1547178
1547277
1547377
1547477
1547577
1547678
1547778
1547877
1547977
1548077
1548177
1548278
1548378
1548478
1548577
1548678
1548777
1548878
1548977
1549078
1549178
1549278
1549378
1549477
1549578
1549678
1549778
1549877
1549978
1550078
1550178
1550278
1550377
1550478
1550578
1550677
1550778
1550878
1550978
1551077
1551178
1551277
1551377
1551478
1551577
1551678
1551778
1551878
1551977
1552078
1552178
1552278
1552377
1552477
1552578
1552678
1552778
1552878
1552977
1553077
1553178
1553277
1553377
1553477
1553577
1553678
1553777
1553877
1553977
1554077
1554177
1554277
1554378
1554478
1554577
1554678
1554778
1554878
1554978
1555078
1555177
1555278
1555377
1555477
1555578
1555678
1555777
1555878
1555978
1556077
1556177
1556277
1556378
1556478
1556578
1556678
1556778
1556877
1556977
1557078
1557178
1557278
1557377
1557477
1557578
1557677
1557777
1557878
1557977
1558077
1558177
1558278
1558378
1558478
1558577
1558678
1558778
1558878
1558978
1559077
1559177
1559277
1559378
1559477
1559578
1559678
1559777
1559878
1559978
1560078
1560177
1560277
1560378
1560478
1560578
1560678
1560778
1560878
1560977
1561077
1561178
1561277
1561377
1561477
1561577
1561678
1561777
1561877
1561978
1562077
1562178
1562277
1562378
1562477
1562577
1562678
1562777
1562877
1562978
1563077
1563178
1563278
1563377
1563477
1563577
1563678
1563777
1563877
1563977
1564077
1564178
1564278
1564377
1564478
1564578
1564678
1564778
1564878
1564977
1565077
1565177
1565277
1565377
1565478
1565577
1565678
1565777
1565878
1565978
1566078
1566177
1566278
1566377
1566478
1566577
1566678
1566778
1566877
1566978
1567077
1567178
1567278
1567378
1567477
1567578
1567678
1567778
1567877
1567978
1568078
1568177
1568277
1568377
1568478
1568578
1568677
1568777
1568877
1568978
1569078
1569178
1569278
1569377
1569478
1569578
1569678
1569778
1569878
1569977
1570077
1570177
1570277
1570377
1570478
1570577
1570677
1570778
1570878
1570978
1571078
1571177
1571277
1571378
1571477
1571578
1571678
1571778
1571877
1571977
1572077
1572178
1572278
1572378
1572477
1572578
1572677
1572777
1572877
1572978
1573078
1573177
1573277
1573378
1573478
1573578
1573678
1573778
1573878
1573977
1574077
1574178
1574277
1574378
1574477
1574578
1574677
1574777
1574877
1574978
1575077
1575177
1575278
1575377
1575477
1575577
1575678
1575777
1575878
1575977
1576077
1576178
1576278
1576378
1576478
1576577
1576678
1576778
1576878
1576977
1577078
1577178
1577278
1577377
1577478
1577578
1577677
1577778
1577878
1577978
1578077
1578177
1578277
1578377
1578477
1578577
1578678
1578778
1578878
1578977
1579078
1579178
1579277
1579378
1579477
1579577
1579677
1579778
1579877
1579978
1580077
1580177
1580278
1580378
1580478
1580578
1580678
1580778
1580878
1580978
1581078
1581177
1581277
1581378
1581478
1581578
1581677
1581778
1581878
1581978
1582078
1582177
1582278
1582377
1582477
1582578
1582678
1582778
1582878
1582977
1583078
1583177
1583278
1583378
1583477
1583578
1583677
1583778
1583878
1583977
1584078
1584178
1584277
1584378
1584477
1584578
1584677
1584777
1584877
1584978
1585078
1585178
1585277
1585377
1585478
1585578
1585677
1585777
1585878
1585977
1586077
1586178
1586277
1586378
1586477
1586577
1586678
1586778
1586877
1586977
1587077
1587177
1587277
1587377
1587478
1587578
1587677
1587778
1587878
1587977
1588077
1588177
1588277
1588378
1588477
1588577
1588678
1588777
1588878
1588978
1589077
1589178
1589278
1589378
1589478
1589578
1589678
1589778
1589877
1589978
1590078
1590178
1590277
1590378
1590477
1590577
1590677
1590778
1590878
1590978
1591078
1591177
1591277
1591377
1591478
1591578
1591678
1591778
1591878
1591977
1592077
1592177
1592277
1592377
1592477
1592577
1592678
1592778
1592878
1592977
1593077
1593177
1593277
1593378
1593478
1593578
1593678
1593778
1593877
1593977
1594077
1594178
1594278
1594377
1594477
1594577
1594677
1594778
1594877
1594978
1595078
1595178
1595278
1595378
1595478
1595577
1595678
1595778
1595878
1595978
1596078
1596178
1596277
1596378
1596477
1596578
1596677
1596777
1596878
1596977
1597077
1597177
1597277
1597377
1597478
1597578
1597678
1597777
1597878
1597977
1598078
1598177
1598278
1598378
1598478
1598577
1598677
1598778
1598877
1598977
1599078
1599178
1599277
1599377
1599478
1599578
1599678
1599777
1599878
1599977
1600078
1600177
1600278
1600377
1600477
1600578
1600678
1600778
1600878
1600977
1601078
1601178
1601277
1601378
1601477
1601577
1601677
1601777
1601877
1601978
1602077
1602177
1602277
1602378
1602478
1602578
1602677
1602777
1602877
1602978
1603078
1603177
1603277
1603378
1603477
1603577
1603677
1603778
1603877
1603978
1604077
1604178
1604278
1604378
1604477
1604577
1604678
1604778
1604877
1604978
1605077
1605177
1605277
1605377
1605478
1605577
1605677
1605777
1605877
1605977
1606078
1606178
1606278
1606378
1606478
1606578
1606678
1606777
1606878
1606977
1607077
1607177
1607278
1607378
1607478
1607578
1607678
1607777
1607877
1607977
1608077
1608177
1608278
1608378
1608477
1608578
1608677
1608778
1608877
1608977
1609077
1609178
1609277
1609377
1609478
1609577
1609678
1609778
1609877
1609978
1610078
1610177
1610278
1610378
1610477
1610577
1610677
1610777
1610878
1610977
1611077
1611178
1611277
1611378
1611477
1611578
1611677
1611777
1611877
1611977
1612078
1612178
1612278
1612378
1612477
1612578
1612677
1612778
1612878
1612978
1613078
1613178
1613278
1613377
1613478
1613577
1613677
1613778
1613878
1613978
1614077
1614177
1614278
1614377
1614478
1614577
1614678
1614778
1614877
1614978
1615077
1615177
1615278
1615377
1615477
1615577
1615678
1615777
1615878
1615978
1616078
1616178
1616278
1616378
1616477
1616578
1616677
1616778
1616877
1616977
1617078
1617177
1617278
1617377
1617477
1617578
1617677
1617778
1617878
1617978
1618078
1618178
1618278
1618378
1618478
1618577
1618677
1618777
1618877
1618977
1619078
1619177
1619278
1619377
1619477
1619577
1619677
1619778
1619877
1619977
1620077
1620178
1620278
1620378
1620477
1620578
1620678
1620777
1620878
1620977
1621077
1621178
1621278
1621378
1621478
1621577
1621677
1621778
1621877
1621978
1622077
1622178
1622277
1622377
1622478
1622577
1622678
1622778
1622877
1622977
1623077
1623177
1623277
1623377
1623477
1623577
1623678
1623778
1623877
1623977
1624078
1624178
1624277
1624377
1624478
1624577
1624677
1624777
1624878
1624977
1625078
1625177
1625277
1625378
1625478
1625578
1625678
1625777
1625877
1625977
1626077
1626177
1626277
1626378
1626477
1626578
1626678
1626778
1626877
1626977
1627078
1627177
1627277
1627378
1627478
1627578
1627677
1627777
1627878
1627978
1628077
1628178
1628278
1628377
1628478
1628578
1628677
1628778
1628877
1628978
1629077
1629177
1629277
1629377
1629478
1629578
1629677
1629777
1629877
1629977
1630078
1630177
1630277
1630377
1630477
1630577
1630678
1630778
1630878
1630977
1631078
1631178
1631278
1631378
1631477
1631577
1631677
1631778
1631877
1631978
1632078
1632178
1632278
1632377
1632477
1632577
1632678
1632777
1632877
1632977
1633078
1633178
1633278
1633377
1633478
1633578
1633677
1633777
1633877
1633978
1634078
1634178
1634277
1634377
1634477
1634578
1634677
1634777
1634877
1634977
1635078
1635177
1635277
1635378
1635478
1635578
1635677
1635778
1635877
1635977
1636077
1636178
1636278
1636377
1636477
1636577
1636677
1636778
1636878
1636977
1637078
1637178
1637277
1637377
1637478
1637578
1637677
1637778
1637878
1637978
1638078
1638178
1638278
1638377
1638478
1638577
1638678
1638777
1638878
1638977
1639077
1639177
1639278
1639378
1639478
1639577
1639677
1639778
1639878
1639977
1640078
1640177
1640278
1640378
1640478
1640577
1640677
1640777
1640877
1640978
1641077
1641178
1641277
1641377
1641478
1641578
1641677
1641777
1641877
1641978
1642077
1642178
1642278
1642378
1642478
1642577
1642678
1642778
1642877
1642978
1643077
1643178
1643277
1643378
1643478
1643578
1643677
1643778
1643878
1643978
1644077
1644177
1644277
1644378
1644477
1644577
1644678
1644777
1644878
1644978
1645077
1645177
1645278
1645377
1645477
1645578
1645677
1645777
1645877
1645977
1646077
1646177
1646277
1646377
1646478
1646578
1646677
1646777
1646878
1646977
1647077
1647177
1647278
1647378
1647477
1647577
1647678
1647778
1647878
1647978
1648077
1648177
1648277
1648377
1648478
1648577
1648678
1648778
1648878
1648978
1649078
1649178
1649277
1649377
1649477
1649578
1649677
1649777
1649878
1649977
1650078
1650178
1650277
1650377
1650477
1650577
1650678
1650777
1650878
1650978
1651077
1651177
1651277
1651378
1651477
1651578
1651677
1651778
1651877
1651978
1652078
1652177
1652278
1652377
1652478
1652578
1652678
1652778
1652877
1652977
1653077
1653178
1653278
1653378
1653478
1653577
1653677
1653777
1653877
1653978
1654078
1654177
1654277
1654378
1654478
1654578
1654678
1654778
1654878
1654978
1655078
1655178
1655277
1655378
1655478
1655578
1655678
1655778
1655878
1655978
1656077
1656177
1656277
1656377
1656477
1656578
1656678
1656778
1656877
1656977
1657078
1657177
1657278
1657378
1657478
1657577
1657678
1657777
1657877
1657977
1658077
1658178
1658278
1658377
1658478
1658577
1658677
1658778
1658877
1658977
1659078
1659177
1659278
1659378
1659477
1659577
1659677
1659778
1659877
1659977
1660078
1660178
1660278
1660377
1660477
1660577
1660677
1660777
1660877
1660978
1661078
1661177
1661277
1661378
1661478
1661577
1661678
1661778
1661878
1661978
1662077
1662178
1662277
1662377
1662478
1662578
1662677
1662777
1662878
1662978
1663077
1663178
1663277
1663377
1663478
1663577
1663678
1663778
1663878
1663978
1664077
1664177
1664277
1664378
1664477
1664577
1664678
1664777
1664878
1664978
1665077
1665178
1665278
1665377
1665478
1665577
1665677
1665777
1665877
1665977
1666078
1666178
1666277
1666377
1666478
1666578
1666677
1666778
1666878
1666977
1667078
1667177
1667277
1667377
1667478
1667578
1667677
1667778
1667878
1667977
1668077
1668178
1668277
1668377
1668477
1668577
1668677
1668778
1668878
1668977
1669078
1669178
1669278
1669377
1669478
1669578
1669678
1669777
1669878
1669978
1670078
1670177
1670278
1670377
1670478
1670577
1670678
1670778
1670878
1670977
1671077
1671178
1671277
1671378
1671477
1671577
1671678
1671778
1671877
1671978
1672078
1672177
1672278
1672378
1672478
1672577
1672677
1672777
1672878
1672978
1673078
1673178
1673278
1673377
1673478
1673578
1673678
1673778
1673877
1673977
1674077
1674178
1674278
1674378
1674478
1674578
1674678
1674777
1674877
1674978
1675077
1675178
1675278
1675377
1675478
1675578
1675678
1675778
1675878
1675978
1676078
1676177
1676277
1676377
1676477
1676578
1676678
1676777
1676878
1676977
1677077
1677178
1677277
1677377
1677477
1677577
1677677
1677777
1677878
1677977
1678077
1678177
1678277
1678378
1678477
1678577
1678677
1678778
1678878
1678977
1679078
1679178
1679277
1679378
1679477
1679577
1679677
1679778
1679878
1679978
1680078
1680177
1680278
1680377
1680478
1680578
1680677
1680777
1680878
1680977
1681078
1681178
1681278
1681377
1681478
1681578
1681677
1681778
1681878
1681978
1682077
1682178
1682278
1682378
1682478
1682577
1682678
1682778
1682878
1682978
1683077
1683177
1683278
1683378
1683477
1683577
1683678
1683778
1683878
1683978
1684077
1684177
1684277
1684378
1684478
1684578
1684677
1684778
1684877
1684978
1685078
1685178
1685277
1685378
1685478
1685578
1685677
1685777
1685877
1685978
1686078
1686178
1686278
1686377
1686478
1686577
1686677
1686778
1686878
1686977
1687077
1687178
1687278
1687378
1687478
1687578
1687678
1687778
1687877
1687977
1688077
1688177
1688277
1688377
1688478
1688578
1688678
1688777
1688877
1688977
1689077
1689178
1689278
1689377
1689477
1689577
1689678
1689778
1689878
1689977
1690077
1690177
1690278
1690378
1690478
1690578
1690677
1690778
1690878
1690977
1691077
1691178
1691278
1691377
1691477
1691578
1691677
1691778
1691878
1691977
1692077
1692177
1692277
1692378
1692478
1692578
1692678
1692778
1692877
1692978
1693077
1693177
1693277
1693377
1693478
1693578
1693677
1693777
1693877
1693978
1694078
1694177
1694278
1694378
1694478
1694578
1694677
1694777
1694878
1694978
1695078
1695177
1695278
1695378
1695478
1695578
1695678
1695778
1695877
1695977
1696078
1696177
1696278
1696377
1696477
1696578
1696677
1696777
1696878
1696978
1697077
1697178
1697278
1697377
1697478
1697578
1697677
1697777
1697878
1697978
1698077
1698177
1698277
1698377
1698477
1698578
1698678
1698777
1698878
1698977
1699077
1699178
1699277
1699378
1699478
1699578
1699677
1699777
1699878
1699977
1700077
1700178
1700277
1700378
1700477
1700577
1700677
1700777
1700878
1700978
1701077
1701177
1701277
1701377
1701477
1701577
1701678
1701778
1701878
1701978
1702078
1702177
1702277
1702378
1702477
1702578
1702677
1702778
1702877
1702977
1703078
1703177
1703277
1703377
1703477
1703577
1703677
1703777
1703877
1703978
1704077
1704177
1704277
1704378
1704478
1704578
1704677
1704778
1704878
1704977
1705077
1705178
1705278
1705378
1705478
1705577
1705677
1705777
1705878
1705978
1706077
1706177
1706278
1706378
1706478
1706577
1706678
1706777
1706877
1706978
1707078
1707177
1707277
1707377
1707478
1707577
1707677
1707778
1707877
1707977
1708077
1708178
1708277
1708377
1708478
1708578
1708678
1708777
1708877
1708978
1709077
1709177
1709278
1709377
1709477
1709578
1709677
1709777
1709877
1709977
1710078
1710178
1710277
1710378
1710477
1710577
1710677
1710778
1710878
1710977
1711078
1711178
1711277
1711378
1711478
1711577
1711678
1711778
1711878
1711977
1712077
1712178
1712278
1712377
1712477
1712578
1712678
1712778
1712877
1712977
1713077
1713177
1713278
1713377
1713477
1713577
1713677
1713778
1713878
1713977
1714077
1714178
1714277
1714377
1714477
1714577
1714677
1714777
1714877
1714978
1715078
1715177
1715277
1715378
1715478
1715578
1715678
1715777
1715878
1715978
1716077
1716177
1716277
1716377
1716477
1716577
1716677
1716778
1716877
1716977
1717078
1717178
1717278
1717378
1717477
1717578
1717677
1717778
1717878
1717977
1718078
1718177
1718277
1718378
1718478
1718577
1718678
1718778
1718878
1718977
1719077
1719177
1719278
1719377
1719477
1719578
1719678
1719777
1719877
1719977
1720077
1720178
1720278
1720377
1720478
1720577
1720678
1720777
1720878
1720978
1721077
1721178
1721278
1721377
1721477
1721578
1721678
1721777
1721878
1721978
1722078
1722177
1722278
1722378
1722478
1722578
1722678
1722777
1722878
1722977
1723077
1723178
1723278
1723377
1723478
1723578
1723677
1723778
1723877
1723977
1724077
1724177
1724277
1724378
1724477
1724577
1724678
1724778
1724878
1724977
1725077
1725178
1725277
1725378
1725477
1725577
1725678
1725777
1725877
1725977
1726078
1726177
1726278
1726378
1726478
1726578
1726677
1726777
1726877
1726977
1727078
1727178
1727278
1727378
1727478
1727578
1727678
1727777
1727877
1727978
1728078
1728178
1728278
1728378
1728477
1728577
1728677
1728778
1728878
1728977
1729078
1729177
1729278
1729377
1729477
1729578
1729678
1729778
1729878
1729977
1730078
1730177
1730278
1730378
1730477
1730578
1730678
1730777
1730877
1730978
1731078
1731178
1731277
1731378
1731477
1731578
1731677
1731778
1731877
1731977
1732077
1732177
1732278
1732377
1732477
1732577
1732678
1732778
1732878
1732978
1733077
1733178
1733277
1733378
1733477
1733577
1733677
1733777
1733878
1733978
1734078
1734177
1734277
1734377
1734478
1734578
1734678
1734777
1734877
1734977
1735078
1735178
1735278
1735378
1735478
1735578
1735678
1735777
1735877
1735978
1736077
1736177
1736278
1736377
1736477
1736577
1736678
1736778
1736878
1736977
1737078
1737178
1737277
1737378
1737477
1737577
1737677
1737777
1737877
1737977
1738077
1738178
1738277
1738377
1738478
1738577
1738677
1738778
1738877
1738978
1739078
1739178
1739278
1739378
1739478
1739577
1739677
1739777
1739877
1739978
1740078
1740178
1740278
1740378
1740478
1740577
1740677
1740778
1740877
1740978
1741078
1741177
1741277
1741378
1741477
1741577
1741677
1741778
1741877
1741977
1742077
1742177
1742278
1742378
1742477
1742578
1742678
1742778
1742877
1742978
1743078
1743177
1743278
1743378
1743477
1743578
1743678
1743778
1743877
1743978
1744078
1744177
1744278
1744378
1744478
1744577
1744677
1744777
1744878
1744977
1745078
1745177
1745278
1745377
1745477
1745577
1745677
1745777
1745878
1745978
1746077
1746177
1746278
1746378
1746478
1746577
1746678
1746778
1746877
1746977
1747077
1747178
1747277
1747378
1747477
1747577
1747678
1747778
1747878
1747978
1748078
1748178
1748278
1748377
1748477
1748578
1748678
1748778
1748877
1748977
1749078
1749178
1749278
1749378
1749478
1749577
1749677
1749777
1749877
1749977
1750077
1750178
1750277
1750378
1750477
1750577
1750678
1750778
1750878
1750978
1751078
1751177
1751278
1751378
1751477
1751577
1751678
1751777
1751878
1751977
1752077
1752178
1752278
1752377
1752477
1752577
1752677
1752777
1752877
1752977
1753078
1753177
1753278
1753378
1753478
1753577
1753678
1753777
1753878
1753977
1754078
1754177
1754278
1754378
1754477
1754577
1754677
1754777
1754877
1754978
1755078
1755177
1755278
1755377
1755478
1755577
1755678
1755777
1755878
1755977
1756078
1756178
1756277
1756377
1756477
1756578
1756678
1756778
1756878
1756978
1757077
1757177
1757278
1757378
1757478
1757578
1757677
1757778
1757878
1757978
1758078
1758178
1758278
1758378
1758477
1758577
1758678
1758777
1758877
1758978
1759077
1759177
1759277
1759378
1759478
1759578
1759678
1759778
1759877
1759978
1760077
1760178
1760277
1760378
1760478
1760577
1760678
1760778
1760877
1760978
1761077
1761177
1761277
1761378
1761478
1761578
1761678
1761778
1761878
1761978
1762077
1762177
1762277
1762378
1762478
1762578
1762678
1762777
1762877
1762977
1763077
1763178
1763278
1763377
1763477
1763578
1763677
1763777
1763878
1763978
1764077
1764177
1764277
1764377
1764478
1764577
1764677
1764777
1764877
1764978
1765078
1765177
1765278
1765377
1765477
1765578
1765677
1765777
1765878
1765978
1766078
1766178
1766277
1766378
1766478
1766577
1766677
1766777
1766877
1766978
1767077
1767177
1767278
1767378
1767477
1767578
1767677
1767778
1767877
1767978
1768078
1768178
1768277
1768377
1768478
1768578
1768677
1768777
1768878
1768978
1769078
1769178
1769277
1769377
1769478
1769578
1769677
1769777
1769878
1769978
1770077
1770177
1770277
1770378
1770477
1770578
1770678
1770777
1770878
1770977
1771078
1771177
1771278
1771378
1771478
1771577
1771677
1771777
1771878
1771978
1772077
1772177
1772278
1772378
1772477
1772577
1772677
1772777
1772877
1772977
1773077
1773178
1773278
1773377
1773478
1773578
1773677
1773778
1773878
1773978
1774078
1774177
1774277
1774377
1774477
1774577
1774677
1774777
1774877
1774978
1775077
1775178
1775278
1775377
1775478
1775578
1775678
1775778
1775877
1775978
1776077
1776177
1776277
1776378
1776478
1776577
1776678
1776778
1776877
1776978
1777078
1777177
1777278
1777377
1777477
1777577
1777677
1777778
1777877
1777977
1778077
1778177
1778278
1778377
1778477
1778578
1778678
1778777
1778877
1778978
1779078
1779178
1779277
1779378
1779477
1779577
1779678
1779778
1779877
1779977
1780077
1780178
1780278
1780378
1780478
1780578
1780678
1780778
1780878
1780977
1781078
1781178
1781277
1781377
1781477
1781577
1781677
1781778
1781877
1781977
1782077
1782177
1782277
1782378
1782477
1782578
1782677
1782778
1782877
1782977
1783078
1783177
1783277
1783378
1783477
1783577
1783678
1783777
1783877
1783977
1784078
1784177
1784278
1784377
1784477
1784577
1784678
1784778
1784878
1784977
1785077
1785177
1785278
1785378
1785477
1785577
1785678
1785778
1785877
1785977
1786077
1786178
1786278
1786378
1786478
1786578
1786678
1786778
1786878
1786977
1787077
1787178
1787277
1787377
1787477
1787578
1787678
1787778
1787877
1787978
1788077
1788177
1788277
1788378
1788477
1788578
1788678
1788777
1788878
1788977
1789078
1789177
1789278
1789377
1789478
1789578
1789678
1789777
1789877
1789977
1790077
1790178
1790277
1790377
1790477
1790578
1790677
1790777
1790878
1790977
1791077
1791178
1791278
1791377
1791477
1791577
1791677
1791778
1791877
1791978
1792078
1792178
1792278
1792377
1792477
1792577
1792678
1792777
1792878
1792978
1793077
1793177
1793277
1793378
1793478
1793578
1793678
1793777
1793877
1793977
1794077
1794177
1794278
1794377
1794477
1794578
1794678
1794777
1794877
1794977
1795077
1795177
1795277
1795377
1795478
1795577
1795677
1795778
1795878
1795977
1796077
1796177
1796278
1796377
1796478
1796577
1796678
1796778
1796878
1796977
1797077
1797178
1797278
1797378
1797478
1797577
1797678
1797777
1797877
1797978
1798078
1798177
1798277
1798378
1798477
1798577
1798678
1798778
1798877
1798978
1799077
1799177
1799278
1799377
1799478
1799577
1799677
1799777
1799878
1799977
1800077
1800178
1800278
1800377
1800478
1800577
1800677
1800778
1800877
1800977
1801078
1801178
1801277
1801377
1801477
1801577
1801678
1801777
1801877
1801978
1802077
1802177
1802277
1802377
1802478
1802578
1802677
1802778
1802878
1802977
1803077
1803178
1803277
1803377
1803477
1803577
1803677
1803778
1803878
1803977
1804077
1804178
1804277
1804377
1804478
1804578
1804677
1804778
1804877
1804978
1805078
1805178
1805277
1805378
1805478
1805578
1805677
1805778
1805877
1805977
1806078
1806178
1806277
1806378
1806477
1806578
1806678
1806778
1806877
1806977
1807078
1807178
1807278
1807377
1807478
1807577
1807678
1807778
1807878
1807978
1808077
1808178
1808277
1808378
1808477
1808577
1808678
1808777
1808877
1808977
1809078
1809177
1809278
1809378
1809477
1809578
1809678
1809777
1809878
1809978
1810078
1810178
1810277
1810377
1810478
1810578
1810677
1810777
1810877
1810977
1811078
1811178
1811277
1811377
1811477
1811578
1811678
1811777
1811877
1811978
1812077
1812177
1812278
1812377
1812477
1812578
1812678
1812778
1812877
1812978
1813077
1813178
1813278
1813377
1813478
1813578
1813678
1813778
1813877
1813978
1814077
1814178
1814278
1814377
1814477
1814577
1814678
1814777
1814877
1814977
1815077
1815177
1815277
1815378
1815478
1815577
1815677
1815777
1815877
1815977
1816078
1816178
1816278
1816378
1816478
1816578
1816677
1816777
1816878
1816977
1817077
1817177
1817278
1817377
1817478
1817577
1817678
1817778
1817877
1817978
1818077
1818178
1818278
1818377
1818478
1818578
1818677
1818777
1818878
1818977
1819077
1819177
1819277
1819377
1819477
1819578
1819678
1819777
1819877
1819978
1820077
1820178
1820277
1820378
1820477
1820577
1820677
1820777
1820877
1820977
1821077
1821178
1821277
1821378
1821477
1821578
1821678
1821777
1821878
1821977
1822078
1822177
1822277
1822378
1822478
1822577
1822677
1822778
1822877
1822977
1823077
1823178
1823278
1823378
1823477
1823577
1823677
1823777
1823877
1823978
1824077
1824178
1824277
1824378
1824477
1824578
1824677
1824778
1824878
1824977
1825078
1825177
1825278
1825378
1825477
1825577
1825677
1825778
1825877
1825977
1826077
1826177
1826277
1826378
1826478
1826578
1826678
1826777
1826878
1826977
1827078
1827178
1827277
1827377
1827478
1827578
1827677
1827778
1827878
1827978
1828078
1828177
1828277
1828377
1828477
1828577
1828677
1828777
1828878
1828977
1829078
1829178
1829278
1829378
1829478
1829577
1829677
1829778
1829878
1829977
1830078
1830177
1830278
1830377
1830477
1830577
1830678
1830778
1830878
1830977
1831077
1831178
1831278
1831377
1831477
1831578
1831678
1831777
1831878
1831977
1832078
1832178
1832277
1832377
1832477
1832578
1832678
1832778
1832878
1832978
1833077
1833178
1833277
1833378
1833477
1833577
1833678
1833777
1833878
1833977
1834077
1834178
1834278
1834378
1834477
1834577
1834678
1834778
1834877
1834977
1835078
1835178
1835278
1835377
1835477
1835578
1835678
1835778
1835877
1835978
1836078
1836177
1836278
1836377
1836477
1836577
1836678
1836777
1836877
1836978
1837078
1837178
1837278
1837377
1837477
1837578
1837678
1837778
1837878
1837978
1838077
1838178
1838278
1838377
1838477
1838578
1838677
1838778
1838877
1838977
1839077
1839178
1839277
1839377
1839478
1839577
1839678
1839777
1839878
1839977
1840077
1840177
1840277
1840377
1840477
1840578
1840678
1840778
1840878
1840977
1841078
1841177
1841277
1841378
1841477
1841577
1841677
1841778
1841878
1841977
1842078
1842177
1842278
1842378
1842477
1842577
1842677
1842777
1842877
1842978
1843078
1843178
1843278
1843378
1843478
1843577
1843678
1843777
1843877
1843977
1844078
1844178
1844278
1844377
1844478
1844577
1844678
1844777
1844878
1844977
1845077
1845177
1845278
1845377
1845477
1845578
1845677
1845778
1845877
1845977
1846078
1846178
1846277
1846377
1846478
1846577
1846678
1846778
1846878
1846978
1847078
1847177
1847277
1847378
1847478
1847577
1847678
1847777
1847878
1847977
1848078
1848177
1848277
1848377
1848477
1848578
1848678
1848777
1848878
1848977
1849077
1849177
1849278
1849377
1849478
1849578
1849677
1849777
1849877
1849977
1850077
1850178
1850277
1850378
1850478
1850577
1850678
1850778
1850878
1850978
1851078
1851177
1851278
1851377
1851477
1851577
1851677
1851777
1851878
1851978
1852078
1852177
1852277
1852377
1852478
1852577
1852678
1852778
1852878
1852978
1853077
1853177
1853277
1853377
1853478
1853578
1853677
1853777
1853877
1853978
1854078
1854177
1854277
1854378
1854478
1854577
1854678
1854777
1854877
1854978
1855078
1855178
1855278
1855378
1855477
1855577
1855677
1855778
1855877
1855977
1856078
1856178
1856277
1856378
1856478
1856577
1856678
1856778
1856878
1856978
1857078
1857178
1857278
1857378
1857478
1857577
1857677
1857777
1857877
1857978
1858078
1858178
1858277
1858377
1858478
1858578
1858677
1858777
1858877
1858977
1859078
1859177
1859277
1859378
1859477
1859578
1859678
1859778
1859877
1859978
1860078
1860178
1860277
1860377
1860478
1860577
1860678
1860778
1860878
1860977
1861078
1861178
1861278
1861377
1861478
1861577
1861677
1861778
1861877
1861978
1862077
1862177
1862278
1862378
1862477
1862577
1862678
1862777
1862878
1862977
1863078
1863177
1863278
1863378
1863478
1863578
1863678
1863778
1863877
1863978
1864077
1864178
1864277
1864378
1864477
1864578
1864678
1864778
1864877
1864978
1865078
1865178
1865278
1865377
1865478
1865577
1865678
1865777
1865877
1865977
1866078
1866177
1866277
1866377
1866477
1866578
1866678
1866777
1866878
1866978
1867078
1867178
1867277
1867378
1867477
1867578
1867677
1867777
1867877
1867977
1868077
1868177
1868277
1868377
1868478
1868577
1868678
1868778
1868878
1868977
1869077
1869177
1869278
1869377
1869477
1869577
1869677
1869777
1869878
1869977
1870078
1870177
1870277
1870378
1870477
1870577
1870677
1870777
1870878
1870977
1871078
1871177
1871278
1871378
1871477
1871578
1871678
1871777
1871878
1871977
1872078
1872178
1872277
1872377
1872477
1872577
1872678
1872777
1872877
1872978
1873078
1873178
1873277
1873378
1873478
1873577
1873678
1873777
1873877
1873977
1874078
1874177
1874277
1874378
1874478
1874578
1874677
1874777
1874877
1874977
1875077
1875178
1875278
1875377
1875478
1875578
1875677
1875778
1875877
1875977
1876077
1876178
1876278
1876378
1876478
1876577
1876677
1876777
1876877
1876977
1877077
1877177
1877278
1877377
1877477
1877578
1877677
1877777
1877877
1877977
1878077
1878177
1878278
1878377
1878477
1878577
1878677
1878777
1878878
1878977
1879078
1879177
1879278
1879378
1879478
1879577
1879677
1879777
1879878
1879978
1880077
1880177
1880277
1880377
1880478
1880578
1880678
1880778
1880878
1880978
1881077
1881177
1881278
1881378
1881477
1881577
1881677
1881777
1881878
1881978
1882077
1882178
1882278
1882377
1882477
1882578
1882677
1882777
1882878
1882977
1883078
1883177
1883278
1883378
1883478
1883577
1883678
1883778
1883878
1883977
1884078
1884178
1884277
1884378
1884478
1884578
