0
2501
5002
7501
10005
12499
15005
17500
20001
22548
25045
27551
30047
32546
35046
37548
40047
42546
45046
47545
50048
52549
55045
57547
60047
62547
65050
67545
70047
72547
75046
77545
80046
82594
85090
87591
90092
92591
95090
97594
100091
102591
105093
107593
110094
112591
115093
117591
120094
122590
125091
127592
130092
132591
135097
137592
140089
142636
145135
147636
150137
152637
155136
157636
160137
162638
165138
167635
170137
172637
175138
177636
180138
182641
185140
187638
190137
192638
195137
197641
200136
202680
205178
207680
210178
212677
215180
217677
220179
222679
225178
227676
230177
232681
235180
237678
240179
242678
245179
247677
250178
252677
255179
257677
260178
262726
265225
267724
270225
272725
275221
277721
280223
282721
285222
287725
290225
292724
295224
297724
300223
302722
305224
307721
310228
312726
315224
317724
320225
322771
325272
327777
330271
332770
335271
337771
340272
342772
345269
347774
350270
352771
355272
357772
360272
362774
365272
367775
370272
372769
375270
377771
380270
382815
385314
387813
390314
392814
395314
397815
400313
402817
405317
407819
410313
412814
415316
417813
420314
422817
425314
427819
430317
432817
435317
437814
440313
442859
445359
447860
450358
452859
455359
457858
460361
462857
465363
467860
470361
472861
475361
477860
480359
482859
485358
487858
490358
492860
495359
497859
500359
502905
505404
507906
510408
512905
515404
517903
520405
522902
525404
527904
530406
532907
535408
537902
540405
542905
545404
547902
550409
552904
555406
557908
560409
562953
565448
567953
570448
572949
575455
577951
580449
582949
585449
587952
590451
592950
595449
597953
600452
602951
605448
607954
610453
612947
615448
617952
620453
622992
625492
627991
630494
632994
635493
637992
640490
642993
645493
647992
650490
652992
655491
657992
660492
662991
665490
667993
670492
672989
675492
677996
680493
683037
685540
688041
690536
693037
695537
698036
700537
703038
705548
708039
710541
713041
715543
718037
720538
723037
725541
728037
730540
733038
735536
738036
740539
743082
745584
748082
750584
753082
755582
758084
760586
763084
765582
768083
770583
773088
775587
778083
780586
783083
785587
788086
790585
793085
795583
798083
800583
803131
805635
808131
810633
813131
815631
818132
820630
823130
825630
828131
830633
833130
835632
838131
840633
843129
845632
848130
850635
853135
855632
858133
860631
863178
865678
868176
870676
873173
875678
878174
880674
883175
885674
888175
890674
893176
895674
898173
900673
903174
905678
908174
910677
913174
915676
918173
920673
923220
925719
928225
930721
933220
935719
938220
940719
943221
945717
948219
950723
953216
955723
958221
960718
963219
965718
968218
970717
973218
975716
978221
980719
983266
985766
988266
990765
993265
995765
998267
1000764
1003265
1005763
1008267
1010767
1013263
1015764
1018263
1020765
1023268
1025763
1028263
1030766
1033265
1035763
1038266
1040762
1043311
1045810
1048314
1050811
1053314
1055811
1058310
1060813
1063311
1065810
1068315
1070812
1073314
1075811
1078310
1080813
1083312
1085811
1088313
1090810
1093310
1095816
1098313
1100812
1103357
1105857
1108355
1110858
1113356
1115858
1118356
1120854
1123354
1125858
1128356
1130856
1133354
1135853
1138354
1140856
1143353
1145853
1148353
1150857
1153353
1155854
1158355
1160860
1163400
1165899
1168396
1170900
1173397
1175898
1178401
1180901
1183397
1185900
1188396
1190900
1193399
1195896
1198400
1200900
1203404
1205900
1208397
1210896
1213399
1215899
1218398
1220898
1223440
1225940
1228441
1230941
1233446
1235942
1238442
1240943
1243441
1245941
1248440
1250941
1253441
1255940
1258443
1260940
1263442
1265940
1268440
1270942
1273439
1275943
1278440
1280940
1283486
1285984
1288484
1290984
1293483
1295984
1298484
1300984
1303482
1305985
1308485
1310985
1313486
1315986
1318483
1320986
1323482
1325984
1328483
1330984
1333485
1335986
1338484
1340987
1343533
1346029
1348533
1351034
1353531
1356027
1358530
1361033
1363529
1366029
1368531
1371033
1373530
1376031
1378530
1381029
1383531
1386029
1388531
1391030
1393531
1396031
1398530
1401028
1403577
1406079
1408579
1411074
1413576
1416074
1418576
1421074
1423578
1426079
1428577
1431077
1433576
1436076
1438578
1441078
1443580
1446077
1448579
1451078
1453578
1456078
1458574
1461076
1463620
1466122
1468619
1471119
1473617
1476120
1478617
1481117
1483619
1486120
1488620
1491119
1493619
1496119
1498617
1501119
1503620
1506120
1508617
1511120
1513617
1516119
1518621
1521117
1523664
1526163
1528664
1531164
1533663
1536163
1538665
1541163
1543663
1546163
1548664
1551166
1553662
1556166
1558663
1561162
1563662
1566163
1568663
1571162
1573664
1576166
1578664
1581165
1583709
1586211
1588709
1591211
1593710
1596208
1598708
1601210
1603708
1606214
1608708
1611211
1613711
1616208
1618711
1621209
1623710
1626210
1628707
1631208
1633713
1636207
1638710
1641208
1643752
1646252
1648754
1651258
1653752
1656254
1658754
1661256
1663754
1666252
1668754
1671251
1673754
1676253
1678751
1681251
1683752
1686251
1688750
1691250
1693751
1696252
1698752
1701252
1703792
1706292
1708794
1711295
1713793
1716293
1718792
1721296
1723796
1726295
1728792
1731292
1733792
1736292
1738792
1741294
1743793
1746292
1748792
1751292
1753792
1756292
1758792
1761292
1763864
1766368
1768867
1771363
1773865
1776364
1778864
1781364
1783863
1786363
1788863
1791365
1793867
1796367
1798864
1801363
1803864
1806365
1808865
1811364
1813864
1816363
1818865
1821363
1823916
1826412
1828912
1831412
1833910
1836408
1838912
1841410
1843913
1846414
1848913
1851410
1853911
1856411
1858912
1861410
1863911
1866414
1868913
1871410
1873911
1876412
1878916
1881415
1883956
1886457
1888959
1891459
1893956
1896458
1898958
1901458
1903957
1906459
1908958
1911457
1913956
1916459
1918957
1921455
1923957
1926456
1928957
1931455
1933962
1936456
1938954
1941456
1944006
1946507
1949002
1951504
1954002
1956502
1959008
1961502
1964002
1966505
1969007
1971506
1974004
1976502
1979014
1981508
1984012
1986505
1989006
1991506
1994013
1996504
1999010
2001504
2004045
2006549
2009047
2011545
2014045
2016545
2019045
2021548
2024050
2026545
2029045
2031545
2034045
2036548
2039045
2041548
2044045
2046549
2049045
2051547
2054049
2056552
2059049
2061552
2064088
2066592
2069089
2071590
2074089
2076590
2079091
2081588
2084090
2086587
2089087
2091588
2094095
2096589
2099090
2101590
2104090
2106589
2109093
2111591
2114088
2116591
2119091
2121589
2124134
2126634
2129132
2131636
2134133
2136633
2139134
2141634
2144136
2146635
2149134
2151633
2154132
2156632
2159137
2161631
2164132
2166632
2169135
2171633
2174134
2176631
2179135
2181635
2184178
2186678
2189179
2191679
2194178
2196681
2199178
2201679
2204180
2206679
2209180
2211681
2214180
2216680
2219178
2221677
2224180
2226679
2229179
2231682
2234181
2236681
2239179
2241679
2244228
2246727
2249230
2251724
2254226
2256729
2259226
2261727
2264231
2266726
2269226
2271726
2274227
2276725
2279226
2281725
2284224
2286729
2289227
2291727
2294226
2296724
2299226
2301730
2304270
2306771
2309272
2311769
2314273
2316769
2319271
2321771
2324269
2326770
2329272
2331772
2334269
2336772
2339273
2341770
2344270
2346773
2349276
2351771
2354269
2356768
2359268
2361770
2364313
2366812
2369312
2371812
2374316
2376812
2379313
2381814
2384314
2386811
2389316
2391817
2394312
2396812
2399311
2401817
2404312
2406812
2409311
2411813
2414313
2416811
2419312
2421811
2424357
2426861
2429359
2431858
2434363
2436861
2439363
2441858
2444359
2446859
2449360
2451857
2454360
2456858
2459360
2461862
2464357
2466858
2469360
2471862
2474356
2476856
2479359
2481858
2484412
2486916
2489419
2491915
2494415
2496915
2499413
2501915
2504414
2506912
2509413
2511916
2514413
2516915
2519413
2521916
2524413
2526915
2529415
2531913
2534417
2536914
2539414
2541915
2544460
2546957
2549460
2551962
2554459
2556959
2559459
2561958
2564461
2566963
2569460
2571963
2574460
2576960
2579460
2581960
2584459
2586961
2589460
2591958
2594456
2596958
2599457
2601957
2604506
2607014
2609501
2612004
2614503
2617005
2619502
2622001
2624505
2627004
2629506
2632004
2634502
2637002
2639505
2642001
2644503
2647002
2649504
2652002
2654500
2657004
2659505
2662000
2664551
2667052
2669554
2672052
2674556
2677052
2679551
2682054
2684551
2687052
2689550
2692049
2694549
2697051
2699550
2702053
2704550
2707056
2709551
2712053
2714549
2717052
2719549
2722050
2724594
2727096
2729594
2732096
2734595
2737094
2739594
2742093
2744593
2747094
2749593
2752097
2754597
2757095
2759595
2762096
2764595
2767094
2769594
2772095
2774591
2777093
2779593
2782094
2784638
2787137
2789634
2792136
2794637
2797136
2799635
2802134
2804638
2807136
2809637
2812137
2814637
2817136
2819635
2822135
2824640
2827137
2829635
2832137
2834635
2837134
2839635
2842135
2844685
2847181
2849683
2852183
2854682
2857180
2859682
2862178
2864683
2867186
2869683
2872180
2874683
2877179
2879679
2882181
2884680
2887181
2889683
2892181
2894678
2897183
2899683
2902181
2904729
2907224
2909725
2912224
2914726
2917226
2919724
2922228
2924730
2927225
2929723
2932226
2934728
2937229
2939725
2942226
2944728
2947226
2949726
2952229
2954726
2957226
2959726
2962226
2964774
2967272
2969774
2972272
2974772
2977275
2979769
2982275
2984775
2987273
2989771
2992273
2994774
2997275
2999773
3002269
3004772
3007273
3009773
3012275
3014771
3017275
3019774
3022269
3024819
3027314
3029816
3032319
3034818
3037328
3039815
3042316
3044815
3047317
3049816
3052314
3054814
3057312
3059817
3062318
3064816
3067315
3069814
3072316
3074816
3077314
3079814
3082315
3084856
3087357
3089865
3092357
3094858
3097360
3099860
3102358
3104859
3107360
3109857
3112358
3114861
3117359
3119860
3122359
3124857
3127357
3129856
3132358
3134855
3137357
3139858
3142356
3144899
3147400
3149903
3152401
3154899
3157399
3159898
3162400
3164900
3167399
3169902
3172402
3174900
3177399
3179902
3182403
3184901
3187398
3189904
3192399
3194905
3197399
3199900
3202403
3204945
3207445
3209945
3212443
3214944
3217446
3219943
3222443
3224944
3227445
3229944
3232445
3234947
3237442
3239944
3242443
3244944
3247444
3249943
3252447
3254945
3257445
3259946
3262442
3264989
3267488
3269985
3272488
3274987
3277485
3279986
3282487
3284988
3287488
3289986
3292486
3294990
3297485
3299987
3302486
3304987
3307485
3309987
3312487
3314989
3317487
3319988
3322486
3325028
3327530
3330030
3332530
3335030
3337529
3340029
3342531
3345032
3347530
3350032
3352530
3355031
3357530
3360028
3362531
3365030
3367531
3370030
3372530
3375029
3377529
3380030
3382530
3385076
3387573
3390077
3392579
3395076
3397577
3400074
3402580
3405077
3407576
3410077
3412574
3415074
3417575
3420079
3422577
3425077
3427572
3430073
3432574
3435074
3437573
3440075
3442575
3445117
3447620
3450119
3452620
3455117
3457620
3460120
3462619
3465120
3467618
3470122
3472619
3475120
3477619
3480119
3482620
3485120
3487624
3490120
3492620
3495120
3497618
3500119
3502619
3505165
3507666
3510162
3512663
3515167
3517663
3520163
3522663
3525163
3527663
3530162
3532666
3535166
3537661
3540163
3542663
3545161
3547662
3550163
3552661
3555163
3557665
3560163
3562662
3565209
3567709
3570210
3572706
3575210
3577709
3580209
3582709
3585211
3587712
3590208
3592712
3595211
3597710
3600211
3602711
3605209
3607708
3610210
3612709
3615210
3617709
3620210
3622709
3625256
3627755
3630256
3632755
3635259
3637754
3640256
3642755
3645254
3647756
3650256
3652755
3655259
3657755
3660259
3662760
3665254
3667753
3670255
3672753
3675256
3677760
3680256
3682755
3685302
3687797
3690298
3692799
3695298
3697803
3700298
3702799
3705298
3707799
3710297
3712798
3715298
3717801
3720298
3722799
3725299
3727799
3730298
3732797
3735301
3737798
3740299
3742801
3745342
3747842
3750342
3752845
3755344
3757842
3760344
3762842
3765345
3767842
3770342
3772844
3775342
3777842
3780342
3782842
3785344
3787842
3790342
3792842
3795344
3797842
3800340
3802844
3805391
3807891
3810390
3812894
3815391
3817892
3820391
3822891
3825390
3827889
3830392
3832892
3835391
3837890
3840391
3842889
3845389
3847890
3850392
3852894
3855388
3857894
3860390
3862889
3865435
3867933
3870437
3872936
3875434
3877933
3880435
3882940
3885436
3887937
3890436
3892937
3895437
3897939
3900435
3902936
3905437
3907937
3910437
3912936
3915435
3917936
3920436
3922933
3925483
3927983
3930482
3932983
3935482
3937987
3940484
3942983
3945483
3947986
3950482
3952982
3955483
3957984
3960481
3962983
3965482
3967983
3970486
3972982
3975483
3977986
3980483
3982981
3985525
3988022
3990522
3993025
3995526
3998023
4000524
4003024
4005524
4008026
4010523
4013025
4015524
4018022
4020523
4023022
4025525
4028023
4030525
4033022
4035522
4038024
4040525
4043022
4045570
4048066
4050566
4053066
4055568
4058065
4060568
4063067
4065570
4068065
4070570
4073066
4075569
4078064
4080565
4083069
4085571
4088068
4090568
4093068
4095567
4098066
4100567
4103069
4105614
4108115
4110618
4113115
4115616
4118116
4120620
4123114
4125614
4128114
4130615
4133116
4135613
4138112
4140614
4143115
4145619
4148118
4150616
4153115
4155614
4158114
4160616
4163121
4165659
4168164
4170662
4173159
4175663
4178159
4180659
4183159
4185659
4188157
4190659
4193159
4195657
4198160
4200659
4203162
4205661
4208159
4210662
4213164
4215658
4218159
4220658
4223162
4225704
4228203
4230703
4233202
4235702
4238203
4240701
4243205
4245702
4248202
4250704
4253202
4255702
4258203
4260702
4263203
4265702
4268204
4270703
4273203
4275701
4278201
4280704
4283205
4285745
4288246
4290746
4293246
4295748
4298246
4300746
4303244
4305745
4308245
4310744
4313246
4315744
4318244
4320745
4323246
4325744
4328246
4330748
4333243
4335746
4338245
4340743
4343246
4345790
4348292
4350794
4353294
4355792
4358290
4360793
4363291
4365792
4368293
4370794
4373293
4375791
4378292
4380794
4383294
4385793
4388291
4390793
4393294
4395790
4398289
4400792
4403291
4405838
4408335
4410834
4413334
4415833
4418339
4420835
4423335
4425834
4428334
4430833
4433337
4435837
4438337
4440834
4443333
4445836
4448336
4450837
4453333
4455836
4458335
4460834
4463338
4465879
4468381
4470882
4473381
4475881
4478381
4480878
4483380
4485884
4488380
4490883
4493381
4495883
4498383
4500880
4503383
4505880
4508382
4510879
4513381
4515884
4518386
4520880
4523378
4525929
4528430
4530928
4533428
4535933
4538431
4540929
4543428
4545931
4548431
4550931
4553429
4555931
4558429
4560931
4563428
4565929
4568429
4570931
4573430
4575932
4578427
4580929
4583430
4585970
4588476
4590972
4593471
4595973
4598471
4600975
4603472
4605971
4608476
4610970
4613472
4615973
4618474
4620971
4623471
4625973
4628473
4630976
4633477
4635975
4638476
4640970
4643471
4646017
4648517
4651017
4653517
4656016
4658519
4661020
4663518
4666019
4668515
4671020
4673516
4676017
4678519
4681017
4683516
4686016
4688517
4691019
4693520
4696020
4698519
4701017
4703517
4706062
4708564
4711062
4713562
4716061
4718561
4721064
4723563
4726068
4728563
4731067
4733561
4736066
4738564
4741071
4743562
4746065
4748565
4751071
4753564
4756070
4758562
4761068
4763565
4766105
4768607
4771111
4773606
4776106
4778606
4781105
4783606
4786105
4788605
4791106
4793611
4796105
4798608
4801106
4803610
4806107
4808607
4811106
4813605
4816107
4818607
4821105
4823605
4826154
4828653
4831153
4833655
4836152
4838656
4841154
4843653
4846152
4848655
4851153
4853657
4856152
4858652
4861154
4863650
4866153
4868651
4871153
4873651
4876154
4878657
4881153
4883655
4886192
4888694
4891195
4893694
4896199
4898699
4901195
4903693
4906196
4908698
4911196
4913694
4916194
4918695
4921193
4923696
4926196
4928698
4931198
4933695
4936194
4938696
4941194
4943695
4946239
4948741
4951237
4953741
4956239
4958742
4961240
4963740
4966240
4968742
4971238
4973741
4976238
4978740
4981239
4983740
4986237
4988739
4991238
4993736
4996237
4998739
5001237
5003738
5006282
5008784
5011284
5013782
5016285
5018785
5021284
5023783
5026280
5028780
5031284
5033781
5036283
5038784
5041282
5043781
5046282
5048785
5051282
5053782
5056282
5058782
5061280
5063783
5066328
5068827
5071325
5073828
5076326
5078829
5081327
5083827
5086330
5088826
5091324
5093827
5096327
5098827
5101326
5103826
5106327
5108828
5111324
5113824
5116324
5118824
5121328
5123825
5126371
5128869
5131369
5133871
5136369
5138873
5141372
5143869
5146371
5148869
5151374
5153869
5156369
5158872
5161373
5163871
5166371
5168868
5171369
5173871
5176368
5178869
5181372
5183868
5186414
5188917
5191416
5193912
5196414
5198912
5201414
5203916
5206414
5208914
5211414
5213914
5216414
5218914
5221413
5223913
5226413
5228917
5231413
5233918
5236414
5238918
5241413
5243916
5246464
5248961
5251464
5253963
5256460
5258961
5261461
5263959
5266460
5268962
5271460
5273960
5276458
5278962
5281461
5283960
5286463
5288960
5291462
5293962
5296461
5298964
5301459
5303962
5306512
5309008
5311506
5314006
5316506
5319009
5321507
5324006
5326506
5329008
5331507
5334010
5336506
5339005
5341506
5344009
5346506
5349006
5351509
5354010
5356509
5359006
5361508
5364006
5366550
5369055
5371556
5374052
5376552
5379052
5381555
5384050
5386552
5389055
5391550
5394055
5396556
5399056
5401553
5404052
5406555
5409050
5411550
5414052
5416552
5419052
5421554
5424057
5426597
5429093
5431595
5434096
5436595
5439094
5441598
5444094
5446596
5449098
5451600
5454098
5456596
5459098
5461599
5464096
5466596
5469094
5471594
5474099
5476596
5479098
5481595
5484098
5486641
5489145
5491649
5494145
5496643
5499145
5501644
5504144
5506644
5509144
5511642
5514142
5516641
5519142
5521640
5524154
5526641
5529145
5531643
5534143
5536642
5539144
5541643
5544139
5546690
5549189
5551690
5554188
5556685
5559191
5561689
5564185
5566686
5569188
5571690
5574186
5576690
5579188
5581686
5584186
5586686
5589188
5591686
5594185
5596690
5599186
5601690
5604186
5606735
5609233
5611731
5614233
5616734
5619231
5621731
5624234
5626733
5629233
5631731
5634235
5636731
5639231
5641733
5644231
5646731
5649231
5651733
5654231
5656731
5659233
5661730
5664234
5666777
5669277
5671779
5674276
5676779
5679279
5681780
5684278
5686775
5689277
5691778
5694276
5696778
5699280
5701781
5704275
5706779
5709275
5711779
5714281
5716780
5719275
5721779
5724274
5726825
5729326
5731829
5734331
5736825
5739326
5741829
5744326
5746825
5749328
5751827
5754329
5756825
5759327
5761826
5764331
5766827
5769326
5771830
5774326
5776831
5779328
5781829
5784324
5786870
5789370
5791867
5794367
5796871
5799372
5801871
5804372
5806872
5809370
5811870
5814370
5816871
5819372
5821869
5824371
5826867
5829370
5831869
5834371
5836872
5839372
5841867
5844372
5846919
5849417
5851914
5854416
5856917
5859417
5861916
5864417
5866914
5869417
5871917
5874415
5876917
5879416
5881917
5884419
5886915
5889415
5891915
5894415
5896917
5899416
5901915
5904417
5906961
5909460
5911965
5914461
5916961
5919462
5921961
5924462
5926962
5929465
5931964
5934465
5936962
5939460
5941962
5944462
5946964
5949462
5951960
5954462
5956965
5959460
5961960
5964462
5967008
5969503
5972005
5974503
5977009
5979503
5982006
5984503
5987009
5989505
5992005
5994503
5997010
5999505
6002006
6004503
6007007
6009503
6012003
6014505
6017006
6019510
6022009
6024505
6027050
6029551
6032052
6034552
6037051
6039551
6042051
6044552
6047051
6049550
6052050
6054550
6057048
6059551
6062051
6064548
6067052
6069551
6072051
6074550
6077048
6079551
6082051
6084548
6087095
6089595
6092095
6094598
6097098
6099595
6102094
6104596
6107093
6109596
6112093
6114594
6117094
6119594
6122096
6124601
6127096
6129595
6132095
6134596
6137094
6139596
6142094
6144596
6147140
6149639
6152137
6154642
6157140
6159641
6162139
6164639
6167139
6169638
6172137
6174641
6177141
6179637
6182140
6184640
6187138
6189637
6192137
6194638
6197139
6199639
6202138
6204640
6207181
6209683
6212183
6214689
6217182
6219683
6222183
6224687
6227183
6229684
6232184
6234681
6237186
6239681
6242183
6244684
6247184
6249683
6252183
6254684
6257182
6259682
6262183
6264682
6267230
6269731
6272230
6274730
6277232
6279731
6282236
6284731
6287236
6289734
6292236
6294733
6297234
6299729
6302231
6304731
6307230
6309729
6312229
6314732
6317230
6319731
6322232
6324733
6327278
6329778
6332275
6334775
6337278
6339778
6342276
6344779
6347275
6349777
6352278
6354783
6357276
6359774
6362279
6364777
6367278
6369777
6372277
6374777
6377277
6379775
6382276
6384777
6387331
6389828
6392328
6394827
6397328
6399824
6402326
6404827
6407329
6409829
6412325
6414824
6417328
6419826
6422329
6424825
6427329
6429826
6432329
6434825
6437328
6439826
6442328
6444825
6447367
6449870
6452368
6454869
6457369
6459872
6462369
6464871
6467370
6469870
6472368
6474870
6477371
6479871
6482369
6484868
6487369
6489869
6492370
6494869
6497370
6499868
6502369
6504868
6507417
6509918
6512417
6514915
6517417
6519919
6522415
6524915
6527415
6529918
6532415
6534915
6537415
6539915
6542415
6544921
6547417
6549918
6552415
6554917
6557420
6559921
6562417
6564918
6567464
6569965
6572462
6574961
6577462
6579968
6582463
6584965
6587460
6589961
6592462
6594960
6597461
6599963
6602463
6604961
6607461
6609965
6612462
6614962
6617462
6619961
6622462
6624963
6627508
6630010
6632507
6635007
6637510
6640008
6642507
6645007
6647510
6650010
6652509
6655008
6657508
6660008
6662513
6665010
6667510
6670007
6672509
6675006
6677509
6680008
6682507
6685010
6687564
6690065
6692566
6695065
6697568
6700065
6702564
6705064
6707564
6710065
6712565
6715069
6717567
6720063
6722563
6725064
6727567
6730069
6732565
6735064
6737568
6740064
6742564
6745069
6747608
6750109
6752611
6755109
6757609
6760114
6762609
6765109
6767612
6770113
6772610
6775108
6777610
6780108
6782608
6785112
6787612
6790109
6792609
6795110
6797611
6800112
6802611
6805113
6807658
6810157
6812655
6815160
6817657
6820163
6822659
6825155
6827660
6830159
6832655
6835157
6837657
6840155
6842654
6845160
6847662
6850158
6852658
6855157
6857658
6860155
6862657
6865155
6867702
6870203
6872704
6875205
6877703
6880205
6882703
6885205
6887705
6890203
6892702
6895205
6897705
6900204
6902702
6905204
6907702
6910201
6912702
6915205
6917703
6920207
6922705
6925202
6927781
6930286
6932780
6935281
6937781
6940282
6942780
6945282
6947781
6950280
6952781
6955282
6957782
6960282
6962781
6965280
6967780
6970281
6972780
6975282
6977780
6980282
6982781
6985281
6987824
6990323
6992826
6995323
6997826
7000323
7002824
7005327
7007826
7010327
7012827
7015325
7017826
7020325
7022822
7025324
7027823
7030327
7032825
7035323
7037826
7040327
7042827
7045325
7047868
7050371
7052872
7055370
7057870
7060368
7062868
7065371
7067868
7070368
7072868
7075370
7077870
7080368
7082868
7085368
7087870
7090374
7092868
7095368
7097872
7100371
7102870
7105372
7107913
7110418
7112917
7115417
7117916
7120413
7122915
7125416
7127913
7130413
7132912
7135413
7137915
7140413
7142912
7145416
7147918
7150415
7152912
7155417
7157919
7160418
7162917
7165412
7167959
7170458
7172960
7175460
7177957
7180460
7182959
7185463
7187958
7190456
7192961
7195460
7197958
7200459
7202961
7205463
7207957
7210458
7212958
7215458
7217963
7220460
7222958
7225458
7228005
7230504
7233002
7235503
7238001
7240501
7243001
7245502
7248000
7250503
7253004
7255503
7258005
7260504
7263005
7265504
7268002
7270501
7273002
7275502
7278002
7280501
7283004
7285502
7288045
7290547
7293043
7295548
7298044
7300544
7303045
7305545
7308047
7310546
7313045
7315544
7318046
7320546
7323047
7325546
7328044
7330543
7333043
7335547
7338047
7340548
7343042
7345546
7348089
7350593
7353090
7355593
7358092
7360592
7363090
7365590
7368094
7370594
7373092
7375590
7378090
7380590
7383090
7385590
7388095
7390590
7393090
7395590
7398092
7400593
7403095
7405593
7408135
7410633
7413135
7415635
7418135
7420633
7423133
7425635
7428135
7430635
7433137
7435633
7438132
7440634
7443135
7445635
7448133
7450637
7453132
7455634
7458133
7460637
7463133
7465632
7468184
7470683
7473180
7475683
7478183
7480682
7483182
7485683
7488181
7490682
7493180
7495682
7498184
7500680
7503180
7505683
7508180
7510683
7513181
7515682
7518182
7520680
7523183
7525682
7528223
7530723
7533226
7535724
7538225
7540723
7543225
7545725
7548226
7550726
7553227
7555724
7558224
7560727
7563224
7565731
7568226
7570729
7573224
7575723
7578228
7580725
7583226
7585724
7588268
7590768
7593267
7595766
7598267
7600768
7603267
7605771
7608271
7610768
7613267
7615770
7618268
7620770
7623267
7625770
7628271
7630767
7633267
7635771
7638269
7640766
7643271
7645768
7648308
7650811
7653314
7655814
7658307
7660810
7663313
7665811
7668311
7670812
7673308
7675811
7678309
7680810
7683309
7685809
7688311
7690810
7693312
7695807
7698309
7700808
7703307
7705808
7708353
7710854
7713356
7715854
7718355
7720853
7723354
7725857
7728355
7730857
7733354
7735852
7738352
7740853
7743353
7745853
7748352
7750856
7753354
7755855
7758356
7760856
7763353
7765855
7768397
7770900
7773398
7775898
7778398
7780898
7783398
7785901
7788398
7790898
7793397
7795897
7798400
7800898
7803401
7805897
7808397
7810900
7813400
7815900
7818397
7820898
7823398
7825902
7828443
7830943
7833448
7835943
7838446
7840943
7843443
7845942
7848449
7850941
7853442
7855942
7858447
7860943
7863445
7865943
7868445
7870943
7873446
7875942
7878443
7880941
7883443
7885943
7888484
7890986
7893487
7895987
7898486
7900987
7903488
7905989
7908489
7910982
7913486
7915984
7918484
7920984
7923483
7925984
7928487
7930983
7933482
7935987
7938490
7940984
7943484
7945984
7948537
7951028
7953538
7956031
7958535
7961027
7963529
7966025
7968529
7971027
7973525
7976026
7978524
7981026
7983525
7986025
7988529
7991027
7993525
7996029
7998531
8001029
8003526
8006028
8008576
8011074
8013570
8016069
8018578
8021070
8023574
8026072
8028573
8031070
8033570
8036070
8038570
8041070
8043570
8046073
8048572
8051070
8053569
8056075
8058570
8061070
8063570
8066070
8068620
8071119
8073619
8076119
8078617
8081118
8083615
8086118
8088617
8091119
8093620
8096115
8098617
8101120
8103615
8106122
8108615
8111121
8113618
8116118
8118619
8121122
8123615
8126119
8128661
8131162
8133665
8136168
8138661
8141162
8143662
8146167
8148661
8151163
8153661
8156161
8158665
8161162
8163661
8166163
8168661
8171165
8173665
8176160
8178661
8181165
8183662
8186164
8188707
8191206
8193705
8196206
8198706
8201207
8203710
8206206
8208709
8211206
8213707
8216207
8218705
8221211
8223704
8226207
8228705
8231206
8233709
8236206
8238707
8241206
8243709
8246206
8248751
8251253
8253751
8256251
8258751
8261251
8263750
8266251
8268751
8271250
8273750
8276250
8278751
8281251
8283750
8286253
8288750
8291255
8293751
8296253
8298749
8301251
8303750
8306251
8308795
8311296
8313795
8316294
8318792
8321298
8323795
8326294
8328796
8331295
8333792
8336297
8338792
8341292
8343797
8346294
8348794
8351292
8353796
8356294
8358792
8361292
8363794
8366294
8368840
8371335
8373834
8376337
8378836
8381336
8383836
8386337
8388838
8391335
8393834
8396337
8398834
8401338
8403839
8406340
8408836
8411335
8413835
8416336
8418838
8421337
8423835
8426338
8428879
8431376
8433878
8436377
8438877
8441379
8443878
8446375
8448878
8451378
8453878
8456379
8458878
8461375
8463881
8466382
8468877
8471376
8473876
8476378
8478879
8481377
8483877
8486380
8488925
8491425
8493923
8496426
8498924
8501426
8503924
8506425
8508924
8511422
8513924
8516423
8518926
8521425
8523923
8526427
8528923
8531425
8533924
8536423
8538925
8541424
8543925
8546423
8548971
8551464
8553964
8556465
8558967
8561467
8563963
8566465
8568964
8571464
8573965
8576464
8578966
8581466
8583967
8586466
8588965
8591468
8593969
8596467
8598964
8601468
8603964
8606466
8609010
8611511
8614010
8616512
8619012
8621512
8624013
8626512
8629017
8631509
8634012
8636508
8639011
8641510
8644009
8646513
8649010
8651510
8654013
8656512
8659011
8661509
8664012
8666513
8669058
8671553
8674055
8676554
8679052
8681553
8684052
8686554
8689054
8691552
8694053
8696551
8699052
8701555
8704052
8706554
8709053
8711553
8714052
8716552
8719055
8721553
8724050
8726551
8729099
8731598
8734102
8736600
8739098
8741595
8744097
8746598
8749095
8751595
8754099
8756599
8759097
8761599
8764099
8766598
8769098
8771596
8774100
8776598
8779096
8781598
8784096
8786597
8789147
8791644
8794144
8796644
8799148
8801643
8804147
8806643
8809144
8811644
8814144
8816647
8819148
8821646
8824147
8826644
8829144
8831642
8834142
8836646
8839141
8841642
8844143
8846647
8849188
8851688
8854185
8856691
8859190
8861690
8864187
8866686
8869187
8871688
8874187
8876688
8879195
8881691
8884189
8886689
8889190
8891686
8894186
8896688
8899186
8901687
8904190
8906690
8909232
8911736
8914231
8916734
8919232
8921733
8924233
8926732
8929235
8931733
8934230
8936732
8939231
8941736
8944230
8946734
8949231
8951730
8954230
8956732
8959235
8961732
8964231
8966730
8969277
8971775
8974278
8976776
8979278
8981778
8984276
8986781
8989275
8991776
8994276
8996776
8999278
9001777
9004278
9006777
9009278
9011781
9014275
9016777
9019279
9021779
9024275
9026777
9029320
9031822
9034319
9036817
9039320
9041820
9044320
9046817
9049319
9051820
9054319
9056818
9059322
9061817
9064317
9066818
9069324
9071819
9074317
9076822
9079319
9081818
9084318
9086817
9089363
9091862
9094366
9096864
9099366
9101863
9104364
9106870
9109362
9111865
9114366
9116866
9119363
9121866
9124362
9126865
9129362
9131862
9134365
9136865
9139362
9141865
9144362
9146862
9149405
9151905
9154404
9156906
9159408
9161907
9164402
9166904
9169406
9171906
9174406
9176906
9179405
9181905
9184404
9186903
9189404
9191904
9194404
9196905
9199407
9201904
9204404
9206904
9209451
9211954
9214455
9216950
9219450
9221953
9224450
9226949
9229449
9231948
9234450
9236951
9239450
9241950
9244454
9246949
9249450
9251951
9254449
9256948
9259448
9261951
9264452
9266950
9269498
9271994
9274494
9276996
9279496
9281996
9284493
9286994
9289497
9291993
9294493
9296993
9299497
9301994
9304495
9306994
9309497
9311994
9314495
9316993
9319494
9321999
9324496
9326994
9329542
9332042
9334547
9337045
9339542
9342042
9344547
9347041
9349543
9352044
9354540
9357043
9359545
9362044
9364544
9367043
9369542
9372043
9374540
9377041
9379541
9382044
9384545
9387040
9389591
9392090
9394590
9397092
9399589
9402091
9404592
9407089
9409594
9412092
9414591
9417090
9419590
9422089
9424592
9427090
9429592
9432089
9434591
9437092
9439591
9442090
9444589
9447088
9449637
9452134
9454635
9457134
9459636
9462134
9464634
9467135
9469632
9472136
9474634
9477132
9479636
9482138
9484637
9487136
9489634
9492135
9494638
9497132
9499637
9502133
9504633
9507133
9509680
9512177
9514680
9517179
9519681
9522178
9524679
9527178
9529679
9532180
9534677
9537183
9539677
9542179
9544679
9547180
9549678
9552182
9554678
9557182
9559681
9562177
9564678
9567182
9569758
9572258
9574759
9577257
9579757
9582258
9584755
9587257
9589757
9592259
9594757
9597259
9599760
9602262
9604758
9607256
9609759
9612257
9614756
9617255
9619757
9622255
9624755
9627257
9629799
9632299
9634799
9637301
9639801
9642301
9644802
9647302
9649801
9652299
9654800
9657305
9659802
9662301
9664799
9667297
9669799
9672301
9674804
9677305
9679801
9682301
9684799
9687299
9689847
9692349
9694846
9697345
9699845
9702345
9704848
9707344
9709848
9712345
9714849
9717346
9719850
9722347
9724848
9727345
9729850
9732346
9734846
9737348
9739848
9742350
9744849
9747346
9749889
9752386
9754891
9757388
9759888
9762390
9764890
9767387
9769887
9772391
9774886
9777387
9779888
9782386
9784890
9787387
9789890
9792390
9794889
9797388
9799886
9802386
9804889
9807388
9809937
9812434
9814937
9817433
9819934
9822434
9824934
9827433
9829934
9832437
9834939
9837433
9839936
9842435
9844936
9847436
9849935
9852438
9854936
9857437
9859934
9862440
9864935
9867435
9869976
9872479
9874978
9877479
9879978
9882478
9884977
9887479
9889974
9892477
9894981
9897481
9899975
9902476
9904977
9907475
9909979
9912476
9914979
9917480
9919975
9922475
9924978
9927479
9930028
9932523
9935025
9937523
9940023
9942526
9945027
9947526
9950026
9952524
9955024
9957524
9960025
9962525
9965025
9967528
9970025
9972526
9975023
9977526
9980026
9982524
9985026
9987526
9990074
9992574
9995074
9997575
10000079
10002578
10005075
10007575
10010074
10012576
10015074
10017572
10020072
10022577
10025073
10027576
10030074
10032573
10035073
10037578
10040076
10042576
10045073
10047572
10050122
10052620
10055122
10057622
10060122
10062620
10065125
10067620
10070121
10072618
10075121
10077621
10080122
10082621
10085120
10087620
10090124
10092624
10095119
10097619
10100122
10102622
10105124
10107619
10110167
10112668
10115167
10117667
10120168
10122669
10125171
10127669
10130168
10132667
10135168
10137672
10140167
10142667
10145166
10147666
10150168
10152667
10155169
10157667
10160166
10162666
10165168
10167667
10170212
10172713
10175211
10177711
10180210
10182709
10185209
10187707
10190214
10192710
10195208
10197711
10200209
10202710
10205211
10207709
10210210
10212709
10215208
10217709
10220211
10222709
10225210
10227709
10230256
10232753
10235253
10237754
10240254
10242753
10245254
10247753
10250254
10252754
10255254
10257753
10260253
10262755
10265257
10267753
10270257
10272754
10275255
10277753
10280256
10282754
10285254
10287754
10290305
10292802
10295300
10297802
10300301
10302800
10305302
10307799
10310300
10312801
10315300
10317800
10320302
10322799
10325300
10327801
10330299
10332802
10335301
10337800
10340304
10342801
10345301
10347799
10350350
10352849
10355345
10357847
10360346
10362845
10365345
10367850
10370344
10372847
10375347
10377847
10380346
10382845
10385347
10387849
10390344
10392847
10395345
10397845
10400346
10402845
10405349
10407851
10410395
10412891
10415392
10417891
10420391
10422892
10425392
10427889
10430389
10432890
10435392
10437891
10440392
10442892
10445391
10447892
10450393
10452891
10455392
10457890
10460391
10462891
10465393
10467891
10470444
10472943
10475441
10477940
10480438
10482940
10485438
10487938
10490440
10492940
10495440
