-39.367
-40.336
-39.201
-34.974
-39.556
-38.016
-38.589
-40.2
-40.224
-37.345
-38.098
-45.491
-40.05
-38.901
-38.363
-38.757
-37.245
-38.374
-41.647
-33.828
-34.361
-38.856
-36.411
-37.606
-39.482
-40.578
-37.689
-37.365
-36.295
-34.529
-33.26
-37.238
-40.315
-38.578
-38.24
-34.497
-31.327
-37.381
-36.108
-33.693
-34.108
-32.171
-34.074
-30.474
-29.902
-34.117
-29.796
-31.971
-32.264
-26.356
-30.44
-28.886
-28.341
-30.911
-31.073
-30.097
-27.824
-32.266
-32.405
-29.261
-29.66
-25.27
-24.022
-31.671
-28.126
-27.296
-30.49
-31.964
-30.522
-27.164
-29.938
-31.79
-26.279
-32.861
-22.164
-28.749
-33.945
-28.325
-26.991
-27.914
-27.868
-24.031
-25.123
-22.96
-20.486
-23.881
-27.948
-29.743
-29.42
-33.938
-34.666
-31.498
-31.556
-28.195
-29.147
-35.613
-26.256
-29.926
-25.967
-30.636
-32.629
-36.693
-30.487
-30.548
-38.029
-31.635
-35.964
-32.665
-30.97
-27.699
-26.177
-30.333
-31.721
-38.323
-38.258
-38.244
-37.453
-39.986
-35.343
-35.93
-28.777
-33.315
-34.994
-34.205
-39.98
-36.132
-38.297
-44.245
-44.562
-49.463
-48.643
-48.641
-47.813
-42.871
-42.895
-40.281
-43.584
-43.245
-39.344
-41.083
-36.203
-40.267
-44.41
-41.201
-43.317
-46.309
-48.181
-47.232
-45.025
-43.337
-37.113
-38.845
-40.705
-42.692
-40.499
-38.72
-39.677
-43.289
-41.188
-47.998
-48.766
-49.247
-45.85
-45.264
-43.6
-45.15
-44.318
-45.566
-45.769
-50.788
-46.587
-45.681
-47.158
-50.447
-52.617
-49.639
-51.044
-52.487
-51.676
-46.03
-45.911
-53.504
-53.922
-53.622
-57.28
-54.947
-58.614
-49.47
-47.548
-43.835
-51.339
-54.106
-55.105
-55.636
-56.601
-57.441
-52.93
-57.543
-58.628
-54.391
-58.499
-57.551
-59.466
-64.164
-55.338
-54.086
-55.277
-52.528
-56.092
-57.752
-60.388
-58.435
-58.159
-60.15
-63.503
-63.447
-64.819
-64.044
-64.6
-61.713
-60.517
-61.02
-63.786
-65.606
-64.608
-64.445
-61.849
-61.559
-62.7
-63.75
-67.568
-67.534
-67.209
-68.18
-66.322
-66.382
-65.423
-69.311
-69.306
-68.655
-71.494
-72.073
-69.893
-65.607
-66.869
-68.033
-68.913
-65.761
-70.882
-72.979
-70.415
-73.977
-71.569
-72.326
-72.867
-70.166
-71.383
-75.061
-74.008
-72.096
-70.902
-66.801
-67.671
-71.184
-75.556
-73.845
-71.277
-72.27
-74.071
-72.508
-71.515
-69.864
-71.741
-74.144
-71.928
-70.513
-73.293
-72.032
-69.363
-67.316
-64.185
-59.886
-59.248
-62.549
-60.796
-60.251
-64.502
-70.977
-66.54
-67.662
-70.887
-68.957
-69.716
-64.136
-70.777
-65.564
-67.302
-67.051
-67.946
-63.45
-66.905
-63.144
-60.557
-58.312
-54.536
-55.766
-53.736
-49.902
-51.819
-46.551
-48.94
-52.699
-53.135
-57.534
-57.593
-52.563
-49.315
-54.476
-52.748
-54.534
-52.531
-51.426
-43.564
-44.115
-55.312
-49.437
-51.995
-48.745
-45.879
-44.376
-46.879
-46.085
-47.95
-50.799
-52.443
-49.345
-45.528
-43.434
-42.107
-46.502
-44.911
-44.05
-42.845
-44.01
-43.167
-43.921
-45.653
-41.79
-39.343
-41.444
-38.848
-43.402
-42.662
-47.54
-48.519
-46.822
-39.711
-46.836
-47.78
-49.456
-49.424
-48.384
-44.634
-49.098
-41.241
-42.336
-40.58
-42.989
-48.06
-43.081
-42.471
-51.336
-51.99
-55.063
-51.476
-50.192
-48.583
-45.26
-50.364
-54.698
-47.067
-51.818
-42.239
-42.344
-38.313
-37.433
-36.06
-35.948
-37.768
-32.814
-37.464
-45.725
-42.825
-41.905
-42.409
-42.213
-36.856
-37.026
-40.298
-35.439
-35.781
-38.864
-38.52
-41.838
-40.643
-39.012
-38.582
-38.249
-34.871
-32.848
-37.89
-42.59
-37.973
-43.82
-40.881
-41.681
-37.449
-33.996
-34.317
-40.506
-38.487
-36.217
-38.987
-34.812
-33.133
-35.155
-41.66
-35.087
-33.697
-35.641
-39.422
-39.571
-45.001
-44.782
-49.502
-49.257
-48.596
-48.099
-42.921
-44.199
-46.925
-49.323
-48.983
-47.103
-49.751
-51.242
-47.038
-47.771
-49.802
-50.042
-49.347
-48.781
-47.189
-46.175
-48.381
-46.367
-45.498
-42.995
-45.683
-49.77
-44.139
-49.039
-43.592
-42.073
-43.38
-47.051
-51.923
-47.727
-47.448
-45.122
-43.598
-43.599
-45.258
-43.291
-50.138
-51.046
-52.995
-61.871
-56.582
-54.967
-54.521
-56.58
-54.463
-55.149
-49.811
-52.146
-51.412
-47.511
-43.583
-44.201
-40.755
-33.512
-32.479
-33.234
-34.42
-32.605
-38.324
-38.31
-39.213
-41.366
-41.083
-39.1
-37.687
-35.647
-36.452
-41.377
-44.485
-48.171
-52.359
-52.119
-53.263
-47.919
-50.374
-45.759
-48.832
-44.506
-49.002
-51.633
-47.582
-46.443
-43.224
-44.084
-43.98
-47.156
-42.688
-42.037
-38.94
-40.505
-36.799
-38.202
-38.39
-46.714
-41.767
-38.794
-36.616
-33.187
-32.548
-36.104
-33.55
-35.879
-39.951
-37.352
-33.941
-34.526
-34.285
-33.24
-28.765
-27.87
-36.688
-35.645
-33.94
-41.181
-39.906
-35.482
-32.718
-30.274
-31.919
-36.132
-35.541
-39.487
-47.778
-39.129
-40.406
-36.439
-33.786
-32.731
-32.931
-32.67
-34.766
-37.123
-27.22
-30.853
-33.388
-31.415
-25.542
-31.598
-25.455
-25.482
-30.537
-28.709
-31.484
-31.561
-27.639
-30.788
-24.414
-20.898
-30.44
-33.587
-35.162
-41.358
-43.128
-43.505
-35.199
-46.493
-40.52
-34.575
-32.412
-32.957
-38.554
-27.207
-29.177
-23.541
-24.374
-27.059
-32.057
-35.362
-36.157
-31.596
-32.636
-30.712
-30.949
-31.639
-28.63
-37.095
-33.841
-32.922
-30.838
-35.868
-34.403
-27.781
-30.367
-34.901
-30.275
-28.275
-31.465
-36.403
-33.435
-32.874
-32.356
-32.333
-24.792
-29.781
-30.036
-28.579
-26.001
-24.21
-30.411
-29.772
-28.554
-33.703
-30.151
-30.34
-31.809
-28.602
-30.793
-26.704
-31.125
-31.33
-29.795
-31.098
-30.627
-28.414
-33.779
-30.509
-30.114
-33.181
-32.26
-30.951
-33.299
-34.061
-33.148
-31.906
-31.655
-36.47
-33.278
-32.132
-35.041
-31.146
-29.544
-22.686
-26.265
-30.363
-38.587
-33.461
-35.543
-38.796
-36.86
-38.965
-30.621
-32.27
-35.935
-38.336
-38.442
-39.517
-37.626
-30.964
-33.18
-28.506
-30.031
-33.703
-32.133
-30.447
-28.329
-29.063
-29.53
-26.481
-26.304
-28.098
-27.534
-25.973
-30.067
-33.216
-29.409
-29.592
-28.245
-28.059
-30.743
-37.162
-34.086
-29.136
-30.232
-32.113
-33.053
-33.044
-28.489
-28.6
-32.575
-31.925
-29.836
-35.913
-37.165
-31.791
-32.539
-34.631
-31.008
-31.772
-29.615
-31.042
-33.422
-31.862
-27.944
-25.376
-24.096
-24.852
-29.048
-36.308
-28.719
-32.537
-37.47
-32.89
-27.613
-32.283
-31.133
-26.417
-26.681
-33.71
-32.192
-33.502
-32.394
-34.344
-32.921
-30.025
-31.687
-35.078
-33.488
-28.801
-27.049
-29.865
-29.13
-27.092
-31.859
-23.158
-20.561
-25.415
-20.317
-26.142
-23.736
-29.995
-26.489
-25.371
-27.692
-23.463
-22.151
-25.31
-29.19
-28.742
-24.644
-26.165
-26.564
-32.423
-22.663
-25.75
-30.069
-31.217
-34.795
-33.954
-31.748
-33.142
-28.66
-28.687
-32.849
-35.837
-32.594
-32.468
-35.572
-32.715
-29.655
-27.487
-28.82
-26.337
-34.2
-30.853
-33.379
-35.221
-28.169
-26.085
-25.582
-27.81
-28.064
-24.205
-27.623
-18.321
-21.548
-21.286
-25.837
-25.771
-26.5
-25.034
-27.218
-29.721
-33.223
-35.608
-38.099
-38.108
-37.041
-37.337
-39.238
-36.393
-34.338
-34.746
-33.127
-30.074
-29.499
-28.331
-33.705
-27.457
-26
-24.24
-28.435
-21.694
-26.449
-23.451
-20.096
-17.884
-19.434
-24.32
-21.343
-22.484
-21.162
-18.959
-24.545
-27.292
-32.071
-39.388
-44.839
-32.74
-31.424
-26.869
-28.209
-24.882
-23.628
-22.027
-28.393
-28.034
-31.111
-35.305
-29.979
-29.074
-21.467
-22.423
-24.635
-21.972
-27.172
-28.307
-29.181
-28.527
-34.514
-35.128
-40.189
-40.174
-32.385
-34.329
-27.072
-27.707
-34.357
-36.505
-32.905
-32.118
-31.836
-38.755
-45.776
-42.197
-43.959
-43.052
-44.553
-41.349
-37.615
-36.855
-35.249
-35.365
-33.392
-32.13
-29.99
-27.98
-22.313
-24.443
-27.121
-20.335
-20.734
-24.7
-26.682
-25.196
-28.15
-26.981
-30.322
-22.738
-28.585
-26.661
-27.366
-32.435
-28.992
-23.946
-28.403
-26.4
-27.5
-30.528
-28.385
-32.967
-34.258
-35.572
-35.785
-33.668
-33.537
-31.81
-34.116
-28.629
-27.58
-27.107
-33.838
-33.239
-29.552
-28.241
-28.124
-29.948
-29.76
-24.402
-24.019
-24.29
-24.598
-28.939
-32.593
-28.083
-29.311
-34.708
-31.774
-25.03
-26.337
-35.823
-36.602
-38.86
-33.67
-44.053
-42.496
-43.403
-43.604
-44.449
-41.738
-39.618
-41.001
-40.251
-43.691
-39.401
-37.413
-39.766
-39.365
-42.504
-33.575
-38.092
-36.192
-29.622
-35.019
-32.5
-36.41
-37.259
-37.592
-29.917
-29.545
-33.344
-37.782
-37.666
-33.13
-30.272
-30.051
-34.85
-31.034
-34.693
-34.034
-35.738
-35.436
-35.571
-31.282
-38.722
-36.796
-35.712
-34.314
-29.192
-31.119
-39.833
-36.362
-38.095
-34.863
-42.952
-34.47
-28.412
-28.584
-31.589
-29.646
-29.273
-30.093
-33.42
-32.493
-31.788
-31.929
-34.725
-30.808
-35.168
-33.514
-35.746
-31.251
-27.056
-35.511
-33.339
-37.108
-33.165
-26.801
-32.626
-31.027
-35.748
-33.049
-38.687
-37.969
-34.724
-30.785
-30.67
-31.6
-31.932
-27.526
-27.436
-32.679
-34.449
-24.722
-26.926
-23.398
-30.57
-36.819
-28.66
-30.442
-32.664
-27.718
-32.639
-33.579
-29.788
-26.751
-29.552
-30.3
-30.746
-31.031
-34.271
-35.381
-31.09
-36.095
-36.775
-36.79
-33.908
-32.724
-35.932
-34.376
-36.412
-39.109
-34.024
-35.738
-36.945
-36.471
-38.922
-36.365
-34.497
-40.502
-37.223
-34.764
-34.147
-33.247
-33.166
-36.033
-34.157
-35.068
-31.373
-32.101
-32.904
-37.489
-35.697
-33.754
-29.417
-34.263
-27.74
-25.385
-23.21
-28.102
-30.459
-29.019
-29.326
-27.081
-24.647
-24.561
-27.764
-30.445
-35.165
-32.528
-29.924
-36.174
-31.042
-33.313
-32.898
-30.704
-28.683
-23.739
-25.486
-30.365
-24.994
-32.459
-27.38
-29.136
-25.158
-28.744
-23.912
-30.909
-37.087
-26.816
-26.422
-37.989
-36.859
-36.617
-31.149
-37.378
-36.985
-37.055
-36.305
-37.276
-37.488
-32.311
-30.594
-28.431
-33.887
-29.674
-39.576
-34.84
-37.294
-32.615
-36.169
-34.889
-35.605
-31.637
-34.863
-28.033
-29.857
-32.942
-32.785
-36.632
-31.747
-39.505
-34.836
-32.878
-37.874
-32.951
-32.492
-29.905
-28.957
-27.956
-28.031
-33.692
-28.732
-27.509
-29.635
-31.04
-30.59
-37.354
-27.341
-29.535
-28.556
-29.127
-31.515
-29.778
-28.338
-30.028
-31.257
-33.971
-36.526
-35.734
-34.172
-29.407
-34.373
-35.906
-30.166
-35.345
-35.944
-32.019
-37.612
-37.684
-29.615
-30.818
-34.788
-33.635
-32.184
-34.9
-27.643
-26.832
-24.025
-24.061
-26.182
-26.858
-25.957
-38.224
-39.134
-43.154
-38.229
-37.003
-36.102
-27.559
-30.427
-37.801
-36.891
-34.461
-32.944
-37.038
-32.127
-32.813
-30.287
-30.513
-27.863
-28.475
-31.034
-38.24
-37.524
-35.079
-33.146
-33.8
-35.938
-37.697
-37.751
-32.775
-29.162
-33.774
-35.756
-38.767
-28.447
-31.3
-35.214
-38.954
-34.492
-40.975
-38.274
-37.37
-35.018
-38.043
-41.265
-38.018
-40.055
-32.644
-34.399
-34.305
-30.76
-33.823
-28.471
-36.832
-28.254
-31.608
-26.261
-38.184
-29.587
-27.967
-25.686
-30.273
-26.359
-31.301
-30.414
-28.664
-32.076
-33.534
-33.677
-33.386
-33.163
-36.385
-29.114
-30.425
-28.29
-28.184
-26.595
-31.984
-30.437
-29.466
-35.35
-31.401
-32.594
-27.757
-30.649
-32.95
-37.362
-26.294
-31.505
-38.299
-33.87
-34.097
-31.313
-22.244
-20.828
-30.615
-29.983
-25.94
-31.003
-28.67
-32.18
-26.651
-27.95
-33.186
-30.945
-29.337
-29.805
-27.689
-27.842
-31.62
-28.319
-23.509
-21.906
-28.933
-28.633
-27.506
-21.872
-22.916
-24.217
-23.936
-21.779
-24.384
-24.006
-23.609
-23.779
-26.475
-27.866
-31.858
-25.864
-25.651
-33.279
-31.086
-27.682
-25.116
-26.858
-28.621
-30.524
-30.945
-28.437
-30.193
-28.539
-27.43
-33.562
-30.809
-29.678
-26.552
-22.707
-25.834
-26.876
-26.378
-25.575
-25.876
-28.698
-26.173
-22.101
-23.781
-30.982
-25.647
-31.865
-31.071
-28.511
-31.889
-31.924
-30.021
-29.177
-34.201
-38.608
-27.075
-34.238
-32.128
-30.461
-29.552
-29.367
-23.61
-27.649
-28.93
-30.956
-32.128
-32.542
-30.477
-33.397
-34.58
-31.077
-29.448
-25.781
-26.675
-25.844
-25.188
-29.19
-29.787
-32.025
-31.053
-28.356
-23.394
-23.827
-27.631
-25.79
-24.949
-21.756
-30.276
-30.329
-22.543
-26.228
-22.215
-26.766
-29.991
-25.696
-28.84
-25.582
-22.767
-23.419
-21.208
-26.59
-33.361
-29.595
-32.518
-30.205
-29.49
-38.294
-26.414
-28.734
-26.982
-31.559
-34.243
-36.263
-31.413
-38.041
-36.521
-37.366
-29.821
-32.683
-27.814
-30.114
-34.966
-36.345
-37.388
-37.142
-32.127
-31.451
-32.988
-43.414
-40.473
-41.203
-42.91
-35.821
-37.034
-34.229
-35.708
-39.516
-41.748
-37.017
-39.356
-44.157
-37.674
-37.387
-33.314
-36.808
-37.235
-41.348
-42.386
-42.677
-41.044
-48.116
-48.657
-43.225
-42.531
-43.302
-48.322
-48.175
-51.788
-50.046
-44.807
-49.537
-45.797
-44.752
-47.407
-41.026
-45.24
-42.63
-43.358
-48.684
-44.562
-46.179
-39.888
-44.268
-44.222
-44.917
-48.9
-48.694
-55.76
-45.549
-52.467
-52.951
-54.57
-49.614
-50.411
-45.177
-38.748
-46.431
-48.419
-47.026
-45.322
-44.385
-47.909
-41.564
-41.891
-46.511
-49.462
-42.502
-44.367
-45.232
-44.276
-44.496
-47.431
-39.392
-41.769
-43.99
-46.103
-41.022
-47.189
-41.845
-51.084
-35.96
-31.213
-35.345
-40.468
-33.644
-31.249
-42.636
-34.16
-35.342
-36.903
-26.581
-28.231
-35.07
-31.887
-35.078
-31.72
-29.901
-31.628
-34.619
-38.551
-34.067
-32.152
-32.059
-44.286
-35.36
-31.164
-30.022
-38.874
-44.251
-38.6
-39.419
-42.41
-39.611
-42.405
-43.068
-47.438
-48.569
-45.045
-42.073
-36.793
-38.372
-41.095
-41.514
-34.108
-35.817
-39.794
-40.17
-36.063
-36.406
-40.385
-42.113
-42.988
-44.326
-41.43
-46.546
-45.474
-36.578
-29.905
-39.295
-34.812
-36.891
-35.698
-37.239
-37.996
-40.1
-37.843
-39.62
-37.21
-37.278
-38.76
-33.308
-37.834
-36.342
-35.984
-38.273
-36.535
-38.453
-37.521
-40.173
-44.423
-45.787
-42.419
-42.665
-43.559
-39.848
-40.061
-39.572
-38.775
-40.13
-41.429
-41.009
-40.374
-42.767
-40.675
-31.404
-35.35
-30.895
-35.491
-33.197
-31.953
-29.875
-34.138
-29.411
-32.734
-31.342
-34.53
-33.312
-30.374
-29.391
-27.305
-35.497
-25.564
-27.588
-39.014
-34.86
-36.555
-39.276
-33.395
-33.264
-28.863
-34.005
-34.805
-31.638
-36.247
-35.113
-36.048
-34.067
-32.13
-32.508
-33.785
-35.165
-33.406
-30.052
-36.527
-32.988
-35.849
-36.358
-45.723
-43.133
-39.008
-40.124
-42.634
-42.234
-41.671
-37.467
-36.69
-33.662
-40.095
-44.967
-46.104
-43.446
-37.781
-35.831
-33.516
-28.973
-28.336
-34.3
-29.473
-30.293
-25.524
-30.601
-40.394
-35.867
-38.673
-38.069
-38.639
-36.329
-32.214
-32.794
-30.369
-32.498
-32.173
-36.563
-42.07
-40.727
-42.374
-41.5
-41.977
-39.715
-37.782
-38.827
-36.225
-41.035
-40.582
-37.855
-37.324
-37.465
-35.847
-31.566
-31.488
-39.58
-36.529
-38.818
-42.818
-39.112
-40.031
-40.131
-40.996
-37.855
-39.85
-40.108
-37.304
-35.526
-36.797
-36.378
-32.457
-41.914
-33.592
-31.977
-29.484
-31.768
-32.597
-33.387
-38.861
-40.379
-39.805
-37.294
-36.036
-36.926
-35.716
-35.646
-37.289
-40.765
-45.937
-41.642
-40.448
-47.103
-43.968
-40.243
-39.282
-39.416
-40.685
-50.83
-43.455
-44.657
-48.908
-39.714
-41.563
-41.129
-48.701
-45.041
-40.737
-45.16
-44.255
-44.93
-39.833
-40.721
-45.273
-44.19
-42.635
-41.944
-41.479
-43.152
-45.43
-40.825
-40.83
-42.363
-40.743
-45.8
-37.436
-36.204
-40.241
-37.27
-35.081
-46.888
-44.856
-42.259
-44.805
-45.675
-48.318
-40.439
-46.077
-43.548
-43.303
-44.012
-46.853
-45.194
-49.522
-52.695
-43.839
-48.114
-48.444
-48.434
-50.173
-49.575
-51.778
-45.187
-52.113
-43.397
-43.819
-42.368
-40.051
-39.026
-43.384
-44.529
-43.835
-47.802
-45.255
-39.365
-39.597
-37.797
-47.533
-50.107
-49.11
-42.608
-42.216
-43.553
-46.594
-45.04
-42.595
-40.452
-47.972
-47.994
-47.384
-41.173
-43.293
-48.592
-50.03
-49.008
-52.981
-49.584
-49.268
-46.334
-51.751
-52.412
-56.877
-55.523
-57.453
-51.028
-54.286
-53.826
-59.564
-51.208
-53.361
-51.585
-55.84
-51.07
-55.531
-48.088
-49.289
-51.376
-55.167
-54.234
-49.313
-46.744
-54.693
-50.031
-49.664
-51.478
-50.876
-49.597
-48.151
-52.723
-50.018
-47
-46.967
-47.354
-50.074
-49.193
-52.42
-50.891
-56.712
-55.842
-64.056
-58.954
-56.364
-57.9
-53.398
-52.487
-50.56
-53.345
-51.278
-49.114
-47.835
-48.89
-50.903
-49.217
-45.865
-46.561
-49.542
-45.348
-45.442
-36.609
-36.809
-46.339
-44.657
-46.495
-40.897
-48.916
-47.115
-54.176
-46.958
-52.66
-55.046
-48.793
-51.08
-52.824
-50.639
-53.281
-56.538
-55.349
-53.82
-49.868
-51.706
-48.294
-51.041
-57.401
-47.884
-45.495
-50.68
-51.208
-50.487
-50.592
-45.88
-46.734
-46.065
-48.259
-50.662
-49.687
-44.811
-42.259
-47.18
-47.373
-48.662
-43.436
-48.791
-45.581
-47.718
-49.529
-50.262
-47.891
-53.616
-49.169
-49.941
-46.934
-49.056
-49.642
-51.459
-50.728
-50.759
-56.35
-52.937
-47.288
-46.972
-49.9
-51.948
-48.963
-53.145
-46.49
-49.589
-46.65
-41.67
-42.005
-42.906
-51.885
-47.597
-45.787
-41.622
-42.782
-47.178
-45.164
-49.301
-54.102
-51.331
-55.865
-48.523
-66.134
-63.434
-57.382
-49.759
-45.105
-51.004
-38.541
-38.864
-39.048
-39.478
-48.577
-37.582
-33.918
-35.08
-34.613
-32.648
-35.628
-32.799
-38.707
-34.663
-31.847
-36.095
-41.435
-40.634
-37.551
-39.456
-31.983
-26.614
-30.258
-32.904
-27.362
-32.542
-37.506
-37.125
-39.782
-40.063
-34.377
-34.508
-34.193
-34.756
-34.695
-33.93
-37.918
-36.305
-37.587
-33.096
-31.695
-39.194
-40.542
-36.88
-38.246
-43.639
-39.309
-39.401
-36.26
-36.05
-35.25
-36.721
-38.083
-37.363
-40.626
-41.977
-37.078
-36.494
-44.69
-36.647
-33.272
-31.233
-30.86
-38.448
-37.502
-31.156
-34.136
-30.238
-32.905
-35.667
-31.55
-32.158
-37.064
-44.354
-44.155
-42.12
-37.571
-35.428
-37.117
-36.141
-36.176
-35.108
-38.901
-36.406
-42.997
-40.674
-43.827
-44.116
-43.132
-36.474
-38.128
-36.715
-32.052
-39.771
-39.735
-33.463
-33.412
-36.195
-43.572
-36.221
-35.955
-33.531
-37.379
-42.745
-34.897
-36.307
-38.485
-35.823
-32.18
-34.732
-30.474
-28.668
-32.481
-30.886
-30.911
-34.197
-34.056
-37.704
-40.573
-39.139
-42.11
-38.836
-39.938
-36.869
-39.812
-40.598
-43.352
-47.754
-46.204
-41.699
-38.94
-38.136
-35.562
-43.897
-35.164
-30.108
-39.725
-38.661
-42.823
-46.686
-45.404
-38.006
-33.004
-38.093
-33.344
-31.884
-32.472
-40.987
-44.804
-44.69
-45.544
-42.841
-41.868
-42.361
-40.427
-33.533
-32.645
-35.32
-37.848
-35.127
-32.807
-35.755
-38.476
-39.807
-35.785
-36.904
-35.266
-40.627
-38.527
-39.811
-31.468
-37.376
-35.166
-36.392
-39.043
-35.565
-34.083
-32.25
-31.505
-36.792
-34.527
-35.822
-33.796
-34.828
-35.621
-45.768
-37.846
-36.379
-36.626
-34.387
-36.436
-44.737
-42.497
-36.253
-34.389
-36.584
-42.154
-33.877
-31.321
-34.338
-37.36
-32.433
-39.131
-35.324
-34.886
-38.564
-33.53
-39.282
-41.938
-31.906
-31.312
-32.264
-28.048
-27.51
-34.122
-34.251
-34.014
-34.469
-33.389
-35.978
-43.227
-41.674
-34.519
-40.743
-36.533
-36.375
-40.446
-38.612
-39.183
-38.334
-37.429
-39.273
-33.579
-32.672
-32.977
-41.357
-46.02
-49.983
-52.8
-62.228
-61.318
-60.794
-59.856
-60.269
-60.508
-61.112
-66.55
-64.193
-60.492
-63.353
-68.306
-65.637
-61.943
-61.873
-68.617
-68.238
-67.322
-69.32
-71.248
-68.468
-71.888
-76.214
-73.627
-68.733
-74.186
-71.306
-71.829
-70.548
-74.857
-70.485
-72.9
-70.603
-74.246
-71.533
-71.371
-68.728
-71.242
-73.233
-70.873
-68.52
-66.706
-63.637
-58.652
-56.299
-49.25
-48.99
-50.506
-55.331
-49.628
-47.875
-37.5
-41.662
-44.143
-42.977
-38.268
-40.657
-39.316
-40.913
-41.17
-39.147
-43.899
-36.99
-44.716
-38.855
-43.148
-47.27
-42.395
-44.47
-50.12
-52.856
-58.565
-60.397
-59.451
-55.655
-61.786
-64.018
-64.381
-58.736
-58.013
-52.403
-55.436
-55.056
-54.533
-54.199
-52.156
-62.442
-62.353
-59.474
-62.87
-62.558
-58.975
-64.377
-62.6
-63.791
-70.585
-68.306
-70.704
-70.31
-70.933
-75.352
-76.466
-77.145
-76.145
-72.801
-64.659
-66.021
-68.487
-70.718
-70.954
-68.234
-72.845
-66.288
-68.515
-74.224
-72.517
-70.272
-73.655
-75.47
-72.27
-77.051
-74.784
-77.468
-78.403
-79.553
-76.412
-81.578
-81.192
-78.999
-79.733
-79.81
-78.074
-78.291
-80.399
-80.449
-83.362
-79.346
-80.772
-81.601
-83.053
-79.094
-80.97
-82.588
-80.491
-80.24
-83.164
-77.213
-80.018
-81.528
-80.301
-78.571
-78.764
-73.842
-77.892
-79.568
-77.947
-76.132
-72.1
-74.995
-77.635
-73.57
-74.495
-74.904
-76.045
-71.296
-72.59
-71.64
-68.933
-70.958
-70.395
-72.522
-67.089
-74.344
-73.615
-70.81
-73.511
-70.478
-75.447
-77.925
-73.712
-73.886
-77.483
-79.915
-76.961
-75.333
-74.168
-75.597
-79.45
-78.893
-77.569
-80.111
-75.854
-76.313
-73.915
-76.222
-76.721
-76.518
-77.589
-74.218
-74.178
-73.361
-68.072
-65.323
-61.909
-53.506
-54.886
-54.716
-56.084
-50.266
-55.345
-52.387
-48.732
-52.858
-52.795
-49.717
-57.948
-56.356
-56.377
-57.065
-58.024
-59.811
-57.297
-55.078
-57.715
-56.685
-60.933
-60.368
-63.387
-57.733
-64.583
-67.584
-74.007
-69.928
-64.447
-62.834
-73.727
-70.984
-69.39
-73.129
-71.725
-71.64
-63.965
-63.871
-65.814
-65.963
-66.707
-62.043
-63.573
-60.85
-50.557
-51.946
-49.834
-50.58
-60.304
-57.574
-60.097
-57.335
-58.336
-58.754
-60.121
-63.849
-58.773
-50.482
-54.776
-55.087
-52.107
-54.104
-55.045
-56.787
-56.096
-60.252
-55.873
-58.36
-57.69
-58.891
-51.901
-51.434
-56.608
-55.097
-59.17
-57.043
-55.998
-55.251
-54.45
-56.739
-53.807
-54.086
-58.464
-64.64
-59.569
-54.739
-51.833
-60.816
-52.959
-57.334
-57.782
-51.218
-51.972
-56.476
-59.582
-53.198
-50.847
-56.507
-55.06
-49.163
-52.958
-52.527
-53.676
-52.184
-48.72
-50.368
-51.571
-50.427
-51.071
-46.259
-52.822
-48.306
-51.748
-46.249
-44.834
-47.934
-45.484
-48.371
-44.379
-46.924
-40.865
-48.941
-43.724
-47.389
-45.394
-46.703
-45.201
-44.612
-50.111
-45.104
-47.334
-49.089
-49.723
-48.793
-46.098
-52.415
-47.993
-47.273
-50.962
-56.099
-51.254
-52.676
-53.039
-45.034
-45.24
-47.473
-47.569
-49.447
-49.153
-48.074
-54.033
-52.219
-51.387
-50.597
-48.687
-42.828
-42.287
-46.99
-45.793
-42.985
-49.631
-49.593
-52.02
-56.777
-56.708
-51.926
-52.995
-61.455
-52.674
-52.95
-48.917
-44.243
-43.485
-41.801
-45.454
-53.331
-44.527
-39.054
-44.159
-43.347
-51.169
-48.443
-49.676
-45.264
-52.809
-49.412
-44.968
-51.392
-56.79
-54.211
-52.629
-45.906
-57.39
-49.896
-48.582
-50.409
-46.684
-44.832
-46.705
-42.745
-44.765
-52.057
-45.023
-46.132
-50.885
-41.865
-41.119
-48.508
-52.408
-49.605
-44.853
-49.153
-45.275
-43.107
-43.777
-46.322
-42.537
-45.066
-45.548
-46.029
-51.184
-43.882
-53.697
-49.056
-45.537
-44.31
-44.259
-39.646
-39.361
-52.068
-46.062
-48.592
-43.391
-39.584
-41.222
-48.699
-51.608
-45.22
-46.051
-46.57
-47.719
-46.931
-47.973
-49.216
-50.439
-48.165
-46.236
-45.157
-46.04
-49.876
-53.486
-52.836
-52.229
-49.421
-48.39
-41.976
-46.891
-49.283
-47.56
-49.154
-45.301
-46.613
-53.622
-55.544
-52.642
-48.81
-45.704
-50.139
-50.92
-56.273
-54.991
-48.362
-49.869
-51.911
-48.493
-49.358
-51.296
-51.812
-45.168
-43.338
-48.469
-45.735
-48.297
-44.839
-47.95
-47.885
-44.568
-45.567
-43.207
-46.115
-51.244
-46.995
-52.823
-46.345
-48.57
-47.695
-47.255
-53.357
-51.028
-49.066
-48.339
-52.528
-48.223
-53.481
-50.354
-49.477
-45.666
-46.153
-46.552
-45.994
-45.957
-45.256
-49.301
-49.733
-50.417
-50.785
-51.529
-49.515
-47.695
-46.892
-46.75
-50.871
-47.618
-50.008
-45.804
-50.065
-49.903
-46.824
-47.254
-50.043
-51.325
-46.321
-46.79
-49.469
-51.6
-46.474
-45.769
-50.215
-48.907
-48.034
-46.851
-55.375
-49.502
-51.515
-53.922
-55.482
-50.153
-49.212
-51.819
-50.683
-48.919
-51.99
-47.922
-47.692
-49.868
-53.61
-55.366
-53.056
-50.73
-51.774
-52.375
-52.424
-49.518
-52.736
-52.422
-53.358
-52.663
-51.139
-50.478
-51.174
-48.474
-53.769
-53.39
-51.341
-49.864
-49.491
-53.697
-48.632
-45.591
-51.062
-52.732
-52.413
-51.75
-50.156
-52.139
-47.063
-50.828
-53.7
-53.455
-53.457
-51.889
-52.299
-49.29
-48.875
-49.199
-49.889
-46.557
-48.607
-47.641
-47.761
-47.499
-50.82
-46.731
-49.995
-53.859
-51.869
-50.374
-42.725
-46.481
-45.01
-47.698
-48.745
-49.745
-52.071
-51.006
-43.179
-46.385
-50.642
-45.071
-47.011
-45.715
-46.815
-45.696
-52.559
-49.581
-45.474
-45.578
-44.847
-50.424
-45.337
-45.132
-50.414
-47.323
-49.654
-45.133
-48.846
-48.132
-46.42
-47.698
-45.213
-44.495
-45.594
-45.013
-50.45
-48.904
-43.545
-46.254
-43.566
-47.367
-45.992
-48.785
-43.922
-46.683
-45.275
-43.366
-45.751
-53.619
-44.823
-45.698
-48.218
-43.807
-42.329
-43.616
-44.475
-44.018
-48.167
-47.999
-48.57
-45.761
-41.528
-50.947
-42.29
-43.968
-39.505
-40.077
-43.303
-44.618
-44.535
-37.77
-38.203
-38.001
-34.807
-37.715
-43.412
-42.787
-47.127
-49.614
-49.807
-47.791
-47.796
-49.405
-51.035
-50.199
-46.723
-45.105
-52.058
-53.833
-54.697
-49.166
-47.945
-51.831
-48.194
-45.669
-47.272
-46.023
-47.082
-41.311
-39.198
-43.505
-48.395
-52.626
-49.509
-49.038
-41.635
-46.379
-38.6
-46.765
-49.474
-49.532
-55.57
-49.742
-56.187
-52.242
-55.465
-54.85
-50.017
-53.193
-53.614
-53.15
-51.14
-54.02
-52.016
-51.828
-47.079
-47.104
-48.854
-51.244
-47.828
-50.886
-48.091
-48.039
-47.641
-49.292
-46.169
-38.511
-43.942
-43.121
-38.749
-37.997
-38.385
-42.322
-42.608
-42.85
-37.708
-41.354
-39.358
-41.991
-38.765
-42.077
-37.397
-39.023
-38.912
-41.045
-39.818
-39.686
-36.4
-45.723
-41.499
-35.141
-39.425
-39.055
-34.51
-33.062
-38.142
-37.544
-40.161
-43.291
-36.759
-38.187
-39.82
-38.45
-37.444
-32.731
-35.128
-35.818
-38.833
-37.687
-37.658
-33.743
-38.052
-40.819
-36.441
-32.11
-35.866
-35.685
-32.46
-39.223
-43.942
-35.196
-37.141
-36.942
-37.814
-37.121
-39.026
-36.791
-40.416
-36.752
-37.425
-36.41
-41.465
-33.049
-38.136
-35.045
-32.634
-41.38
-35.073
-28.756
-33.432
-39.043
-39.796
-37.572
-38.059
-36.48
-35.931
-36.026
-36.445
-33.659
-39.155
-40.124
-37.44
-36.443
-39.229
-37.471
-40.547
-38.196
-33.72
-34.585
-32.778
-34.92
-33.539
-33.955
-33.152
-36.611
-39.314
-36.691
-39.279
-35.48
-28.989
-29.691
-35.397
-29.721
-27.317
-24.45
-28.117
-27.796
-23.737
-21.289
-24.58
-29.908
-25.639
-21.791
-28.887
-26.975
-28.555
-25.61
-31.105
-26.932
-21.794
-24.217
-29.935
-26.57
-27.972
-24.353
-23.085
-22.883
-28.603
-36.379
-32.591
-30.909
-30.655
-31.232
-27.993
-28.913
-28.777
-25.383
-25.886
-24.988
-29.268
-24.361
-25.333
-31.162
-30.345
-30.806
-32.822
-30.101
-29.253
-27.524
-30.661
-27.414
-24.068
-28.562
-27.061
-26.445
-25.386
-27.223
-27.094
-24.719
-26.128
-26.623
-31.357
-31.692
-32.276
-35.624
-29.233
-33.731
-35.422
-35.564
-31.104
-27.286
-27.274
-26.077
-28.315
-34.174
-32.898
-30.053
-19.843
-27.945
-26.529
-24.158
-22.856
-23.92
-20.296
-20.687
-22.733
-25.084
-19.442
-19.789
-22.244
-21.339
-20.051
-20.872
-24.801
-22.082
-28.287
-25.657
-23.952
-22.643
-25.911
-25.029
-26.864
-29.64
-32.861
-34.179
-28.33
-29.648
-27.214
-27.889
-32.598
-33.513
-27.54
-31.913
-28.526
-24.276
-23.43
-33.699
-32.554
-30.23
-29.256
-29.344
-31.056
-37.246
-34.219
-31.724
-28.825
-33.425
-32.113
-32.214
-33.505
-28.667
-30.952
-30.83
-32.51
-33.177
-34.08
-34.095
-32.279
-27.86
-24.933
-36.164
-44.158
-39.984
-35.551
-35.413
-37.769
-33.23
-31.898
-37.899
-33.824
-26.181
-23.226
-29.684
-29.237
-31.014
-32.007
-34.587
-36.789
-34.114
-30.37
-30.758
-30.424
-34.786
-38.813
-36.905
-33.333
-33.212
-36.924
-32.009
-30.727
-27.207
-24.863
-22.045
-26.369
-20.507
-26.557
-25.223
-24.36
-26.735
-23.838
-30.019
-30.59
-33.243
-34.064
-29.908
-29.681
-32.323
-27.585
-26.11
-31.661
-27.351
-24.873
-31.238
-26.004
-22.264
-23.768
-24.589
-29.305
-31.108
-29.549
-28.792
-33.276
-29.06
-29.141
-30.626
-30.881
-36.283
-35.494
-33.515
-33.717
-34.213
-32.054
-38.394
-39.757
-33.151
-37.611
-39.384
-34.559
-35.988
-36.494
-29.916
-31.898
-27.612
-34.315
-28.737
-26.595
-40.181
-39.521
-40.541
-36.347
-31.982
-36.486
-35.999
-37.75
-35.771
-35.158
-32.694
-32.621
-42.646
-41.812
-37.169
-44.064
-48.185
-42.922
-35.559
-44.644
-41.971
-48.71
-49.969
-43.65
-39.938
-50.821
-44.373
-36.541
-49.094
-52.763
-60.083
-53.718
-62.623
-58.657
-61.336
-63.479
-68.111
-69.304
-66.17
-68.648
-68.796
-67.872
-64.765
-69.582
-70.616
-67.794
-68.95
-70.764
-72.139
-72.367
-73.322
-76.255
-69.469
-72.005
-68.805
-71.998
-70.498
-73.169
-72.525
-71.22
-69.525
-70.881
-70.436
-68.878
-70.163
-66.607
-69.103
-64.224
-62.268
-57.106
-55.086
-54.854
-59.137
-59.674
-65.562
-61.221
-61.121
-62.781
-63.493
-52.912
-57.09
-55.062
-48.787
-51.149
-48.416
-45.556
-46.981
-44.037
-49.887
-49
-47.853
-54.202
-45.734
-47.343
-50.337
-43.788
-48.429
-48.195
-47.312
-51.953
-52.635
-47.825
-52.538
-50.582
-48.659
-53.641
-48.672
-54.942
-50.262
-48.473
-53.204
-54.658
-58.22
-51.665
-50.748
-52.579
-57.479
-55.025
-53.762
-50.1
-52.637
-53.282
-53.763
-54.975
-54.102
-49.959
-47.431
-48.093
-49.455
-51.398
-47.936
-47.715
-49.611
-45.5
-47.657
-47.951
-43.118
-37.66
-41.979
-40.63
-41.622
-41.682
-42.712
-40.09
-37.956
-42.352
-43.338
-39.97
-41.965
-42.017
-42.231
-40.986
-42.406
-40.787
-39.02
-37.526
-37.992
-35.063
-33.303
-33.054
-39.406
-32.897
-28.477
-33.7
-32.417
-35.184
-45.132
-37.864
-42.997
-33.514
-32.907
-31.391
-27.953
-30.888
-37.12
-36.65
-29.403
-31.634
-34.653
-41.262
-34.055
-31.11
-28.805
-26.808
-34.783
-27.411
-30.752
-32.428
-30.325
-30.454
-28.11
-25.564
-26.296
-30.924
-33.65
-32.351
-33.804
-34.593
-33.324
-31.419
-31.227
-35.246
-37.24
-30.525
-34.286
-32.82
-34.83
-32.067
-29.46
-27.65
-26.726
-29.24
-29.594
-26.501
-36.374
-31.312
-37.333
-23.825
-22.397
-34.19
-31.216
-35.042
-34.532
-33.786
-31.424
-24.904
-31.084
-24.951
-27.948
-25.715
-30.505
-33.972
-34.517
-33.857
-35.258
-32.905
-32.929
-28.19
-31.89
-34.675
-23.481
-20.25
-19.166
-13.519
-23.515
-20.769
-23.6
-29.233
-30.707
-28.243
-28.369
-31.535
-28.191
-32.312
-34.568
-33.641
-32.551
-29.688
-33.232
-36.352
-33.954
-26.141
-24.243
-25.471
-31.683
-29.828
-37.112
-32.771
-31.446
-31.296
-24.038
-27.494
-26.487
-24.283
-22.985
-30.361
-29.95
-30.348
-21.15
-18.898
-18.873
-22.159
-22.801
-27.916
-27.616
-24.51
-22.764
-20.683
-27.44
-30.752
-31.538
-28.596
-23.649
-29.205
-22.875
-21.258
-22.596
-22.463
-27.585
-20.888
-21.829
-26.389
-28.002
-32.096
-27.948
-31.113
-26.459
-30.474
-33.001
-27.176
-38.914
-37.081
-36.755
-43.789
-46.266
-45.093
-46.192
-42.776
-55.646
-54.663
-54.586
-44.837
-39.175
-31.433
-30.312
-28.366
-34.654
-34.559
-38.434
-34.404
-34.545
-35.163
-38.442
-36.293
-38.788
-37.601
-36.673
-41.215
-46.22
-50.169
-50.116
-49.859
-39.424
-43.809
-43.042
-43.691
-44.643
-45.891
-46.143
-50.498
-42.419
-39.926
-40.469
-41.084
-40.562
-45.186
-48.719
-44.522
-40.238
-40.914
-43.73
-44.884
-43.01
-41.883
-45.275
-41.276
-43.701
-45.689
-43.723
-45.23
-46.476
-43.121
-50.64
-46.129
-44.512
-47.467
-45.674
-47.226
-43.671
-48.617
-48.279
-46.227
-44.838
-43.411
-45.411
-48.072
-47.39
-44.623
-40.826
-47.332
-46.531
-50.786
-45.772
-46.144
-48.85
-49.942
-43.866
-47.673
-52.389
-50.383
-43.748
-43.191
-38.334
-44.861
-44.744
-41.547
-42.352
-38.391
-35.651
-39.545
-42.901
-38.817
-40.427
-40.735
-36.832
-39.878
-40.214
-40.355
-39.653
-39.611
-35.722
-35.267
-30.805
-30.147
-39.987
-37.78
-36.92
-32.799
-32.316
-31.136
-26.685
-30.672
-36.678
-37.119
-31.777
-32.309
-31.993
-39.899
-32.135
-35.564
-37.078
-34.34
-36.154
-31.934
-25.53
-27.519
-30.999
-29.875
-29.905
-30.897
-27.075
-23.815
-23.091
-26.868
-24.75
-30.825
-30.039
-30.947
-31.908
-25.713
-27.085
-27.975
-30.541
-29.733
-27.896
-33.972
-35.812
-33.527
-32.471
-26.719
-28.172
-33.659
-32.408
-28.774
-31.994
-34.706
-32.218
-34.725
-35.16
-37.667
-33.228
-35.985
-31.697
-32.464
-28.871
-32.206
-34.069
-33.776
-31.165
-29.184
-27.351
-34.423
-29.98
-28.795
-27.539
-30.13
-29.8
-29.953
-25.127
-30.944
-24.335
-23.853
-27.18
-24.216
-27.019
-31.342
-20.78
-19.712
-22.646
-23.601
-25.526
-29.067
-28.004
-25.507
-23.035
-15.247
-23.63
-20.654
-24.614
-24.707
-22.903
-28.203
-28.256
-29.455
-23.523
-30.28
-26.08
-19.979
-23.416
-32.306
-26.064
-26.905
-23.174
-26.744
-29.226
-23.356
-28.191
-26.092
-28.248
-33.476
-27.78
-24.518
-21.799
-24.798
-20.414
-23.627
-28.04
-27.578
-26.695
-29.688
-31.598
-27.374
-32.491
-25.719
-30.275
-23.334
-26.539
-30.638
-28.668
-27.886
-30.167
-28.827
-30.532
-32.623
-26.981
-27.812
-25.687
-24.234
-26.447
-23.957
-29.96
-26.386
-29.418
-30.939
-30.615
-32.294
-35.4
-32.813
-32.136
-33.951
-32.608
-25.67
-26.815
-31.949
-32.148
-32.418
-29.05
-26.092
-25.677
-25.113
-25.428
-22.173
-25.964
-29.105
-27.982
-25.595
-33.657
-27.296
-26.322
-28.668
-29.836
-30.494
-26.872
-32.953
-30.152
-28.547
-28.783
-26.223
-26.748
-30.073
-35.838
-31.133
-30.743
-23.518
-27.927
-25.628
-29.791
-33.497
-30.813
-35.797
-36.966
-35.869
-33.724
-35.995
-31.667
-35.502
-39.572
-35.158
-37.509
-41.176
-33.439
-38.668
-33.604
-25.251
-25.358
-30.368
-37.185
-36.3
-39.048
-40.709
-44.005
-44.07
-41.792
-45.103
-44.525
-43.615
-44.354
-41.385
-41.971
-48.643
-48.862
-47.581
-47.303
-50.467
-49.322
-46.113
-44.815
-44.94
-51.488
-49.297
-45.295
-43.664
-46.037
-44.605
-43.626
-47.304
-49.567
-50.255
-41.457
-41.796
-48.792
-49.98
-46.815
-43.539
-42.113
-45.718
-42.496
-45.878
-43.902
-39.725
-39.684
-38.315
-37.251
-38.514
-39.283
-43.987
-41.249
-39.016
-43.871
-41.873
-38.391
-36.991
-34.574
-41.513
-39.465
-34.766
-37.15
-44.268
-43.31
-35.868
-41.609
-38.096
-38.215
-34.226
-39.613
-30.957
-35.878
-36.556
-37.81
-38.983
-35.8
-36.22
-33.335
-33.799
-34.761
-35.093
-34.54
-30.222
-29.074
-32.911
-34.047
-35.438
-37.025
-36.876
-37.721
-42.023
-38.434
-31.815
-33.844
-36.348
-35.84
-37.524
-36.02
-30.164
-32.434
-32.137
-34.474
-29.263
-32.296
-35.209
-30.387
-37.504
-31.693
-33.847
-35.717
-36.082
-33.942
-35.92
-38.889
-36.403
-37.203
-35.828
-36.558
-37.98
-39.84
-36.215
-33.129
-35.776
-37.399
-40.964
-48.423
-42.917
-44.953
-46.564
-46.24
-45.073
-38.862
-41.965
-39.082
-37.816
-39.482
-39.675
-35.821
-32.606
-39.392
-34.936
-33.482
-32.265
-37.379
-37.212
-33.418
-35.914
-34.456
-35.226
-36.226
-34.289
-37.45
-33.316
-30.967
-31.772
-37.588
-37.005
-40.393
-39.577
-37.548
-40.388
-36.716
-36.871
-36.116
-39.609
-36.567
-38.138
-41.561
-36.008
-38.306
-34.095
-32.612
-34.751
-33.389
-37.137
-34.388
-38.682
-40.001
-37.902
-35.298
-35.627
-38.503
-35.278
-37.316
-37.058
-31.66
-33.012
-34.138
-34.259
-32.727
-39.292
-33.562
-36.281
-30.498
-36.704
-30.748
-32.759
-31.066
-33.31
-35.753
-35.602
-29.556
-33.909
-37.21
-36.339
-35.003
-35.576
-37.834
-40.379
-38.184
-37.677
-42.293
-41.753
-37.327
-35.32
-36.491
-42.196
-40.308
-43.375
-42.459
-41.955
-40.849
-40.962
-38.831
-37.313
-36.058
-40.452
-42.312
-40.452
-41.376
