6.4561423408e-06
6.4633894407e-06
6.5230129404e-06
6.5439826002e-06
6.5521591002e-06
6.5576740401e-06
6.5296197203e-06
nan
6.5124622204e-06
nan
nan
6.4643747007e-06
6.4438930408e-06
6.4387400009e-06
6.422337301e-06
6.413789561e-06
nan
nan
nan
nan
nan
nan
nan
nan
nan
6.4622808207e-06
6.3418163615e-06
6.3375767015e-06
6.3285729015e-06
6.4049562211e-06
6.3099481217e-06
6.2757092219e-06
6.420022441e-06
6.4056440811e-06
6.2669505619e-06
6.259209542e-06
6.252556982e-06
6.2646774419e-06
6.3215927416e-06
6.2317938421e-06
6.415671861e-06
6.4007426811e-06
6.2744009019e-06
6.257981522e-06
6.2764243619e-06
6.2219510222e-06
6.2780760818e-06
6.2915733618e-06
6.2922461418e-06
6.2659757019e-06
6.2971209217e-06
6.3032969817e-06
6.3034705417e-06
6.2894050018e-06
6.2342823621e-06
6.2286843221e-06
6.252383182e-06
6.2892767618e-06
6.1896005024e-06
6.2138228022e-06
6.2639815819e-06
6.2791372218e-06
6.2370515421e-06
6.2614405619e-06
6.256903222e-06
6.1797573424e-06
6.1701618625e-06
6.2968291017e-06
6.2061378223e-06
6.2231015622e-06
6.2034035623e-06
6.1638471425e-06
6.2655197619e-06
6.1818453624e-06
6.1831286624e-06
6.1702447025e-06
6.1754285025e-06
6.1947700224e-06
6.1886811224e-06
6.1277187628e-06
6.1912690824e-06
6.1496752226e-06
6.1301312427e-06
6.1472952026e-06
6.1381427227e-06
6.1379175627e-06
6.1772988825e-06
6.1806015424e-06
6.1725220625e-06
6.1207393228e-06
6.1633158825e-06
6.2277173822e-06
6.1689916225e-06
6.1958440023e-06
6.2030468023e-06
6.2248081222e-06
6.2204574022e-06
6.2332613621e-06
6.2279538821e-06
6.2154388422e-06
6.3161578416e-06
6.1489005226e-06
6.1321279027e-06
6.1209376628e-06
6.3061280017e-06
6.2426684221e-06
6.2634032819e-06
6.1896716224e-06
6.1955547623e-06
6.2049674423e-06
6.2143989822e-06
6.2210356222e-06
6.251634582e-06
6.2967722817e-06
6.3493387414e-06
6.3566009614e-06
6.4446410408e-06
6.4552799608e-06
6.4365837609e-06
6.415683181e-06
6.4335285409e-06
6.423630261e-06
6.4586530407e-06
6.5006829805e-06
6.4959618205e-06
6.5280959803e-06
6.6163030598e-06
6.6378311197e-06
6.6184532798e-06
6.6801872594e-06
6.7317889591e-06
6.7124817192e-06
6.7669515789e-06
6.906780958e-06
6.8096050986e-06
nan
nan
nan
nan
nan
nan
7.1235513767e-06
7.1053304568e-06
7.1631193565e-06
7.1516548965e-06
nan
7.2804482358e-06
7.2864365157e-06
nan
7.3372174154e-06
nan
nan
7.3361017554e-06
7.3675161152e-06
7.3562433353e-06
7.3312349154e-06
7.3651763952e-06
7.3788236152e-06
7.3695920152e-06
nan
nan
7.5240684143e-06
7.5388025542e-06
nan
nan
7.7629046528e-06
nan
7.8030429726e-06
7.7602033328e-06
7.8869138921e-06
7.8736875921e-06
7.7528134929e-06
nan
7.9118038119e-06
8.0286922112e-06
8.0839813909e-06
8.1137426707e-06
nan
8.1757851103e-06
8.1610879104e-06
8.2022003302e-06
8.2392621899e-06
8.2527397898e-06
8.2690036097e-06
8.3281916894e-06
8.3469507893e-06
8.4180649288e-06
8.4293527088e-06
8.4593572686e-06
8.4943864684e-06
8.4936676884e-06
8.6096679877e-06
nan
8.7550880468e-06
8.7097080871e-06
8.717524847e-06
8.7340062269e-06
8.8666792461e-06
8.8969810659e-06
8.9142970058e-06
8.9580679056e-06
8.8559325662e-06
8.885214906e-06
9.0318705651e-06
9.0881271248e-06
9.0800273648e-06
9.1218968846e-06
9.1296002045e-06
9.1683286643e-06
9.1111445846e-06
9.1051832047e-06
9.1803594842e-06
nan
9.1899313041e-06
9.1854743442e-06
9.3356763633e-06
9.208021584e-06
nan
nan
9.2835347036e-06
9.2781637636e-06
9.2762814636e-06
9.3140230434e-06
9.2914632435e-06
9.3254386433e-06
9.4327747627e-06
9.3467164232e-06
9.3462533832e-06
9.3336742433e-06
9.3286567433e-06
9.2977398835e-06
9.4534164225e-06
9.4593785225e-06
9.4082042428e-06
9.4333889827e-06
9.5285660021e-06
9.5041351622e-06
9.4564863825e-06
9.6371129414e-06
nan
nan
9.7341373208e-06
9.8610666401e-06
9.8837127199e-06
9.9046071598e-06
9.9122811998e-06
1.0022925979e-05
1.0024986719e-05
1.0014639779e-05
1.0165878998e-05
1.0197203178e-05
nan
1.0248466658e-05
1.0225958038e-05
nan
1.0358654137e-05
nan
1.0434059517e-05
nan
1.0386332497e-05
1.0388727057e-05
nan
nan
nan
nan
1.0289970177e-05
nan
nan
9.7407153408e-06
9.7242269409e-06
nan
nan
9.708183481e-06
9.7385036408e-06
nan
nan
nan
9.4746527624e-06
9.3511102432e-06
9.1896927041e-06
9.220515964e-06
9.2291488439e-06
9.2330495639e-06
nan
9.1804184242e-06
nan
9.1005593647e-06
nan
9.0127191252e-06
8.9171819058e-06
8.9084829859e-06
8.714578407e-06
nan
nan
8.8024678265e-06
8.8078271665e-06
8.6962459871e-06
8.5035490483e-06
8.4384835287e-06
8.4084060889e-06
8.1445577505e-06
nan
8.0526779311e-06
8.0460730911e-06
8.0473722511e-06
8.1032910908e-06
7.9830374115e-06
8.0500058511e-06
8.0306300312e-06
7.9320619918e-06
7.9700309916e-06
7.9967961914e-06
nan
7.891437812e-06
nan
7.7142220731e-06
7.7189190131e-06
7.7711344528e-06
7.7902722927e-06
7.6934074132e-06
7.7855141927e-06
7.7004417332e-06
7.727873113e-06
7.738787053e-06
nan
nan
7.8243744924e-06
nan
7.8357636924e-06
7.8446100323e-06
7.8735456521e-06
nan
7.9380049518e-06
7.9340825718e-06
nan
8.0165382513e-06
8.0287371912e-06
8.0531877711e-06
8.0542550711e-06
8.054961891e-06
nan
nan
8.1487776705e-06
8.0765889309e-06
8.0724471109e-06
nan
nan
nan
nan
nan
8.1093141707e-06
8.1252438306e-06
nan
8.2897414896e-06
8.2428851699e-06
8.2770100497e-06
8.3284304494e-06
8.3058288895e-06
8.3580565692e-06
8.3496588893e-06
8.3734016291e-06
8.4223479688e-06
8.4956777084e-06
8.5306086682e-06
8.5041444083e-06
8.5060632483e-06
8.5166772082e-06
nan
8.4802252885e-06
nan
nan
nan
nan
nan
nan
8.2395206099e-06
8.2551128498e-06
nan
nan
8.2454150299e-06
nan
nan
nan
nan
nan
8.4102388489e-06
nan
nan
nan
nan
nan
nan
nan
nan
8.3511082292e-06
8.4195581688e-06
8.3827436691e-06
nan
8.4024701289e-06
8.394205749e-06
nan
nan
8.4230994088e-06
8.3635508692e-06
8.392407629e-06
8.4102508089e-06
nan
nan
nan
nan
nan
nan
nan
8.1389523105e-06
8.1376718105e-06
8.1135190907e-06
8.1988574302e-06
8.1784682703e-06
8.1409400705e-06
8.0835174109e-06
8.1180565707e-06
8.1461430105e-06
8.1292611106e-06
8.1158563907e-06
8.1196745307e-06
8.1460136305e-06
8.1435869105e-06
8.1664188104e-06
8.1484333305e-06
8.1271518106e-06
8.1360710306e-06
nan
8.055911631e-06
8.0993388108e-06
8.0999265308e-06
7.9725840515e-06
7.8733960121e-06
7.903380892e-06
nan
nan
nan
nan
7.8332949124e-06
nan
7.8706836922e-06
nan
7.8790138921e-06
7.8845609521e-06
nan
7.8723692522e-06
7.896781552e-06
7.9212702719e-06
nan
7.9984994514e-06
8.0006569914e-06
nan
nan
nan
8.0995149108e-06
8.1211250506e-06
8.1299078506e-06
8.0912599708e-06
8.1237502106e-06
8.1084115707e-06
nan
8.2022387302e-06
8.2553773698e-06
8.22456849e-06
nan
nan
nan
8.2130083301e-06
8.22585567e-06
nan
8.1184069307e-06
nan
8.0483534711e-06
nan
7.8681528122e-06
7.7239485331e-06
nan
nan
nan
7.7094032931e-06
nan
7.7174956331e-06
7.6935933332e-06
7.6538748135e-06
7.6630022734e-06
7.6931844932e-06
7.6995337132e-06
7.6839385733e-06
7.6922693933e-06
7.7007943132e-06
7.7066356732e-06
7.6937264732e-06
7.7108424531e-06
7.6852683733e-06
7.6825301933e-06
7.7002702732e-06
7.7242193531e-06
7.6764186933e-06
7.6795096733e-06
7.6897618133e-06
7.7064998132e-06
7.7091737731e-06
7.7054758132e-06
7.7138946931e-06
nan
7.7041804132e-06
7.7067196732e-06
nan
7.7985224726e-06
7.8243825324e-06
7.734433653e-06
nan
nan
7.7728104328e-06
7.8015598326e-06
7.7578266129e-06
nan
7.7131738331e-06
nan
7.9450220317e-06
nan
nan
7.9897720914e-06
nan
8.0389022711e-06
nan
7.9531160317e-06
nan
7.9294361318e-06
8.0878562508e-06
8.0844761709e-06
7.9243598518e-06
7.9148520919e-06
7.9421507717e-06
7.9409140517e-06
7.9290108518e-06
7.9515999517e-06
7.8877116321e-06
7.901436712e-06
7.897671472e-06
7.900620672e-06
7.8579979722e-06
7.8614744122e-06
7.8792678321e-06
7.7930994726e-06
7.8700493122e-06
7.8359642724e-06
7.7623950928e-06
7.903558072e-06
7.7910415527e-06
7.7556990729e-06
7.7488372929e-06
7.7160389331e-06
7.7843227727e-06
7.6996493732e-06
7.7615192128e-06
7.8506872123e-06
7.6876758933e-06
7.731251613e-06
7.7037877732e-06
7.7422082929e-06
7.7549007729e-06
7.7734467328e-06
7.733384013e-06
7.6265609736e-06
7.6589414135e-06
7.6016437538e-06
7.6285595936e-06
7.5987361338e-06
7.6070383138e-06
7.6124003137e-06
7.6772539733e-06
7.5546211741e-06
7.571286094e-06
7.6076697338e-06
7.6190268337e-06
7.5411534142e-06
7.5350880142e-06
7.5194796943e-06
nan
nan
nan
nan
7.5017626544e-06
7.4852095745e-06
7.5206931943e-06
7.4884872345e-06
7.4857969145e-06
7.4362739148e-06
nan
nan
7.3788152152e-06
7.3182835755e-06
7.3114251156e-06
7.403054035e-06
7.2995903756e-06
7.3307395754e-06
7.2907023757e-06
7.2876813957e-06
7.2959739157e-06
7.3146074355e-06
7.2787902358e-06
7.3146323555e-06
7.2767601558e-06
7.3234203955e-06
7.3079109556e-06
7.3047502156e-06
7.2791544558e-06
7.3020579556e-06
7.3613377353e-06
7.3180631955e-06
7.3341844754e-06
7.3429152954e-06
7.3216153755e-06
nan
7.3287215555e-06
7.3109422356e-06
7.2962494557e-06
7.3115121156e-06
7.4310234148e-06
7.4462409547e-06
nan
nan
nan
nan
7.3280542755e-06
7.3621952353e-06
7.3661262352e-06
7.3632651552e-06
7.3560270153e-06
7.3934047151e-06
7.4341742148e-06
7.4392606748e-06
7.4261032149e-06
7.3625565553e-06
7.404408335e-06
7.3924936951e-06
7.3436185154e-06
7.3498537153e-06
7.3681366352e-06
7.3676755152e-06
7.3489910553e-06
7.245844616e-06
7.2538994359e-06
7.3674655552e-06
7.3468884353e-06
7.3414094354e-06
7.3291782155e-06
7.2814844757e-06
7.2590021159e-06
7.243632416e-06
7.234589736e-06
7.3487548753e-06
7.2300447161e-06
nan
7.2135382362e-06
7.2600257159e-06
7.2143532562e-06
7.1901893763e-06
7.2581328359e-06
7.2492950959e-06
7.2136207762e-06
7.1737484964e-06
7.1296101967e-06
7.1397500566e-06
7.1542152165e-06
7.1529640165e-06
7.1720330564e-06
7.239187736e-06
7.1970741763e-06
7.2167610761e-06
7.2146284362e-06
7.2530166959e-06
7.233681716e-06
7.2972218957e-06
nan
nan
7.1265718567e-06
7.1685078764e-06
7.1906953963e-06
nan
nan
nan
nan
7.4405865548e-06
nan
7.4265017549e-06
7.4755542746e-06
7.4642579146e-06
7.4395041548e-06
7.4379491548e-06
7.4470516347e-06
7.4466274947e-06
7.4141495149e-06
7.3720395152e-06
7.3345870754e-06
7.3054130156e-06
7.4286057949e-06
7.4207489149e-06
7.4156868949e-06
7.4198640149e-06
7.3438202354e-06
7.3678676152e-06
7.398641615e-06
7.3605250553e-06
7.3627851153e-06
7.3587970553e-06
7.3708639752e-06
nan
nan
nan
7.5409588142e-06
7.5372301742e-06
7.5071521344e-06
7.5472350541e-06
nan
7.5817094139e-06
7.5583445741e-06
7.561525234e-06
7.5799846539e-06
7.5513822941e-06
7.575173814e-06
7.5817179539e-06
7.5388534342e-06
nan
nan
7.6094367538e-06
7.5888501539e-06
7.575570034e-06
7.566528454e-06
7.5779584939e-06
7.5868295939e-06
7.565332194e-06
7.5446761341e-06
7.5929472339e-06
7.5335124342e-06
7.5910609939e-06
7.6084947138e-06
7.5949828338e-06
7.575358954e-06
7.5808093139e-06
7.5859715739e-06
7.5583126941e-06
7.6241776337e-06
7.6567041135e-06
nan
7.6345892336e-06
nan
7.5882875939e-06
7.6708491134e-06
7.5479186741e-06
7.5948764938e-06
7.571120274e-06
7.5601972541e-06
7.565448134e-06
7.5572816741e-06
7.6381651736e-06
7.5513826141e-06
7.567870454e-06
7.5414772342e-06
7.572629974e-06
7.5906524739e-06
7.569390234e-06
7.5515502541e-06
7.564945094e-06
7.573529674e-06
7.5604199141e-06
7.562964214e-06
7.567871954e-06
7.562429494e-06
7.563887374e-06
7.5834268739e-06
7.5835767539e-06
7.5563756941e-06
7.5881226339e-06
7.576843234e-06
7.5592159141e-06
7.564714754e-06
7.568627734e-06
7.5792128739e-06
7.5788778139e-06
7.5492724341e-06
7.5874558939e-06
7.6360483536e-06
7.5904969339e-06
7.6027802738e-06
7.5923070739e-06
7.5587863541e-06
7.411061615e-06
7.3767045752e-06
7.398907895e-06
nan
7.242806816e-06
7.242569196e-06
7.2293996161e-06
7.2613467959e-06
7.2757850158e-06
7.246640336e-06
7.2702822758e-06
7.2795100158e-06
7.2291425961e-06
7.2542357159e-06
7.2533183959e-06
7.2746093758e-06
7.1623696365e-06
7.1327001767e-06
7.1494637965e-06
7.1627007365e-06
7.1418365166e-06
7.1645499565e-06
7.1867387563e-06
7.1781524164e-06
7.1962581763e-06
7.1743662564e-06
7.1889991963e-06
7.1995829962e-06
7.0642004571e-06
7.0291252973e-06
7.0319095773e-06
6.9219719979e-06
6.9213573779e-06
nan
6.8069085786e-06
nan
nan
6.753298319e-06
nan
6.7064049392e-06
6.5801578e-06
6.5982085999e-06
6.6279094397e-06
6.6975318993e-06
6.6848298194e-06
6.6789739994e-06
6.6619379995e-06
6.6454217596e-06
6.6959622593e-06
6.6396790396e-06
6.6900530193e-06
6.6775324994e-06
6.6903133393e-06
6.6571940795e-06
6.6830264594e-06
6.6577146795e-06
6.6912090393e-06
6.6876091994e-06
6.7025051593e-06
6.7017700793e-06
6.6952345193e-06
6.6869485994e-06
nan
7.1050695768e-06
7.079342057e-06
7.076183457e-06
7.0169935374e-06
7.1257270167e-06
7.1129326368e-06
7.0961400969e-06
7.079585837e-06
7.1358715366e-06
7.1464684166e-06
7.1339871766e-06
7.0295359373e-06
6.9672302577e-06
6.9860688175e-06
6.9945287975e-06
7.0285366773e-06
7.1535837965e-06
7.0238747573e-06
nan
6.9474768978e-06
nan
6.9703970176e-06
6.9693697776e-06
nan
6.9669488577e-06
6.9696032176e-06
6.9570402977e-06
6.9731607976e-06
6.9830007776e-06
7.0456322572e-06
6.9932705575e-06
6.9697212376e-06
6.9894763175e-06
7.0057662974e-06
6.9983439775e-06
7.0508913571e-06
7.069163457e-06
7.0875255169e-06
7.0838936169e-06
7.2209688561e-06
7.244363016e-06
7.236668536e-06
7.2583686759e-06
nan
7.3217644155e-06
7.3232144155e-06
7.3557931553e-06
7.3704683352e-06
nan
7.3555223553e-06
7.3493383553e-06
7.3747378552e-06
7.3803858151e-06
7.3645902152e-06
7.404549295e-06
7.4301231148e-06
7.409814015e-06
7.412545455e-06
7.4238300749e-06
7.4600384547e-06
7.4667423146e-06
7.4540790547e-06
7.5525151541e-06
7.5252710343e-06
7.5895398539e-06
7.5870233939e-06
7.5400258142e-06
7.5574575741e-06
7.5235742143e-06
7.5217801743e-06
7.5519642741e-06
7.563539854e-06
7.567063434e-06
7.5326558342e-06
7.5239399543e-06
7.6632354734e-06
7.6678822934e-06
7.7103890931e-06
nan
7.7589081128e-06
7.6685166934e-06
7.6828172533e-06
7.7437631129e-06
7.7535170729e-06
7.7695783728e-06
7.7777385327e-06
7.6972165532e-06
7.7114649931e-06
7.733708333e-06
7.7452739329e-06
7.7438369729e-06
7.7486288129e-06
7.7476183729e-06
7.7580313729e-06
7.7864030927e-06
7.7423702729e-06
7.7715788128e-06
7.7629527528e-06
7.9168186119e-06
7.8849070721e-06
7.8252589124e-06
7.8119888325e-06
7.903881312e-06
7.9070998519e-06
7.8776955121e-06
7.8837512321e-06
7.9083364119e-06
7.9827970915e-06
7.9632143716e-06
7.9964559514e-06
nan
8.0440043111e-06
8.063065831e-06
8.0839008909e-06
nan
nan
nan
nan
nan
nan
nan
nan
nan
nan
nan
nan
nan
nan
nan
nan
nan
nan
nan
nan
nan
nan
nan
nan
nan
nan
nan
nan
nan
8.1888064902e-06
8.1851880103e-06
8.1727794303e-06
8.1266734306e-06
8.1606408704e-06
8.1685289104e-06
8.1461703705e-06
8.1250318706e-06
8.1360686506e-06
8.22076463e-06
8.1910440302e-06
8.2114789301e-06
8.1334186506e-06
8.1257598706e-06
8.1334442506e-06
8.1551692704e-06
8.1603144104e-06
8.2739706897e-06
8.1566884704e-06
8.1623216504e-06
8.1604631304e-06
8.2119892301e-06
8.23403841e-06
8.2083931301e-06
8.1880701102e-06
8.2046869101e-06
8.1907152102e-06
8.3370576093e-06
8.2967533496e-06
8.3353381893e-06
8.2861606296e-06
8.2875621296e-06
8.3470350893e-06
8.2920060096e-06
8.3628731492e-06
8.3554377892e-06
8.3450874693e-06
8.3615249092e-06
8.4012370089e-06
8.4455303087e-06
8.4482416287e-06
8.4767233285e-06
8.4709754085e-06
8.4509861486e-06
8.5032847283e-06
8.5013666283e-06
8.4940798684e-06
8.550967168e-06
8.5475906881e-06
8.5384227681e-06
8.5668732879e-06
8.6050583077e-06
8.5247966682e-06
8.5224759482e-06
8.5284875082e-06
8.5139022683e-06
8.4859131684e-06
8.5425902881e-06
8.5457117081e-06
8.4803789285e-06
8.5165920882e-06
8.5252595682e-06
8.4618826886e-06
8.5099585683e-06
8.393221089e-06
8.4022129289e-06
nan
8.3634386892e-06
8.3635053692e-06
8.4480090087e-06
8.3726492291e-06
8.3213047294e-06
8.2848835696e-06
8.2743357697e-06
8.2798507697e-06
8.2399114499e-06
8.22802639e-06
8.3348056093e-06
8.2572121298e-06
8.2801947297e-06
8.3443785893e-06
8.2357433099e-06
8.2444102299e-06
8.1909921502e-06
8.2675542898e-06
8.1422329705e-06
nan
8.2408391899e-06
8.2053786501e-06
8.22291701e-06
nan
nan
nan
8.1533078304e-06
8.1607286104e-06
8.0540155911e-06
8.0812874509e-06
8.0721755709e-06
8.1107584907e-06
8.1090112707e-06
8.0512726311e-06
8.0799051509e-06
nan
7.904455772e-06
7.891937632e-06
7.9091186519e-06
7.9083182319e-06
7.9141338719e-06
7.903603192e-06
7.901721832e-06
7.9112133519e-06
7.9513360117e-06
7.9612287516e-06
7.9415916117e-06
7.9213126919e-06
7.9484274117e-06
7.9158462719e-06
7.9936297714e-06
7.9816464915e-06
7.9652412716e-06
7.9555167517e-06
7.9335007518e-06
7.9396698117e-06
7.9959304514e-06
8.0152981113e-06
8.0287051712e-06
8.0146185313e-06
7.9969010714e-06
7.9976836114e-06
7.9973633314e-06
7.9815494515e-06
7.9923922114e-06
7.9976982914e-06
8.0105815113e-06
7.9820988915e-06
7.9939988114e-06
7.9910887714e-06
nan
7.9963337714e-06
8.0013804514e-06
7.9752645915e-06
8.0231909312e-06
8.0242997112e-06
8.0054615313e-06
8.0131794113e-06
7.9991183714e-06
7.9858047715e-06
nan
8.0242859312e-06
nan
8.0243854112e-06
8.0238322912e-06
8.0085202113e-06
8.0329914312e-06
8.0153670513e-06
7.9744695315e-06
7.9166031519e-06
8.0442941311e-06
8.0499379911e-06
8.0195351313e-06
8.0769845909e-06
8.0454507111e-06
8.0471894111e-06
7.9385598518e-06
8.0257324312e-06
8.0150686313e-06
8.0844961909e-06
7.9704434916e-06
8.058942431e-06
8.0866296509e-06
8.0445999511e-06
8.0759506709e-06
8.0994016308e-06
8.0277952312e-06
8.0785970309e-06
8.1102128907e-06
8.0459339311e-06
8.0353309712e-06
8.0417406111e-06
8.0124038113e-06
7.9869365515e-06
7.9933004714e-06
8.0172850713e-06
8.0294010712e-06
8.0058899313e-06
7.9781709115e-06
7.9764860715e-06
7.9767192915e-06
7.9823543515e-06
7.9827623315e-06
7.9746278515e-06
7.9496719317e-06
7.9898765714e-06
7.9497214117e-06
7.9398674317e-06
7.9437342117e-06
7.9583142316e-06
7.9547439517e-06
nan
7.9786791715e-06
7.9263174918e-06
7.9271991918e-06
nan
7.9269450518e-06
nan
7.9958620314e-06
7.9128273319e-06
7.8896700921e-06
7.9590214716e-06
7.9233528918e-06
7.890216492e-06
7.8507566523e-06
7.8276827124e-06
7.8401224524e-06
7.8714175722e-06
7.8466365723e-06
7.8517715123e-06
7.8415394923e-06
7.8400931124e-06
7.8508688723e-06
7.8665179322e-06
7.8663534522e-06
7.8652714322e-06
7.8382916724e-06
7.8529951723e-06
7.9391588317e-06
7.9339205518e-06
7.9409658717e-06
7.9394916117e-06
7.9411028917e-06
7.9244470718e-06
7.8534654523e-06
7.8414988723e-06
7.8048573526e-06
7.8585170122e-06
7.8237259525e-06
7.8178526125e-06
7.8149091925e-06
7.8101066125e-06
7.8173930925e-06
7.8224613125e-06
7.8231723525e-06
7.893879192e-06
7.8413539523e-06
nan
nan
7.9135382919e-06
7.8770866321e-06
nan
7.8066987726e-06
7.8148764325e-06
7.9171947519e-06
7.9369821718e-06
nan
nan
nan
nan
nan
nan
nan
nan
nan
nan
nan
nan
7.8454769723e-06
7.733508793e-06
7.7195550931e-06
7.737152373e-06
7.7467308129e-06
7.7604344728e-06
7.6711939334e-06
7.6762451933e-06
7.6479942135e-06
7.6421028936e-06
7.6788711133e-06
7.6704586934e-06
7.6775465933e-06
7.7505352329e-06
7.7501304929e-06
7.7648674928e-06
7.7816715927e-06
7.7808431127e-06
7.740234393e-06
7.7014196932e-06
7.7121220731e-06
7.7003398732e-06
7.6858402133e-06
7.7190082931e-06
7.7214462531e-06
7.737245993e-06
7.7584317128e-06
7.734126793e-06
7.7555674129e-06
7.729505633e-06
7.7860994527e-06
7.7440244929e-06
7.7112272131e-06
7.7225794131e-06
7.5364329742e-06
7.5296138142e-06
7.560996954e-06
7.5822497539e-06
7.5594918141e-06
7.6037772538e-06
7.561938934e-06
7.5558488341e-06
7.5959035538e-06
7.6310474136e-06
7.6252951337e-06
7.6989742132e-06
7.7177311531e-06
nan
nan
7.6440753935e-06
7.6501770935e-06
7.6536075135e-06
7.6987776132e-06
7.739893393e-06
7.737264913e-06
7.6845347133e-06
nan
7.6553904735e-06
7.6415503936e-06
7.5908970939e-06
7.6551365335e-06
nan
7.738109033e-06
7.7073747932e-06
7.7095127531e-06
7.5305957742e-06
7.5599654541e-06
7.7506483929e-06
7.7158125731e-06
7.7451652329e-06
7.6346541536e-06
7.6865770133e-06
7.6523026735e-06
7.6349415536e-06
7.6202961337e-06
7.5942174738e-06
7.5957346538e-06
7.5785053939e-06
7.5790825939e-06
7.5993308338e-06
7.5602475341e-06
7.6544745735e-06
7.6446420535e-06
7.6285845936e-06
7.6455784135e-06
7.6231511937e-06
7.6175615737e-06
7.5934820939e-06
7.6107389537e-06
7.5894164939e-06
7.5815197939e-06
7.6178840337e-06
7.6695632734e-06
7.6926041732e-06
7.6878076333e-06
7.736601633e-06
7.6980150132e-06
7.6756239534e-06
7.6690405134e-06
7.7190591731e-06
7.6328669736e-06
7.5320257942e-06
7.564535754e-06
7.5888372339e-06
7.6270931336e-06
7.6354860136e-06
7.5869577139e-06
7.5879604539e-06
7.5826239539e-06
7.5951762938e-06
7.5909449539e-06
7.6419498336e-06
7.6281955936e-06
7.6110195737e-06
7.5571818741e-06
7.6219493137e-06
7.563052854e-06
nan
7.5839338739e-06
nan
nan
7.6391577736e-06
7.4297094548e-06
7.4526751747e-06
7.4618717747e-06
7.4600893747e-06
7.4638373346e-06
7.4659122146e-06
7.4285835549e-06
7.4155425349e-06
7.4226131749e-06
7.4285920949e-06
7.403017315e-06
7.4140752749e-06
7.4391232748e-06
nan
7.5005938744e-06
nan
7.4383949748e-06
7.412044235e-06
7.396919295e-06
7.3950007151e-06
7.401040575e-06
7.4889639945e-06
7.5270504943e-06
7.5241467743e-06
7.405523695e-06
7.5020707144e-06
7.4694635746e-06
7.4935065745e-06
7.5038643744e-06
7.5274863143e-06
7.5239146943e-06
7.5519416341e-06
7.5401948942e-06
7.5101610944e-06
7.5120708743e-06
7.5214065143e-06
7.6090645938e-06
7.5143870143e-06
7.5184128343e-06
7.5289275742e-06
7.5446938341e-06
nan
7.569174314e-06
7.5801255939e-06
7.5875717139e-06
7.5822561539e-06
7.576661754e-06
nan
7.5983697138e-06
nan
nan
7.6660101734e-06
nan
nan
nan
nan
nan
nan
nan
nan
nan
nan
7.5869340739e-06
7.574796134e-06
7.5289499542e-06
7.5546181541e-06
7.5849052139e-06
7.5334411142e-06
7.6366082736e-06
7.5167011143e-06
7.569783134e-06
7.5788472339e-06
7.5980007938e-06
7.5923159739e-06
7.6148891337e-06
7.6709794134e-06
7.6747731734e-06
nan
7.7130926331e-06
7.7215951531e-06
7.8510051323e-06
7.8775629921e-06
7.8792732321e-06
nan
nan
7.8857792121e-06
7.9669226316e-06
7.901774092e-06
8.0362772312e-06
8.0386034111e-06
8.0412435311e-06
8.0228582512e-06
8.0004262314e-06
8.1443923705e-06
8.1414685505e-06
8.2112589701e-06
8.2932553496e-06
8.1449552705e-06
8.2805983497e-06
8.2786263897e-06
8.3547366292e-06
8.3225221894e-06
8.4068584089e-06
8.395897229e-06
8.4898267284e-06
8.4893849884e-06
8.6456563875e-06
8.6653593273e-06
8.6781789473e-06
nan
nan
nan
nan
nan
nan
nan
nan
nan
nan
nan
nan
nan
nan
nan
nan
nan
nan
nan
8.8404162463e-06
nan
8.713689047e-06
8.7337930669e-06
8.7094785671e-06
nan
8.8241368664e-06
nan
nan
nan
nan
8.7815843866e-06
8.7635312467e-06
8.7550831668e-06
nan
nan
nan
nan
nan
8.6702362273e-06
8.6924576672e-06
8.6600226474e-06
8.6702297473e-06
nan
nan
8.6451256275e-06
nan
8.559584208e-06
8.4368142287e-06
8.4555147486e-06
8.4803428285e-06
nan
8.4349642487e-06
8.4575340886e-06
8.4388907687e-06
8.5127209283e-06
8.4637867886e-06
8.4867943484e-06
8.5166581482e-06
8.5174953882e-06
8.5047849083e-06
8.5270436082e-06
8.5815728678e-06
nan
8.6200700676e-06
8.5357962681e-06
8.5767302079e-06
8.561550768e-06
8.5688754079e-06
8.5945168678e-06
8.5891310078e-06
8.6211998676e-06
8.5656891679e-06
8.5344242481e-06
8.548619548e-06
8.5334994881e-06
8.6251952276e-06
8.5705177879e-06
8.5707206679e-06
8.5939310278e-06
nan
nan
nan
nan
nan
8.4751954085e-06
8.4407627287e-06
8.4392413687e-06
8.4356544287e-06
8.389545189e-06
8.397661369e-06
8.3729199891e-06
8.3505787492e-06
8.3247959294e-06
8.4029272289e-06
8.3190423094e-06
8.3129825495e-06
8.3319166494e-06
8.3776426291e-06
8.391171189e-06
8.4857736684e-06
8.4321257088e-06
nan
8.4909638284e-06
8.5011079683e-06
8.5308046682e-06
8.5362692281e-06
8.5272570882e-06
8.5087832083e-06
8.5139802283e-06
nan
8.4617067286e-06
nan
8.5713656479e-06
8.5997591877e-06
8.6109039077e-06
8.5464831281e-06
8.5254418682e-06
8.5401678281e-06
8.5280633282e-06
8.4929012284e-06
8.4642768686e-06
8.4691132085e-06
8.4932791484e-06
8.4835950284e-06
8.5029444283e-06
8.4857192284e-06
8.4675383285e-06
8.5188306682e-06
8.4100652489e-06
nan
nan
8.5217360482e-06
nan
8.4747392085e-06
8.4721043485e-06
8.5011426483e-06
8.4420319087e-06
nan
nan
8.4455745087e-06
nan
8.4030388489e-06
8.4082624689e-06
8.3640345492e-06
8.3462236693e-06
8.3375754493e-06
8.3049697295e-06
8.3149501895e-06
8.3162164495e-06
8.2853951296e-06
8.2831936297e-06
8.2471310699e-06
8.23366593e-06
8.2683654497e-06
8.2406236899e-06
8.2516779099e-06
8.2466590499e-06
8.22418027e-06
8.21943773e-06
8.22725119e-06
nan
8.1819921703e-06
8.1667529704e-06
8.1564956104e-06
8.1907102102e-06
8.1551302904e-06
8.1748522303e-06
8.1611000904e-06
8.1457070305e-06
8.1452476305e-06
8.1850119903e-06
8.1802367703e-06
8.1677569304e-06
8.1727764303e-06
8.21975951e-06
8.22728749e-06
8.2740346097e-06
8.2607194498e-06
8.2743089297e-06
8.2677258698e-06
8.3062333695e-06
8.3642239692e-06
8.3367438093e-06
8.3487850093e-06
8.391954389e-06
8.3218245894e-06
8.3469154893e-06
8.4650633886e-06
8.4303418888e-06
8.4646544886e-06
8.4654346686e-06
8.4578673286e-06
8.4609244086e-06
8.4775263685e-06
8.4820867085e-06
nan
nan
nan
nan
nan
nan
8.6827744672e-06
8.6917569272e-06
8.720961967e-06
8.6974311871e-06
8.6919091472e-06
8.7107221071e-06
8.7109351071e-06
8.7609966468e-06
8.7639303867e-06
8.7744501267e-06
8.7403267269e-06
8.7450768469e-06
nan
8.6863874672e-06
8.6647183673e-06
8.6641255273e-06
8.5897759678e-06
8.5686448079e-06
nan
nan
8.5037976083e-06
nan
8.4518999486e-06
8.4669525285e-06
8.4747863085e-06
nan
8.556687068e-06
8.552925148e-06
nan
8.6072045677e-06
nan
nan
nan
8.557673768e-06
8.5446056681e-06
8.5356723081e-06
8.6139229076e-06
8.5815699078e-06
8.5837283478e-06
8.4890262884e-06
8.4363193687e-06
8.4352505687e-06
8.4215765088e-06
8.6080315677e-06
nan
nan
nan
8.5317169081e-06
8.5267813882e-06
8.5454392481e-06
8.5472612481e-06
8.5374593481e-06
8.6502298874e-06
8.6343957675e-06
8.6228596076e-06
8.6254977276e-06
8.6596714074e-06
8.6450351675e-06
8.6441473075e-06
8.6724064673e-06
8.5295767682e-06
nan
8.5906266078e-06
8.6513023674e-06
8.5765492879e-06
8.5811731678e-06
8.7518245268e-06
nan
nan
8.7054943271e-06
nan
nan
8.5135256283e-06
8.4720062485e-06
8.4968627084e-06
8.4904736884e-06
8.4754298285e-06
8.4753599885e-06
8.557611468e-06
8.554006208e-06
8.5477365481e-06
8.4758448685e-06
8.4600687686e-06
8.4433826487e-06
8.5422120881e-06
8.5473976081e-06
8.4680267085e-06
8.5173936882e-06
8.5977386077e-06
8.5983498277e-06
8.5677527079e-06
8.5871422078e-06
8.6113595277e-06
8.6452400475e-06
8.6434940675e-06
8.6507396674e-06
8.6556260474e-06
8.6503286674e-06
nan
nan
8.719231307e-06
nan
nan
nan
nan
nan
nan
nan
nan
nan
nan
8.7009329471e-06
nan
8.7303555469e-06
8.8017291065e-06
8.7812125466e-06
8.7669638867e-06
8.7828622066e-06
8.7639873467e-06
nan
8.8722710661e-06
8.8506137662e-06
8.8468233862e-06
8.8611120261e-06
nan
8.7859425266e-06
8.7959896665e-06
8.9498845856e-06
8.8534109462e-06
8.892294986e-06
8.877748866e-06
8.9442591456e-06
nan
nan
8.9435222056e-06
8.9654764255e-06
8.9448001656e-06
8.9717082255e-06
8.9869213654e-06
9.0645360449e-06
9.042366785e-06
9.0377379651e-06
8.9976405853e-06
8.9779625654e-06
9.0415473051e-06
9.041610245e-06
9.041769665e-06
9.048652485e-06
9.0721629049e-06
9.0994250447e-06
9.0737496049e-06
9.1100872846e-06
9.1012243447e-06
9.1390691845e-06
9.1069426447e-06
9.1365448445e-06
9.1608077843e-06
9.1778612442e-06
9.1663629243e-06
9.1946979641e-06
9.2008717841e-06
9.210390744e-06
9.1221105246e-06
9.0835407048e-06
9.1157526046e-06
9.1572156043e-06
9.1567398044e-06
9.1325397845e-06
9.1655072243e-06
9.1687823443e-06
9.208009384e-06
9.1888645042e-06
nan
9.2053006041e-06
nan
9.376428703e-06
nan
nan
nan
nan
nan
nan
nan
9.6170598416e-06
9.6251714415e-06
nan
9.700371581e-06
nan
9.6780213812e-06
9.6767950812e-06
9.6852113011e-06
nan
9.8338210802e-06
nan
nan
nan
nan
nan
nan
nan
nan
9.7587991007e-06
nan
nan
nan
nan
nan
nan
nan
nan
9.4288196227e-06
nan
9.2993255835e-06
9.3623931231e-06
9.3372151033e-06
9.3521509832e-06
nan
9.375976563e-06
9.4114234028e-06
9.4754364024e-06
nan
9.5201095221e-06
nan
nan
nan
nan
nan
nan
9.5800298418e-06
9.5790088818e-06
nan
9.5798692818e-06
9.5758049818e-06
9.6183275815e-06
9.6090690816e-06
nan
9.5148334222e-06
9.5566175819e-06
9.5630431019e-06
nan
9.5842156818e-06
nan
9.540779702e-06
9.6027845416e-06
nan
9.4825934824e-06
9.5148961422e-06
nan
nan
nan
nan
9.546396982e-06
9.5824465618e-06
nan
nan
nan
9.5585602219e-06
nan
nan
nan
9.5598325819e-06
9.4723982424e-06
9.4495158626e-06
9.4695202624e-06
nan
9.4385983426e-06
9.4371332826e-06
nan
9.551435742e-06
nan
9.5607543419e-06
nan
nan
9.4382269626e-06
nan
9.5087312622e-06
9.5153097822e-06
9.536737282e-06
nan
9.5774570818e-06
nan
9.5954888217e-06
9.5952999817e-06
9.5582157019e-06
nan
9.5642009219e-06
9.5877020417e-06
nan
nan
9.6367706814e-06
9.6521147613e-06
9.6288805215e-06
9.6528672613e-06
9.6476981414e-06
9.6387178414e-06
nan
9.701961001e-06
nan
nan
nan
nan
9.707029961e-06
nan
nan
nan
nan
nan
nan
nan
nan
nan
nan
9.2524925238e-06
9.2652442637e-06
nan
nan
nan
9.372064663e-06
nan
nan
nan
nan
nan
9.2978345835e-06
9.2599228237e-06
9.2405498238e-06
9.2574732637e-06
9.2930021835e-06
9.2966992835e-06
9.2820696036e-06
9.3041298235e-06
9.2044482241e-06
9.212964864e-06
9.1928541441e-06
9.2448679638e-06
9.2522008638e-06
9.2504901438e-06
9.2993826435e-06
9.1928967441e-06
9.211158644e-06
nan
nan
nan
nan
8.9796718054e-06
8.9960876853e-06
nan
nan
8.9315508457e-06
8.9179764258e-06
8.9287711457e-06
nan
nan
8.9236628258e-06
8.9267459257e-06
8.9459295856e-06
8.9484835656e-06
8.9378892057e-06
8.9708801255e-06
9.0024669253e-06
9.0166550052e-06
9.043380365e-06
9.054126765e-06
9.0208856652e-06
9.0181215652e-06
9.1648823843e-06
9.1012299847e-06
9.1129166646e-06
9.1114230046e-06
9.1058388247e-06
9.1239958445e-06
9.0616679449e-06
9.057287065e-06
9.1782640642e-06
9.1115663846e-06
9.1174859246e-06
9.0919895647e-06
9.1502739644e-06
9.1337465045e-06
9.1215609046e-06
9.1249312445e-06
9.0978908247e-06
9.1492211444e-06
9.1172319446e-06
9.1287450845e-06
9.1354071445e-06
9.1162605646e-06
9.0650881049e-06
9.056139005e-06
9.0732429649e-06
9.1154699646e-06
9.0817120048e-06
9.0862124048e-06
9.1262397845e-06
9.1649035443e-06
9.1333729045e-06
9.1144382046e-06
9.1565757244e-06
9.1785741442e-06
9.1821972042e-06
9.1918014641e-06
9.2518827038e-06
9.220962864e-06
9.2019597841e-06
9.219568884e-06
9.2693224037e-06
9.2042803441e-06
9.2240222439e-06
9.213491144e-06
9.2523312438e-06
9.2506769838e-06
9.2711541237e-06
9.2970846835e-06
9.2669994637e-06
9.2582157437e-06
9.2462924838e-06
9.3328761833e-06
9.2682178437e-06
9.2741748636e-06
9.2685677037e-06
9.2727560236e-06
9.2816096036e-06
9.3039367435e-06
9.2762797836e-06
9.2896637635e-06
9.2864083036e-06
9.2775343636e-06
9.3219245233e-06
9.2983564435e-06
9.2913317835e-06
9.3086166034e-06
9.3030776435e-06
9.2994459635e-06
9.3148918234e-06
9.2943365435e-06
9.3182698634e-06
9.2369354239e-06
9.3512352832e-06
9.3564992031e-06
9.1840437842e-06
9.1990080241e-06
9.1752636442e-06
9.207459424e-06
9.1995037041e-06
9.2429190838e-06
9.2262687839e-06
9.1961721441e-06
9.1622827643e-06
9.2020788841e-06
9.1182588646e-06
9.1342515845e-06
9.221621124e-06
9.1965587041e-06
9.1970152641e-06
9.209531544e-06
9.2294101639e-06
9.2419337238e-06
nan
9.1612134243e-06
9.1950564241e-06
9.212817624e-06
9.2393874838e-06
9.1605351843e-06
9.1622695043e-06
9.1530593844e-06
9.1307334645e-06
nan
9.0906403848e-06
9.1479592244e-06
9.0348941651e-06
9.0694167849e-06
9.1226737046e-06
9.0945658247e-06
9.1116394046e-06
9.0912401647e-06
9.053545665e-06
9.044541885e-06
9.0740760049e-06
9.0768295648e-06
9.0770300448e-06
9.1204258446e-06
9.1241224645e-06
8.9878790054e-06
8.9910341654e-06
8.9724227255e-06
9.0692400449e-06
9.0141941252e-06
9.0095828252e-06
8.9812283854e-06
8.9340416257e-06
8.9392263257e-06
8.9385259257e-06
8.9809689054e-06
8.9788291654e-06
8.9848990654e-06
8.9970483653e-06
9.0362718651e-06
9.0176088252e-06
9.0008545853e-06
9.0097328252e-06
9.0102459052e-06
9.0344950651e-06
9.0604072249e-06
nan
8.9710465255e-06
8.9982681253e-06
8.9995688253e-06
8.9964126253e-06
8.9991192453e-06
8.9590135056e-06
nan
9.0005785653e-06
8.9448174856e-06
8.9138026458e-06
8.884948706e-06
8.9195832658e-06
8.9060320259e-06
8.9106145658e-06
8.9194316458e-06
8.8993513859e-06
8.9171521458e-06
8.8318258263e-06
8.8598089062e-06
8.8490371262e-06
8.8569285262e-06
8.8729529461e-06
8.9071918859e-06
8.8595675062e-06
8.889141046e-06
8.885654826e-06
8.8592441262e-06
8.8479978862e-06
8.8538982462e-06
8.880646026e-06
8.9061334859e-06
8.9137606658e-06
8.880571466e-06
8.877163606e-06
8.9187162458e-06
8.9634262055e-06
8.9041032459e-06
8.9071650259e-06
8.9790919254e-06
8.9133090458e-06
8.9185536258e-06
8.9366505657e-06
8.9366760257e-06
9.0381606251e-06
9.046316365e-06
9.0330420051e-06
8.9979127653e-06
9.0324874851e-06
9.048750985e-06
9.0586720649e-06
9.1009514047e-06
9.1306834445e-06
9.1607597043e-06
nan
nan
9.2554054838e-06
9.210989724e-06
9.2669428037e-06
nan
nan
nan
nan
nan
nan
nan
9.6395363214e-06
nan
nan
nan
nan
nan
nan
9.4275467027e-06
9.3634289431e-06
nan
nan
nan
9.1811561642e-06
8.7981613665e-06
8.2542861098e-06
8.2688122697e-06
8.1928277302e-06
8.23340523e-06
nan
8.1305164306e-06
8.3254910894e-06
nan
8.3172043495e-06
nan
8.1884717102e-06
8.1860166902e-06
8.2980886496e-06
nan
nan
nan
nan
nan
nan
nan
nan
nan
nan
8.2782901697e-06
8.2093507701e-06
8.21896509e-06
8.2089854501e-06
8.2085924501e-06
8.2120704101e-06
8.2121203101e-06
8.1825650903e-06
8.1956703502e-06
8.1573994104e-06
8.1480115105e-06
8.1114832507e-06
8.1315908306e-06
8.1484319705e-06
8.1287045306e-06
8.1367478705e-06
8.1200805507e-06
8.1153636707e-06
8.1601226504e-06
8.1928453302e-06
8.1883163502e-06
8.2543447098e-06
8.22837825e-06
8.3008323296e-06
8.3174048895e-06
8.3071896895e-06
8.3612916292e-06
nan
8.385987369e-06
nan
nan
8.6123249877e-06
nan
8.6957938872e-06
8.719810567e-06
8.7413760869e-06
8.716152247e-06
8.7975427865e-06
8.8160984464e-06
8.8153500264e-06
8.7980511065e-06
8.9211833458e-06
nan
9.048872865e-06
9.0621552049e-06
nan
nan
nan
nan
nan
nan
9.1608305443e-06
9.1012587647e-06
9.1805131442e-06
nan
nan
nan
nan
nan
nan
nan
9.9424677796e-06
9.8907203399e-06
nan
nan
1.0137487398e-05
nan
nan
1.0283694198e-05
nan
nan
1.0366896697e-05
nan
nan
1.0641888575e-05
1.0529925136e-05
1.0590565356e-05
1.0731576415e-05
1.0793177514e-05
nan
1.0980804793e-05
nan
1.0850190754e-05
nan
nan
nan
1.1164177012e-05
1.1189588112e-05
1.1170353672e-05
1.1132178812e-05
nan
1.1202987212e-05
nan
nan
nan
1.1336147571e-05
nan
1.1395458211e-05
nan
1.146517253e-05
1.1432629471e-05
1.147820283e-05
1.149648247e-05
1.154114045e-05
1.151997219e-05
1.156206571e-05
1.148146519e-05
1.145271343e-05
1.1421276251e-05
1.1390787291e-05
1.1408418731e-05
1.1418522031e-05
nan
1.1408840291e-05
nan
1.150961661e-05
1.151054175e-05
1.156467813e-05
1.1608641889e-05
1.158169585e-05
1.147258779e-05
1.153466783e-05
1.1407634811e-05
nan
nan
1.1413215371e-05
nan
1.1261371752e-05
1.1229144072e-05
nan
1.0712000595e-05
1.0707825675e-05
nan
9.8205453803e-06
9.7265315609e-06
9.7362378408e-06
nan
nan
nan
9.8058408004e-06
9.7921240805e-06
9.9002763798e-06
9.8573939601e-06
nan
nan
9.8627817601e-06
9.8527600201e-06
9.7324629609e-06
nan
nan
nan
9.7653244207e-06
9.7617290807e-06
9.7285547609e-06
9.7882859205e-06
9.7638244207e-06
9.7911615605e-06
9.7613252607e-06
9.716133681e-06
9.702910581e-06
9.6442443814e-06
9.707188561e-06
9.701830161e-06
9.6948217811e-06
9.5929276217e-06
9.5909850617e-06
9.5966896217e-06
9.7364958208e-06
nan
9.535854322e-06
9.5582462819e-06
nan
9.5340131421e-06
nan
nan
9.543202602e-06
9.5579544419e-06
nan
9.6364437614e-06
9.6570470013e-06
9.6267516015e-06
9.6311940215e-06
nan
nan
nan
nan
nan
nan
nan
nan
nan
nan
9.705887621e-06
nan
9.7773439606e-06
nan
9.8560356401e-06
nan
nan
nan
nan
nan
1.0141178918e-05
1.0138350898e-05
1.0121160738e-05
1.0119141259e-05
1.0222920498e-05
1.0012473359e-05
nan
nan
1.0077109819e-05
1.0174325598e-05
1.0044632639e-05
1.0035292559e-05
1.0020572859e-05
1.0068107759e-05
9.9987379592e-06
1.0017744659e-05
1.0066804239e-05
9.9721511394e-06
9.9415646796e-06
nan
nan
9.8133819804e-06
9.8123232604e-06
9.7791826806e-06
9.87040138e-06
nan
9.8257310803e-06
nan
nan
nan
nan
9.539872282e-06
9.5931192017e-06
9.6315022815e-06
9.6102557616e-06
9.5946943217e-06
9.6083007216e-06
nan
nan
9.551009762e-06
9.547820362e-06
9.5230492221e-06
9.5163269622e-06
9.5008473223e-06
9.4637123225e-06
9.3666290231e-06
9.3439627832e-06
9.4661879625e-06
nan
9.3396026232e-06
9.3290036433e-06
9.3613844031e-06
nan
nan
9.3055031634e-06
9.214090684e-06
9.2405800838e-06
9.3373892633e-06
9.1987106641e-06
9.1425960444e-06
9.0962596047e-06
9.1320257245e-06
9.1835556442e-06
9.0994983047e-06
9.1103009646e-06
9.0326458651e-06
9.0954986847e-06
9.0334134851e-06
9.041739385e-06
9.0374390651e-06
9.0147781252e-06
8.9672038055e-06
8.9903126854e-06
8.9708985255e-06
8.9714507255e-06
9.051247465e-06
8.9801406854e-06
8.9843043854e-06
8.9951098853e-06
9.0007230653e-06
8.9960177053e-06
9.0286177851e-06
nan
9.0715936049e-06
9.1051507847e-06
9.1288022845e-06
nan
8.9587863856e-06
8.9782383054e-06
8.9887009854e-06
9.048920885e-06
9.057970045e-06
9.0615753449e-06
nan
8.8549689262e-06
8.9746782455e-06
8.9322126057e-06
8.7744907067e-06
8.7578142468e-06
8.8520196662e-06
8.8468125462e-06
8.8124808464e-06
8.7881287066e-06
8.7719916467e-06
8.7895424666e-06
8.8566078862e-06
8.8397757263e-06
8.7630268867e-06
8.8298971463e-06
8.8218990864e-06
8.8361095263e-06
nan
8.7854916466e-06
8.7109690671e-06
8.8293113063e-06
8.7650334667e-06
8.8575944462e-06
nan
8.7804370666e-06
nan
nan
nan
nan
8.9365215657e-06
nan
9.0795965048e-06
9.1049872847e-06
9.1025337647e-06
9.0899546248e-06
8.9814846254e-06
8.9694257655e-06
8.9799151654e-06
8.9594284455e-06
8.9629391655e-06
8.8114047864e-06
8.9293870457e-06
8.7802577666e-06
8.7874673066e-06
8.7535457268e-06
8.7314822069e-06
8.6969530271e-06
8.7100587271e-06
8.8217961264e-06
nan
nan
nan
nan
nan
nan
nan
nan
nan
nan
nan
nan
nan
8.6373245075e-06
8.6264928076e-06
8.7949981665e-06
8.7028040271e-06
8.7075242071e-06
8.7450124469e-06
nan
8.7720326267e-06
nan
8.7968890665e-06
8.7471322468e-06
8.7748020067e-06
8.7967228865e-06
8.6806899472e-06
8.712506267e-06
8.718399987e-06
8.6829209672e-06
8.6961156071e-06
8.7295626869e-06
8.7356996269e-06
8.7447660069e-06
8.7545320268e-06
8.7680978667e-06
8.7652068067e-06
8.7479007668e-06
8.7701489667e-06
8.7847155266e-06
nan
8.719696467e-06
8.728495027e-06
8.6979970271e-06
8.715957967e-06
8.722451647e-06
8.7755140267e-06
8.715140287e-06
8.7514934268e-06
8.7321920069e-06
8.7347397869e-06
8.726186667e-06
8.6715149873e-06
8.7626258067e-06
8.7896224666e-06
8.7029185471e-06
8.7011561471e-06
8.7451852669e-06
8.7632213667e-06
8.7597821068e-06
8.7299601069e-06
8.7506592868e-06
8.7428066269e-06
8.7630265067e-06
8.7709538267e-06
8.7495781668e-06
8.7844756266e-06
8.7576128068e-06
8.8045930065e-06
8.7759561067e-06
8.892978466e-06
8.878207086e-06
8.8577610262e-06
8.8189344264e-06
8.8563075462e-06
8.886334106e-06
8.8767059461e-06
8.892798906e-06
8.8501047262e-06
8.8509459462e-06
8.9171134858e-06
8.9535200456e-06
8.8029533065e-06
8.8469260062e-06
8.8089569665e-06
8.7914480666e-06
8.7881078466e-06
8.8077384865e-06
8.7106448671e-06
8.7524871468e-06
8.7620219067e-06
8.8069767865e-06
8.7683874267e-06
8.7883159466e-06
8.8010174065e-06
8.8485555062e-06
8.7828106666e-06
8.7933418666e-06
8.8305106463e-06
8.8214253464e-06
8.8388462863e-06
8.8066070865e-06
8.7907054466e-06
8.8481931662e-06
8.7894918066e-06
8.7802850466e-06
8.7655283867e-06
8.7701617867e-06
8.8091897865e-06
8.8266374864e-06
8.8162645864e-06
8.8304414063e-06
8.8603060862e-06
8.9534486256e-06
8.9766243054e-06
nan
9.042062285e-06
9.0372371251e-06
9.042820705e-06
9.0352927651e-06
8.9926163053e-06
9.0203105652e-06
9.0309284851e-06
9.050640345e-06
9.057043285e-06
9.0969271247e-06
8.9945462253e-06
9.0651460649e-06
9.0265377851e-06
9.0386318251e-06
9.0396250051e-06
9.0587898849e-06
9.054158545e-06
9.0966527647e-06
9.1078015646e-06
9.0967655847e-06
9.1208982046e-06
nan
9.1898949441e-06
9.1537094044e-06
9.1268449845e-06
nan
9.1656817643e-06
9.1161285046e-06
9.1137478446e-06
9.1157345646e-06
9.0334639651e-06
9.053746125e-06
nan
9.1492501044e-06
9.0937318047e-06
9.0972921047e-06
9.1567821643e-06
9.0727815249e-06
9.0378122851e-06
8.9976415853e-06
9.0024605253e-06
9.0731186049e-06
9.055241105e-06
9.0720380049e-06
9.057967725e-06
9.0180730252e-06
9.0190347452e-06
9.0803989848e-06
9.1177880446e-06
9.0986168047e-06
nan
9.0596808849e-06
9.0680562449e-06
nan
9.1057617847e-06
9.0821079048e-06
nan
9.0242899252e-06
nan
9.0760402848e-06
9.0948849847e-06
9.1103358646e-06
nan
nan
nan
nan
nan
nan
9.052961145e-06
nan
nan
9.0627421849e-06
9.057548185e-06
9.0685280649e-06
nan
9.0606176849e-06
8.9480820056e-06
8.9785946454e-06
9.0290556851e-06
9.042418705e-06
8.9794709454e-06
8.9465005656e-06
8.9165374458e-06
8.893110226e-06
8.7820789266e-06
8.9062199059e-06
8.7341481869e-06
8.7936428466e-06
nan
nan
8.7407877869e-06
8.7321360469e-06
nan
8.7986736265e-06
8.7546756868e-06
nan
nan
nan
8.6683975473e-06
nan
8.7399266869e-06
8.6398128875e-06
8.6997619071e-06
8.719071587e-06
8.716284327e-06
8.718043387e-06
8.6650940673e-06
8.5895824078e-06
8.5757097279e-06
8.5013070683e-06
8.4975190684e-06
8.4812328285e-06
8.5430353281e-06
8.6026118477e-06
8.5882125278e-06
8.5433919481e-06
8.5384967681e-06
8.5811534078e-06
nan
nan
8.6064879277e-06
8.554601688e-06
8.6387034275e-06
8.6547474674e-06
8.6114004477e-06
8.6166815876e-06
8.6883914272e-06
8.5904555278e-06
8.7358153669e-06
8.6549574474e-06
8.718963867e-06
8.7593085868e-06
8.7706635267e-06
nan
nan
8.8081479665e-06
8.8363983663e-06
8.8012253665e-06
8.8187361864e-06
8.6902990672e-06
8.6935144072e-06
8.726064007e-06
8.7699851267e-06
8.9060872259e-06
8.722766287e-06
nan
8.7072998671e-06
8.7018080271e-06
8.7319664669e-06
8.7085854471e-06
8.6990862871e-06
8.6613979074e-06
8.6446569275e-06
8.6594924274e-06
8.6674078073e-06
8.5858162478e-06
8.6737166673e-06
8.6795464873e-06
8.5656900079e-06
8.5094837483e-06
8.5858860078e-06
8.4880002084e-06
8.5915886678e-06
8.556728468e-06
8.561291128e-06
8.4530126686e-06
8.4630137086e-06
8.4505559886e-06
8.4328590087e-06
8.4232782888e-06
8.4324049688e-06
8.4563022086e-06
nan
8.5474480681e-06
nan
nan
nan
nan
8.3650971092e-06
nan
nan
8.3258150494e-06
8.3552997092e-06
8.388828369e-06
nan
8.3043545695e-06
8.2599373898e-06
8.23433607e-06
8.3350621493e-06
8.3254218894e-06
8.2768528097e-06
nan
8.2575697298e-06
8.060366211e-06
8.2119544501e-06
8.0883553508e-06
8.1414068305e-06
8.1811343503e-06
8.1738529903e-06
8.1606862304e-06
8.1719651103e-06
8.0372001512e-06
7.9977296914e-06
8.0015365514e-06
8.0227831512e-06
7.9929280114e-06
8.0783965509e-06
8.0279889512e-06
7.9813470315e-06
7.9432434917e-06
7.9274359718e-06
7.892279452e-06
7.9560004916e-06
nan
nan
nan
7.3506656553e-06
7.3702940352e-06
7.3342035754e-06
7.238045136e-06
7.2674994958e-06
7.2978903556e-06
nan
7.1353409166e-06
7.1064082968e-06
nan
7.1010152968e-06
7.0015777974e-06
6.9692676976e-06
nan
nan
6.9362290178e-06
6.9329258779e-06
6.9769111976e-06
nan
nan
nan
6.6414664596e-06
nan
6.5282493803e-06
6.743956299e-06
nan
nan
6.57609764e-06
nan
6.5682747001e-06
6.6269858797e-06
6.5955748199e-06
6.5396780003e-06
6.5363059003e-06
6.4257906809e-06
6.4600056007e-06
6.5006927805e-06
6.424526721e-06
6.415408621e-06
6.3905460012e-06
6.4511490408e-06
6.4087397411e-06
6.3792106412e-06
6.3630221413e-06
6.3811894412e-06
nan
6.3152768816e-06
6.3035158617e-06
6.3237440416e-06
6.3393378815e-06
6.2904411818e-06
6.3126142416e-06
6.3182963816e-06
6.2983122617e-06
6.260642922e-06
6.2868982018e-06
6.2972025617e-06
6.1547474426e-06
6.1755110425e-06
6.1242174628e-06
nan
nan
nan
5.9760808437e-06
nan
nan
nan
nan
nan
5.6918101254e-06
5.6884808454e-06
5.6765293055e-06
nan
nan
5.6284721658e-06
5.6323423058e-06
5.6140323259e-06
5.4836187467e-06
5.5666384862e-06
5.5766524061e-06
5.590346426e-06
5.5714966261e-06
nan
5.4855011067e-06
nan
nan
nan
nan
5.4490742069e-06
5.4707448468e-06
nan
5.4882210666e-06
nan
5.4818446067e-06
5.4139100271e-06
5.4204137271e-06
5.4011085672e-06
5.4064504671e-06
5.3375820276e-06
5.3346739876e-06
5.427096807e-06
5.3068976877e-06
5.3000671878e-06
5.3771693273e-06
5.3672630474e-06
5.3250999676e-06
5.3500254875e-06
5.3743920473e-06
nan
nan
5.2873232879e-06
nan
5.2857461679e-06
nan
nan
5.3661054874e-06
5.426573827e-06
nan
5.3779739273e-06
nan
nan
nan
nan
5.4009842272e-06
5.3622115874e-06
nan
nan
nan
nan
nan
nan
nan
nan
5.434687307e-06
nan
nan
nan
nan
nan
nan
nan
nan
5.3964529872e-06
nan
nan
nan
nan
nan
5.2437569681e-06
nan
nan
nan
nan
nan
5.2038471884e-06
5.3222123477e-06
nan
5.2055698484e-06
5.2199563283e-06
5.1158374089e-06
5.1221724889e-06
5.1192271689e-06
5.1757212085e-06
5.1634131486e-06
5.271860528e-06
5.1832109485e-06
5.2009007284e-06
5.1582549687e-06
5.1332363288e-06
5.1434831287e-06
5.0603356692e-06
5.0648432692e-06
nan
nan
4.9926597097e-06
4.9885380297e-06
nan
nan
5.0140133495e-06
5.0294208094e-06
5.0567681693e-06
5.097807009e-06
5.106601789e-06
5.096610829e-06
5.0282643494e-06
5.0293414694e-06
5.0737297492e-06
5.0523842093e-06
5.0303702694e-06
5.0111335895e-06
4.94024855e-06
nan
4.9928732497e-06
5.0010537496e-06
5.0205409895e-06
4.9802855297e-06
5.0744560692e-06
5.107638869e-06
5.0502271093e-06
5.0778048691e-06
nan
5.0718787692e-06
5.2201094283e-06
5.2206031483e-06
5.2447451081e-06
5.2824740879e-06
5.2189990483e-06
5.263264828e-06
5.2208544683e-06
5.2079774483e-06
5.258588068e-06
5.2740677879e-06
5.265930208e-06
5.257460048e-06
5.2558764681e-06
5.265926148e-06
5.2952577078e-06
5.272773748e-06
5.266285048e-06
5.263294748e-06
5.3161732477e-06
5.265251068e-06
5.272818288e-06
5.262411308e-06
5.2885024079e-06
5.2983204678e-06
5.2764395279e-06
5.3083662877e-06
5.3205701477e-06
5.3171566677e-06
5.3470407075e-06
5.3841184873e-06
5.3689461474e-06
5.3202663877e-06
nan
5.3257198276e-06
5.4769741267e-06
5.4627216468e-06
5.4701760868e-06
5.5253956464e-06
5.4772797467e-06
5.5250626464e-06
5.5080842665e-06
5.5228553464e-06
5.4997851866e-06
5.5294938064e-06
5.5327541464e-06
5.5178989465e-06
5.5403309063e-06
5.599613986e-06
5.6259038458e-06
5.6324262658e-06
5.6400149257e-06
5.6392898657e-06
5.6332467258e-06
5.6756110055e-06
5.7210447052e-06
5.7233436252e-06
5.758735165e-06
5.7493532251e-06
5.7811294049e-06
5.7747019449e-06
5.8714566443e-06
5.9040731241e-06
5.927865744e-06
5.920754384e-06
5.9055610641e-06
5.8957286242e-06
5.9829861036e-06
5.9939763836e-06
nan
6.1331254427e-06
6.1408204427e-06
6.2123648022e-06
6.2678241419e-06
6.2954447817e-06
nan
6.6050010799e-06
6.5911147999e-06
6.5688883401e-06
6.6093256398e-06
6.6391995197e-06
6.5558305002e-06
6.5994731599e-06
6.6231688197e-06
6.6039860799e-06
6.5353503003e-06
6.5536334402e-06
6.5524169802e-06
6.5673680201e-06
6.5658019401e-06
nan
6.257202082e-06
6.2244036222e-06
6.2707806219e-06
6.1878718824e-06
6.1915169424e-06
6.1792121624e-06
6.1874287824e-06
6.1669860025e-06
6.1848629424e-06
6.1828537824e-06
6.1994930823e-06
6.1791420824e-06
6.1815625424e-06
6.2284237021e-06
6.2041092623e-06
6.255843822e-06
6.2235023622e-06
6.2968949017e-06
6.248323502e-06
6.2275457222e-06
6.2616225419e-06
6.2887504418e-06
6.3229747016e-06
6.3335993815e-06
6.3016022817e-06
6.3812681612e-06
6.3948888211e-06
6.4053940811e-06
6.4021445811e-06
6.4061553211e-06
6.4265493009e-06
6.4309809809e-06
6.420484101e-06
6.4426970608e-06
6.4298681609e-06
6.4513026808e-06
6.4559577408e-06
6.425115421e-06
6.5024519805e-06
6.4952706405e-06
6.5138286404e-06
6.58646606e-06
6.5193454204e-06
6.5414292802e-06
6.4896344806e-06
6.4548579008e-06
6.4441626208e-06
6.4833958206e-06
6.5293620403e-06
6.5161613204e-06
6.6402903196e-06
nan
6.6430508996e-06
6.5993870399e-06
6.7083009392e-06
6.6617952595e-06
6.6596185795e-06
6.7024505393e-06
6.7037116793e-06
6.7587680789e-06
6.7569698389e-06
6.7236604591e-06
6.7892036387e-06
6.8628969783e-06
6.8963463581e-06
6.8963357981e-06
6.9204072579e-06
6.9305986779e-06
6.9666425377e-06
6.9846838776e-06
7.0095909574e-06
7.0093897174e-06
7.0248927973e-06
7.0256826573e-06
nan
nan
nan
7.1480501966e-06
nan
nan
nan
nan
nan
nan
nan
nan
nan
nan
nan
nan
nan
nan
nan
nan
nan
7.569078094e-06
7.6077606138e-06
nan
7.6226045337e-06
nan
7.7736452128e-06
7.7619056128e-06
8.054437171e-06
nan
nan
8.0186981513e-06
8.1741298703e-06
8.0508087311e-06
8.1591784904e-06
8.1711595903e-06
8.0987645308e-06
nan
8.2498320099e-06
nan
8.0099518513e-06
8.1460994705e-06
8.0920887308e-06
7.9669319316e-06
8.2157914301e-06
nan
8.063905631e-06
7.9804849715e-06
8.1894062102e-06
8.1645360904e-06
nan
nan
8.1491633105e-06
nan
8.057132151e-06
8.0472849311e-06
nan
8.065968371e-06
8.066291051e-06
7.9290098518e-06
8.0709674909e-06
8.062473331e-06
8.070171131e-06
8.0961193308e-06
8.1156661307e-06
nan
nan
7.893344412e-06
7.890056792e-06
7.8599847322e-06
7.8220905125e-06
7.894592852e-06
7.8169855925e-06
7.8784181921e-06
7.8673588922e-06
7.9108325719e-06
7.890536492e-06
7.897066752e-06
7.8830570921e-06
7.8841570321e-06
7.8496668123e-06
nan
7.8832707321e-06
nan
7.8890221121e-06
7.9297523318e-06
7.9151181519e-06
nan
nan
nan
nan
nan
nan
7.9745457315e-06
7.9632654516e-06
7.9614974116e-06
7.9510710917e-06
7.9564559916e-06
7.8648609122e-06
7.8401764524e-06
7.8376689524e-06
nan
7.9535093117e-06
7.9430745117e-06
7.8725819122e-06
7.9541389517e-06
nan
nan
8.0007218714e-06
7.9267796518e-06
nan
nan
7.9691685116e-06
7.9816729915e-06
7.9779001915e-06
7.9195195719e-06
7.8076578925e-06
7.8735768121e-06
7.9345963118e-06
7.8380834524e-06
7.8120481125e-06
7.8141011925e-06
7.8526727323e-06
7.6020591738e-06
nan
7.5942658938e-06
7.6460132535e-06
7.6371938936e-06
7.5934574339e-06
7.6664869734e-06
7.6581959135e-06
7.5474927341e-06
7.5602441741e-06
7.4491595747e-06
7.3195631555e-06
7.3198290155e-06
7.4296641548e-06
7.3094525156e-06
7.2790704558e-06
7.244390836e-06
7.2746607558e-06
7.1675435964e-06
7.1668640764e-06
7.1361511966e-06
6.9704812576e-06
7.0366411572e-06
6.9944456775e-06
6.9791440176e-06
6.9581297577e-06
6.9473684178e-06
6.9707861576e-06
nan
nan
6.6785802994e-06
6.7008261993e-06
6.6434048996e-06
6.6738059394e-06
6.5507014402e-06
6.6088751198e-06
6.57547956e-06
nan
6.4843995206e-06
6.5171456204e-06
6.418084261e-06
6.418912701e-06
nan
nan
nan
nan
6.2954020417e-06
6.2684090419e-06
6.1897288824e-06
6.2252569422e-06
6.2344879421e-06
6.0417550233e-06
nan
nan
nan
6.1569348626e-06
6.1423039427e-06
6.1689334225e-06
6.1489451226e-06
6.1696371625e-06
6.2008158623e-06
6.1622436825e-06
6.2017925023e-06
6.1579052626e-06
6.1478259026e-06
6.1884111624e-06
6.1928831024e-06
nan
nan
6.2051515023e-06
6.1574411826e-06
6.1731189425e-06
6.2066410423e-06
6.254246242e-06
6.2349783421e-06
6.2249899422e-06
6.2384098021e-06
6.2145430022e-06
6.1682338425e-06
6.2842941418e-06
nan
nan
nan
6.3287421215e-06
6.3034288817e-06
6.3026368017e-06
6.2841321818e-06
6.1771661825e-06
6.3662000013e-06
6.3462266014e-06
6.3252168416e-06
6.3431830214e-06
6.3313906215e-06
6.3387514015e-06
6.3179884416e-06
6.3145298416e-06
6.3569028014e-06
6.2950201817e-06
6.2893545418e-06
6.3030855817e-06
6.3104939816e-06
nan
nan
nan
nan
nan
nan
nan
nan
6.5203295604e-06
6.5381944803e-06
6.5610172401e-06
6.5302380403e-06
6.5511525802e-06
6.5263528603e-06
nan
6.6293368997e-06
6.6458081196e-06
6.5117364004e-06
6.5947484799e-06
6.6113929198e-06
6.5946266999e-06
6.6015964999e-06
6.5513944402e-06
6.6258013597e-06
6.6038596199e-06
6.6096720798e-06
6.6074765398e-06
6.6548157396e-06
6.6006249799e-06
6.6276344797e-06
6.6117827198e-06
6.5960657799e-06
6.5912385399e-06
6.58856204e-06
6.6111148998e-06
6.5865601e-06
6.58628554e-06
6.58482704e-06
6.5434893602e-06
6.5088151804e-06
6.5198074004e-06
6.5327844603e-06
6.5270479003e-06
6.5094287604e-06
6.5144887604e-06
6.5218069604e-06
6.5307985203e-06
6.5106878804e-06
6.5323172603e-06
6.5166397804e-06
6.5296095203e-06
6.5486419602e-06
6.4869160006e-06
6.5103025604e-06
6.5497812002e-06
6.5471632802e-06
6.5565188002e-06
6.5146616804e-06
6.5176778404e-06
6.5077456804e-06
6.4963810805e-06
6.5116794204e-06
6.4760936806e-06
6.4779995206e-06
6.4727592007e-06
6.3221562216e-06
6.4615656207e-06
6.2922144218e-06
6.3216861016e-06
6.2668436819e-06
6.3478566614e-06
6.3037966017e-06
6.3357376815e-06
6.3914703612e-06
6.4599028607e-06
6.4508574808e-06
6.5048515605e-06
6.5079164604e-06
nan
nan
nan
nan
nan
nan
nan
nan
nan
6.746351119e-06
6.7101707792e-06
6.7064981592e-06
6.7136577592e-06
6.8434353984e-06
6.8717150582e-06
nan
6.8788096782e-06
6.8756295182e-06
6.8879599381e-06
6.8230761985e-06
6.7947021787e-06
6.910879278e-06
6.914443518e-06
6.906858058e-06
6.9236929579e-06
nan
nan
7.072016177e-06
7.0457842372e-06
7.0888125169e-06
7.0887134769e-06
nan
nan
7.1237441167e-06
nan
7.1782556164e-06
7.1740310764e-06
nan
7.2220017361e-06
7.2544132159e-06
7.3180858155e-06
nan
7.2621900559e-06
7.3417429554e-06
7.3732799752e-06
7.3335784354e-06
7.4334515948e-06
7.4625016546e-06
7.4549306547e-06
7.4607337947e-06
7.4800100545e-06
7.4386068548e-06
7.5008460544e-06
7.4202034149e-06
7.6062894538e-06
7.4745504546e-06
7.4936673545e-06
7.4755185346e-06
7.6747172534e-06
7.6877388733e-06
7.6524826335e-06
nan
7.6408153136e-06
7.6333864136e-06
7.6296693336e-06
nan
7.8521506323e-06
7.8264521324e-06
nan
7.8155625525e-06
7.7870832527e-06
7.9239265918e-06
nan
nan
7.7914073726e-06
7.7710745528e-06
7.7477344129e-06
nan
nan
7.6667813934e-06
nan
nan
nan
nan
7.4738202346e-06
nan
nan
nan
nan
7.3798442551e-06
7.410308255e-06
7.3769208552e-06
7.3381796954e-06
7.3259277355e-06
7.3499884153e-06
7.3177204555e-06
7.233955096e-06
7.1735836964e-06
7.1651628365e-06
7.1512455765e-06
7.2113068962e-06
7.1194520767e-06
7.1175720367e-06
nan
7.0463142372e-06
nan
nan
nan
nan
nan
6.741247719e-06
6.7711287388e-06
6.7205133592e-06
nan
6.7005288993e-06
6.7264625591e-06
nan
6.742760599e-06
6.7044507593e-06
6.6971101993e-06
6.6979072793e-06
6.6827819194e-06
6.6823705594e-06
6.741885439e-06
nan
6.7117893792e-06
6.58619434e-06
6.6210318598e-06
6.7741792988e-06
6.6235561597e-06
6.6522437996e-06
6.7031066193e-06
nan
6.7796758588e-06
6.7611742989e-06
6.7725429588e-06
6.7547422389e-06
6.751966759e-06
6.7311303991e-06
6.745629779e-06
6.7735846988e-06
6.7827494188e-06
6.7801093588e-06
6.7794021588e-06
6.7571624589e-06
6.7757239588e-06
6.7867813788e-06
6.6643485995e-06
6.6897185993e-06
6.7276896791e-06
6.7740550188e-06
6.7328990791e-06
6.7715733588e-06
6.752101759e-06
6.7643949389e-06
6.7652372989e-06
6.7221165591e-06
6.8082243186e-06
6.7753264588e-06
6.8365436385e-06
6.8171552786e-06
6.7699741189e-06
6.8297670585e-06
6.7743506788e-06
6.8038505986e-06
nan
nan
nan
nan
6.8474877184e-06
6.8711515382e-06
6.8642234983e-06
nan
nan
6.9687682176e-06
7.0311052773e-06
7.0186453773e-06
nan
nan
7.0327193373e-06
nan
nan
7.0177854373e-06
7.0559364971e-06
7.0381787172e-06
7.0584292571e-06
7.0266473773e-06
7.0555960771e-06
7.0944339769e-06
7.0962646769e-06
7.0609692771e-06
7.0616674571e-06
7.0602444771e-06
7.074438337e-06
7.1019917168e-06
7.082607597e-06
7.1329874366e-06
7.1594001165e-06
7.1737967164e-06
7.1537798165e-06
7.1517810965e-06
7.1442145366e-06
7.1503529165e-06
7.1544024365e-06
7.1772887164e-06
7.1416505766e-06
7.1837027563e-06
7.1118599168e-06
7.1097454768e-06
7.1918039963e-06
7.1719978364e-06
7.1595451965e-06
7.1750866164e-06
7.1869415763e-06
7.1809094764e-06
7.1571600565e-06
7.1550951365e-06
7.1505311765e-06
7.1580058565e-06
7.1774453764e-06
7.1879146163e-06
7.2024858962e-06
7.2056516162e-06
7.2247866961e-06
7.1708242564e-06
7.241849776e-06
7.2636156159e-06
7.233726196e-06
7.2779362358e-06
7.2538395959e-06
7.2576723759e-06
7.2581540959e-06
7.1488964966e-06
7.1775934764e-06
7.1615825565e-06
7.2511375759e-06
7.2632752959e-06
7.1027669768e-06
7.1800448964e-06
7.1717955564e-06
7.1537194165e-06
7.1492846566e-06
7.1650854965e-06
7.2195988161e-06
7.1574349565e-06
7.1668463764e-06
7.1597111365e-06
7.074486317e-06
7.2020222362e-06
7.068923037e-06
7.0161516374e-06
7.1071948968e-06
7.1320097567e-06
7.0362912172e-06
7.0501912172e-06
7.076083757e-06
nan
7.0258940773e-06
nan
6.9685510376e-06
nan
7.0995603769e-06
nan
6.8942025581e-06
6.9527764177e-06
6.9530080777e-06
6.8765822982e-06
6.8368020984e-06
6.8048860986e-06
6.8699936582e-06
6.8555699183e-06
6.9195849579e-06
6.9479605778e-06
6.8136924586e-06
6.8178803186e-06
6.7977386787e-06
6.8002798387e-06
6.8104957786e-06
6.8489649584e-06
6.7224207991e-06
6.748814479e-06
nan
6.7808351588e-06
6.7594156989e-06
nan
6.6711738595e-06
6.6503688596e-06
6.8493089384e-06
6.6526131796e-06
nan
nan
6.753144059e-06
6.6996408993e-06
6.6971804393e-06
6.7658613189e-06
6.7362293791e-06
6.7609370389e-06
6.7706991989e-06
6.7775167388e-06
6.7921998587e-06
6.7849958388e-06
6.7783099988e-06
6.8143397586e-06
nan
6.7864929588e-06
6.8238240185e-06
nan
nan
6.8901875181e-06
6.8738651182e-06
6.8946109181e-06
6.8753427382e-06
6.910543638e-06
7.0033981174e-06
7.0574518971e-06
7.0641482171e-06
7.1479242366e-06
7.1217378767e-06
7.1224519367e-06
7.1348970166e-06
7.1436729966e-06
7.1667965964e-06
7.1533711565e-06
7.1703610164e-06
7.1938351963e-06
7.1878514363e-06
nan
nan
nan
7.4788374945e-06
7.4776087146e-06
7.5104950744e-06
7.5155585743e-06
7.5143819743e-06
7.4956154344e-06
nan
nan
nan
nan
nan
7.8397149724e-06
7.8576044722e-06
7.8362806524e-06
7.901355752e-06
7.8819045721e-06
8.0229612312e-06
nan
8.0724627509e-06
nan
8.1495849505e-06
8.1579104104e-06
8.2104356101e-06
8.22330953e-06
8.2405306099e-06
8.2436055299e-06
8.4179206688e-06
nan
8.2179457101e-06
8.2076021701e-06
8.2377171299e-06
8.2422121499e-06
8.2940666096e-06
8.2738158097e-06
8.1991821902e-06
8.2004233302e-06
8.1841184103e-06
8.2403188699e-06
8.2792449497e-06
8.0891315308e-06
8.069535011e-06
8.0951779908e-06
8.0095737913e-06
8.0076863113e-06
8.1018260508e-06
8.0228670912e-06
nan
nan
nan
nan
nan
nan
nan
7.9383525718e-06
nan
7.897497212e-06
7.7901828727e-06
7.8781720921e-06
7.8168426725e-06
7.8126173725e-06
7.7747750127e-06
7.7892773327e-06
7.7879052327e-06
7.7757871327e-06
7.7922153926e-06
7.8172666125e-06
nan
7.7737772528e-06
7.8438548523e-06
7.7961202126e-06
7.7790799527e-06
7.729400853e-06
7.7848769327e-06
7.7522732129e-06
7.726676333e-06
7.7193318531e-06
7.6657173934e-06
7.6187553737e-06
7.7037828932e-06
7.6901755533e-06
7.6108748537e-06
7.6667198134e-06
7.6849362133e-06
7.6697886734e-06
7.6516783935e-06
7.567356994e-06
7.731878993e-06
nan
7.6448158335e-06
7.6254368737e-06
7.6730141934e-06
7.6758756934e-06
7.6223617537e-06
7.6086309338e-06
7.6952410732e-06
7.5862075939e-06
7.6382324536e-06
7.6070017738e-06
7.6519178135e-06
nan
7.4394000348e-06
7.4325413748e-06
7.6344141536e-06
nan
7.4745516546e-06
7.6092189538e-06
nan
nan
7.5330410742e-06
7.5444854541e-06
nan
nan
7.5102797144e-06
7.5413769542e-06
nan
nan
nan
nan
7.4278733149e-06
7.2764099558e-06
7.2628482159e-06
7.3770449752e-06
7.3192978955e-06
7.3287542955e-06
7.2754125758e-06
7.3061293756e-06
7.4383587348e-06
7.3814752551e-06
7.404478315e-06
7.3724057552e-06
7.3426781754e-06
7.3125886356e-06
nan
nan
7.3603067953e-06
7.2710399558e-06
7.2518251159e-06
7.2617929159e-06
7.2243364961e-06
7.1705798164e-06
7.3401226554e-06
7.1654409765e-06
nan
7.1904396363e-06
7.1898315363e-06
7.1931906163e-06
7.1805698764e-06
7.1973415763e-06
7.3317020754e-06
7.2049663762e-06
7.3281995955e-06
nan
nan
7.2130640962e-06
7.2060965762e-06
nan
nan
7.239058936e-06
7.2627940159e-06
7.2911602157e-06
7.3033362756e-06
7.242822916e-06
7.2653540158e-06
7.3106044756e-06
nan
7.2296162161e-06
7.2577475359e-06
nan
7.1810838564e-06
nan
7.233847956e-06
nan
nan
nan
7.2904241157e-06
7.3097528556e-06
7.3060080156e-06
7.2551145759e-06
7.2918913157e-06
7.3075273756e-06
7.3114054956e-06
7.2749019758e-06
7.2808646958e-06
7.2033315762e-06
7.2155078561e-06
7.1734008964e-06
7.242984936e-06
7.1100558168e-06
7.1126289768e-06
7.1003949768e-06
7.1472008966e-06
nan
7.1837461763e-06
7.1950775763e-06
7.2535232359e-06
7.2505900359e-06
7.2000122162e-06
7.1908086963e-06
nan
nan
nan
nan
7.3235848955e-06
7.1200182167e-06
7.1535785165e-06
7.1606246165e-06
7.1698686964e-06
7.1803906164e-06
7.237421656e-06
7.3697283352e-06
nan
nan
7.3754275552e-06
7.3414269354e-06
7.3079694356e-06
7.2828807757e-06
7.2559722559e-06
7.2618179759e-06
7.3204520555e-06
7.3700056152e-06
7.2275641561e-06
