-39.298699549
-40.194971053
-39.183093659
-34.821466874
-39.562242651
-38.019129847
-38.612238464
nan
-40.19506849
nan
nan
-45.428487118
-39.866442786
-38.829444648
-38.096151038
-38.751496654
nan
nan
nan
nan
nan
nan
nan
nan
nan
-40.586162386
-37.554060436
-37.36115593
-36.278438696
-34.407660198
-33.252406734
-37.228650154
-40.237479249
-38.429597731
-38.201010374
-34.437926027
-31.305739312
-37.22365605
-36.051897461
-33.699941227
-34.07386555
-32.103613954
-34.078082249
-30.390546707
-29.881335229
-33.914534573
-29.768463375
-31.943791451
-32.257013624
-26.277146425
-30.421305103
-28.774936614
-28.202453955
-30.981166604
-31.068339356
-30.061428581
-27.818475266
-32.298586433
-32.325829999
-29.259740701
-29.609678912
-25.113623961
-23.996276139
-31.617313366
-28.107720287
-27.195489814
-30.480998095
-31.948641189
-30.491487844
-27.042801113
-29.826830069
-31.770049093
-26.165221856
-32.698667932
-22.038601892
-28.746397225
-33.990677858
-28.304916564
-26.974073217
-27.88936239
-27.861054597
-24.015432984
-25.127712622
-22.918216693
-20.42670222
-23.852857489
-27.935697698
-29.698091426
-29.413048185
-33.847596328
-34.596019312
-31.502240312
-31.51661185
-28.18495997
-29.012572955
-35.549426918
-26.154242821
-29.924668303
-25.93816698
-30.638287712
-32.582798931
-36.708292912
-30.478783843
-30.38255016
-37.924559305
-31.528745208
-35.881704873
-32.652054335
-30.943682739
-27.581899526
-26.169313291
-30.223819645
-31.716474551
-38.314978275
-38.269441424
-38.236799999
-37.311916816
-39.971911
-35.31447967
-35.935999128
-28.769792857
-33.162410909
-34.940605045
-34.172613229
-39.990201505
-36.151532927
-38.26038491
-44.185890414
-44.526559361
-49.366265873
-48.606603947
-48.64056256
-47.839090241
-42.825649539
-42.850018694
nan
nan
nan
nan
nan
nan
-40.157225088
-44.271231856
-41.06917849
-43.322187795
nan
-48.023629308
-47.224733669
nan
-43.317675732
nan
nan
-40.699462184
-42.668416678
-40.454128836
-38.744124983
-39.632822379
-43.279671039
-41.162068649
nan
nan
-49.245892924
-45.749597859
nan
nan
-45.039994225
nan
-45.412708559
-45.65365172
-50.725185385
-46.574883955
-45.710186933
nan
-50.434034945
-52.558101119
-49.554737337
-51.031457376
nan
-51.66075937
-45.942972598
-45.630434057
-53.269244423
-53.940584967
-53.609658506
-57.022598734
-54.804447048
-58.598887189
-49.431752936
-47.458506075
-43.817971578
-51.344919897
-54.043849061
nan
-55.619916957
-56.680102864
-57.430111104
-52.926801898
-57.549737737
-58.655451636
-54.380920824
-58.485446271
-57.560714285
-59.45228328
-64.180280281
-55.258377941
-53.976608978
-55.069525409
-52.51360375
-56.065163332
-57.751427768
-60.365781842
-58.386588904
nan
-60.140946662
-63.238046115
-63.501712088
-64.741188906
nan
nan
-61.596803376
-60.452295574
-60.968951172
-63.774875699
-65.598726511
-64.511109677
-64.512774215
-61.816435293
-61.546136842
-62.719635251
-63.742795658
-67.542709026
-67.500979354
-67.103091654
-68.066326144
-66.346581873
-66.441437806
-65.319984136
-69.30374532
-69.304043043
nan
nan
-72.11395097
-69.85409959
-65.459992235
-66.770314208
-68.057945699
-68.799881925
-65.668599625
-70.875034186
-72.959515317
-70.404306276
nan
-71.518647251
-72.302688373
nan
-70.059751568
nan
-75.049398316
nan
-72.057439377
-70.882787243
nan
nan
nan
nan
-73.833098125
nan
nan
-73.891035436
-72.377044563
nan
nan
-71.684717045
-74.163752613
nan
nan
nan
-72.074853437
-69.384889627
-67.29545473
-64.145412494
-59.875132795
-59.262305867
nan
-60.756030868
nan
-64.484301553
nan
-66.533551467
-67.602693659
-70.840256524
-68.948935052
nan
nan
-70.750898106
-65.535218479
-67.230908873
-66.911903578
-67.925474046
-63.439881712
-66.845129258
nan
-60.587938373
-58.299856905
-54.492343892
-55.683138374
-53.667950952
-49.895491311
-51.836285182
-46.566003937
-48.962287412
-52.667278928
nan
-57.553739081
nan
-52.508272461
-49.215127404
-54.479747053
-52.738105413
-54.561806366
-52.479218351
-51.290946709
-43.52607915
-44.064094512
nan
nan
-51.868949232
nan
-45.850879955
-44.273331267
-46.879200529
nan
-47.921958823
-50.741801721
nan
-49.3181548
-45.504656374
-43.437062172
-42.104085225
-46.492252475
nan
nan
-42.827564899
-44.000279886
-43.161989977
nan
nan
nan
nan
nan
-38.829239665
-43.373116211
nan
-47.526162098
-48.393949154
-46.799426295
-39.698576209
-46.802079525
-47.755856903
-49.457508861
-49.393095308
-48.311957507
-44.617556043
-49.095915664
-41.135371672
-42.277981389
-40.555992825
nan
-47.976062843
nan
nan
nan
nan
nan
nan
-50.110129725
-48.56701248
nan
nan
-54.614057204
nan
nan
nan
nan
nan
-37.430900283
nan
nan
nan
nan
nan
nan
nan
nan
-42.400962841
-42.043776178
-36.7246729
nan
-40.183554601
-35.421351942
nan
nan
-38.399982455
-41.552701242
-40.633780974
-39.012100332
nan
nan
nan
nan
nan
nan
nan
-43.770809965
-40.839558339
-41.713430617
-37.309474193
-33.960063464
-34.242293604
-40.300234591
-38.4459216
-36.160057284
-38.953459872
-34.786499961
-33.072026604
-35.07829164
-41.544310611
-34.973739173
-33.688262326
-35.629994524
-39.443002834
nan
-45.000675711
-44.721415064
-49.434207372
-49.233770793
-48.582325457
-48.019762319
nan
nan
nan
nan
-48.966244622
nan
-49.748431731
nan
-46.943195095
-47.702198635
nan
-50.060895562
-49.301413264
-48.654111643
nan
-46.128459785
-48.357729493
nan
nan
nan
-45.601851801
-49.752752409
-44.17046288
-49.025458343
-43.485155381
-42.014973597
nan
-46.996240628
-51.942821153
-47.663393129
nan
nan
nan
-43.56123652
-45.193608626
nan
-50.047513007
nan
-53.008102637
nan
-56.541978831
-54.779918826
nan
nan
nan
-55.172214158
nan
-52.114851579
-51.412641225
-47.505414056
-43.486399995
-44.197036073
-40.691036774
-33.403654962
-32.462273678
-33.11339745
-34.345237857
-32.59834882
-38.312591094
-38.234273487
-39.028991628
-41.308768736
-40.974265228
-39.092266853
-37.584259362
-35.623366178
-36.406700625
-41.356832996
-44.429922761
-48.179871582
nan
-52.024843763
-53.187258815
nan
-50.316075702
-45.479526187
-48.830761493
nan
nan
-51.630023095
-47.347712192
-46.4110672
nan
-44.07784932
nan
-46.997507825
nan
nan
-38.914972347
nan
-36.771851979
nan
-38.389948221
nan
-41.726230804
-38.74863033
-36.542970547
-33.040374352
-32.504909209
-36.001243322
-33.438033545
-35.890765492
-39.94674
-37.311881199
-33.823869844
-34.482426025
-34.204085233
-33.183077844
-28.616388013
-27.793419045
-36.765854687
-35.638089261
-33.9135941
-41.036839566
-39.75928099
-35.477741638
-32.701553501
-30.244119302
-31.914067991
-35.847525561
-35.498725894
-39.281333465
-47.808014323
-39.116792763
-40.461738796
-36.382987819
-33.789007958
-32.723243299
-32.926428283
-32.688504311
-34.690420788
-37.023160976
-27.138932887
-30.834878141
-33.352109705
-31.39130182
-25.5404262
-31.558954446
-25.439024363
-25.477064393
-30.488051784
-28.618311875
-31.399184347
-31.610587171
-27.562509943
nan
nan
nan
nan
-33.474616647
-35.015298155
-41.233086508
-43.128624823
-43.457670591
-35.173874362
nan
nan
-34.544223301
-32.396011412
-32.974938901
-38.54430118
-27.118318428
-29.168048026
-23.526015279
-24.331383875
-27.036084167
-32.041114206
-35.315220732
-36.181385503
-31.554355657
-32.567588781
-30.672931557
-30.821183469
-31.562288135
-28.527147094
-37.045580733
-33.803759521
-32.910812427
-30.687249988
-35.775976868
nan
-27.754019457
-30.351409568
-34.870340131
-30.21456758
-28.258295053
-31.327319696
nan
nan
nan
nan
-32.325194982
-24.600059621
-29.719950767
-29.932844442
-28.539786235
-25.980804531
-24.188083638
-30.356949158
-29.722904986
-28.404347179
-33.633083419
-30.148929308
-30.153319479
-31.767547864
-28.548447674
-30.739412879
-26.665587183
-31.047030183
-31.320332235
-29.773064079
-31.032518352
-30.466758953
-28.388738011
-33.708960827
-30.468207995
-29.988590178
-33.20017707
-32.269151479
-30.916344764
nan
-34.05498601
-33.090023782
-31.858383194
-31.690041979
-36.596246445
-33.255090813
-32.140171299
-35.038397304
-31.114496054
-29.466394897
-22.670202838
-26.257540448
-30.34484546
-38.417636876
-33.48957796
-35.518166106
-38.795300615
-36.861980047
-38.972818783
-30.590378647
nan
nan
-38.36528136
-38.426871516
-39.544500486
nan
nan
nan
nan
-29.948811213
nan
-32.046482032
-30.43685368
-28.239138397
-28.985193731
-29.470195146
-26.407671515
-26.225460844
-28.077377784
-27.53860549
-25.968382627
-29.871346749
-33.217159954
-29.296103703
-29.615115203
-28.210165179
-27.962011302
-30.719458919
-37.04770131
-33.961773147
-28.970121305
-30.164032709
-32.099082838
nan
nan
nan
-28.531806212
-32.560585658
-31.853956938
-29.803065674
nan
-37.020601089
-31.729851675
-32.399200702
-34.536201623
-30.993099098
-31.753061375
-29.473337676
-31.014413164
nan
nan
-27.920851876
-25.333208482
-24.068297313
-24.793837851
-28.981185506
-36.286081201
-28.671020999
-32.490223892
-37.517679243
-32.900282216
-27.601529163
-32.251464515
-31.125421165
-26.393115576
-26.565846915
-33.665306729
-32.120886876
-33.431141827
-32.391074085
nan
-32.941067666
nan
-31.621599414
-35.123029441
-33.503779745
-28.800858329
-27.045589884
-29.765643332
-29.039017148
-27.027525446
-31.74539636
-23.128191996
-20.511178929
-25.04680143
-20.307570153
-26.135353465
-23.7033619
-30.002381703
-26.374756282
-25.363458101
-27.623766691
-23.298506699
-22.100416009
-25.130750809
-29.132760788
-28.704244423
-24.557165516
-26.131561352
-26.526381109
-32.283812698
-22.607990748
-25.673990586
-30.036158859
-31.130093646
-34.744757827
-33.969046781
-31.737787754
-33.106505147
-28.648402607
-28.54177747
-32.847790526
-35.784015179
-32.583660693
-32.440742963
-35.480630359
nan
-29.454573902
-27.330498594
-28.786541028
-26.220752161
-34.19576659
-30.79868669
-33.35039363
-35.201677354
-28.166103059
-26.084622467
-25.576984769
-27.813673464
-27.938480902
-24.187924818
-27.626518876
-18.168060026
-21.371315914
-21.152709821
-25.781447778
-25.723257395
-26.47287204
-25.024529755
-27.210382056
-29.64629592
-33.058079971
-35.601881002
-38.102610871
-38.020475116
-36.988048682
nan
-39.193451981
nan
nan
-34.750907496
nan
-30.016185881
-29.433075902
-28.306574115
-33.67105365
-27.39175573
-25.920768875
-24.224102821
-28.393937758
-21.604397687
-26.470828417
-23.394381533
-20.085536479
-17.852727844
-19.402059007
-24.310435036
-21.216748938
-22.414708811
-21.150660653
-18.913876664
-24.353384697
-27.156516202
-32.048607257
-39.299342802
nan
-32.657803459
-31.397481054
-26.851730182
-28.159073524
-24.790990241
-23.589917956
-22.009509701
-28.378216021
-28.004479714
-30.991034968
-35.38248529
-29.978550149
-28.953463498
-21.383324947
-22.40597151
-24.624876339
-21.967973225
-27.114271069
nan
-29.158254584
nan
-34.478770035
-35.100974792
nan
-40.160346144
-32.361847485
-34.30015588
-27.068635641
-27.564067428
-34.270967671
-36.503771092
-32.858260285
-32.085323337
-31.750829221
-38.700809873
-45.789149575
-42.185088109
-43.931526029
-42.982122867
-44.491654615
-41.243380914
-37.58627515
-36.726577303
nan
-35.317075468
-33.302827878
-32.127153563
-29.990118397
nan
-22.304431863
-24.417155162
-27.099822892
-20.232159205
-20.541896927
-24.554334466
-26.670099617
-25.165445577
-28.149996322
-26.819391069
-30.301460191
-22.683798465
-28.679311105
-26.651218183
-27.300340294
-32.432719167
-28.975735631
-23.890653987
-28.368883455
-26.255598238
-27.403767873
-30.530456487
-28.266626785
-32.93751134
-34.266139504
-35.459524938
-35.640244079
-33.642520131
-33.555056581
nan
-34.118845346
-28.615671288
-27.420179223
-26.933429421
-33.830705109
-33.235931552
-29.496593205
-28.176185796
-28.117656002
-29.946289759
-29.684866542
-24.272475606
-23.992638939
-24.270410267
-24.578668299
-28.898754125
-32.362468035
-28.080621675
-29.173414276
-34.649825195
-31.701883009
-24.965683576
-26.334628611
-35.708937371
-36.529367946
-38.813020983
-33.561363379
-44.018314914
-42.448044444
-43.203732779
-43.58983028
nan
-41.634120784
-39.485205921
-40.801092116
nan
nan
nan
nan
nan
nan
nan
nan
nan
nan
nan
nan
nan
nan
nan
nan
nan
nan
nan
nan
nan
nan
nan
nan
nan
nan
nan
nan
nan
-35.416729408
-35.520015907
-31.287801648
-38.698759122
-36.757713189
-35.703155636
-34.257827185
-29.015181654
-31.096799816
-39.807397273
-36.344601913
-38.094474312
-34.83572659
-42.844243285
-34.435058003
-28.393956437
-28.511458426
-31.562948244
-29.595465995
-29.040678497
-29.966407846
-33.419599977
-32.480904353
-31.770234572
-31.901778068
-34.684021491
-30.807837302
-35.168669733
-33.477165541
-35.738903345
-31.191346967
-27.012355171
-35.469387167
-33.340072567
-36.966229771
-33.174729151
-26.723252931
-32.570549109
-30.947064027
-35.696310308
-33.013531245
-38.661862023
-37.992820427
-34.753695759
-30.633466788
-30.525986473
-31.59119063
-31.976640626
-27.4985392
-27.383325117
-32.61892511
-34.096244787
-24.665067916
-26.763301173
-23.365182129
-30.559200399
-36.70411982
-28.524374876
-30.316805802
-32.599663226
-27.687559916
-32.573868192
-33.479807333
-29.743075411
-26.742516135
-29.438686188
nan
-30.602154095
-30.944446263
-34.266575674
-35.391970073
-31.015990251
-35.992546659
-36.760653563
-36.72442837
-33.827941843
-32.66879008
-35.930167827
-34.346958567
-36.388373553
-39.013385281
-34.055201647
-35.645406958
-36.94783358
-36.474776293
-38.794721756
nan
-34.483827878
-40.494472949
-37.098346275
nan
nan
nan
-33.160015773
-35.937800452
-34.145278353
-34.974432813
-31.386677771
-32.09827264
-32.908667643
-37.450481823
-35.636426248
nan
-29.263506964
-34.251957186
-27.697443354
-25.340510105
-23.193114761
-27.949203018
-30.311819926
-29.00217878
-29.317851301
-26.971461359
-24.52565901
-24.406754004
-27.728605863
-30.426197502
-35.189320688
-32.358146775
-29.825722045
-36.186485857
-31.043043324
-33.282141309
-32.886703168
-30.697379275
-28.651342527
-23.730873173
-25.456480518
-30.302939506
-24.941035954
-32.344074222
-27.388537152
-29.109960784
-25.141315902
-28.587124507
-23.898381377
-30.898055328
nan
-26.777358984
-26.295144795
-37.961164436
-36.798456052
-36.516978148
-31.091837149
-37.377733693
-36.908448905
-36.947653355
nan
-37.162705733
nan
-32.246760564
-30.381613194
-28.379788951
-33.890913648
-29.664727637
-39.57354143
-34.780759981
-37.170147212
-32.613468553
-36.097254039
-34.905386451
-35.529650818
-31.596392307
-34.847913312
-27.982148225
-29.850667172
-32.81666878
-32.801286658
-36.389308624
-31.608824307
-39.40708
-34.811959887
-32.768662794
-37.716663983
-32.899438561
-32.502035787
-29.85575238
-28.945115893
-27.8263832
-28.025293331
-33.633861868
-28.722899475
-27.46708173
-29.606296912
-30.962251238
-30.552167343
-37.354588287
-27.317780223
-29.298150976
-28.293715271
-29.110784479
-31.525195613
-29.790261561
-28.320302589
-29.945491344
-31.116745156
-33.9232
-36.530787098
nan
-34.174159807
-29.298190067
-34.297849549
nan
-30.103119905
nan
-35.966385068
-32.0269197
-37.714717725
-37.605744208
-29.510862412
-30.822256012
-34.792496798
-33.607275839
-32.108005615
-34.885981056
-27.582241609
-26.829894934
-23.884378266
-23.950187422
-26.167514884
-26.787300473
-25.885765439
-38.229663796
-39.110656805
-43.190075345
-38.228699271
-37.006982662
-35.989189555
-27.465355728
-30.276996815
-37.75435554
-36.91608429
-34.375181911
-32.812007491
-37.018251094
-32.00353653
-32.764932322
-30.265484126
-30.477672463
-27.797687685
-28.284567419
-30.897391325
-38.241027473
-37.441400598
nan
nan
-33.776333838
-35.894449618
nan
-37.694511706
-32.777795029
-29.13896516
-33.745167384
nan
nan
nan
nan
nan
nan
nan
nan
nan
nan
nan
nan
-41.258161907
-38.022083028
-39.934286197
-32.615301593
-34.366380438
-34.238618981
-30.760030032
-33.792558551
-28.425367897
-36.669692621
-28.233020657
-31.634279244
-26.209354336
-38.188524596
-29.576740762
-27.933556621
-25.587897034
-30.172593682
-26.301935959
-31.167071813
-30.40600377
-28.555355665
-32.03479139
-33.464849254
-33.515431102
-33.374563966
-33.123532934
-36.385050408
-29.095334955
-30.416982719
-28.236454687
-28.085234382
-26.582325227
-31.824924281
-30.405157301
-29.445089703
-35.186203531
-31.304142928
-32.543512458
-27.669024851
-30.553923142
-32.92412107
-37.342285822
-26.291233895
-31.481873443
-38.247516093
-33.819633723
nan
nan
-22.107456989
-20.810260472
-30.593633469
-29.935937832
-25.850835432
-31.014727775
-28.590230254
nan
-26.644228201
-27.860851256
-33.208413593
-30.862933659
nan
-29.783762179
-27.639139805
-27.798039875
-31.599582827
-28.248431965
-23.497049375
-21.895050789
-28.910445925
-28.627760935
-27.460973696
-21.860373081
-22.906736157
-24.016543682
-23.926788483
-21.763940707
-24.380573903
-23.950931463
-23.567920095
-23.672271193
-26.464705538
-27.738934075
-31.844679819
-25.881771062
-25.498363544
-33.275369021
-31.074195981
-27.691197945
-25.083396763
-26.716376551
-28.585072307
-30.502757852
-30.950399989
-28.414495484
-30.157919995
-28.491745768
-27.405050337
-33.579189408
-30.709575273
-29.708232711
-26.563624126
-22.625680853
-25.834216783
-26.852266438
-26.377598688
-25.521872356
-25.850238482
-28.575424315
-26.149710129
-22.126393606
-23.558139825
-30.96354858
-25.635447474
-31.851947219
-30.966278475
-28.404455523
nan
-31.753487222
nan
nan
-34.151682773
-38.591410297
-27.051161086
-34.101966752
-32.049273287
-30.315057038
-29.479596191
-29.390519789
-23.580485723
-27.509549773
-28.873479927
-30.792953044
-32.111228662
-32.469889167
nan
-33.200319909
nan
-30.999580404
-29.441539594
-25.753590326
-26.661818513
-25.736077016
-25.170046281
-29.125699342
-29.700391021
-31.995740828
-30.897073909
-28.335879276
-23.371815219
-23.716592964
-27.576056127
-25.638296056
-24.939751613
-21.668453165
-30.251365684
-30.328867206
-22.428517197
-26.21622031
-22.175154738
-26.708602219
-29.986637709
-25.571927635
nan
-25.549402668
-22.660709873
-23.362881679
-21.033149854
-26.548833666
nan
-29.518769553
nan
nan
-29.430407945
nan
nan
nan
nan
nan
nan
nan
nan
nan
nan
-37.311570594
-29.810996872
-32.672674128
-27.796933817
-30.038790018
-35.038734245
-36.313119893
-37.417390136
-37.13063781
-32.073145471
-31.419106249
-32.97286724
-43.447854565
-40.474309881
-41.195200945
nan
-35.804160522
-36.93030872
-34.221249569
-35.646209264
-39.444520566
nan
nan
-39.262075151
-44.152420788
-37.576285945
-37.362194027
-33.227968549
-36.710626469
-37.075492433
-41.250269187
-42.301591312
-42.64391947
-41.034353541
-48.163995907
-48.539467857
-43.152582854
-42.506386671
-43.279144335
-48.22281828
-48.135898821
-51.768765977
-50.036730566
-44.787915151
-49.468821698
-45.664079832
-44.696521385
nan
nan
nan
nan
nan
nan
nan
nan
nan
nan
nan
nan
nan
nan
nan
nan
nan
nan
nan
-49.500830738
nan
-45.157046275
-38.734138738
-46.452661606
nan
-46.812133724
nan
nan
nan
nan
-41.781337365
-46.449683549
-49.468017509
nan
nan
nan
nan
nan
-47.457355537
-39.37456301
-41.667317842
-43.948064315
nan
nan
-47.119924675
nan
-51.039852464
-35.914562857
-31.191726942
-35.21284516
nan
-33.635169338
-31.211189021
-42.544644266
-34.156208306
-35.159788451
-36.885696774
-26.546075074
-28.179197539
-34.976757755
-31.854841975
-34.935788993
nan
-29.8545928
-31.620347178
-34.600196045
-38.494406581
-34.112486706
-32.142609376
-32.036482837
-44.1646629
-35.320906633
-31.148194038
-29.984839398
-38.9057436
-44.187758564
-38.594795286
-39.424781722
-42.381547299
nan
nan
nan
nan
nan
-45.047821133
-41.953924495
-36.717656205
-38.35501607
-41.092304899
-41.484933437
-34.096186039
-35.808819364
-39.724442661
-39.951372779
-36.003428953
-36.409894288
-40.392364691
-42.073821798
-42.995949708
-44.293857493
-41.448768922
nan
-45.498833518
-36.491529733
-29.887440516
-39.267425111
-34.747044286
-36.868088322
-35.693047324
nan
-37.721690394
nan
-37.854933821
-39.527740986
-37.195612351
-37.236760612
-38.656566585
-33.205997579
-37.805838361
-36.334666685
-35.859430385
-38.248019156
-36.529955356
-38.308009425
-37.42688337
-40.169724717
-44.398112222
-45.821716435
-42.38950813
nan
nan
-39.76740064
nan
-39.581042466
-38.778738421
-40.072553276
-41.170453035
nan
nan
-42.702865552
nan
-31.315673817
-35.311189258
-30.787050678
-35.418987433
-33.173306705
-31.843429595
-29.84798407
-34.085558244
-29.328559967
-32.532683776
-31.292658028
-34.513994869
-33.258568442
-30.242216142
-29.394608013
-27.250975649
-35.409034506
-25.512725327
-27.531190738
nan
-34.566186009
-36.553239627
-39.246221217
-33.423441646
-33.253380477
-28.858216401
-33.912829554
-34.755751706
-31.57145265
-36.137411888
-35.018514663
-36.012399223
-34.063968235
-32.039435864
-32.438594775
-33.782470373
-35.103735897
-33.391002066
-30.008294921
-36.494143083
-32.886577264
-35.837267926
-36.346316775
-45.757470759
-43.001580161
-38.944967186
-40.03812753
-42.645287673
-42.127298786
-41.616705851
-37.47196848
-36.617286829
-33.619754
-39.953102235
nan
nan
nan
nan
nan
nan
-28.777745028
-28.330127945
-34.229827813
-29.41000643
-30.271191131
-25.507434907
-30.581676383
-40.372390222
-35.756824433
-38.667222223
-38.05202877
-38.570618082
nan
-32.161673887
-32.707564544
-30.257853523
-32.495206663
-32.191837869
nan
nan
-40.627753136
nan
-41.495616
-41.945297578
-39.702432985
nan
-38.805870791
-36.239302439
nan
-40.498660885
nan
nan
nan
-35.835057238
-31.428537084
-31.464378329
-39.657971258
-36.41198897
-38.692197801
-42.825858087
-39.100339996
-40.032458818
-40.046254181
-40.98117818
nan
nan
nan
-37.319533304
-35.465184982
-36.732586566
-36.363088865
-32.417405343
-41.898602336
-33.593354521
-31.810590384
-29.402545075
-31.668597853
-32.503074934
-33.298727816
-38.855757885
-40.370981747
nan
-37.315138638
-36.061124616
-36.896397865
-35.56044256
-35.631418617
nan
nan
-45.88863009
nan
nan
-47.088344367
-43.97759963
-40.210552539
-39.267572732
-39.395841546
-40.664057785
-50.811741884
-43.512175431
-44.665330563
-48.910584074
-39.602651471
-41.365885693
-41.042046731
-48.711723883
-45.120868567
-40.726406366
-45.141239048
-44.187356562
-44.908297703
-39.783187235
-40.716284633
-45.143720768
-44.020260733
-42.630065549
-41.938546801
-41.477527779
nan
nan
-40.6705874
nan
nan
nan
nan
nan
nan
nan
nan
nan
nan
-44.662299305
nan
-44.80917256
-45.583416187
-48.325082464
-40.402615791
-45.936042287
-43.454259703
nan
-44.014612952
-46.853230497
-45.150932414
-49.461255136
nan
-43.773923697
-48.111325489
-48.419490194
-48.565530184
-50.189990054
-49.533299774
-51.71229467
nan
nan
-43.262979906
-43.787867029
-42.277577578
-40.035265665
-38.975140893
-43.314298361
-44.371367225
-43.771998562
-47.781669339
-45.204265181
-39.188109962
-39.417348601
-37.665438826
-47.513996604
-50.084398029
-49.050368736
-42.603866878
-42.197455553
-43.458340089
-46.521431658
-44.986364845
-42.577516438
-40.327334899
-47.940366438
-47.950414452
-47.376479316
-41.071283619
-43.271177508
-48.441638515
-49.813378015
-49.000087895
-52.957145562
-49.553773326
-49.253596391
-46.205034088
-51.734214008
-52.356411978
-56.873905797
nan
-57.371070137
nan
-54.264473335
nan
nan
nan
nan
nan
nan
nan
-55.630130469
-47.981632187
nan
-51.271308319
nan
-54.231867219
-49.29043693
-46.657183577
nan
-50.047770421
nan
nan
nan
nan
nan
nan
nan
nan
-46.907034556
nan
nan
nan
nan
nan
nan
nan
nan
-58.935471907
nan
-57.795996695
-53.351423557
-52.463752663
-50.560745721
nan
-51.265233164
-49.113010875
-47.831943601
nan
-50.893831199
nan
nan
nan
nan
nan
nan
-36.504798364
-36.728131983
nan
-44.548626899
-46.47764018
-40.847561877
-48.920092633
nan
-54.195592402
-46.93875961
-52.493450852
nan
-48.640605902
nan
-52.715443149
-50.593655486
nan
-56.435749954
-55.333465603
nan
nan
nan
nan
-51.014828576
-57.359257143
nan
nan
nan
-51.174424296
nan
nan
nan
-46.691115706
-46.054410247
-48.246065536
-50.651676073
nan
-44.761307139
-42.234938667
nan
-47.399455594
nan
-43.335006804
nan
nan
-47.628345109
nan
-50.221408345
-47.807648735
-53.613910141
nan
-49.930414286
nan
-49.048880556
-49.634400534
-51.42927267
nan
-50.691066542
-56.361106444
nan
nan
-46.944356399
-49.917644203
-51.956148833
-48.978602844
-53.109273503
-46.435953495
nan
-46.544348121
nan
nan
nan
nan
-47.392169364
nan
nan
nan
nan
nan
nan
nan
nan
nan
nan
-66.147529429
-63.354162663
nan
nan
nan
-51.045772642
nan
nan
nan
nan
nan
-37.544805289
-33.832197862
-34.962852989
-34.583625074
-32.641708136
-35.612587476
-32.660851105
-38.544885635
-34.537758276
-31.842299313
-36.119378368
-41.444280888
-40.628314742
-37.545162314
-39.341557948
-32.000201505
-26.606992519
nan
nan
nan
nan
-37.429993439
-37.091372255
nan
nan
-34.365958431
-34.440805632
-34.1601561
nan
nan
-33.806901014
-37.847313504
-36.289965065
-37.602590607
-33.02542314
-31.678699895
-38.945335568
-40.523156067
-36.692472116
-38.235166842
-43.572887143
-39.224925354
-39.304263628
-36.155269582
-36.05186216
-35.261070884
-36.676340289
-38.009399727
-37.217726397
-40.518888354
-41.904763975
-37.069492105
-36.505668704
-44.717213938
-36.617696623
-33.253658996
-31.062806042
-30.783832911
-38.383698694
-37.496926616
-31.127558274
-34.109890765
-30.210705457
-32.887533339
-35.513868602
-31.536288875
-32.153566907
-37.053236578
-44.28758141
-44.125367211
-42.079527024
-37.498088569
-35.418138146
-37.098360133
-36.125879395
-36.125837009
-34.957155189
-38.884175312
-36.385867586
-42.972368925
-40.565972472
-43.742594099
-44.118504663
-43.024022272
-36.365947468
-38.105427151
-36.709087462
-32.033519822
-39.770666387
-39.7137964
-33.430280914
-33.377709674
-36.17339992
-43.615880958
-36.188907935
-35.943368715
-33.491958353
-37.381970734
-42.654074931
-34.809962765
-36.282423936
-38.472750745
-35.780050825
-32.128232354
-34.601911016
-30.428312763
-28.641731017
-32.440079524
-30.779092385
-30.839327294
-34.210411382
-34.048188866
-37.681687411
-40.566149161
-39.118740988
-42.139104242
-38.785274261
-39.873153511
-36.827650141
-39.786077896
-40.545358303
-43.008905927
-47.713023465
-46.229234439
-41.656312164
-38.714262702
-38.132776816
-35.559363656
-43.725546797
-35.119596892
-30.058750606
-39.725281776
-38.625900606
-42.649930793
nan
-45.228981497
-38.003005654
-32.99836327
-38.074227485
-33.202357827
-31.662770123
-32.453651975
-40.977399644
nan
-44.703140439
-45.506007295
-42.798082288
-41.866501281
-42.158188885
-40.414636224
-33.521614674
-32.642180405
-35.304890764
-37.765281319
-35.138266366
-32.773407014
-35.720421935
-38.322039589
-39.76501081
-35.748994356
-36.895065103
-35.259276627
-40.64595605
-38.516883141
-39.791518288
-31.349532871
-37.352705156
-35.102010564
-36.348534
-38.98050751
-35.506707866
-33.951624379
-32.196034539
-31.480937166
-36.786041902
-34.374557772
-35.802489611
-33.780698268
-34.829328975
-35.484514989
nan
-37.823864851
-36.370782656
-36.590917079
-34.36455658
-36.375943585
-44.705009619
nan
-35.986393499
-34.322652358
-36.596580793
-42.110318562
-33.806380181
-31.251856499
-34.325130411
-37.26110938
-32.381005109
-39.105649322
-35.345379123
-34.802043081
-38.55405935
-33.503111739
-39.272742968
-41.905903967
-31.839278484
-31.293030316
-32.178484868
-27.966392869
-27.464669543
-34.121480466
-34.196518272
-33.931246442
-34.463291071
-33.319713411
-35.938147669
-43.240554701
-41.534359433
-34.477651513
-40.727856356
-36.476542112
-36.378279848
-40.40946609
-38.568355662
-39.150671604
-38.311904295
-37.394669618
-39.268525918
-33.512799267
-32.670443084
-32.94332596
-41.321370312
-45.915054911
-50.001872191
-52.70910325
nan
nan
-60.782154647
-59.856615883
-60.175993571
nan
nan
nan
nan
nan
nan
nan
-65.562380403
nan
nan
nan
nan
nan
nan
-71.223761709
-68.370988891
nan
nan
nan
-68.698603935
-74.170807971
-71.322163494
-71.819501194
-70.598857912
-74.836618729
nan
-72.948673258
-70.423218258
nan
-71.480604524
nan
-68.707822185
-71.137270188
-73.193656568
nan
nan
nan
nan
nan
nan
nan
nan
nan
nan
-49.584970466
-47.870615434
-37.4269193
-41.625790934
-44.11079992
-42.973981107
-38.258889024
-40.531823381
-39.338922698
-40.882343086
-41.172087002
-39.113327321
-43.900330263
-36.968446526
-44.741591634
-38.832293851
-43.059644777
-47.280091521
-42.348138497
-44.467191506
-50.100415373
-52.853383325
-58.552107901
-60.220292031
-59.379311988
-55.617460897
-61.572691089
nan
-64.337907505
nan
nan
-52.450660369
nan
-55.050339405
-54.388537492
-54.084481357
-52.145577272
-62.418100719
-62.339124953
-59.46123365
-62.800220051
-62.502033677
nan
-64.398308341
-62.498689065
nan
nan
nan
nan
nan
nan
-75.379670276
-76.416671059
-76.950796538
nan
nan
nan
nan
nan
nan
nan
-68.19946405
-72.828158406
nan
nan
-74.190682819
nan
nan
-73.503421759
nan
nan
-76.989661661
nan
nan
-78.31588763
-79.593885022
-76.41201401
-81.484156727
-81.241191457
nan
-79.645011308
nan
-78.064949804
nan
nan
nan
-83.340537393
-79.372793583
-80.740663819
-81.610898283
nan
-78.925990146
nan
nan
nan
-80.232039359
nan
-77.199916616
nan
-81.47193994
-80.302713621
-78.531115184
-78.679548213
-73.606152265
-77.827791515
-79.48079338
-77.848777823
-76.149555255
-72.01898269
-74.976879058
-77.626045962
-73.521524456
nan
-74.88493862
nan
-71.273364678
-72.58116895
-71.572576629
-68.934838232
-70.818768797
-70.394056931
-72.537758382
-67.069056171
nan
nan
-70.800278005
nan
-70.351607264
-75.47912262
nan
-73.67679095
-73.87539425
nan
-79.83636322
-76.907925109
-75.318742146
nan
nan
nan
-78.848934336
-77.560231147
-80.087822406
-75.804832169
nan
nan
-76.169622857
-76.732732453
-76.512322995
nan
nan
nan
-73.319441782
-67.988358613
-65.371038144
-61.886480222
-53.401760586
-54.88863092
-54.646096526
-56.073234083
-50.14264875
-55.173371807
-52.34574262
-48.639058326
-52.854891358
-52.790186294
-49.708634869
-57.944828503
-56.313857615
nan
-57.044727308
-57.911530459
nan
-57.287352543
nan
nan
-56.496778458
-60.890906077
nan
-63.431629626
-57.695567538
-64.582831469
-67.568266037
nan
nan
nan
nan
nan
nan
nan
nan
nan
nan
-63.928871086
nan
-65.770192453
nan
-66.759420017
nan
nan
nan
nan
nan
-49.718341608
-50.521518045
-60.189249377
-57.561702466
-59.906035373
-57.318795253
nan
nan
-60.139459054
-63.878918313
-58.702353737
-50.469867096
-54.698976456
-55.146512736
-52.068419863
-54.097758597
-55.030135384
-56.802706794
-55.825681263
nan
nan
-58.368066386
-57.693366318
-58.806609774
-51.886223854
nan
-56.517083426
nan
nan
nan
nan
-55.131758441
-54.44109235
-56.746684912
-53.825092651
-54.027993131
-58.51541239
nan
nan
-54.741110249
-51.766247695
-60.709326611
-52.941835282
-57.271487023
-57.721883243
-51.187667192
-51.858107673
-56.403844554
nan
-53.152459636
-50.819939981
-56.450256813
nan
nan
-52.912980645
-52.520314187
-53.601953825
-52.209138187
-48.681667747
-50.209849978
-51.534096473
-50.419873576
-50.971524061
-46.21039096
-52.802247525
-48.302997474
-51.577653056
-46.248454359
-44.725560568
-47.942366307
-45.481207683
-48.343388741
-44.367206761
-46.945381245
-40.863066429
-48.929736466
-43.659441786
-47.313992733
-45.376830002
-46.588257221
-45.176037021
-44.586959681
nan
-45.11457334
-47.278370755
-49.079133696
nan
-48.711041946
-46.046881966
-52.416829715
-47.942925484
-47.229451613
-50.881496014
nan
-51.220755144
-52.699557574
-53.050746764
-45.017363519
-45.203875224
-47.442107684
-47.506995908
-49.447673804
-49.178627662
-48.063023316
-54.027324663
-52.20347996
-51.359121458
-50.484405426
-48.676373203
-42.688931624
-42.267108833
nan
-45.781639997
-42.978680594
-49.63313372
-49.541413836
-52.027708895
nan
-56.606061381
nan
nan
nan
nan
-52.936353897
nan
-44.165213554
-43.434443371
-41.678119705
-45.441751863
-53.269486757
-44.518320289
-38.984907143
-44.17183707
-43.282125612
-51.184619781
-48.438399839
-49.618869233
-45.222476014
-52.880713335
-49.42441583
-44.928604548
-51.377156243
-56.660630466
nan
nan
nan
nan
nan
nan
nan
nan
nan
nan
nan
nan
nan
-44.977244381
-46.067062093
-50.916669024
-41.711287904
-41.069351951
-48.42308775
nan
-49.690076244
nan
-49.132752399
-45.244777351
-43.100520394
-43.747658177
-46.2289544
-42.538104683
-45.02765115
-45.38419958
-45.986908319
-51.171773882
-43.861376471
-53.522568645
-49.062903861
-45.361332809
-44.231950596
-44.194832836
-39.623590117
-39.259271946
nan
-45.988309826
-48.563703476
-43.305502833
-39.565342916
-41.109049364
-48.718206785
-51.660186625
-45.221063866
-46.057764336
-46.570021476
-47.712987782
-46.91848523
-47.952474446
-49.201149179
-50.219160428
-48.049288864
-46.149870982
-45.006934648
-45.963132366
-49.867313193
-53.525820017
-52.711336076
-52.18611599
-49.406199604
-48.397705608
-41.895542285
-46.904031922
-49.219525675
-47.524443493
-49.141133141
-45.239639232
-46.51988066
-53.542985693
-55.624646901
-52.660003599
-48.775944099
-45.700864049
-50.117520721
-50.908083062
-56.295695726
-54.990639586
-48.091759743
-49.865246239
-51.917446228
-48.480539453
-49.310077709
-51.249837359
-51.720892072
-45.165330167
-43.189184714
-48.442058005
-45.717361215
-48.27466902
-44.752487519
-47.923756365
-47.807198223
-44.563971937
-45.548347815
-43.117106249
-46.063845965
-51.142484184
-46.981207978
-52.768169492
-46.331269408
-48.528652368
-47.62394204
-47.281959105
-53.356104979
-50.984056748
-49.058997476
-48.330903982
-52.462352625
-48.216556972
-53.4797596
nan
-49.345607899
-45.631249059
-45.996249309
-46.539766853
-45.997771101
-45.893245696
-45.267408306
-49.293473586
-49.745306525
-50.397899627
-50.772400563
-51.448694917
-49.485597925
-47.659596833
-46.828592252
-46.691961564
-50.874050295
-47.598197001
-49.977814171
-45.780046874
-49.995833043
nan
-46.841626312
-47.253856743
-49.987733551
nan
-46.22754092
-46.742896884
-49.490036461
-51.59229334
-46.441066854
-45.773243718
nan
-48.901085537
-48.026667477
-46.786820392
-55.354447332
-49.536325578
-51.492987123
-53.867622732
-55.215531982
-50.14527329
-49.174338392
-51.80785023
-50.648878401
-48.881512022
-51.932958185
-47.857333863
-47.682130346
-49.754838403
nan
-55.346500167
-52.993950849
nan
-51.702049823
-52.248239613
nan
-49.431293247
nan
-52.384589224
-53.385116151
-52.638478666
nan
nan
nan
nan
nan
nan
-51.307386245
nan
nan
-53.43015306
-48.589066681
-45.56471253
nan
-52.605673633
-52.400634156
-51.711021394
-50.149586412
-52.00725275
-46.969505982
-50.798680687
-53.681198438
-53.462675227
-53.336875548
-51.872066356
-52.277083526
-49.271171568
nan
nan
-49.805004202
-46.558271481
nan
-47.602536406
-47.75398972
nan
nan
nan
-49.964936027
nan
-51.794873267
-50.29054695
-42.649570868
-46.424249912
-44.984482301
-47.658598193
-48.706698412
-49.759628427
-52.051461089
-50.955064101
-43.138399945
-46.229049004
-50.564862597
-44.892699771
-46.999018451
-45.601911712
-46.758513884
-45.624088891
nan
nan
-45.428071141
-45.616283569
-44.778858467
-50.447155739
-45.332839
-45.106191837
-50.413917923
-47.279621241
-49.656076792
-45.134124543
-48.766528601
-48.066013484
-46.387044059
nan
nan
-44.499042648
-45.556651753
-44.924037519
-50.482450478
-48.887651636
-43.533314034
-46.219066011
-43.565584852
-47.319949809
-45.763670937
nan
-43.869660587
-46.584924044
-45.270731092
-43.348719783
-45.630066159
-53.563589941
-44.698594588
-45.64529986
-48.195417329
-43.69855626
-42.330897776
-43.576180609
-44.46607523
-44.015213367
-48.12306324
-47.962435064
-48.537581716
-45.740075088
-41.407762972
-50.970631499
-42.140940513
-43.960372582
-39.481389937
-39.896496255
-43.308542181
-44.609118635
nan
-37.725361281
nan
nan
nan
nan
-43.234122758
nan
nan
-49.510300418
-49.779290918
-47.755606521
nan
-49.347458097
-50.965805298
-50.18951681
-46.738043787
-45.047625056
-52.049475023
nan
-54.645323489
-49.064349972
-47.963214865
-51.838278417
-48.094515142
-45.622711618
-47.261823818
-45.939785719
-47.074115934
-41.252696643
-39.143223402
-43.278052822
-48.114465072
-52.638191131
-49.505258787
-48.927130169
-41.540725157
-46.239711083
-38.557604747
-46.724903323
-49.411782585
nan
nan
nan
-56.171044743
-52.23449968
-55.476876788
-54.836054666
-49.9891018
-53.144121481
nan
-53.111232702
-51.08696251
nan
-51.863768939
-51.912261175
-47.051384522
nan
nan
-51.22533545
-47.825881908
-50.930068723
nan
nan
nan
-49.248466763
nan
-38.476794103
-43.824704014
nan
nan
-37.982420395
nan
-42.356606428
-42.616862551
-42.814217222
-37.664499847
-41.331244791
-39.317871486
-41.942060354
-38.658170294
-42.075307028
-37.382284436
-39.011677458
-38.903481306
-41.044941828
-39.767490699
-39.582415422
-36.30606195
nan
-41.48659292
-34.956345365
-39.370215844
-39.002722848
-34.483069645
-33.057114072
-38.114897116
-37.532921863
-40.124719033
-43.321639501
-36.742636559
-38.203056156
-39.780758957
-38.351713751
nan
nan
nan
-35.790345171
nan
nan
nan
nan
nan
-40.793158708
-36.411785749
-32.073512303
nan
nan
-32.453191009
-39.260557068
-43.987293277
-35.091825009
-37.143250712
-36.913398052
-37.806060294
-37.14158126
nan
-36.708616492
nan
nan
nan
nan
-41.47561996
-33.033953011
nan
-35.036439426
nan
-41.328390674
-35.063948514
-28.651793235
-33.344855586
-38.991178665
-39.810848642
-37.569466541
-38.013438782
-36.450721058
-35.812282438
-36.031063551
-36.42038221
-33.5889875
-39.139301898
-40.133416598
nan
nan
-39.196285355
nan
-40.505863079
nan
nan
-34.555805266
-32.700444557
nan
-33.441276605
nan
nan
nan
nan
-36.434626509
-39.011638533
nan
nan
nan
nan
nan
nan
nan
nan
-27.812657769
nan
nan
nan
nan
nan
nan
nan
nan
-28.553216326
nan
nan
nan
nan
nan
-29.823507272
nan
nan
nan
nan
nan
-28.42649859
-36.229369365
nan
-30.826784499
-30.595565872
-31.196612646
-27.870018242
-28.866585052
-28.776648909
-25.229396923
-25.890810111
-24.834866458
-29.163967237
-24.321048228
-25.338288052
-31.007341472
-30.261091726
-30.78072309
nan
nan
-29.231051169
-27.475353055
nan
nan
-24.011298721
-28.459161236
-27.086539755
-26.43223659
-25.319457852
-27.054691332
-27.060384754
-24.69401218
-26.128488466
-26.624838247
-31.350155484
-31.735121822
-32.103426057
nan
-29.223366152
-33.647077479
-35.375820372
-35.493467061
-31.115097445
-27.21876915
-27.278447195
-26.044429686
nan
-34.187931077
-32.910492149
-29.763594268
-19.74011098
-27.793923386
-26.512616228
-24.095093965
-22.801840607
-23.900750242
-20.240266233
-20.660143807
-22.64079046
-25.050927165
-19.439352051
-19.714793578
-22.234347156
-21.343776106
-20.003330747
-20.729745471
-24.805939865
-21.989522883
-28.284119031
-25.53450445
-23.934749686
-22.584372534
-25.882680576
-24.99840664
-26.72819836
-29.58286222
-32.874721901
-34.087152318
-28.291786233
-29.560689167
nan
-27.784803154
-32.629721024
-33.473920133
-27.508158441
-31.856167977
-28.533209984
-24.164917956
-23.396610614
-33.609411702
-32.504185392
-30.191527293
-29.245335583
-29.288371579
-30.986332438
-37.226505182
-34.154922621
-31.725752665
-28.74168909
-33.361535814
-32.139391971
-32.201414842
-33.433449876
-28.569177455
-30.875814852
-30.781933796
-32.429902357
-33.173165401
-34.064684781
-34.002301786
-32.233282192
-27.757212016
-24.835503056
-36.145879284
-44.072723952
-39.979710876
nan
-35.401229866
-37.666603338
-33.230296411
-31.863348051
-37.888075141
nan
-26.09166137
-23.218724459
-29.73847699
-29.217735819
-31.013782971
-32.000035968
-34.54793228
-36.719230009
-34.034656227
-30.358487199
-30.752924701
-30.420012312
-34.725629854
-38.754225195
nan
-33.310657861
-33.10566208
-36.930683116
-31.983167083
-30.719766206
-27.128138345
-24.813373719
-21.979585736
-26.243448865
-20.308604984
-26.50667918
-25.170592713
-24.248882442
-26.690507309
-23.748387576
-30.019369466
-30.507884255
-33.233069518
-34.070976021
-29.870932723
-29.576108101
-32.317933397
-27.473984849
-26.096554107
-31.41460374
-27.243981109
-24.862762203
-31.251607983
-25.820881603
-22.180220256
-23.70231545
-24.57658826
-29.248028994
-31.003539873
-29.53554336
-28.768920205
-33.254838937
-28.936812058
-29.010218818
-30.630202531
-30.878062887
-36.213209904
-35.476261545
-33.40215543
-33.701255959
-34.199069834
-31.945352518
-38.268677466
-39.758491869
-33.137040946
-37.538784272
nan
-34.41616695
-35.947926889
-36.44847286
-29.77512028
-31.813056429
-27.473571505
-34.23450194
-28.644852868
-26.542641821
-40.108794875
-39.541905162
-40.471870438
-36.309402711
-31.954182925
-36.38331341
-35.98986857
-37.684286335
-35.689436123
-35.189777445
-32.666967148
-32.529781429
-42.617599192
nan
nan
nan
-48.137471187
nan
nan
nan
nan
nan
nan
nan
nan
nan
nan
nan
nan
nan
nan
nan
nan
nan
-61.318348469
-63.461294837
nan
-69.234699974
nan
-68.622608765
-68.663421819
-67.842750433
nan
nan
-70.585956947
-67.808592007
-68.962352767
-70.67473189
-72.116390711
-72.318945421
nan
-76.260127843
nan
-71.981902771
-68.785866562
-71.99323212
-70.48951845
-73.174278544
nan
-71.165628408
-69.436153483
-70.89935813
-70.362856607
nan
nan
-66.587501538
nan
-64.17757036
-62.198679457
nan
-55.074609248
-54.826544564
-59.066482539
-59.639527256
-65.415797867
-61.204995561
-61.097756772
-62.912508155
nan
nan
-57.119512277
-55.070806228
-48.718295486
-51.001505436
-48.447515674
-45.521739494
-46.959860071
-44.055803825
-49.919296444
-49.038942904
-47.839691094
-54.174117143
-45.621700739
-47.312047644
nan
-43.663585373
nan
-48.171046757
-47.30735499
-51.950497221
nan
nan
nan
nan
nan
nan
-48.661942014
-54.78746349
-50.177167118
-48.467350692
-53.183533625
-54.600812065
-58.166007021
-51.619035902
nan
-52.590685419
-57.152420011
-55.021056692
-53.738896703
nan
nan
-52.873123121
-53.712080229
nan
nan
-49.953454804
-47.321505369
-48.051749653
-49.369800108
-51.437349144
-47.958369421
-47.709576405
-49.568379448
-45.485833375
-47.64441232
-47.981507372
-43.061387379
nan
-42.011357638
-40.568575578
-41.564161298
-41.693817682
-42.668977928
-40.049728433
-37.916005729
-42.29496294
-43.312923304
-39.91116214
-41.935315795
-41.995582342
-42.273859589
-40.917706488
-42.237569606
-40.783499074
-38.99180027
-37.464629625
-37.983334018
-35.005493364
-33.09125551
-33.056272899
-39.344187105
-32.854279397
-28.430963042
-33.698814862
nan
nan
-45.077746609
-37.798345034
-42.986656282
-33.499059953
-32.888428896
-31.392029488
-27.944336
nan
-37.05916065
-36.60961954
-29.363741805
-31.613734618
nan
nan
nan
nan
-28.803631198
-26.787691908
-34.80441792
-27.323716453
-30.751167603
-32.332355753
nan
nan
nan
-25.537690136
-26.125921913
-30.918214008
-33.621330035
-32.331955281
-33.740074824
-34.460095585
-33.253313084
-31.380901255
-31.196953792
-35.215248174
-37.258911069
nan
nan
-32.781472927
-34.813548919
-32.120095019
-29.40647548
-27.661913573
-26.710951351
-29.168098513
-29.5356389
-26.488376429
-36.394105161
-31.155572538
nan
nan
nan
-34.1909068
-31.181272243
-34.832597421
-34.503106686
-33.763803811
-31.303197029
-24.858159494
-31.115028061
-24.783163976
-27.94675788
-25.656573957
-30.433021212
-33.967773486
-34.481599925
-33.844278875
-35.270992251
-32.782048218
-32.899936445
nan
nan
nan
nan
nan
nan
nan
nan
-20.662107356
-23.554597447
-29.158301369
-30.708450452
-28.240491501
-28.334122366
nan
-28.18000097
-32.253510115
-34.556656647
-33.633268861
-32.549129728
-29.679070531
-33.116481237
-36.368987146
-33.880530597
-26.01436007
-24.214135496
-25.429812912
-31.658703633
-29.721781848
-37.102479334
-32.797031569
-31.419325154
-31.291827795
-24.002597725
-27.488304942
-26.439289493
-24.226462047
-22.88740336
-30.263361499
-29.883905456
-30.267767918
-21.136227136
-18.83034535
-18.843504506
-22.140997288
-22.645096432
-27.908505397
-27.611703601
-24.505579299
-22.73767791
-20.664891122
-27.414357584
-30.744163862
-31.518030154
-28.584266729
-23.595571202
-29.188073217
-22.851042002
-21.217140176
-22.551896737
-22.42796597
-27.569853718
-20.861882356
-21.76387255
-26.377987565
-27.877562248
-32.064392764
-27.924071047
-31.081846273
-26.419068616
-30.453807299
-32.906720447
-27.1454599
-38.931159604
-36.986296891
-36.744636763
-43.549946399
-46.180821843
nan
nan
nan
nan
nan
nan
nan
nan
nan
-30.271373492
-28.349754074
-34.633774359
-34.561476407
-38.324354733
-34.395397516
nan
-35.108237326
-38.426192889
-36.262061925
-38.703232977
-37.600505647
-36.673825251
-41.213807803
-46.200650731
-50.125358215
nan
nan
-39.420775916
-43.670635679
-43.024143216
-43.699225082
nan
nan
-46.001945377
nan
-42.401229964
-39.925670765
nan
-40.977331668
-40.549101513
-45.180904471
nan
-44.319305399
-40.159638251
-40.905216943
-43.728776908
-44.897993959
-42.870137221
-41.873101102
-45.182790089
-41.247987925
-43.673980685
-45.654766949
-43.660008869
-45.23505927
-46.494300178
-43.11547845
-50.649506872
-46.116257993
-44.459407659
-47.478474862
nan
-47.17922329
-43.668385638
-48.616539551
nan
-46.223828914
-44.807791672
nan
-45.38691166
-48.042785289
-47.27014607
nan
nan
-47.325473733
-46.535799674
-50.782325492
nan
nan
-48.808755325
nan
nan
nan
nan
-50.401204183
nan
nan
nan
nan
-44.690132321
-41.535144815
-42.337249517
-38.332201897
-35.589003134
-39.528933827
-42.895111616
-38.811041383
-40.403885338
-40.693619401
-36.835986035
-39.869544838
-40.158253751
-40.376037929
nan
-39.546411429
nan
nan
nan
nan
nan
-37.677337847
-36.918361971
-32.657334591
nan
-31.047524246
-26.638299078
nan
-36.58162728
-37.045958572
-31.736906709
-32.284928195
-31.775510272
-39.755353464
-31.999754865
nan
-37.08651486
-34.264750799
-36.043825537
-31.904488613
-25.37788552
-27.532199348
-30.834315331
nan
-29.865388605
-30.796873458
-27.112624296
-23.793771774
-23.083466684
-26.856747703
-24.665051515
-30.857248473
-29.950779289
-30.885073343
-31.861479796
-25.675469391
-27.067407616
-27.946086234
-30.424986247
-29.698615678
-27.855402932
-33.987198347
-35.828600617
-33.537982116
-32.468428123
-26.606659961
-28.055551027
-33.562799809
-32.373455761
-28.815194834
-31.976315555
-34.694746142
-32.198499698
-34.711983541
-35.150920591
-37.576435993
nan
nan
nan
nan
-28.852431348
-32.197078962
-33.985927195
nan
nan
-29.179684908
-27.333974285
-34.347505847
nan
nan
-27.524929426
nan
nan
-29.925389614
-25.112374196
-30.912486108
-24.305009586
-23.797691681
-27.128062476
-24.217037187
-27.010428526
-31.267744721
-20.638270221
-19.603661
-22.637215072
-23.449069565
-25.423299935
-29.064535067
-27.9039102
-25.496277384
-23.030548777
-15.231457954
-23.498552307
-20.637650924
-24.605127148
-24.679347347
-22.750908011
-28.125095167
-28.268696139
-29.462081623
-23.512823519
-30.283300446
-25.996089412
-19.946652359
-23.357350948
-32.259903666
-26.038526736
-26.891935904
-23.160971938
-26.709158259
-29.210206968
-23.324694913
-28.085136556
-25.994324652
-28.151685253
-33.519756466
-27.629637266
-24.37797996
-21.784787581
-24.814013324
-20.402630327
-23.582569881
-28.016172837
-27.568207878
-26.655874935
-29.592809652
-31.579014515
-27.191223982
-32.383143745
-25.630635974
-30.260625565
-23.324888841
-26.523784125
-30.515756069
-28.624256249
-27.877519402
-30.169396864
-28.741096296
-30.557068636
-32.539589508
-26.982790962
-27.785241528
-25.68012038
-24.218493362
-26.414167065
-23.923180431
-29.951481249
nan
-29.376931765
nan
-30.603957449
nan
-35.336227961
nan
-32.166537593
-33.979259687
-32.597264318
-25.662279855
-26.811437045
-31.784592084
-32.204516172
-32.401622715
-28.979494503
-26.054930587
-25.692477022
-25.077462391
-25.353703901
-22.084882121
-25.919582348
-29.090704129
-27.869709176
-25.572821159
nan
-27.171585665
-26.231671321
nan
-29.842513837
-30.482155403
-26.860699407
-32.955571164
nan
nan
-28.780957908
-26.157305096
-26.72409461
-30.008101571
-35.864155286
-31.061244133
-30.745467099
-23.460150226
-27.923239657
-25.562652301
-29.749610477
-33.491933243
nan
-35.734401076
-36.92091621
nan
nan
-35.970858486
-31.66363216
-35.484929168
-39.577917938
-35.130221349
-37.408708682
-41.168744706
-33.300530771
-38.666891164
-33.519859103
-25.106344128
-25.344222101
-30.238521634
-37.130066583
-36.288148367
-39.040530577
-40.706158725
-43.961595778
nan
nan
nan
-44.487468793
-43.602367788
-44.34284163
-41.353294619
-41.96331793
-48.582901941
nan
nan
nan
nan
nan
-46.046338253
-44.739008888
-44.89917663
-51.453291662
-49.157829461
-45.215917392
nan
-46.051801474
nan
-43.62072727
-47.243319232
-49.540680655
-50.182274089
-41.356204246
-41.651291201
-48.601830952
nan
-46.789306485
-43.472200884
-42.077059382
-45.532458733
-42.491820333
-45.821638875
-43.862034807
-39.663574932
-39.596838397
-38.275468293
-37.216355104
-38.475283729
-39.252854373
-43.984029068
-41.247603935
-38.969661616
-43.851180722
-41.656687615
nan
nan
nan
nan
nan
nan
nan
-44.258992021
nan
-35.855047218
-41.699832135
-38.08339602
-38.209433451
-34.221199521
-39.553974619
-30.952780431
-35.909284644
-36.566290358
-37.801815142
-38.967182381
nan
-36.229934255
-33.25135423
-33.803457344
-34.7112876
-35.096647313
-34.49254109
-30.219235849
-29.030758333
-32.830675241
-33.951578265
-35.394533725
-36.974443936
-36.880189453
-37.711712607
-42.017817298
-38.380559437
-31.792554448
-33.844176599
-36.312337242
-35.864273565
nan
-35.975716757
-30.070474542
-32.428215233
-32.11195385
-34.365733145
-29.007284497
-32.288582637
-35.177367456
-30.34903821
-37.449637941
-31.700156556
nan
-35.6280296
-36.079679857
-33.870526286
nan
-38.882862344
-36.359416946
nan
nan
-36.555703549
-37.917701201
nan
nan
-33.123086528
-35.658127277
nan
nan
nan
nan
-44.882728736
-46.559377777
-46.072352294
-45.037033862
-38.767288357
-41.955901479
-39.076038211
-37.791977941
-39.480007368
-39.614705976
-35.688813847
-32.596962617
-39.21409201
-34.927085488
nan
nan
-37.31568121
-37.187679
-33.427976732
-35.819384456
-34.358102259
-35.231222814
-35.984335157
-34.24220747
nan
-33.304923736
-30.929421943
-31.752417747
-37.446421138
-36.980616248
-40.410150506
-39.519804056
-37.5598104
nan
nan
-36.887721949
-36.05486311
nan
nan
-38.097002804
-41.555627822
-36.013158738
-38.193427146
-33.920570369
-32.541778408
-34.759423555
nan
-37.161427169
-34.351940848
nan
-39.921314416
nan
-35.307997653
nan
nan
nan
-37.324027785
-37.05118646
-31.582632187
-33.002597285
-34.128222272
-34.251395078
-32.713856964
-39.317499319
-33.429796667
-36.237788459
-30.488689491
-36.738951085
-30.643278138
-32.778240943
-31.056741697
-33.21176627
-35.770283599
nan
-29.29828406
-33.915279116
-37.225696365
-36.326255523
-34.931459505
-35.531322846
nan
nan
nan
nan
-42.184722237
-41.754338509
-37.325502715
-35.16595307
-36.466126625
-42.148520442
-40.25444617
-43.378040075
nan
nan
-40.828638354
-40.899176979
-38.769451616
-37.143023635
-36.053262035
-40.4089759
-42.286582348
-40.391858875
-41.275237308
