0
2503
5001
7504
10000
12503
15001
17502
20002
22506
25004
27501
30002
32500
35002
37503
40001
42508
45047
47550
50045
52548
55045
57549
60046
62549
65046
67545
70049
72549
75048
77548
80050
82545
85052
87548
90048
92550
95046
97550
100046
102547
105124
107623
110125
112623
115128
117626
120126
122625
125123
127626
130128
132621
135127
137624
140124
142624
145123
147624
150125
152623
155123
157625
160125
162625
165167
167667
170165
172665
175167
177670
180166
182666
185166
187668
190166
192667
195171
197666
200167
202666
205168
207666
210165
212669
215165
217672
220170
222665
225215
227715
230214
232713
235213
237713
240214
242717
245215
247717
250218
252718
255216
257714
260215
262716
265218
267716
270215
272712
275214
277719
280214
282717
285263
287766
290267
292762
295263
297764
300264
302763
305263
307762
310261
312767
315263
317766
320262
322765
325266
327764
330265
332763
335262
337763
340262
342764
345310
347811
350310
352808
355309
357807
360307
362808
365308
367812
370309
372808
375307
377810
380308
382809
385308
387809
390310
392807
395309
397809
400308
402808
405357
407855
410363
412853
415358
417857
420355
422853
425356
427854
430355
432855
435352
437859
440354
442855
445356
447855
450352
452854
455355
457857
460353
462853
465394
467896
470396
472898
475394
477902
480399
482894
485397
487898
490397
492894
495396
497898
500399
502899
505394
507896
510398
512900
515394
517900
520399
522894
525445
527944
530444
532943
535445
537946
540446
542942
545444
547942
550452
552942
555442
557943
560447
562942
565443
567943
570445
572944
575445
577946
580448
582946
585496
587991
590491
592990
595491
597990
600494
602992
605492
607990
610491
612991
615490
617991
620492
622996
625490
627993
630491
632989
635490
637989
640490
642992
645535
648038
650534
653036
655539
658034
660535
663037
665536
668036
670538
673039
675538
678035
680537
683036
685535
688035
690535
693041
695537
698039
700537
703037
705583
708080
710578
713092
715579
718083
720584
723079
725590
728079
730583
733079
735589
738079
740578
743080
745578
748077
750582
753083
755581
758081
760579
763078
765626
768121
770622
773121
775624
778122
780622
783122
785627
788122
790627
793124
795622
798122
800620
803124
805622
808121
810625
813125
815622
818122
820621
823122
825667
828173
830667
833165
835665
838165
840668
843164
845665
848169
850665
853164
855664
858169
860665
863168
865665
868165
870665
873165
875665
878169
880664
883168
885712
888214
890714
893212
895712
898212
900712
903214
905711
908210
910711
913214
915712
918212
920712
923212
925711
928212
930715
933212
935712
938214
940711
943212
945762
948253
950755
953257
955761
958258
960755
963259
965754
968258
970756
973254
975758
978257
980758
983256
985756
988258
990758
993255
995759
998258
1000757
1003255
1005799
1008299
1010797
1013299
1015800
1018299
1020802
1023304
1025798
1028302
1030801
1033297
1035800
1038298
1040802
1043300
1045800
1048302
1050797
1053299
1055798
1058298
1060798
1063298
1065844
1068345
1070841
1073345
1075844
1078345
1080846
1083343
1085844
1088348
1090844
1093348
1095844
1098345
1100847
1103348
1105847
1108349
1110845
1113343
1115846
1118346
1120844
1123346
1125890
1128388
1130888
1133386
1135884
1138387
1140885
1143389
1145891
1148391
1150888
1153386
1155889
1158385
1160886
1163388
1165891
1168390
1170886
1173386
1175885
1178385
1180889
1183385
1185931
1188435
1190934
1193433
1195937
1198433
1200936
1203433
1205936
1208434
1210930
1213433
1215931
1218431
1220931
1223432
1225932
1228431
1230935
1233431
1235935
1238432
1240932
1243433
1245977
1248480
1250976
1253477
1255979
1258480
1260975
1263477
1265976
1268477
1270979
1273477
1275978
1278478
1280978
1283480
1285979
1288478
1290979
1293477
1295980
1298480
1300976
1303478
1306022
1308520
1311020
1313520
1316020
1318521
1321021
1323520
1326021
1328522
1331019
1333520
1336021
1338520
1341022
1343522
1346020
1348519
1351021
1353523
1356019
1358519
1361019
1363519
1366067
1368568
1371068
1373565
1376063
1378563
1381065
1383565
1386067
1388565
1391064
1393565
1396064
1398565
1401065
1403565
1406067
1408565
1411065
1413563
1416064
1418564
1421063
1423569
1426108
1428612
1431108
1433610
1436111
1438608
1441111
1443608
1446108
1448611
1451111
1453608
1456110
1458611
1461110
1463613
1466108
1468612
1471107
1473610
1476110
1478608
1481111
1483611
1486153
1488654
1491155
1493657
1496155
1498655
1501151
1503657
1506158
1508655
1511154
1513655
1516153
1518656
1521154
1523651
1526153
1528651
1531155
1533654
1536154
1538655
1541155
1543653
1546198
1548701
1551198
1553705
1556199
1558702
1561206
1563700
1566205
1568702
1571198
1573700
1576199
1578701
1581204
1583704
1586199
1588702
1591202
1593702
1596202
1598699
1601200
1603702
1606249
1608748
1611251
1613747
1616250
1618749
1621248
1623748
1626245
1628747
1631245
1633752
1636250
1638748
1641247
1643745
1646248
1648748
1651251
1653747
1656252
1658750
1661247
1663745
1666293
1668793
1671297
1673796
1676291
1678791
1681294
1683790
1686291
1688790
1691293
1693795
1696296
1698791
1701295
1703792
1706296
1708793
1711293
1713790
1716290
1718790
1721290
1723792
1726336
1728839
1731337
1733834
1736335
1738835
1741337
1743834
1746334
1748838
1751336
1753837
1756336
1758838
1761337
1763837
1766337
1768834
1771336
1773834
1776335
1778841
1781338
1783837
1786376
1788880
1791379
1793880
1796382
1798881
1801378
1803881
1806381
1808882
1811381
1813878
1816376
1818877
1821379
1823876
1826375
1828880
1831379
1833875
1836379
1838879
1841379
1843877
1846423
1848920
1851421
1853921
1856421
1858921
1861422
1863921
1866422
1868922
1871421
1873922
1876420
1878921
1881420
1883921
1886424
1888920
1891425
1893924
1896422
1898921
1901425
1903920
1906476
1908963
1911466
1913963
1916465
1918965
1921467
1923964
1926471
1928964
1931468
1933963
1936470
1938966
1941473
1943965
1946465
1948964
1951468
1953966
1956466
1958966
1961463
1963965
1966511
1969012
1971513
1974009
1976510
1979007
1981508
1984008
1986511
1989008
1991508
1994012
1996511
1999009
2001507
2004008
2006510
2009011
2011509
2014008
2016509
2019007
2021509
2024009
2026557
2029053
2031555
2034055
2036556
2039060
2041555
2044056
2046555
2049053
2051558
2054056
2056558
2059055
2061561
2064057
2066556
2069055
2071553
2074056
2076553
2079055
2081556
2084058
2086601
2089099
2091604
2094104
2096603
2099104
2101599
2104101
2106603
2109103
2111604
2114100
2116603
2119102
2121601
2124101
2126600
2129099
2131603
2134100
2136600
2139099
2141600
2144099
2146643
2149144
2151643
2154148
2156644
2159147
2161647
2164144
2166646
2169146
2171645
2174147
2176647
2179147
2181645
2184149
2186646
2189147
2191649
2194146
2196645
2199145
2201645
2204144
2206695
2209194
2211692
2214191
2216694
2219191
2221690
2224194
2226690
2229193
2231694
2234190
2236693
2239192
2241695
2244195
2246694
2249192
2251695
2254192
2256692
2259192
2261690
2264192
2266741
2269238
2271740
2274238
2276739
2279240
2281740
2284242
2286740
2289240
2291742
2294239
2296740
2299238
2301743
2304241
2306738
2309239
2311738
2314240
2316738
2319240
2321738
2324240
2326787
2329286
2331789
2334285
2336785
2339285
2341790
2344286
2346785
2349286
2351785
2354284
2356787
2359286
2361785
2364286
2366788
2369286
2371785
2374287
2376790
2379290
2381784
2384286
2386835
2389331
2391834
2394335
2396832
2399335
2401832
2404337
2406832
2409333
2411833
2414336
2416834
2419334
2421835
2424332
2426833
2429331
2431834
2434333
2436836
2439335
2441831
2444332
2446877
2449376
2451874
2454372
2456872
2459372
2461875
2464373
2466876
2469374
2471873
2474375
2476876
2479374
2481872
2484378
2486873
2489373
2491872
2494375
2496872
2499372
2501876
2504376
2506917
2509418
2511919
2514418
2516919
2519420
2521918
2524416
2526918
2529417
2531921
2534417
2536920
2539419
2541921
2544421
2546916
2549418
2551918
2554416
2556920
2559421
2561918
2564417
2566966
2569465
2571967
2574463
2576965
2579465
2581966
2584465
2586967
2589466
2591966
2594467
2596963
2599468
2601964
2604464
2606966
2609464
2611966
2614464
2616963
2619464
2621965
2624465
2627008
2629510
2632011
2634510
2637009
2639509
2642010
2644510
2647008
2649511
2652013
2654509
2657010
2659509
2662011
2664509
2667011
2669510
2672011
2674511
2677010
2679513
2682010
2684509
2687053
2689554
2692052
2694553
2697051
2699556
2702054
2704552
2707056
2709557
2712054
2714551
2717056
2719556
2722052
2724552
2727052
2729556
2732054
2734554
2737054
2739553
2742052
2744558
2747099
2749596
2752097
2754595
2757096
2759597
2762097
2764597
2767097
2769595
2772099
2774597
2777094
2779595
2782097
2784597
2787095
2789597
2792099
2794596
2797097
2799595
2802094
2804594
2807140
2809638
2812137
2814639
2817139
2819640
2822140
2824639
2827137
2829640
2832140
2834638
2837137
2839639
2842137
2844640
2847139
2849638
2852137
2854644
2857138
2859639
2862139
2864643
2867185
2869682
2872185
2874681
2877181
2879682
2882183
2884683
2887181
2889683
2892186
2894682
2897183
2899682
2902180
2904682
2907185
2909686
2912185
2914686
2917180
2919681
2922180
2924681
2927229
2929735
2932228
2934730
2937229
2939729
2942226
2944728
2947226
2949731
2952228
2954728
2957229
2959730
2962226
2964729
2967230
2969726
2972228
2974733
2977228
2979732
2982231
2984735
2987272
2989769
2992269
2994771
2997274
2999771
3002271
3004776
3007277
3009772
3012274
3014775
3017272
3019772
3022272
3024772
3027271
3029771
3032274
3034772
3037272
3039772
3042273
3044772
3047354
3049853
3052357
3054855
3057353
3059855
3062352
3064857
3067355
3069856
3072351
3074854
3077353
3079854
3082353
3084853
3087355
3089855
3092353
3094854
3097355
3099856
3102354
3104856
3107397
3109899
3112398
3114899
3117397
3119895
3122401
3124897
3127397
3129897
3132395
3134899
3137396
3139898
3142395
3144899
3147397
3149897
3152401
3154895
3157400
3159896
3162396
3164897
3167442
3169944
3172442
3174944
3177446
3179943
3182446
3184941
3187447
3189943
3192444
3194942
3197442
3199942
3202446
3204944
3207444
3209946
3212445
3214943
3217443
3219945
3222444
3224948
3227503
3230003
3232507
3235007
3237503
3240000
3242505
3245004
3247506
3250006
3252504
3255002
3257502
3260005
3262505
3265005
3267505
3270005
3272504
3275003
3277502
3280002
3282502
3285005
3287547
3290047
3292550
3295050
3297548
3300049
3302547
3305050
3307549
3310048
3312550
3315050
3317550
3320050
3322551
3325050
3327548
3330048
3332554
3335051
3337548
3340048
3342551
3345048
3347594
3350100
3352595
3355093
3357595
3360096
3362594
3365095
3367596
3370093
3372594
3375095
3377593
3380094
3382593
3385097
3387597
3390093
3392595
3395096
3397593
3400094
3402593
3405094
3407641
3410142
3412640
3415141
3417638
3420143
3422642
3425139
3427639
3430141
3432640
3435145
3437639
3440140
3442643
3445142
3447643
3450139
3452642
3455140
3457642
3460141
3462642
3465144
3467717
3470218
3472717
3475217
3477716
3480219
3482716
3485217
3487722
3490216
3492715
3495217
3497717
3500215
3502722
3505216
3507719
3510219
3512722
3515218
3517716
3520216
3522719
3525216
3527762
3530262
3532765
3535260
3537762
3540262
3542767
3545262
3547763
3550260
3552762
3555261
3557763
3560259
3562763
3565259
3567762
3570261
3572763
3575262
3577761
3580264
3582764
3585260
3587805
3590304
3592805
3595305
3597803
3600303
3602804
3605304
3607805
3610305
3612802
3615307
3617808
3620304
3622804
3625306
3627806
3630305
3632804
3635306
3637804
3640307
3642805
3645304
3647848
3650349
3652848
3655353
3657851
3660347
3662850
3665350
3667850
3670351
3672851
3675351
3677849
3680351
3682850
3685350
3687850
3690351
3692851
3695350
3697849
3700351
3702851
3705351
3707891
3710392
3712891
3715394
3717893
3720391
3722892
3725393
3727890
3730392
3732892
3735393
3737891
3740389
3742889
3745394
3747890
3750391
3752894
3755391
3757893
3760396
3762892
3765396
3767934
3770437
3772936
3775437
3777936
3780437
3782937
3785436
3787936
3790434
3792933
3795437
3797937
3800435
3802936
3805433
3807937
3810433
3812935
3815434
3817934
3820439
3822935
3825435
3827980
3830476
3832984
3835479
3837980
3840478
3842977
3845476
3847981
3850476
3852977
3855476
3857976
3860477
3862978
3865481
3867984
3870481
3872978
3875475
3877979
3880477
3882978
3885481
3888023
3890524
3893022
3895520
3898021
3900521
3903027
3905523
3908020
3910522
3913021
3915520
3918021
3920524
3923020
3925524
3928019
3930521
3933021
3935522
3938022
3940526
3943026
3945521
3948066
3950568
3953067
3955566
3958066
3960566
3963065
3965567
3968066
3970568
3973064
3975567
3978066
3980568
3983066
3985567
3988065
3990568
3993066
3995566
3998064
4000565
4003064
4005564
4008116
4010615
4013115
4015614
4018114
4020613
4023116
4025614
4028113
4030613
4033113
4035615
4038114
4040616
4043115
4045616
4048114
4050614
4053116
4055612
4058114
4060614
4063116
4065619
4068158
4070659
4073159
4075663
4078162
4080659
4083166
4085659
4088172
4090661
4093164
4095661
4098161
4100659
4103164
4105659
4108159
4110664
4113157
4115659
4118161
4120661
4123162
4125659
4128206
4130709
4133209
4135707
4138204
4140705
4143205
4145709
4148204
4150706
4153205
4155708
4158206
4160708
4163207
4165704
4168204
4170709
4173202
4175706
4178204
4180702
4183205
4185704
4188254
4190752
4193254
4195755
4198252
4200751
4203250
4205757
4208252
4210753
4213255
4215755
4218256
4220751
4223252
4225752
4228252
4230754
4233251
4235751
4238252
4240754
4243256
4245752
4248302
4250802
4253303
4255799
4258301
4260799
4263303
4265802
4268302
4270800
4273300
4275803
4278298
4280798
4283301
4285798
4288299
4290798
4293299
4295798
4298299
4300797
4303303
4305797
4308346
4310843
4313343
4315845
4318344
4320846
4323341
4325845
4328345
4330843
4333347
4335843
4338344
4340844
4343343
4345850
4348344
4350845
4353343
4355847
4358343
4360843
4363342
4365843
4368389
4370890
4373388
4375890
4378389
4380890
4383387
4385887
4388389
4390890
4393390
4395890
4398388
4400890
4403387
4405889
4408388
4410887
4413388
4415891
4418388
4420890
4423389
4425891
4428434
4430932
4433432
4435934
4438432
4440933
4443431
4445934
4448431
4450935
4453433
4455937
4458430
4460932
4463433
4465936
4468434
4470930
4473429
4475931
4478434
4480930
4483430
4485934
4488478
4490979
4493478
4495979
4498480
4500980
4503480
4505981
4508480
4510981
4513478
4515978
4518480
4520979
4523480
4525979
4528483
4530982
4533479
4535980
4538482
4540981
4543480
4545980
4548528
4551028
4553533
4556029
4558530
4561030
4563530
4566030
4568529
4571030
4573530
4576029
4578533
4581027
4583527
4586031
4588528
4591028
4593529
4596028
4598527
4601028
4603527
4606028
4608574
4611076
4613578
4616073
4618572
4621073
4623577
4626074
4628573
4631076
4633573
4636073
4638575
4641077
4643573
4646075
4648579
4651076
4653574
4656075
4658573
4661074
4663574
4666073
4668619
4671117
4673619
4676119
4678619
4681121
4683617
4686118
4688620
4691118
4693621
4696119
4698618
4701119
4703618
4706118
4708620
4711120
4713618
4716120
4718618
4721118
4723619
4726120
4728662
4731161
4733661
4736165
4738664
4741160
4743662
4746161
4748663
4751161
4753662
4756162
4758665
4761163
4763662
4766160
4768664
4771161
4773659
4776160
4778662
4781160
4783663
4786161
4788710
4791208
4793712
4796208
4798711
4801208
4803709
4806207
4808711
4811207
4813708
4816209
4818709
4821209
4823709
4826211
4828710
4831209
4833710
4836207
4838709
4841208
4843711
4846207
4848757
4851254
4853758
4856253
4858751
4861256
4863755
4866257
4868756
4871252
4873756
4876253
4878753
4881253
4883756
4886253
4888754
4891253
4893753
4896256
4898754
4901255
4903754
4906256
4908802
4911300
4913798
4916299
4918801
4921299
4923799
4926299
4928797
4931300
4933802
4936299
4938801
4941301
4943802
4946298
4948803
4951302
4953800
4956297
4958798
4961301
4963804
4966299
4968846
4971344
4973844
4976345
4978849
4981348
4983843
4986343
4988848
4991346
4993845
4996343
4998842
5001344
5003848
5006343
5008845
5011345
5013843
5016345
5018847
5021344
5023843
5026345
5028889
5031389
5033894
5036390
5038889
5041393
5043892
5046393
5048890
5051394
5053890
5056392
5058892
5061393
5063893
5066393
5068890
5071395
5073893
5076394
5078891
5081394
5083890
5086390
5088939
5091433
5093938
5096437
5098935
5101434
5103937
5106438
5108935
5111437
5113933
5116434
5118934
5121434
5123935
5126436
5128935
5131434
5133934
5136435
5138937
5141436
5143940
5146438
5148982
5151481
5153984
5156479
5158991
5161484
5163982
5166480
5168981
5171481
5173980
5176480
5178982
5181478
5183981
5186478
5188982
5191478
5193984
5196481
5198982
5201480
5203988
5206480
5209023
5211523
5214023
5216523
5219023
5221522
5224023
5226522
5229021
5231523
5234023
5236520
5239022
5241522
5244025
5246521
5249019
5251523
5254023
5256523
5259023
5261523
5264022
5266522
5269073
5271570
5274068
5276570
5279072
5281571
5284071
5286570
5289070
5291570
5294068
5296571
5299072
5301570
5304070
5306573
5309068
5311574
5314071
5316568
5319074
5321572
5324071
5326571
5329145
5331647
5334145
5336645
5339145
5341645
5344148
5346647
5349149
5351645
5354148
5356651
5359148
5361647
5364148
5366650
5369145
5371645
5374150
5376651
5379149
5381645
5384145
5386645
5389197
5391697
5394197
5396693
5399193
5401692
5404193
5406693
5409195
5411697
5414193
5416695
5419194
5421695
5424194
5426692
5429193
5431695
5434194
5436693
5439198
5441695
5444200
5446695
5449243
5451747
5454245
5456744
5459245
5461749
5464244
5466747
5469245
5471745
5474245
5476745
5479245
5481747
5484244
5486749
5489246
5491749
5494246
5496747
5499244
5501746
5504245
5506743
5509293
5511794
5514292
5516793
5519293
5521795
5524294
5526792
5529293
5531793
5534294
5536790
5539294
5541795
5544290
5546790
5549290
5551792
5554290
5556790
5559290
5561793
5564294
5566796
5569344
5571840
5574340
5576837
5579339
5581842
5584340
5586837
5589337
5591837
5594338
5596839
5599337
5601839
5604338
5606843
5609338
5611842
5614340
5616840
5619340
5621842
5624339
5626838
5629385
5631885
5634384
5636885
5639384
5641885
5644383
5646887
5649389
5651884
5654388
5656888
5659385
5661885
5664383
5666884
5669384
5671883
5674383
5676887
5679383
5681883
5684384
5686885
5689430
5691926
5694431
5696931
5699426
5701928
5704428
5706926
5709426
5711929
5714429
5716928
5719426
5721931
5724429
5726931
5729428
5731929
5734426
5736928
5739433
5741928
5744426
5746926
5749476
5751973
5754471
5756973
5759471
5761973
5764473
5766974
5769484
5771971
5774473
5776971
5779473
5781975
5784471
5786975
5789474
5791971
5794473
5796971
5799474
5801975
5804471
5806973
5809525
5812018
5814520
5817018
5819524
5822017
5824523
5827021
5829525
5832020
5834524
5837021
5839523
5842019
5844518
5847018
5849520
5852019
5854520
5857015
5859517
5862021
5864521
5867017
5869562
5872060
5874565
5877061
5879561
5882061
5884563
5887064
5889564
5892062
5894566
5897063
5899561
5902063
5904564
5907061
5909562
5912061
5914563
5917063
5919564
5922061
5924566
5927061
5929603
5932107
5934606
5937107
5939605
5942105
5944604
5947106
5949606
5952103
5954603
5957106
5959605
5962103
5964606
5967104
5969604
5972104
5974603
5977105
5979607
5982104
5984603
5987107
5989648
5992147
5994646
5997145
5999647
6002146
6004646
6007146
6009645
6012144
6014648
6017148
6019644
6022145
6024645
6027148
6029643
6032145
6034644
6037145
6039645
6042147
6044643
6047145
6049687
6052186
6054689
6057189
6059691
6062187
6064686
6067193
6069689
6072184
6074684
6077189
6079687
6082188
6084686
6087186
6089686
6092188
6094692
6097187
6099686
6102191
6104690
6107189
6109729
6112231
6114731
6117232
6119730
6122232
6124728
6127230
6129729
6132230
6134733
6137230
6139734
6142232
6144730
6147234
6149731
6152230
6154729
6157230
6159733
6162232
6164727
6167229
6169772
6172274
6174774
6177275
6179777
6182278
6184773
6187272
6189774
6192274
6194775
6197272
6199774
6202272
6204775
6207275
6209772
6212275
6214775
6217273
6219774
6222272
6224774
6227273
6229820
6232320
6234818
6237319
6239822
6242318
6244820
6247317
6249818
6252320
6254819
6257324
6259819
6262319
6264819
6267322
6269822
6272320
6274818
6277318
6279819
6282319
6284820
6287323
6289865
6292361
6294864
6297361
6299862
6302365
6304865
6307365
6309865
6312365
6314864
6317363
6319864
6322362
6324861
6327360
6329865
6332362
6334865
6337361
6339864
6342359
6344861
6347361
6349905
6352413
6354910
6357409
6359909
6362413
6364910
6367408
6369906
6372406
6374910
6377405
6379909
6382406
6384909
6387406
6389906
6392409
6394909
6397406
6399906
6402405
6404905
6407410
6409951
6412449
6414950
6417449
6419952
6422451
6424951
6427452
6429951
6432452
6434950
6437448
6439952
6442452
6444952
6447450
6449949
6452450
6454953
6457451
6459953
6462449
6464953
6467453
6469995
6472498
6474996
6477500
6479996
6482497
6484994
6487497
6489998
6492501
6495001
6497495
6499999
6502498
6504996
6507495
6509995
6512496
6514998
6517498
6519996
6522498
6524995
6527499
6530042
6532542
6535042
6537544
6540044
6542542
6545044
6547541
6550045
6552541
6555042
6557540
6560042
6562542
6565044
6567539
6570042
6572540
6575040
6577540
6580042
6582544
6585041
6587544
6590084
6592587
6595085
6597587
6600084
6602587
6605089
6607587
6610089
6612584
6615087
6617585
6620087
6622586
6625083
6627586
6630083
6632587
6635084
6637585
6640086
6642583
6645090
6647589
6650128
6652631
6655130
6657633
6660128
6662628
6665130
6667628
6670131
6672628
6675131
6677627
6680132
6682628
6685130
6687630
6690128
6692631
6695131
6697626
6700127
6702628
6705131
6707627
6710171
6712671
6715173
6717673
6720175
6722675
6725171
6727673
6730173
6732673
6735173
6737672
6740173
6742672
6745172
6747671
6750175
6752675
6755173
6757671
6760172
6762675
6765171
6767673
6770219
6772722
6775220
6777721
6780218
6782717
6785218
6787719
6790219
6792718
6795217
6797721
6800217
6802718
6805218
6807719
6810218
6812719
6815216
6817719
6820218
6822718
6825218
6827718
6830261
6832761
6835266
6837765
6840264
6842766
6845264
6847762
6850263
6852767
6855263
6857764
6860267
6862768
6865263
6867763
6870263
6872766
6875262
6877765
6880268
6882766
6885264
6887763
6890312
6892813
6895315
6897812
6900311
6902812
6905311
6907812
6910316
6912812
6915314
6917814
6920312
6922816
6925315
6927809
6930309
6932811
6935312
6937812
6940312
6942809
6945309
6947809
6950353
6952855
6955357
6957859
6960355
6962858
6965356
6967856
6970354
6972854
6975356
6977856
6980356
6982855
6985357
6987856
6990357
6992854
6995353
6997857
7000356
7002857
7005361
7007852
7010398
7012900
7015395
7017895
7020399
7022901
7025399
7027895
7030400
7032899
7035398
7037898
7040399
7042899
7045395
7047900
7050400
7052900
7055399
7057900
7060402
7062899
7065398
7067897
7070443
7072943
7075441
7077943
7080441
7082943
7085441
7087942
7090444
7092940
7095443
7097942
7100441
7102939
7105444
7107941
7110447
7112940
7115448
7117943
7120447
7122942
7125445
7127941
7130495
7132989
7135493
7137985
7140494
7142983
7145497
7147984
7150489
7152983
7155487
7157984
7160487
7162985
7165484
7167984
7170488
7172983
7175486
7177984
7180484
7182984
7185489
7187986
7190531
7193031
7195531
7198035
7200529
7203030
7205531
7208031
7210530
7213030
7215529
7218030
7220530
7223033
7225529
7228030
7230535
7233030
7235530
7238030
7240531
7243031
7245531
7248030
7250575
7253074
7255578
7258076
7260574
7263074
7265573
7268075
7270574
7273076
7275576
7278075
7280575
7283077
7285577
7288075
7290575
7293074
7295573
7298075
7300576
7303074
7305575
7308076
7310624
7313123
7315624
7318124
7320621
7323124
7325624
7328123
7330624
7333123
7335624
7338121
7340622
7343126
7345623
7348123
7350625
7353123
7355623
7358125
7360622
7363122
7365624
7368123
7370669
7373167
7375673
7378172
7380669
7383169
7385672
7388169
7390672
7393170
7395669
7398169
7400671
7403170
7405667
7408171
7410672
7413167
7415671
7418182
7420667
7423169
7425670
7428171
7430716
7433217
7435716
7438216
7440718
7443214
7445716
7448217
7450718
7453221
7455717
7458220
7460716
7463224
7465721
7468224
7470716
7473225
7475718
7478224
7480718
7483224
7485716
7488224
7490767
7493267
7495764
7498265
7500767
7503268
7505767
7508265
7510765
7513265
7515767
7518266
7520767
7523264
7525766
7528266
7530768
7533266
7535764
7538268
7540767
7543265
7545767
7548264
7550810
7553307
7555808
7558307
7560809
7563308
7565806
7568307
7570812
7573309
7575806
7578311
7580808
7583307
7585810
7588309
7590809
7593307
7595810
7598309
7600807
7603317
7605806
7608312
7610856
7613368
7615855
7618359
7620857
7623357
7625855
7628357
7630857
7633359
7635857
7638355
7640857
7643357
7645859
7648356
7650856
7653357
7655855
7658355
7660861
7663359
7665857
7668356
7670905
7673405
7675906
7678406
7680906
7683407
7685905
7688413
7690905
7693410
7695903
7698411
7700905
7703404
7705906
7708405
7710902
7713402
7715906
7718404
7720904
7723404
7725905
7728403
7730949
7733450
7735947
7738451
7740949
7743449
7745949
7748448
7750952
7753448
7755949
7758447
7760952
7763447
7765949
7768450
7770948
7773447
7775948
7778450
7780951
7783449
7785951
7788447
7790993
7793492
7795995
7798493
7800996
7803493
7805993
7808493
7810998
7813490
7815993
7818495
7820993
7823493
7825992
7828496
7830993
7833492
7835992
7838493
7840993
7843493
7845993
7848492
7851038
7853538
7856038
7858538
7861035
7863535
7866036
7868538
7871040
7873538
7876037
7878536
7881036
7883536
7886040
7888536
7891034
7893538
7896035
7898536
7901035
7903535
7906034
7908538
7911084
7913582
7916084
7918581
7921084
7923581
7926079
7928579
7931081
7933585
7936084
7938582
7941081
7943579
7946083
7948583
7951082
7953581
7956083
7958582
7961081
7963582
7966083
7968584
7971129
7973624
7976131
7978628
7981125
7983626
7986129
7988626
7991125
7993627
7996129
7998626
8001125
8003625
8006129
8008628
8011128
8013629
8016128
8018624
8021126
8023626
8026126
8028624
8031173
8033673
8036174
8038671
8041173
8043670
8046174
8048673
8051172
8053671
8056174
8058674
8061171
8063673
8066170
8068673
8071174
8073671
8076173
8078676
8081174
8083672
8086172
8088672
8091219
8093717
8096221
8098719
8101219
8103717
8106215
8108715
8111215
8113718
8116215
8118715
8121215
8123715
8126217
8128715
8131215
8133718
8136217
8138720
8141215
8143720
8146215
8148715
8151258
8153757
8156258
8158758
8161257
8163757
8166257
8168760
8171260
8173760
8176255
8178760
8181255
8183757
8186259
8188756
8191257
8193760
8196258
8198759
8201259
8203757
8206255
8208760
8211303
8213801
8216299
8218804
8221303
8223800
8226301
8228805
8231305
8233804
8236301
8238804
8241303
8243801
8246301
8248803
8251301
8253801
8256300
8258805
8261304
8263801
8266301
8268801
8271343
8273845
8276346
8278848
8281346
8283849
8286344
8288848
8291344
8293846
8296350
8298846
8301346
8303846
8306348
8308844
8311346
8313848
8316344
8318848
8321346
8323846
8326345
8328844
8331389
8333886
8336392
8338886
8341386
8343887
8346387
8348887
8351391
8353890
8356387
8358887
8361389
8363890
8366386
8368887
8371389
8373889
8376387
8378887
8381387
8383887
8386386
8388887
8391435
8393933
8396435
8398932
8401434
8403935
8406433
8408934
8411432
8413934
8416434
8418934
8421434
8423936
8426431
8428933
8431435
8433933
8436435
8438933
8441435
8443933
8446435
8448935
8451478
8453979
8456478
8458980
8461483
8463978
8466478
8468978
8471480
8473979
8476479
8478976
8481478
8483979
8486478
8488977
8491478
8493979
8496479
8498978
8501477
8503980
8506478
8508979
8511523
8514020
8516517
8519020
8521519
8524020
8526524
8529018
8531521
8534018
8536518
8539017
8541518
8544022
8546521
8549018
8551519
8554025
8556520
8559022
8561522
8564021
8566524
8569021
8571562
8574067
8576562
8579063
8581564
8584063
8586564
8589068
8591563
8594061
8596562
8599064
8601564
8604063
8606565
8609064
8611562
8614062
8616566
8619066
8621562
8624063
8626562
8629068
8631608
8634109
8636612
8639108
8641608
8644110
8646609
8649108
8651608
8654109
8656607
8659111
8661610
8664112
8666612
8669108
8671609
8674109
8676606
8679106
8681607
8684106
8686607
8689107
8691654
8694155
8696656
8699157
8701658
8704154
8706656
8709154
8711657
8714153
8716658
8719155
8721657
8724158
8726654
8729159
8731656
8734155
8736656
8739160
8741655
8744159
8746657
8749154
8751699
8754200
8756703
8759198
8761700
8764199
8766701
8769196
8771701
8774200
8776698
8779198
8781698
8784200
8786698
8789200
8791697
8794197
8796701
8799197
8801698
8804199
8806698
8809201
8811742
8814240
8816744
8819243
8821740
8824243
8826741
8829240
8831754
8834241
8836742
8839241
8841743
8844240
8846740
8849241
8851741
8854242
8856739
8859239
8861741
8864240
8866739
8869243
8871788
8874286
8876787
8879292
8881786
8884292
8886786
8889287
8891787
8894286
8896790
8899287
8901790
8904293
8906787
8909288
8911788
8914288
8916786
8919288
8921787
8924287
8926787
8929290
8931830
8934339
8936832
8939333
8941831
8944330
8946829
8949333
8951830
8954333
8956827
8959329
8961828
8964327
8966832
8969331
8971828
8974328
8976828
8979328
8981828
8984327
8986829
8989330
8991877
8994375
8996873
8999373
9001873
9004376
9006877
9009376
9011874
9014376
9016875
9019376
9021874
9024373
9026876
9029374
9031876
9034373
9036873
9039373
9041874
9044376
9046877
9049375
9051922
9054422
9056925
9059422
9061920
9064422
9066919
9069421
9071919
9074419
9076922
9079419
9081924
9084423
9086920
9089420
9091919
9094425
9096920
9099420
9101921
9104424
9106925
9109419
9111964
9114463
9116964
9119466
9121969
9124467
9126964
9129465
9131964
9134465
9136965
9139467
9141964
9144463
9146968
9149467
9151968
9154466
9156963
9159465
9161967
9164466
9166968
9169465
9172007
9174507
9177008
9179506
9182007
9184508
9187008
9189508
9192007
9194505
9197004
9199506
9202009
9204504
9207007
9209507
9212007
9214507
9217006
9219509
9222006
9224506
9227007
9229507
9232050
9234551
9237053
9239550
9242053
9244551
9247050
9249550
9252053
9254552
9257048
9259556
9262048
9264551
9267052
9269549
9272049
9274551
9277049
9279553
9282052
9284553
9287052
9289551
9292096
9294598
9297099
9299597
9302100
9304598
9307099
9309601
9312099
9314602
9317100
9319597
9322102
9324596
9327098
9329596
9332098
9334599
9337098
9339597
9342097
9344598
9347097
9349597
9352145
9354644
9357145
9359649
9362143
9364646
9367145
9369647
9372143
9374643
9377143
9379643
9382144
9384646
9387147
9389643
9392145
9394645
9397148
9399647
9402144
9404643
9407143
9409645
9412189
9414687
9417187
9419684
9422186
9424686
9427185
9429686
9432188
9434683
9437188
9439686
9442186
9444689
9447187
9449686
9452185
9454685
9457186
9459684
9462193
9464685
9467186
9469688
9472240
9474742
9477236
9479741
9482240
9484740
9487238
9489742
9492237
9494739
9497237
9499742
9502240
9504738
9507238
9509738
9512240
9514737
9517237
9519737
9522241
9524739
9527239
9529740
9532325
9534825
9537325
9539824
9542324
9544826
9547327
9549825
9552325
9554824
9557325
9559827
9562323
9564826
9567323
9569826
9572322
9574825
9577324
9579825
9582322
9584824
9587323
9589825
9592371
9594875
9597373
9599873
9602374
9604873
9607372
9609871
9612371
9614872
9617373
9619872
9622375
9624872
9627373
9629874
9632375
9634874
9637371
9639872
9642370
9644871
9647371
9649872
9652418
9654914
9657418
9659916
9662418
9664916
9667417
9669919
9672416
9674917
9677417
9679920
9682420
9684915
9687418
9689917
9692417
9694918
9697416
9699915
9702418
9704917
9707419
9709916
9712461
9714960
9717464
9719960
9722464
9724960
9727461
9729961
9732460
9734963
9737458
9739958
9742462
9744960
9747460
9749959
9752458
9754960
9757465
9759959
9762460
9764963
9767462
9769962
9772510
9775013
9777509
9780011
9782509
9785011
9787510
9790010
9792510
9795013
9797512
9800011
9802511
9805013
9807512
9810014
9812511
9815008
9817510
9820010
9822510
9825009
9827512
9830012
9832553
9835053
9837555
9840053
9842556
9845053
9847552
9850055
9852552
9855057
9857553
9860052
9862550
9865054
9867551
9870054
9872556
9875056
9877551
9880050
9882555
9885055
9887552
9890052
9892602
9895095
9897595
9900096
9902600
9905095
9907596
9910096
9912598
9915097
9917594
9920098
9922596
9925094
9927597
9930096
9932598
9935095
9937596
9940100
9942600
9945097
9947600
9950098
9952640
9955141
9957639
9960146
9962644
9965144
9967642
9970141
9972639
9975139
9977640
9980143
9982641
9985139
9987639
9990139
9992639
9995140
9997640
10000142
10002638
10005138
10007639
10010138
10012684
10015183
10017684
10020184
10022684
10025184
10027685
10030185
10032682
10035185
10037684
10040186
10042684
10045184
10047684
10050183
10052684
10055188
10057686
10060185
10062683
10065182
10067685
10070181
10072728
10075227
10077731
10080229
10082728
10085228
10087729
10090228
10092728
10095228
10097730
10100229
10102732
10105228
10107730
10110228
10112728
10115229
10117729
10120228
10122732
10125229
10127730
10130231
10132772
10135274
10137771
10140271
10142772
10145272
10147771
10150275
10152770
10155271
10157771
10160274
10162774
10165272
10167772
10170272
10172774
10175273
10177774
10180273
10182773
10185273
10187776
10190275
10192817
10195316
10197818
10200313
10202816
10205315
10207816
10210316
10212813
10215315
10217816
10220315
10222815
10225315
10227813
10230316
10232814
10235314
10237813
10240313
10242814
10245315
10247817
10250314
10252866
10255362
10257862
10260363
10262864
10265360
10267862
10270366
10272864
10275360
10277861
10280363
10282863
10285360
10287859
10290364
10292860
10295364
10297862
10300363
10302864
10305363
10307861
10310360
10312906
10315408
10317908
10320407
10322909
10325405
10327906
10330409
10332909
10335406
10337908
10340406
10342906
10345407
10347906
10350406
10352906
10355408
10357907
10360409
10362906
10365408
10367908
10370407
10372954
10375462
10377956
10380460
10382958
10385456
10387955
10390456
10392954
10395456
10397956
10400456
10402956
10405455
10407955
10410456
10412955
10415458
10417956
10420454
10422955
10425454
10427956
10430456
10432999
10435497
10437997
10440498
10442999
10445500
10447998
10450496
10452999
10455500
10457999
10460497
10462998
10465498
10467997
10470501
10472997
10475498
10477999
10480500
10482998
10485499
10487998
10490497
10493045
10495545
