0.0528
0.0633
0.0663
0.0563
0.0626
0.0571
0.06
0.0518
0.0751
0.0644
0.0586
0.0526
0.0488
0.0551
0.0567
0.0534
0.0574
0.058
0.0533
0.065
0.052
0.0536
0.0501
0.0604
0.0519
0.0614
0.0618
0.0644
0.0417
0.0602
0.0576
0.0631
0.0471
0.0693
0.0529
0.055
0.0551
0.0769
0.0496
0.0732
0.0851
0.0851
0.0798
0.0943
0.0897
0.0794
0.0557
0.0639
0.0501
0.0606
0.0894
0.0952
0.085
0.0851
0.0751
0.0752
0.0754
0.0779
0.0752
0.0962
0.0597
0.0732
0.0426
0.07
0.09
0.0734
0.0652
0.0818
0.08
0.054
0.0401
0.0664
0.0528
0.055
0.0402
0.0758
0.0546
0.0523
0.0782
0.0807
0.0611
0.0782
0.0832
0.0937
0.09
0.1
0.125
0.0851
0.1166
0.0992
0.0916
0.0566
0.0653
0.0711
0.055
0.0543
0.0729
0.055
0.052
0.0677
0.0424
0.0611
0.0702
0.07
0.0822
0.0472
0.0622
0.0812
0.07
0.0772
0.0766
0.0557
0.077
0.1021
0.07
0.0994
0.0918
0.0701
0.0838
0.083
0.0789
0.0736
0.0669
0.076
0.0802
0.0718
0.0894
0.0911
0.0771
0.0732
0.1103
0.12
0.1152
0.1067
0.1
0.1093
0.12
0.0841
0.081
0.0553
0.0681
0.0626
0.0772
0.065
0.056
0.0439
0.0652
0.0732
0.055
0.055
0.078
0.0732
0.0661
0.0626
0.0687
0.0801
0.125
0.1139
0.1032
0.125
0.1192
0.1494
0.1401
0.1302
0.0682
0.1256
0.0749
0.1092
0.1084
0.085
0.0921
0.0586
0.0587
0.0727
0.0806
0.064
0.068
0.0651
0.0662
0.0628
0.0769
0.0759
0.0777
0.1037
0.093
0.1277
0.1044
0.1507
0.0936
0.0874
0.1098
0.1189
0.0942
0.0856
0.1081
0.09
0.105
0.1496
0.105
0.1133
0.1156
0.1017
0.0891
0.0916
0.1016
0.0816
0.1151
0.125
0.1301
0.1308
0.1101
0.0936
0.1213
0.13
0.1302
0.1151
0.1129
0.1356
0.1301
0.1254
0.0823
0.1046
0.1038
0.1077
0.1184
0.0903
0.115
0.1326
0.1011
0.0973
0.1177
0.094
0.1174
0.0851
0.0997
0.095
0.1001
0.0937
0.0901
0.1138
0.1101
0.0951
0.0874
0.1024
0.11
0.0812
0.1328
0.1176
0.112
0.1167
0.1148
0.1201
0.1007
0.1317
0.1274
0.1312
0.1519
0.12
0.0851
0.0801
0.0651
0.063
0.065
0.0851
0.099
0.0809
0.0913
0.0876
0.105
0.11
0.1051
0.1131
0.1111
0.15
0.13
0.112
0.1454
0.15
0.1251
0.125
0.1647
0.17
0.1414
0.1484
0.1524
0.1127
0.1176
0.1251
0.127
0.1112
0.1177
0.155
0.1101
0.1391
0.0937
0.1244
0.1352
0.1078
0.1513
0.1301
0.1079
0.12
0.1136
0.1286
0.1
0.0969
0.11
0.1126
0.125
0.1203
0.135
0.1132
0.1101
0.1207
0.1373
0.16
0.13
0.1254
0.148
0.1388
0.171
0.1257
0.1401
0.1493
0.146
0.155
0.1182
0.145
0.1601
0.1301
0.1603
0.1183
0.1301
0.1801
0.1491
0.195
0.1401
0.155
0.1701
0.1544
0.1333
0.1429
0.1601
0.123
0.1523
0.16
0.195
0.1688
0.1881
0.1559
0.13
0.1634
0.1553
0.1156
0.1574
0.13
0.195
0.165
0.155
0.1666
0.1601
0.175
0.1507
0.175
0.1797
0.18
0.185
0.195
0.1777
0.1852
0.1851
0.205
0.1553
0.1901
0.1693
0.1926
0.2151
0.175
0.1682
0.16
0.1931
0.1636
0.19
0.2021
0.245
0.195
0.2169
0.1738
0.193
0.189
0.165
0.1354
0.1401
0.2051
0.165
0.1893
0.225
0.235
0.2321
0.2604
0.25
0.1924
0.202
0.1705
0.1693
0.2179
0.1901
0.2059
0.19
0.185
0.225
0.2089
0.2282
0.185
0.14
0.12
0.1119
0.138
0.1497
0.175
0.1327
0.185
0.1717
0.1802
0.1642
0.24
0.1502
0.1701
0.1852
0.203
0.1435
0.205
0.1938
0.1415
0.1702
0.2127
0.17
0.1645
0.1832
0.2014
0.205
0.1947
0.185
0.1902
0.15
0.1936
0.175
0.2159
0.2151
0.195
0.18
0.19
0.2093
0.1722
0.16
0.2081
0.1782
0.1434
0.18
0.1773
0.1914
0.1126
0.1522
0.1551
0.139
0.12
0.1481
0.155
0.1528
0.105
0.1248
0.165
0.1653
0.1694
0.12
0.1329
0.1501
0.125
0.1376
0.1413
0.1283
0.1119
0.1372
0.1151
0.125
0.1449
0.1388
0.1316
0.1251
0.1229
0.1151
0.128
0.1032
0.1251
0.1561
0.1201
0.105
0.1572
0.1547
0.1413
0.115
0.1225
0.0986
0.1073
0.125
0.1151
0.11
0.125
0.14
0.121
0.1248
0.1241
0.1122
0.1109
0.1113
0.1157
0.13
0.1
0.146
0.125
0.114
0.0951
0.1194
0.135
0.1188
0.1154
0.0832
0.0994
0.1132
0.1202
0.1019
0.1259
0.0991
0.1
0.135
0.1282
0.1001
0.1364
0.1092
0.1201
0.1153
0.0809
0.0779
0.1151
0.1
0.0966
0.0967
0.1042
0.1251
0.1041
0.0882
0.0962
0.1092
0.1
0.0914
0.0939
0.08
0.0954
0.0971
0.095
0.12
0.12
0.125
0.0948
0.0962
0.115
0.1037
0.0979
0.075
0.1001
0.0908
0.0951
0.1095
0.11
0.0961
0.115
0.1001
0.0914
0.1139
0.0791
0.0887
0.115
0.1093
0.0944
0.1
0.1069
0.1001
0.0936
0.1091
0.07
0.065
0.105
0.095
0.1051
0.0953
0.094
0.0991
0.0944
0.0939
0.1022
0.0879
0.102
0.0951
0.0924
0.107
0.0959
0.0601
0.0883
0.0851
0.09
0.102
0.0957
0.1
0.1001
0.0896
0.1001
0.1148
0.0601
0.0948
0.09
0.085
0.1088
0.0893
0.0951
0.0951
0.12
0.0708
0.1068
0.1201
0.1151
0.09
0.0798
0.0986
0.0858
0.115
0.088
0.0798
0.0926
0.0961
0.0842
0.115
0.1
0.0783
0.105
0.1
0.0974
0.0937
0.1148
0.0963
0.09
0.115
0.075
0.115
0.1251
0.1
0.105
0.0901
0.1012
0.1101
0.0801
0.0911
0.1017
0.0976
0.0904
0.09
0.0764
0.081
0.0801
0.09
0.09
0.0889
0.1226
0.1051
0.1208
0.0964
0.1088
0.0931
0.075
0.0901
0.0866
0.0658
0.08
0.0759
0.0877
0.1051
0.0842
0.1153
0.0836
0.09
0.1
0.0978
0.0827
0.0929
0.0859
0.1112
0.0907
0.082
0.1034
0.085
0.1137
0.105
0.0861
0.0701
0.0988
0.1
0.0901
0.08
0.0713
0.0872
0.0814
0.0918
0.0778
0.1009
0.0828
0.0988
0.0902
0.08
0.0858
0.0706
0.11
0.1146
0.1
0.0806
0.0951
0.08
0.0846
0.115
0.0901
0.0927
0.0977
0.0896
0.0998
0.0942
0.0733
0.1001
0.0818
0.105
0.11
0.0932
0.0854
0.0907
0.1
0.0953
0.0836
0.1051
0.0873
0.102
0.1091
0.1078
0.1051
0.0952
0.1003
0.1108
0.1051
0.1006
0.14
0.1001
0.0953
0.0917
0.1251
0.0999
0.0866
0.115
0.1099
0.1149
0.115
0.0881
0.13
0.1241
0.1054
0.1051
0.107
0.0891
0.1178
0.0901
0.1168
0.0951
0.096
0.0946
0.0929
0.1099
0.09
0.098
0.1186
0.0756
0.1
0.1051
0.1
0.1059
0.1214
0.11
0.0853
0.105
0.1111
0.11
0.13
0.0901
0.1144
0.0916
0.095
0.115
0.0947
0.1014
0.1524
0.125
0.115
0.1201
0.1368
0.1001
0.119
0.1084
0.1188
0.1092
0.1
0.1086
0.1178
0.09
0.0846
0.1012
0.0997
0.0901
0.1186
0.0751
0.1101
0.095
0.101
0.1119
0.1043
0.1058
0.1421
0.1051
0.1221
0.0997
0.1338
0.0951
0.1132
0.1142
0.112
0.094
0.115
0.095
0.1151
0.105
0.1192
0.0951
0.1577
0.1301
0.1056
0.1201
0.1001
0.0966
0.097
0.094
0.0943
0.09
0.1026
0.1153
0.1041
0.1051
0.1577
0.145
0.1001
0.1304
0.071
0.0978
0.1051
0.1
0.12
0.11
0.1
0.1185
0.12
0.1027
0.1361
0.1511
0.095
0.1391
0.1171
0.121
0.12
0.14
0.11
0.1146
0.099
0.1044
0.1039
0.1051
0.1057
0.1014
0.09
0.12
0.0948
0.0968
0.1081
0.11
0.093
0.1343
0.1542
0.1453
0.1256
0.1221
0.1106
0.1051
0.0996
0.1047
0.1013
0.084
0.115
0.12
0.0791
0.0967
0.1019
0.11
0.12
0.1282
0.1089
0.1342
0.1147
0.0922
0.1206
0.1027
0.115
0.1043
0.0851
0.1
0.1076
0.12
0.065
0.092
0.0928
0.1081
0.104
0.11
0.0961
0.1018
0.1
0.1002
0.1
0.0976
0.115
0.095
0.0937
0.1071
0.0849
0.105
0.0811
0.0901
0.0814
0.0918
0.1303
0.0934
0.0867
0.1124
0.0916
0.1118
0.0936
0.1
0.1
0.0978
0.1
0.09
0.094
0.0935
0.0834
0.0957
0.0855
0.12
0.1051
0.106
0.1104
0.1034
0.0928
0.0932
0.0821
0.105
0.0998
0.0994
0.0936
0.1177
0.102
0.0744
0.1122
0.0851
0.071
0.1006
0.0881
0.075
0.0751
0.1001
0.0983
0.0996
0.095
0.0653
0.0784
0.0686
0.1142
0.0856
0.0817
0.1012
0.0861
0.1096
0.11
0.1038
0.1103
0.12
0.0938
0.0858
0.0875
0.0876
0.0779
0.0811
0.0828
0.0791
0.0906
0.103
0.1399
0.0951
0.1324
0.1266
0.1289
0.1049
0.098
0.0868
0.0824
0.0851
0.085
0.1042
0.0947
0.088
0.1083
0.0892
0.0962
0.0924
0.08
0.1162
0.1122
0.1025
0.0743
0.1021
0.12
0.1008
0.1068
0.0903
0.1089
0.0982
0.0983
0.0981
0.1016
0.09
0.09
0.0961
0.0761
0.1051
0.1135
0.095
0.1055
0.0976
0.0942
0.105
0.0871
0.105
0.0851
0.106
0.0934
0.0835
0.106
0.095
0.1139
0.11
0.1183
0.0964
0.1106
0.0927
0.1003
0.1119
0.1
0.0905
0.1033
0.1031
0.0951
0.1
0.095
0.0978
0.0976
0.0868
0.119
0.0856
0.0948
0.0851
0.0948
0.0977
0.1042
0.0794
0.095
0.1001
0.0907
0.1115
0.0946
0.107
0.0951
0.1304
0.0723
0.0969
0.1009
0.1031
0.0987
0.0921
0.0938
0.0821
0.1056
0.0954
0.1202
0.1051
0.0749
0.125
0.106
0.1094
0.0736
0.1051
0.1156
0.0798
0.0987
0.104
0.0836
0.0914
0.115
0.0949
0.09
0.084
0.0794
0.1101
0.0777
0.09
0.0862
0.0957
0.1051
0.0971
0.0976
0.0878
0.0735
0.1102
0.1056
0.0987
0.0897
0.0798
0.0604
0.0851
0.0835
0.1028
0.1
0.0981
0.1044
0.1089
0.0844
0.0984
0.0705
0.0982
0.1108
0.0887
0.0901
0.0801
0.1043
0.1045
0.0992
0.1063
0.09
0.1032
0.0876
0.0818
0.1
0.098
0.0858
0.0952
0.0758
0.0889
0.0929
0.0956
0.1136
0.1161
0.1053
0.1051
0.1001
0.0971
0.0937
0.095
0.0686
0.0959
0.09
0.098
0.082
0.0888
0.0867
0.1085
0.11
0.098
0.12
0.1073
0.0848
0.0813
0.1138
0.0844
0.0905
0.095
0.1013
0.0915
0.084
0.0914
0.0998
0.0943
0.085
0.105
0.0949
0.085
0.0916
0.077
0.0963
0.0809
0.1051
0.0885
0.13
0.095
0.1002
0.0958
0.0751
0.118
0.1028
0.1029
0.1008
0.1015
0.11
0.1028
0.117
0.1046
0.1101
0.1011
0.1193
0.1058
0.1454
0.1214
0.0864
0.1301
0.1049
0.1065
0.0818
0.1268
0.0803
0.085
0.135
0.1445
0.112
0.157
0.1789
0.1522
0.1408
0.1545
0.1751
0.183
0.155
0.205
0.245
0.225
0.1848
0.1991
0.1901
0.165
0.1367
0.117
0.1127
0.095
0.1101
0.0926
0.1101
0.1151
0.1151
0.1422
0.1454
0.1134
0.0908
0.1078
0.11
0.085
0.1128
0.1549
0.14
0.1676
0.1337
0.1601
0.14
0.1701
0.1552
0.1434
0.0927
0.095
0.11
0.1011
0.105
0.091
0.1267
0.14
0.1418
0.0973
0.1013
0.095
0.124
0.1083
0.1101
0.1206
0.1062
0.1352
0.1217
0.1249
0.16
0.125
0.11
0.1001
0.105
0.1308
0.15
0.1538
0.225
0.2364
0.33
0.3456
0.4258
0.3884
0.4265
0.425
0.375
0.34
0.255
0.2671
0.2434
0.195
0.2
0.15
0.1807
0.155
0.1304
0.1226
0.1629
0.1411
0.1411
0.1228
0.1292
0.1377
0.1197
0.1251
0.105
0.0861
0.125
0.1107
0.1323
0.1997
0.1653
0.2381
0.255
0.205
0.26
0.2877
0.2599
0.195
0.2983
0.2269
0.2363
0.1608
0.132
0.1239
0.095
0.1008
0.0654
0.1339
0.09
0.1101
0.1048
0.108
0.145
0.1941
0.266
0.385
0.4051
0.44
0.47
0.3217
0.25
0.2432
0.185
0.1947
0.18
0.1322
0.1927
0.1541
0.1476
0.1231
0.1093
0.102
0.1061
0.1261
0.1089
0.1401
0.0898
0.0949
0.1228
0.105
0.1181
0.1718
0.1767
0.2253
0.2483
0.2942
0.2384
0.3174
0.33
0.34
0.2801
0.29
0.2513
0.215
0.19
0.2
0.2146
0.1386
0.1732
0.1974
0.1401
0.1413
0.1592
0.0951
0.1482
0.1501
0.1407
0.155
0.16
0.155
0.165
0.1151
0.125
0.1449
0.1992
0.1876
0.1686
0.1308
0.13
0.141
0.13
0.1
0.0807
0.095
0.0866
0.1181
0.0751
0.09
0.1
0.09
0.1119
0.0851
0.085
0.1044
0.1004
0.0924
0.0951
0.105
0.0862
0.1071
0.1137
0.108
0.135
0.12
0.165
0.14
0.1086
0.115
0.1201
0.1017
0.0909
0.104
0.0877
0.0673
0.1043
0.0751
0.0871
0.1029
0.0908
0.1001
0.0936
0.09
0.0951
0.0891
0.1078
0.0863
0.085
0.0816
0.1013
0.1001
0.0811
0.1099
0.11
0.0801
0.1051
0.0801
0.0789
0.0777
0.0981
0.1024
0.0801
0.0899
0.1
0.0951
0.0962
0.0777
0.0859
0.0992
0.0815
0.11
0.0793
0.105
0.08
0.085
0.0918
0.0973
0.1172
0.105
0.1401
0.1251
0.14
0.11
0.107
0.085
0.1
0.0894
0.104
0.0979
0.1189
0.0932
0.1027
0.0889
0.0748
0.0658
0.108
0.0906
0.09
0.09
0.0951
0.0944
0.0924
0.0901
0.0933
0.105
0.0873
0.0919
0.0851
0.0901
0.0891
0.0967
0.1
0.0852
0.0877
0.083
0.1291
0.0908
0.115
0.0951
0.1101
0.0994
0.1043
0.0933
0.0879
0.085
0.1084
0.114
0.1088
0.1421
0.1026
0.0899
0.115
0.1
0.0904
0.0838
0.115
0.091
0.1
0.075
0.0904
0.0891
0.1029
0.0998
0.085
0.09
0.0919
0.0752
0.0878
0.1
0.105
0.1119
0.0687
0.1012
0.0901
0.0989
0.073
0.0884
0.0842
0.1122
0.0953
0.0882
0.0931
0.0801
0.095
0.0918
0.0984
0.1044
0.11
0.1077
0.0957
0.0901
0.1246
0.0951
0.0951
0.1062
0.1
0.1
0.098
0.095
0.1009
0.1018
0.1001
0.1001
0.1029
0.0759
0.1178
0.0986
0.08
0.0848
0.0813
0.0751
0.0659
0.1
0.0882
0.1016
0.1118
0.0901
0.0882
0.1234
0.1154
0.1119
0.1526
0.12
0.1254
0.125
0.159
0.14
0.12
0.145
0.1101
0.12
0.14
0.0789
0.1074
0.115
0.1051
0.0786
0.1171
0.09
0.11
0.0841
0.1263
0.11
0.12
0.2006
0.1501
0.1473
0.198
0.148
0.1621
0.13
0.1201
0.1139
0.1201
0.095
0.087
0.135
0.1036
0.1136
0.1198
0.1407
0.1352
0.1451
0.1551
0.17
0.1377
0.162
0.1501
0.1403
0.1047
0.1003
0.0853
0.0888
0.1098
0.0887
0.0813
0.1051
0.1
0.115
0.165
0.1169
0.163
0.1507
0.1
0.125
0.1154
0.1151
0.1047
0.1201
0.1082
0.0952
0.1077
0.1124
0.1117
0.0923
0.1048
0.1051
0.1251
0.0889
0.1401
0.0914
0.1083
0.135
0.1122
0.0983
0.1129
0.1
0.135
0.14
0.1197
0.122
0.13
0.1359
0.099
0.1201
0.098
0.105
0.1051
0.0936
0.105
0.0974
0.1151
0.0866
0.0951
0.098
0.0934
0.0901
0.125
0.0949
0.08
0.0793
0.0898
0.0901
0.0851
0.0918
0.0677
0.0871
0.0801
0.0814
0.0968
0.0764
0.0681
0.0801
0.0866
0.091
0.1003
0.0831
0.0778
0.0952
0.09
0.0824
0.11
0.0826
0.084
0.1118
0.1059
0.086
0.09
0.0927
0.075
0.095
0.0774
0.0783
0.1
0.0809
0.0752
0.085
0.0906
0.08
0.0701
0.11
0.075
0.0834
0.0981
0.0901
0.1151
0.1151
0.1139
0.115
0.0651
0.1252
0.1007
0.085
0.0676
0.0853
0.0836
0.075
0.069
0.0868
0.0653
0.0801
0.0926
0.0973
0.0987
0.07
0.0603
0.0857
0.07
0.0851
0.051
0.0883
0.0751
0.0801
0.0834
0.0653
0.071
0.0801
0.1
0.0704
0.0754
0.0706
0.0757
0.0876
0.0667
0.083
0.0729
0.085
0.0951
0.0851
0.087
0.075
0.0718
0.0801
0.0662
0.075
0.0732
0.0752
0.0684
0.0806
0.0833
0.08
0.0823
0.0758
0.066
0.07
0.0768
0.0751
0.075
0.0694
0.0751
0.0846
0.0608
0.0697
0.0844
0.075
0.0717
0.0752
0.076
0.095
0.0757
0.087
0.09
0.0828
0.0827
0.07
0.085
0.079
0.0811
0.07
0.0765
0.08
0.0934
0.083
0.0751
0.0906
0.065
0.0704
0.0892
0.085
0.0701
0.0816
0.085
0.066
0.07
0.0817
0.0806
0.0652
0.0801
0.0863
0.08
0.0851
0.0696
0.1001
0.0941
0.0826
0.08
0.09
0.0891
0.0743
0.0929
0.075
0.0963
0.08
0.0798
0.0933
0.0764
0.0986
0.0948
0.089
0.0812
0.0894
0.0951
0.0877
0.0797
0.1006
0.085
0.095
0.1051
0.085
0.0864
0.0818
0.085
0.0679
0.0787
0.0801
0.0751
0.0743
0.09
0.0667
0.0901
0.085
0.0816
0.0712
0.0801
0.0934
0.0751
0.1011
0.0688
0.07
0.0742
0.0848
0.07
0.0616
0.0813
0.0762
0.0741
0.0732
0.1066
0.0556
0.0832
0.1048
0.0989
0.0947
0.0937
0.0962
0.1047
0.095
0.0863
0.085
0.1071
0.0834
0.0829
0.0851
0.0751
0.08
0.0993
0.118
0.0937
0.085
0.0926
0.0718
0.0976
0.099
0.1
0.093
0.0751
0.0824
0.07
0.0882
0.075
0.073
0.08
0.085
0.085
0.0828
0.113
0.0809
0.1101
0.1089
0.09
0.1268
0.1151
0.0859
0.08
0.0812
0.0907
0.07
0.1148
0.0843
0.095
0.0701
0.1051
0.0629
0.0681
0.093
0.0731
0.0901
0.0721
0.0817
0.0922
0.0973
0.0806
0.085
0.0682
0.0974
0.0749
0.0737
0.0772
0.0607
0.0649
0.0701
0.0863
0.0821
0.0602
0.0858
0.085
0.0918
0.0662
0.0826
0.0783
0.0928
0.0837
0.0734
0.0782
0.0931
0.0926
0.0743
0.0751
0.0722
0.09
0.0772
0.0739
0.0851
0.08
0.083
0.0816
0.0833
0.0799
0.095
0.0792
0.1001
0.078
0.0767
0.1097
0.0901
0.0901
0.0937
0.09
0.0918
0.085
0.1
0.075
0.1001
0.0751
0.0722
0.0672
0.075
0.0831
0.0901
0.07
0.0686
0.091
0.0569
0.0703
0.0858
0.09
0.08
0.1055
0.0803
0.105
0.0937
0.0779
0.0782
0.0848
0.0837
0.0877
0.0752
0.085
0.0851
0.0701
0.0933
0.0881
0.0756
0.0618
0.09
0.1
0.0706
0.0768
0.0849
0.1011
0.0773
0.085
0.0901
0.09
0.07
0.113
0.11
0.0992
0.0924
0.1501
0.1091
0.1084
0.1178
0.0982
0.115
0.105
0.09
0.085
0.0848
0.1166
0.0851
0.0752
0.0712
0.0939
0.1
0.085
0.0967
0.0851
0.0843
0.0929
0.1
0.1054
0.1
0.0946
0.088
0.1081
0.0998
0.1134
0.0951
0.1191
0.1156
0.0951
0.0951
0.1106
0.1151
0.1025
0.125
0.0878
0.0951
0.16
0.1177
0.132
0.115
0.1533
0.1278
0.1681
0.16
0.1243
0.1212
0.1301
0.1217
0.095
0.121
0.1142
0.0829
0.0949
0.1083
0.0709
0.104
0.09
0.1101
0.1201
0.1283
0.1051
0.1403
0.1
0.105
0.1302
0.115
0.1224
0.12
0.1136
0.1157
0.1299
0.1018
0.0951
0.1579
0.11
0.1301
0.0893
0.0931
0.0901
0.1104
0.0901
0.1101
0.0712
0.0973
0.0964
0.1374
0.11
0.1031
0.1251
0.1387
0.1161
0.135
0.14
0.1328
0.1219
0.1096
0.105
0.1051
0.0999
0.0797
0.1002
0.09
0.1
0.0851
0.1018
0.075
0.1
0.1237
0.0887
0.1413
0.0968
0.1257
0.1177
0.1211
0.1212
0.1267
0.1101
0.1619
0.115
0.1143
0.1151
0.1
0.1086
0.09
0.0919
0.0739
0.0809
0.07
0.1051
0.1013
0.0851
0.0932
0.1157
0.1138
0.0954
0.1248
0.1201
0.125
0.1039
0.13
0.1266
0.1261
0.135
0.12
0.1101
0.1153
0.095
0.101
0.096
0.1
0.0951
0.1201
0.093
0.1004
0.1142
0.0892
0.0871
0.1089
0.0929
0.0987
0.1059
0.0976
0.0946
0.11
0.0951
0.0998
0.0951
0.1016
0.125
0.1
0.1232
0.1099
0.125
0.1251
0.1466
0.1166
0.1162
0.1312
0.12
0.0951
0.0801
0.0777
0.0851
0.0976
0.093
0.1064
0.0866
0.0858
0.1211
0.0908
0.1162
0.0888
0.0857
0.1
0.08
0.0931
0.0892
0.09
0.1228
0.0853
0.095
0.09
0.08
0.0936
0.0964
0.1
0.0951
0.105
0.1081
0.0779
0.0863
0.1101
0.085
0.095
0.109
0.1099
0.0883
0.1202
0.081
0.1102
0.1381
0.0876
0.0707
0.0931
0.1149
0.0858
0.0833
0.0974
0.085
0.085
0.09
0.11
0.071
0.103
0.0837
0.0854
0.0829
0.1001
0.1021
0.0848
0.1096
0.092
0.1101
0.0854
0.11
0.1124
0.0989
0.0919
0.1202
0.1022
0.1127
0.0951
0.11
0.1151
0.085
0.0826
0.0948
0.0911
0.1146
0.0851
0.098
0.1024
0.0827
0.0851
0.1184
0.0884
0.095
0.0801
0.0851
0.1168
0.1032
0.1337
0.0959
0.089
0.1219
0.11
0.0903
0.105
0.1086
0.1069
0.11
0.0872
0.1
0.075
0.0781
0.0948
0.0702
0.0914
0.0818
0.0827
0.0601
0.097
0.0863
0.0839
0.0959
0.0868
0.095
0.0828
0.0851
0.0901
0.073
0.0924
0.0772
0.0991
0.0936
0.1054
0.0806
0.0746
0.0964
0.1
0.095
0.095
0.0801
0.1028
0.0958
0.0974
0.09
0.1001
0.0969
0.0951
0.1069
0.0627
0.0851
0.095
0.0867
0.09
0.0872
0.095
0.0831
0.1051
0.0933
0.0767
0.0822
0.09
0.08
0.09
0.0869
0.0828
0.0727
0.1013
0.09
0.0972
0.0821
0.089
0.11
0.0844
0.0814
0.0812
0.0893
0.08
0.106
0.0966
0.0952
0.112
0.0844
0.0963
0.1006
0.0943
0.105
0.0781
0.0801
0.1116
0.11
0.1312
0.095
0.0887
0.1052
0.1082
0.0943
0.0806
0.0979
0.085
0.0751
0.1
0.0968
0.0757
0.1114
0.1151
0.08
0.105
0.1076
0.0906
0.0811
0.0901
0.09
0.075
0.1029
0.0782
0.08
0.1
0.0901
0.1083
0.095
0.095
0.095
0.0918
0.0918
0.09
0.0751
0.095
0.1014
0.0874
0.0703
0.12
0.09
0.1241
0.0919
0.11
0.085
0.095
0.1013
0.0984
0.0811
0.0816
0.0801
0.0993
0.0939
0.0914
0.088
0.085
0.102
0.0953
0.11
0.075
0.075
0.0821
0.0789
0.0953
0.0751
0.0759
0.0852
0.0877
0.0886
0.1031
0.0937
0.089
0.0984
0.0926
0.1078
0.1221
0.1128
0.134
0.0928
0.109
0.0951
0.0931
0.0944
0.1051
0.1009
0.0901
0.0799
0.0826
0.098
0.0873
0.08
0.0876
0.1101
0.0989
0.1051
0.1
0.0989
0.0851
0.078
0.1116
0.0843
0.0904
0.0896
0.0737
0.0948
0.1001
0.0611
0.075
0.0946
0.1147
0.0909
0.0801
0.0601
0.0939
0.0839
0.0907
0.07
0.1051
0.1002
0.0951
0.0851
0.1
0.065
0.0872
0.0708
0.0901
0.0999
0.0851
0.0951
0.065
0.0901
0.0853
0.0712
0.0938
0.105
0.085
0.101
0.0743
0.0811
0.115
0.0801
0.1162
0.0998
0.0847
0.0951
0.0934
0.1101
0.0804
0.0897
0.0894
0.0868
0.09
0.0959
0.0894
0.0707
0.085
0.08
0.095
0.0791
0.0543
0.0749
0.1012
0.0698
0.0859
0.095
0.1076
0.0864
0.085
0.1199
0.1047
0.0963
0.0821
0.0702
0.083
0.0667
0.0822
0.1008
0.0954
0.086
0.0793
0.0751
0.1131
0.0806
0.0906
0.1001
0.0851
0.1
0.1
0.0851
0.0748
0.0892
0.0872
0.0723
0.1032
0.0972
0.1127
0.1151
0.0916
0.1012
0.0854
0.0983
0.11
0.09
0.0918
0.105
0.0859
0.09
0.1234
0.0951
0.1006
0.1093
0.095
0.0844
0.091
0.0951
0.088
0.09
0.1101
0.091
0.0962
0.09
0.0992
0.0826
0.0901
0.1006
0.1151
0.11
0.0851
0.0951
0.1031
0.0762
0.0801
0.1051
0.1047
0.0828
0.09
0.1051
0.0794
0.0769
0.0892
0.0984
0.0896
0.0809
0.0957
0.0956
0.0901
0.1001
0.0843
0.085
0.1197
0.1
0.1
0.0781
0.0858
0.084
0.0999
0.1234
0.0819
0.0951
0.095
0.09
0.1353
0.1001
0.0951
0.105
0.095
0.1
0.14
0.0817
0.092
0.105
0.1003
0.115
0.1001
0.09
0.07
0.099
0.105
0.11
0.0969
0.0897
0.1
0.1
0.1068
0.1051
0.1102
0.095
0.0707
0.0951
0.105
0.1062
0.0858
0.095
0.0823
0.115
0.0901
0.095
0.0862
0.1004
0.0733
0.1001
0.1051
0.0942
0.083
0.0779
0.0946
0.0752
0.1099
0.0756
0.0949
0.0676
0.0859
0.0858
0.0902
0.0998
0.0991
0.1026
0.075
0.0701
0.0851
0.105
0.0801
0.1119
0.0819
0.0951
0.0901
0.07
0.086
0.0901
0.0801
0.0816
0.095
0.0951
0.0751
0.082
0.09
0.0559
0.0964
0.0782
0.0784
0.0801
0.1061
0.0901
0.0781
0.08
0.085
0.104
0.0914
0.0851
0.0776
0.0926
0.0797
0.1164
0.0893
0.0842
0.0867
0.1017
0.0781
0.0992
0.0907
0.0877
0.0851
0.0911
0.09
0.0723
0.0827
0.1026
0.1
0.0951
0.09
0.1038
0.1151
0.09
0.085
0.092
0.12
0.0851
0.0926
0.0701
0.0872
0.0951
0.0961
0.085
0.083
0.0947
0.0824
0.11
0.0831
0.1033
0.1001
0.09
0.09
0.09
0.0947
0.0852
0.1242
0.0962
0.1104
0.1314
0.1108
0.1168
0.0951
0.0838
0.1206
0.0941
0.0852
0.0794
0.0851
0.084
0.0856
0.0963
0.0851
0.08
0.115
0.0919
0.1028
0.0929
0.0924
0.1249
0.0692
0.105
0.1117
0.085
0.09
0.1074
0.0708
0.0819
0.0801
0.0842
0.075
0.0959
0.0788
0.1001
0.1017
0.0932
0.1067
0.11
0.095
0.0951
0.105
0.0907
0.12
0.0807
0.098
0.1
0.1051
0.105
0.0971
0.095
0.1047
0.0779
0.0901
0.0722
0.08
0.0851
0.096
0.0758
0.0888
0.0777
0.0793
0.0937
0.0856
0.1018
0.1001
0.1005
0.1
0.0709
0.09
0.1011
0.1101
0.0818
0.0942
0.1118
0.0877
0.105
0.1073
0.1101
0.1162
0.0833
0.1067
0.08
0.0834
0.085
0.095
0.0767
0.0898
0.0702
0.0651
0.0964
0.085
0.0712
0.073
0.0878
0.0777
0.0888
0.0912
0.0751
0.0921
0.11
0.075
0.104
0.0751
0.0837
0.102
0.082
0.0851
0.0879
0.0796
0.0901
0.0823
0.0752
0.105
0.0871
0.085
0.0876
0.08
0.0921
0.0867
0.0951
0.075
0.0848
0.0702
0.0722
0.0721
0.1001
0.0863
0.0951
0.085
0.0654
0.0803
0.1127
0.085
0.0751
0.1044
0.0881
0.0707
0.0839
0.1
0.0904
0.0858
0.094
0.0833
0.1001
0.08
0.0731
0.0963
0.0977
0.0761
0.125
0.09
0.1027
0.1369
0.11
0.1172
0.0808
0.0801
0.095
0.117
0.0898
0.0993
0.0841
0.1101
0.1014
0.095
0.0947
0.1236
0.109
0.0963
0.1022
0.1101
0.0983
0.105
0.0851
0.1013
0.1137
0.1026
0.0828
0.0946
0.1001
0.09
0.0944
0.1148
0.1007
0.1108
0.1
0.0932
0.1001
0.0977
0.091
0.08
0.09
0.07
0.1051
0.105
0.0801
0.1144
0.1096
0.0927
0.122
0.1257
0.12
0.1351
0.0972
0.1118
0.1184
0.11
0.1152
0.09
0.0924
0.102
0.1129
0.1024
0.0806
0.1138
0.0962
0.104
0.1082
0.0862
0.1232
0.12
0.1106
0.0884
0.0912
0.1036
0.1027
0.1051
0.105
0.11
0.13
0.105
0.1011
0.092
0.101
0.1101
0.0867
0.1
0.0909
0.0921
0.1122
0.09
0.0857
0.1001
0.0923
0.0951
0.1099
0.1101
0.093
0.097
0.1101
0.1001
0.0889
0.0951
0.1003
0.085
0.1151
0.095
0.095
0.1041
0.1001
0.0756
0.1101
0.0851
0.08
0.0977
0.095
0.092
0.0943
0.1264
0.08
0.09
0.0951
0.095
0.095
0.1101
0.1201
0.093
0.0996
0.1051
0.1047
0.1081
0.1001
0.0787
0.0753
0.0782
0.1124
0.1
0.1
0.0908
0.0673
0.11
0.1
0.1216
0.1302
0.1501
0.11
0.085
0.0818
0.0947
0.0814
0.105
0.0786
0.0799
0.0751
0.0951
0.0937
0.0844
0.0907
0.0855
0.0891
0.105
0.098
0.105
0.063
0.1078
0.0911
0.1151
0.1001
0.1066
0.095
0.125
0.125
0.11
0.0977
0.0999
0.08
0.0911
0.125
0.1298
0.1451
0.1731
0.1146
0.0928
0.0951
0.1
0.1051
0.0893
0.0951
0.09
0.0771
0.072
0.08
0.099
0.1331
0.15
0.1201
0.1363
0.1152
0.1247
0.0877
0.0911
0.0961
0.0901
0.1064
0.1136
0.1041
0.0804
0.1049
0.095
0.0727
0.1001
0.0851
0.1
0.1008
0.1028
0.11
0.0939
0.113
0.0989
0.0901
0.0992
0.0988
0.115
0.1206
0.1073
0.09
0.1004
0.0797
0.085
0.1137
0.0916
0.1056
0.079
0.0959
0.1107
0.097
0.1001
0.0901
0.0926
0.0932
0.0933
0.1052
0.11
0.1186
0.1
0.0926
0.1001
0.1121
0.1051
0.105
0.0909
0.085
0.1143
0.1093
0.0919
0.12
0.13
0.0946
0.1297
0.098
0.1023
0.0862
0.0733
0.095
0.0978
0.0874
0.095
0.105
0.0951
0.0978
0.1027
0.1102
0.1
0.0907
0.08
0.0951
0.11
0.0884
0.1002
0.1114
0.0901
0.1007
0.0868
0.0873
0.08
0.094
0.0927
0.083
0.095
0.1031
0.115
0.1077
0.0936
0.094
0.1101
0.1201
0.109
0.0919
0.0876
0.1021
0.093
0.1051
0.0826
0.0967
0.0961
0.0962
0.0892
0.0954
0.0901
0.0801
0.0781
0.1053
0.0851
0.065
0.105
0.0954
0.1051
0.0701
0.1022
0.09
0.0901
0.0901
0.0711
0.095
0.0887
0.0787
0.0851
0.0897
0.068
0.09
0.0983
0.0801
0.095
0.085
0.1001
0.0916
0.0832
0.0864
0.0901
0.0739
0.0972
0.085
0.0869
0.0892
0.0707
0.0751
0.0927
0.0801
0.1114
0.0824
0.0678
0.0921
0.0901
0.096
0.084
0.0839
0.0801
0.0888
0.1122
0.0928
0.1001
0.0883
0.0579
0.105
0.115
0.0992
0.0882
0.0752
0.1096
0.0707
0.08
0.1028
0.1294
0.0901
0.1158
0.1172
0.0906
0.0811
0.0901
0.0877
0.0863
0.1106
0.0871
0.092
0.0922
0.095
0.0901
0.105
0.0872
0.095
0.0896
0.1166
0.1
0.1
0.1122
0.09
0.0869
0.09
0.095
0.0916
0.1
0.0751
0.1081
0.0872
0.075
0.0902
0.0802
0.0994
0.0844
0.1046
0.0994
0.092
0.0877
0.112
0.0774
0.1003
0.0901
0.1
0.1066
0.0786
0.075
0.1198
0.0991
0.1178
0.1187
0.1
0.0891
0.0976
0.105
0.105
0.1121
0.1042
0.11
0.0894
0.087
0.0878
0.105
0.0894
0.105
0.081
0.085
0.09
0.1097
0.1
0.0997
0.0972
0.0831
0.1128
0.11
0.1
0.105
0.1054
0.1001
0.11
0.0953
0.098
0.1298
0.0909
0.1008
0.1151
0.1201
0.1101
0.106
0.1051
0.0901
0.1101
0.0882
0.085
0.0951
0.095
0.0851
0.07
0.0827
0.0897
0.115
0.0889
0.0894
0.0901
0.0851
0.0901
0.1058
0.0837
0.085
0.0821
0.09
0.1
0.0973
0.0924
0.093
0.09
0.0773
0.0828
0.081
0.08
0.095
0.11
0.0704
0.085
0.0951
0.0763
0.0801
0.0901
0.09
0.0807
0.09
0.0951
0.0878
0.1
0.085
0.1252
0.1199
0.0807
0.0836
0.0912
0.095
0.0819
0.0713
0.0779
0.0773
0.0771
0.0986
0.0969
0.1008
0.0798
0.0868
0.0823
0.095
0.0773
0.1056
0.084
0.0999
0.1177
0.104
0.0751
0.1117
0.0901
0.095
0.1202
0.0758
0.085
0.09
0.0734
0.0813
0.0857
0.08
0.0714
0.09
0.0726
0.0999
0.0901
0.1017
0.0952
0.085
0.1039
0.0748
0.0836
0.0921
0.1
0.0851
0.1054
0.1311
0.1151
0.0947
0.1119
0.0967
0.095
0.0961
0.0737
0.1063
0.1096
0.0981
0.0973
0.0906
0.1046
0.0855
0.0961
0.0937
0.0851
0.0927
0.1103
0.1026
0.0981
0.11
0.096
0.085
0.0967
0.0952
0.0951
0.1093
0.0959
0.09
0.1009
0.1056
0.1201
0.0843
0.0842
0.0741
0.0737
0.12
0.0923
0.07
0.073
0.0989
0.0912
0.1062
0.075
0.0867
0.0829
0.095
0.1043
0.0942
0.0944
0.07
0.09
0.0742
0.0906
0.09
0.0753
0.092
0.0801
0.1
0.0896
0.0858
0.0829
0.0954
0.0924
0.0844
0.085
0.0928
0.079
0.0852
0.087
0.0951
0.1006
0.0921
0.0852
0.1021
0.111
0.0989
0.0806
0.11
0.088
0.0943
0.0935
0.0951
0.1013
0.0861
0.0818
0.1
0.0882
0.0956
0.085
0.1132
0.09
0.0976
0.095
0.0958
0.085
0.0917
0.0994
0.0751
0.09
0.0874
0.1091
0.0767
0.0862
0.0876
0.097
0.0877
0.0861
0.0851
0.0814
0.1001
0.0834
0.0847
0.0996
0.0736
0.0847
0.095
0.0909
0.1082
0.1287
0.0883
0.0799
0.075
0.0814
0.0851
0.094
0.0872
0.0771
0.0949
0.0801
0.07
0.0806
0.09
0.085
0.095
0.0914
0.0944
0.0869
0.0887
0.1
0.075
0.0952
0.1012
0.095
0.0701
0.09
0.0994
0.09
0.1107
0.1188
0.0754
0.1051
0.0951
0.0953
0.095
0.1044
0.1174
0.1006
0.1301
0.0872
0.0839
0.0993
0.0966
0.085
0.1
0.1244
0.0957
0.1001
0.0818
0.11
0.0966
0.09
0.085
0.1
0.095
0.1062
0.095
0.115
0.115
0.1331
0.1048
0.1383
0.1216
0.1051
0.1209
0.1154
0.0904
0.1093
0.1
0.11
0.135
0.115
0.1197
0.1103
0.1032
0.09
0.13
0.1222
0.1043
0.1112
0.1123
0.1151
0.1119
0.1074
0.1054
0.115
0.1134
0.1006
0.1204
0.1203
0.1251
0.1131
0.0885
0.105
0.1197
0.105
0.1443
0.1058
0.1131
0.1221
0.1051
0.0968
0.105
0.115
0.095
0.0863
0.09
0.1051
0.1198
0.105
0.0678
0.111
0.1031
0.0876
0.0988
0.1187
0.115
0.0882
0.11
0.1123
0.075
0.0982
0.0926
0.1036
0.091
0.0953
0.0992
0.0774
0.1028
0.0901
0.0951
0.0794
0.0801
0.0783
0.13
0.085
0.0718
0.0969
0.12
0.0862
0.1027
0.0809
0.1071
0.1038
0.1111
0.0968
0.09
0.098
0.08
0.09
0.1142
0.0854
0.1128
0.16
0.12
0.1023
0.0926
0.1001
0.0757
0.0851
0.095
0.1008
0.1237
0.0851
0.1192
0.1086
0.1043
0.1111
0.1197
0.1077
0.1514
0.0967
0.105
0.0901
0.0867
0.09
0.0918
0.0818
0.0873
0.1001
0.1022
0.078
0.0905
0.1079
0.1251
0.1357
0.1249
0.0927
0.095
0.1
0.0759
0.0891
0.0833
0.1004
0.085
0.08
0.1001
0.0896
0.09
0.08
0.0951
0.0751
0.086
0.1098
0.0701
0.0867
0.07
0.1067
0.0868
0.085
0.0951
0.081
0.1174
0.0934
0.0853
0.076
0.075
0.08
0.0947
0.0801
0.0702
0.1034
0.0794
0.09
0.1078
0.1054
0.1123
0.0739
0.105
0.0888
0.1301
0.0824
0.084
0.0903
0.0789
0.0851
0.1001
0.0709
0.0951
0.0951
0.1068
0.1126
0.1143
0.1374
0.1022
0.105
0.115
0.0901
0.0919
0.1016
0.08
0.0998
0.1
0.095
0.1208
0.0928
0.0917
0.0972
0.0714
0.12
0.1
0.1176
0.1292
0.1057
0.145
0.12
0.125
0.1001
0.1156
0.1301
0.1128
0.1058
0.12
0.0924
0.105
0.1206
0.0951
0.1187
0.109
0.1042
0.0951
0.0874
0.0766
0.105
0.085
0.1036
0.08
0.0803
0.0913
0.1036
0.0858
0.0906
0.1111
0.13
0.1009
0.1116
0.1124
0.1001
0.12
0.1061
0.1122
0.11
0.08
0.1072
0.0872
0.1051
0.085
0.0801
0.0979
0.0901
0.1002
0.098
0.1
0.1026
0.0932
0.1051
0.0851
0.0847
0.0971
0.1241
0.1163
0.092
0.1061
0.1081
0.135
0.0817
0.115
0.12
0.1156
0.0852
0.0987
0.1051
0.11
0.1132
0.079
0.1003
0.0986
0.0906
0.0889
0.0819
0.0851
0.0991
0.1033
0.089
0.0702
0.0907
0.099
0.0872
0.0851
0.075
0.0944
0.1067
0.0781
0.0977
0.0816
0.095
0.0751
0.085
0.0802
0.08
0.09
0.0901
0.1008
0.095
0.0826
0.1
0.0851
0.08
0.0962
0.09
0.1011
0.1064
0.0759
0.0751
0.0918
0.0823
0.0851
0.0822
0.0889
0.095
0.102
0.064
0.08
0.0851
0.0853
0.0779
0.1
0.1014
0.0901
0.08
0.09
0.0844
0.0809
0.08
0.0753
0.072
0.1117
0.0801
0.0801
0.0744
0.08
0.105
0.0811
0.1001
0.0951
0.08
0.0957
0.095
0.0951
0.0951
0.09
0.0672
0.0951
0.0769
0.0884
0.0757
0.1
0.0813
0.0703
0.0922
0.106
0.1352
0.0867
0.0879
0.0876
0.1142
0.092
0.0701
0.085
0.0932
0.0963
0.1064
0.1001
0.1032
0.1048
0.1019
0.1076
0.1161
0.086
0.1018
0.096
0.0748
0.0888
0.1144
0.09
0.09
0.105
0.1151
0.125
0.1101
0.115
0.1042
0.0938
0.1098
0.1
0.1
0.0738
0.08
0.0838
0.0918
0.1101
0.1021
0.1021
0.0901
0.1052
0.0851
0.0919
0.095
0.075
0.1048
0.095
0.0951
0.1031
0.0997
0.1
0.0896
0.0891
0.09
0.105
0.1
0.09
0.1046
0.0997
0.0896
0.0982
0.0952
0.125
0.1051
0.1021
0.1107
0.095
0.1011
0.0951
0.0998
0.11
0.0882
0.0851
0.1
0.085
0.0951
0.095
0.105
0.0916
0.0928
0.09
0.0951
0.1044
0.1049
0.105
0.095
0.095
0.105
0.1062
0.0843
0.1043
0.0951
0.1011
0.12
0.095
0.098
0.1358
0.0752
0.095
0.0752
0.0772
0.0898
0.1101
0.0823
0.1004
0.085
0.0701
0.0929
0.0778
0.069
0.0943
0.085
0.0841
0.0801
0.076
0.0801
0.1
0.0982
0.0983
0.075
0.1
0.0851
0.0996
0.0874
0.1049
0.075
0.0942
0.094
0.0902
0.0861
0.0673
0.0813
0.0952
0.1
0.081
0.0866
0.095
0.085
0.0868
0.0752
0.0853
0.0901
0.0707
0.08
0.1113
0.0751
0.0671
0.0751
0.0977
0.0756
0.0753
0.09
0.0909
0.0904
0.1
0.07
0.0796
0.089
0.076
0.1
0.0672
0.0834
0.0802
0.09
0.0901
0.1001
0.075
0.0922
0.0774
0.1049
0.105
0.1212
0.09
0.1
0.095
0.0967
0.1119
0.0818
0.0951
0.1053
0.107
0.0764
0.0819
0.1149
0.0801
0.105
0.08
0.0701
0.0894
0.1101
0.0872
0.0827
0.0854
0.0934
0.1036
0.1109
0.086
0.0997
0.1029
0.095
0.0889
0.0927
0.1101
0.0851
0.0899
0.0812
0.0843
0.0957
0.0948
0.0796
0.095
0.0901
0.0888
0.0901
0.0848
0.1064
0.0913
0.09
0.0951
0.085
0.0851
0.0956
0.1044
0.0853
0.0751
0.1089
0.0902
0.11
0.09
0.1033
0.0951
0.09
0.1101
0.09
0.1183
0.0778
0.0845
0.0923
0.0972
0.08
0.101
0.0946
0.0999
0.0834
0.0822
0.0934
0.0823
0.1
0.0831
0.0753
0.1
0.0951
0.1003
0.0877
0.0801
0.0953
0.09
0.0797
0.0873
0.0888
0.0786
0.0969
0.0784
0.1098
0.085
0.1054
0.08
0.0812
0.0887
0.1101
0.0797
0.1046
0.085
0.08
0.0854
0.099
0.1003
0.0873
0.0984
0.095
0.0751
0.0951
0.078
0.1006
0.0757
0.0813
0.085
0.108
0.0622
0.0733
0.0701
0.0898
0.0737
0.0707
0.0747
0.0729
0.0947
0.0794
0.0832
0.0819
0.0793
0.0786
0.075
0.0886
0.0751
0.1022
0.0778
0.085
0.1
0.0994
0.0801
0.0812
0.0947
0.1062
0.07
0.0719
0.0812
0.0799
0.0888
0.0876
0.1128
0.0841
0.0862
0.0947
0.0874
0.09
0.08
0.0729
0.0664
0.072
0.0939
0.085
0.077
0.085
0.0856
0.095
0.0792
0.0836
0.1002
0.0681
0.0881
0.0807
0.0802
0.0898
0.085
0.0901
0.105
0.1003
0.0951
0.1001
0.0801
0.1094
0.1007
0.0863
0.0969
0.0916
0.1193
0.1096
0.075
0.09
0.095
0.095
0.09
0.1076
0.095
0.1172
0.09
0.1
0.1401
0.085
0.1
0.125
0.095
0.1428
0.1252
0.145
0.115
0.1124
0.105
0.1101
0.1
0.105
0.0951
0.1
0.1151
0.0768
0.0812
0.0874
0.1001
0.0937
0.0872
0.11
0.105
0.105
0.095
0.0948
0.1056
0.0751
0.0799
0.0727
0.1
0.085
0.09
0.1069
0.0851
0.095
0.0821
0.0903
0.0951
0.0976
0.0959
0.0733
0.0908
0.0932
0.0907
0.0907
0.0863
0.0762
0.1031
0.086
0.1001
0.0801
0.0804
0.1053
0.0932
0.1151
0.1176
0.1029
0.1
0.1037
0.0764
0.1101
0.0801
0.0889
0.0701
0.1001
0.089
0.0799
0.0856
0.0973
0.0762
0.1022
0.085
0.0943
0.0947
0.0901
0.0988
0.0801
0.0951
0.0846
0.1061
0.1022
0.0903
0.095
0.0951
0.075
0.1033
0.0771
0.0759
0.0983
0.0857
0.1
0.0922
0.0753
0.09
0.085
0.1024
0.085
0.0882
0.0848
0.0742
0.0803
0.0851
0.1009
0.0916
0.0901
0.0992
0.1
0.1
0.0887
0.0847
0.0751
0.0858
0.0687
0.0689
0.0819
0.1
0.0709
0.0833
0.06
0.0704
0.0801
0.0817
0.0863
0.0931
0.09
0.0651
0.0921
0.0901
0.083
0.075
0.0887
0.0864
0.0827
0.0947
0.0851
0.098
0.095
0.067
0.088
0.0926
0.0873
0.0868
0.1083
0.0928
0.0851
0.1106
0.0934
0.0959
0.0829
0.0851
0.0901
0.095
0.0916
0.085
0.0899
0.0871
0.115
0.0829
0.11
0.09
0.1059
0.1
0.0851
0.08
0.093
0.1018
0.0859
0.1053
0.085
0.094
0.1096
0.0846
0.1001
0.0976
0.1143
0.096
0.105
0.068
0.126
0.1024
0.11
0.1201
0.12
0.1252
0.11
0.0936
0.096
0.1122
0.095
0.1044
0.09
0.1051
0.1051
0.0873
0.0901
0.099
0.0769
0.08
0.092
0.0951
0.0992
0.116
0.093
0.095
0.11
0.0933
0.1128
0.11
0.106
0.085
0.1202
0.115
0.1136
0.095
0.1101
0.081
0.119
0.115
0.0952
0.105
0.124
0.1141
0.1001
0.0921
0.1301
0.1001
0.09
0.1011
0.0851
0.11
0.0903
0.1
0.0898
0.065
0.0713
0.09
0.0992
0.095
0.095
0.11
0.0907
0.0856
0.0801
0.087
0.0881
0.1051
0.0946
0.1169
0.1058
0.0921
0.0984
0.1091
0.097
0.08
0.0783
0.093
0.0851
0.097
0.0931
0.0866
0.0816
0.0807
0.0786
0.0984
0.09
0.1101
0.095
0.075
0.0843
0.1008
0.0801
0.0836
0.0892
0.0851
0.0813
0.0899
0.0851
0.0801
0.085
0.0902
0.0951
0.099
0.075
0.0943
0.1
0.0813
0.0768
0.096
0.0818
0.0796
0.0976
0.075
0.0739
0.0766
0.09
0.0839
0.0884
0.0623
0.0774
0.0751
0.0892
0.095
0.0689
0.08
0.0841
0.1038
0.0766
0.0851
0.0713
0.0846
0.0751
0.0882
0.0752
0.0854
0.0776
0.0976
0.0851
0.098
0.0844
0.0774
0.09
0.0751
0.09
0.0937
0.0901
0.0762
0.085
0.1046
0.0848
0.087
0.0913
0.0848
0.1
0.077
0.0846
0.0852
0.0883
0.07
0.07
0.0861
0.0951
0.093
0.0924
0.0939
0.0858
0.1008
0.09
0.0969
0.1
0.08
0.0851
0.0903
0.0783
0.0839
0.083
0.1029
0.0641
0.0801
0.104
0.086
0.1
0.0921
0.0901
0.115
0.0914
0.1054
0.0896
0.0975
0.115
0.1222
0.11
0.0913
0.1012
0.0728
0.0951
0.0871
0.1097
0.0951
0.0777
0.1182
0.0933
0.1202
0.08
0.0801
0.1051
0.0811
0.0939
0.1006
0.1
0.0831
0.0901
0.088
0.0851
0.0821
0.0901
0.0993
0.0958
0.095
0.0892
0.0857
0.075
0.075
0.125
0.0979
0.09
0.0751
0.1078
0.084
0.079
0.1204
0.0952
0.12
0.114
0.1111
0.1
0.0974
0.0748
0.1
0.1
0.0874
0.105
0.0859
0.0901
0.104
0.0732
0.0951
0.1043
0.09
0.1012
0.1121
0.0802
0.085
0.0773
0.1011
0.0901
0.0841
0.0719
0.0962
0.0951
0.0844
0.0973
0.0877
0.0927
0.075
0.0768
0.0886
0.0761
0.0974
0.0852
0.0951
0.0984
0.0898
0.0918
0.0999
0.0801
0.0769
0.095
0.083
0.0918
0.069
0.1001
0.0658
0.0668
0.0801
0.0852
0.0771
0.085
0.1001
0.0837
0.0785
0.0825
0.0912
0.1006
0.0854
0.0857
0.0651
0.0701
0.095
0.0756
0.0837
0.0826
0.0889
0.0851
0.0851
0.078
0.0724
0.0757
0.0958
0.0693
0.0653
0.1001
0.0962
0.0881
0.0812
0.0903
0.0996
0.1113
0.1051
0.0897
0.0988
0.0889
0.1
0.0878
0.1071
0.1047
0.0724
0.0714
0.1
0.0913
0.0984
0.08
0.1018
0.095
0.1156
0.0936
0.0961
0.0909
0.1024
0.0771
0.0951
0.0901
0.0767
0.0752
0.1003
0.0721
0.09
0.088
0.0859
0.1009
0.0789
0.101
0.1332
0.0801
0.0751
0.0951
0.0768
0.0988
0.105
0.0901
0.1031
0.0964
0.088
0.0757
0.0764
0.1
0.08
0.085
0.1237
0.0836
0.0787
0.1251
0.0939
0.1052
0.0833
0.1043
0.1107
0.07
0.095
0.0946
0.1092
0.092
0.1194
0.1084
0.1202
0.085
0.1236
0.09
0.1383
0.09
0.1174
0.1051
0.0951
0.0907
0.1063
0.0939
0.115
0.095
0.0833
0.0886
0.0909
0.0951
0.085
0.0863
0.1168
0.0951
0.095
0.115
0.095
0.0854
0.09
0.1109
0.1051
0.1048
0.0886
0.0897
0.0828
0.095
0.1051
0.0997
0.0967
0.1001
0.1096
0.0827
0.1009
0.1044
0.0912
0.0751
0.12
0.1
0.0988
0.1051
0.095
0.09
0.1101
0.0952
0.1059
0.0942
0.1244
0.0878
0.0898
0.11
0.0809
0.0738
0.0653
0.07
0.0812
0.1
0.0808
0.0896
0.1097
0.0688
0.0907
0.0977
0.104
0.0842
0.0852
0.0989
0.075
0.0879
0.07
0.075
0.0811
0.0733
0.0792
0.07
0.075
0.0652
0.0934
0.0846
0.0779
0.11
0.128
0.08
0.0951
0.0893
0.0871
0.0943
0.0712
0.0779
0.0796
0.0931
0.0731
0.0796
0.0734
0.0961
0.0701
0.075
0.1052
0.0791
0.093
0.0986
0.0926
0.075
0.085
0.1054
0.0878
0.095
0.1001
0.0758
0.096
0.0807
0.1093
0.0851
0.0906
0.0801
0.0844
0.0834
0.0779
0.096
0.0751
0.0849
0.1033
0.095
0.0901
0.085
0.0881
0.0839
0.0654
0.0851
0.0897
0.0754
0.1097
0.0751
0.0881
0.0906
0.095
0.0892
0.095
0.0762
0.07
0.0737
0.0966
0.0901
0.0884
0.055
0.0851
0.0749
0.0824
0.0728
0.082
0.075
0.0877
0.0822
0.0641
0.0912
0.086
0.0721
0.0927
0.0801
0.074
0.0828
0.0749
0.0971
0.095
0.0801
0.06
0.0801
0.075
0.0816
0.088
0.0826
0.07
0.0694
0.0737
0.0704
0.0791
0.0756
0.0898
0.0627
0.0612
0.0878
0.0951
0.0776
0.0699
0.0884
0.0823
0.1
0.0743
0.0917
0.08
0.078
0.0794
0.085
0.0651
0.0752
0.0728
0.0687
0.0814
0.07
0.0834
0.085
0.0731
0.0801
0.0941
0.0809
0.0859
0.0901
0.1016
0.1
0.09
0.0684
0.0672
0.0846
0.0881
0.0708
0.0776
0.0801
0.08
0.1073
0.1213
0.1089
0.0917
0.09
0.072
0.0688
0.0754
0.0898
0.0801
0.08
0.0751
0.1001
0.0814
0.105
0.1201
0.105
0.09
0.0996
0.0884
0.095
0.0902
0.0837
0.0892
0.08
0.0851
0.0711
0.0756
0.0648
0.0888
0.0687
0.0928
0.0844
0.0699
0.0892
0.0819
0.075
0.0722
0.08
0.0769
0.0877
0.08
0.059
0.075
0.0749
0.0833
0.0752
0.0758
0.0904
0.0703
0.073
0.085
0.0831
0.079
0.0801
0.0851
0.0941
0.1021
0.0894
0.0862
0.0836
0.0949
0.0718
0.0724
0.0668
0.0921
0.075
0.0902
0.0673
0.0796
0.085
0.0802
0.075
0.0901
0.0898
0.0696
0.0727
0.0851
0.0863
0.0724
0.085
0.095
0.0802
0.0743
0.0833
0.0794
0.0876
0.091
0.08
0.0932
0.1001
0.0936
0.0826
0.0787
0.095
0.0781
0.0752
0.0818
0.09
0.0851
0.0951
0.08
0.0666
0.085
0.0763
0.0991
0.0909
0.0951
0.0867
0.0762
0.0901
0.0879
0.0978
0.0942
0.0784
0.0827
0.0844
0.1036
0.0886
0.0951
0.0731
0.0733
0.1032
0.0758
0.0751
0.0886
0.0767
0.0958
0.0764
0.0985
0.0702
0.0729
0.0839
0.0712
0.0724
0.1017
0.09
0.0859
0.0884
0.0703
0.0831
0.0801
0.0901
0.095
0.0924
0.085
0.0876
0.0999
0.0724
0.0803
0.0844
0.0822
0.1
0.1022
0.0759
0.0754
0.08
0.0939
0.0886
0.095
0.095
0.0808
0.0951
0.0988
0.0767
0.085
0.0863
0.0926
0.0914
0.0902
0.085
0.095
0.074
0.0788
0.0718
0.0729
0.0808
0.0761
0.09
0.0828
0.0851
0.0707
0.0789
0.0874
0.0834
0.07
0.095
0.0868
0.0708
0.0924
0.0851
0.1
0.095
0.1013
0.0967
0.075
0.0714
0.096
0.0917
0.0851
0.085
0.1117
0.0957
0.0807
0.08
0.0742
0.075
0.0886
0.0861
0.0841
0.0887
0.092
0.1041
0.095
0.1046
0.0801
0.1077
0.0889
0.0901
0.0796
0.0832
0.1003
0.0832
0.0886
0.0851
0.0776
0.0944
0.075
0.0736
0.06
0.0854
0.08
0.0776
0.0918
0.1062
0.08
0.1051
0.0832
0.07
0.1067
0.0651
0.085
0.0692
0.0829
0.0753
0.0801
0.0803
0.085
0.0801
0.0801
0.075
0.0918
0.0646
0.0771
0.09
0.0762
0.0652
0.0776
0.0859
0.085
0.085
0.0804
0.0852
0.0619
0.0796
0.0902
0.0801
0.093
0.1001
0.1059
0.093
0.09
0.0753
0.0782
0.08
0.0876
0.0876
0.08
0.0951
0.088
0.09
0.095
0.081
0.0793
0.08
0.09
0.0819
0.0841
0.088
0.072
0.1051
0.0829
0.095
0.0783
0.0708
0.0892
0.0699
0.08
0.089
0.0899
0.0811
0.0718
0.0844
0.099
0.0922
0.08
0.085
0.0788
0.0912
0.0709
0.0861
0.0851
0.0801
0.0737
0.0807
0.0834
0.0658
0.065
0.0951
0.062
0.0854
0.0843
0.0686
0.0701
0.0846
0.0647
0.0941
0.0702
0.085
0.0862
0.0801
0.07
0.0853
0.0857
0.0899
0.075
0.0651
0.0801
0.0852
0.0751
0.0824
0.0762
0.093
0.0878
0.089
0.0841
0.0751
0.0743
0.0717
0.08
0.07
0.07
0.0793
0.0702
0.075
0.0842
0.0764
0.0794
0.0761
0.0877
0.0674
0.0994
0.0838
0.0737
0.0606
0.0801
0.0988
0.0897
0.075
0.0736
0.086
0.0652
0.068
0.0901
0.0782
0.0719
0.0777
0.0947
0.0564
0.0859
0.0756
0.0963
0.0787
0.0753
0.0983
0.075
0.0801
0.07
0.06
0.075
0.0641
0.0651
0.0651
0.0718
0.0851
0.0801
0.0694
0.0651
0.0701
0.0798
0.0634
0.0707
0.08
0.085
0.0801
0.0801
0.0623
0.075
0.065
0.0792
0.0803
0.0898
0.0674
0.0673
0.0602
0.08
0.0674
0.08
0.09
0.075
0.094
0.085
0.0772
0.0746
0.0681
0.0537
0.0836
0.0528
0.085
0.085
0.0969
0.0921
0.08
0.0651
0.0858
0.0922
0.0801
0.0851
0.07
0.085
0.08
0.07
0.0779
0.08
0.0844
0.0657
0.0728
0.0674
0.1101
0.0868
0.091
0.095
0.08
0.0852
0.095
0.0751
0.085
0.1001
0.1004
0.08
0.0877
0.07
0.095
0.0871
0.0801
0.0901
0.0964
0.101
0.096
0.0993
0.095
0.0751
0.0952
0.07
0.0893
0.0801
0.0932
0.1148
0.09
0.0988
0.0823
0.125
0.0914
0.115
0.1177
0.105
0.095
0.1051
0.0951
0.1001
0.1094
0.0829
0.1056
0.1383
0.0801
0.1
0.1251
0.1227
0.0951
0.1001
0.1293
0.1101
0.1186
0.0817
0.115
0.1001
0.1143
0.0901
0.0993
0.0868
0.1101
0.0924
0.0943
0.1136
0.0632
0.0901
0.1139
0.0996
0.1152
0.095
0.0901
0.1161
0.08
0.1
0.0837
0.08
0.1151
0.0608
0.0749
0.0847
0.0761
0.0937
0.0777
0.095
0.0842
0.0801
0.085
0.0792
0.1019
0.0894
0.0826
0.0752
0.0757
0.0801
0.1
0.1131
0.088
0.0856
0.0978
0.105
0.0899
0.0696
0.0822
0.106
0.0833
0.0901
0.0717
0.0701
0.0784
0.0651
0.085
0.0762
0.0701
0.0701
0.065
0.0651
0.0623
0.0851
0.095
0.0902
0.0761
0.0714
0.0645
0.089
0.0824
0.0986
0.0698
0.069
0.061
0.0721
0.0573
0.067
0.0772
0.0651
0.0752
0.0583
0.0613
0.0742
0.08
0.0634
0.0748
0.0648
0.0648
0.065
0.0701
0.0808
0.07
0.0601
0.0643
0.0743
0.082
0.0743
0.0751
0.0597
0.0701
0.0568
0.0674
0.065
0.0794
0.0738
0.0813
0.0553
0.0622
0.0702
0.058
0.0676
0.075
0.0724
0.08
0.0697
0.065
0.0751
0.0784
0.0759
0.0697
0.06
0.0737
0.0732
0.07
0.0608
0.08
0.0601
0.0664
0.0566
0.0678
0.0592
0.0611
0.0701
0.0919
0.0632
0.0752
0.08
0.07
0.0621
0.075
0.0588
0.08
0.0622
0.0746
0.078
0.0876
0.0838
0.0775
0.07
0.062
0.0581
0.0818
0.0629
0.0794
0.0701
0.0727
0.0833
0.0684
0.0747
0.0554
0.0656
0.077
0.0648
0.0637
0.0749
0.0851
0.0601
0.0706
0.0897
0.0658
0.08
0.0638
0.0773
0.0677
0.0651
0.0728
0.0728
0.0654
0.0645
0.0721
0.068
0.0522
0.0751
0.079
0.0602
0.0651
0.065
0.0751
0.07
0.065
0.0732
0.0704
0.0742
0.0651
0.0751
0.0739
0.0679
0.0796
0.0607
0.0717
0.0742
0.0649
0.0762
0.0709
0.0606
0.0801
0.0676
0.0766
0.0602
0.075
0.0673
0.0754
0.0822
0.067
0.0634
0.0669
0.0604
0.0704
0.065
0.0722
0.0487
0.0509
0.0751
0.0759
0.0856
0.0715
0.0697
0.0898
0.0788
0.0904
0.0651
0.079
0.0741
0.0621
0.0521
0.0786
0.0591
0.0713
0.0702
0.0706
0.0697
0.0722
0.0702
0.0709
0.0769
0.065
0.055
0.062
0.0794
0.0844
0.0757
0.0621
0.07
0.0612
0.06
0.0801
0.0511
0.065
0.0742
0.0601
0.0768
0.0801
0.055
0.0701
0.0623
0.0573
0.0801
0.0834
0.065
0.0652
0.0651
0.0727
0.0781
0.0719
0.062
0.0824
0.0639
0.0629
0.0809
0.0593
0.0663
0.084
0.0601
0.0702
0.0759
0.0601
0.0628
0.08
0.0936
0.0653
0.07
0.0664
0.0813
0.082
0.05
0.065
0.06
0.0624
0.0611
0.0663
0.069
0.0672
0.0649
0.0756
0.0743
0.0587
0.0528
0.0563
0.0856
0.0711
0.0664
0.0601
0.0798
0.0859
0.0849
0.0746
0.075
0.06
0.0701
0.0651
0.0838
0.06
0.06
0.0721
0.074
0.0817
0.0561
0.0644
0.0599
0.0561
0.0763
0.0728
0.0696
0.077
0.0601
0.0711
0.0726
0.076
0.07
0.0651
0.0863
0.0686
0.08
0.0668
0.0767
0.08
0.0632
0.0793
0.0701
0.0707
0.08
0.0794
0.0709
0.0751
0.0623
0.0781
0.0909
0.0701
0.0731
0.0788
0.0801
0.0746
0.0758
0.0687
0.0798
0.0717
0.0851
0.0801
0.08
0.0786
0.065
0.0628
0.0563
0.0701
0.0726
0.0698
0.056
0.085
0.0851
0.0561
0.0638
0.0702
0.087
0.0926
0.0729
0.0662
0.0783
0.075
0.083
0.085
0.0737
0.084
0.085
0.076
0.0706
0.0633
0.0851
0.0788
0.0793
0.0674
0.0652
0.0738
0.0894
0.0753
0.1051
0.0729
0.0673
0.07
0.0706
0.0602
0.073
0.0601
0.0657
0.075
0.0724
0.0611
0.0651
0.0676
0.069
0.0684
0.0658
0.0611
0.0502
0.0727
0.0703
0.0601
0.0611
0.053
0.0754
0.06
0.0667
0.0587
0.0638
0.0651
0.0598
0.0724
0.0782
0.0522
0.0669
0.07
0.0688
0.058
0.0621
0.0551
0.055
0.0521
0.055
0.07
0.0744
0.08
0.0779
0.07
0.082
0.061
0.0539
0.075
0.0701
0.0544
0.0743
0.069
0.0651
0.0503
0.061
0.0767
0.0684
0.0686
0.076
0.05
0.0597
0.0572
0.0604
0.0734
0.0607
0.06
0.0527
0.0618
0.0623
0.065
0.0601
0.06
0.0578
0.0507
0.0751
0.0801
0.07
0.0573
0.0703
0.074
0.0676
0.0709
0.0551
0.0646
0.0644
0.068
0.0689
0.0667
0.0651
0.0702
0.0751
0.0651
0.064
0.0708
0.0659
0.065
0.06
0.0772
0.0758
0.0647
0.0682
0.0734
0.0566
0.0701
0.0757
0.0651
0.0686
0.0641
0.0546
0.05
0.0719
0.0724
0.0508
0.0701
0.0643
0.0557
0.045
0.051
0.0701
0.09
0.0638
0.0559
0.0601
0.0769
0.085
0.055
0.0662
0.0853
0.0701
0.0751
0.068
0.07
0.0802
0.0851
0.0621
0.0642
0.0627
0.0719
0.0754
0.0501
0.0677
0.0601
0.0651
0.07
0.08
0.0591
0.0729
0.0746
0.0728
0.067
0.0602
0.08
0.0751
0.074
0.064
0.0739
0.07
0.0672
0.0831
0.0772
0.0752
0.07
0.07
0.0732
0.0576
0.075
0.0607
0.065
0.0659
0.0851
0.0763
0.0766
0.0744
0.0646
0.0758
0.075
0.0608
0.06
0.0727
0.063
0.0624
0.0986
0.0669
0.076
0.0789
0.0569
0.071
0.08
0.0798
0.0658
0.0731
0.0781
0.0751
0.0701
0.0755
0.0798
0.0711
0.0766
0.07
0.076
0.0784
0.0728
0.0801
0.0676
0.0736
0.0851
0.085
0.0651
0.0629
0.0804
0.0651
0.0781
0.0563
0.0776
0.0638
0.0796
0.0951
0.0836
0.0924
0.0837
0.0908
0.08
0.095
0.0729
0.07
0.0702
0.0506
0.074
0.0651
0.0651
0.0718
0.06
0.0644
0.0661
0.0758
0.0623
0.0679
0.0708
0.0763
0.0551
0.0463
0.0673
0.0606
0.0502
0.1019
0.09
0.0951
0.0766
0.0841
0.089
0.0926
0.0859
0.0777
0.087
0.07
0.0767
0.0724
0.0791
0.065
0.0724
0.0592
0.065
0.0808
0.0713
0.0744
0.0704
0.0751
0.0658
0.0751
0.0639
0.0644
0.0681
0.0728
0.0662
0.0802
0.061
0.075
0.0651
0.0882
0.075
0.0583
0.085
0.0821
0.0673
0.0748
0.0671
0.0702
0.075
0.0702
0.0667
0.0637
0.0707
0.06
0.08
0.0837
0.0669
0.084
0.0696
0.0554
0.0633
0.067
0.0758
0.0772
0.0651
0.0951
0.0711
0.0659
0.0748
0.0664
0.0741
0.095
0.0892
0.0785
0.0568
0.0744
0.069
0.0751
0.0794
0.0851
0.0808
0.0751
0.0732
0.0674
0.0786
0.0714
0.0851
0.0851
0.0659
0.0752
0.0652
0.072
0.0816
0.0751
0.072
0.0851
0.069
0.0757
0.0801
0.07
0.084
0.075
0.095
0.075
0.0895
0.0799
0.0794
0.0951
0.0711
0.0801
0.0864
0.0701
0.0779
0.0766
0.065
0.0654
0.0692
0.065
0.075
0.0662
0.077
0.0731
0.0662
0.0631
0.065
0.0649
0.0669
0.0667
0.0489
0.0562
0.0673
0.0601
0.05
0.0731
0.0609
0.0621
0.0579
0.0782
0.0642
0.069
0.0605
0.0674
0.0458
0.0701
0.048
0.0601
0.066
0.071
0.0619
0.0682
0.0622
0.0576
0.0592
0.0701
0.0654
0.0751
0.0536
0.0634
0.0721
0.0751
0.07
0.0704
0.0751
0.06
0.0667
0.0573
0.0651
0.0679
0.0739
0.079
0.0596
0.0647
0.0659
0.0702
0.0601
0.0651
0.0636
0.0651
0.065
0.0688
0.0634
0.0602
0.0804
0.075
0.0751
0.0617
0.0718
0.0681
0.0629
0.0689
0.0598
0.0568
0.0599
0.0787
0.05
0.06
0.0738
0.0684
0.0689
0.0743
0.07
0.0537
0.0551
0.0686
0.0658
0.0558
0.0651
0.0673
0.0732
0.055
0.0579
0.0737
0.0656
0.065
0.073
0.07
0.0661
0.0799
0.0638
0.063
0.0617
0.0744
0.0622
0.05
0.0662
0.0704
0.0693
0.0747
0.07
0.0748
0.08
0.06
0.0551
0.075
0.0681
0.0569
0.0606
0.0788
0.0701
0.0532
0.0701
0.0589
0.065
0.07
0.0671
0.06
0.0701
0.0996
0.0788
0.0801
0.085
0.0725
0.0701
0.0571
0.0662
0.0562
0.0653
0.0687
0.0624
0.0712
0.0601
0.069
0.0656
0.07
0.0604
0.0651
0.072
0.0701
0.0611
0.0789
0.0878
0.09
0.0636
0.0619
0.0794
0.0733
0.0697
0.0643
0.0771
0.0817
0.0696
0.0663
0.0751
0.0631
0.0542
0.0651
0.0726
0.0803
0.06
0.0656
0.0748
0.0701
0.0608
0.0899
0.0668
0.0652
0.085
0.085
0.0764
0.0529
0.071
0.0652
0.0664
0.0708
0.058
0.075
0.0632
0.0552
0.061
0.075
0.0652
0.069
0.085
0.0651
0.0851
0.0606
0.08
0.0701
0.0623
0.0638
0.0751
0.0538
0.065
0.0389
0.06
0.065
0.0523
0.0631
0.0463
0.0743
0.0779
0.0642
0.0841
0.0676
0.0623
0.0723
0.0713
0.072
0.065
0.0602
0.0586
0.0743
0.06
0.0799
0.0513
0.0686
0.0569
0.0673
0.0892
0.0708
0.0679
0.0551
0.07
0.0659
0.0744
0.055
0.07
0.0634
0.072
0.0737
0.0639
0.0611
0.055
0.095
0.0679
0.075
0.0609
0.074
0.0723
0.0741
0.0634
0.0687
0.0769
0.05
0.0488
0.0629
0.0812
0.0604
0.0636
0.061
0.0611
0.0916
0.052
0.055
0.08
0.0632
0.0873
0.0806
0.0644
0.065
0.06
0.0712
0.0551
0.0751
0.0783
0.0676
0.0654
0.0774
0.0756
0.0678
0.0726
0.085
0.0841
0.0724
0.0639
0.0714
0.0689
0.0784
0.075
0.0602
0.0751
0.07
0.075
0.075
0.0801
0.0697
0.09
0.0769
0.0742
0.095
0.0693
0.068
0.075
0.0651
0.0901
0.0614
0.0804
0.075
0.085
0.0748
0.0842
0.07
0.0618
0.071
0.0711
0.079
0.0729
0.0801
0.06
0.075
0.0849
0.082
0.0721
0.0629
0.073
0.0801
0.063
0.0783
0.0597
0.0759
0.0779
0.0573
0.0651
0.0714
0.0714
0.075
0.06
0.0736
0.0699
0.0658
0.0611
0.085
0.0669
0.0684
0.0691
0.0659
0.0678
0.0562
0.0751
0.0743
0.0752
0.0502
0.072
0.0859
0.0752
0.0701
0.0566
0.075
0.099
0.065
0.0803
0.0511
0.0711
0.0653
0.0742
0.0651
0.065
0.0568
0.075
0.0736
0.0702
0.0579
0.0551
0.0704
0.07
0.0602
0.08
0.0809
0.0612
0.0659
0.0651
0.0741
0.0702
0.088
0.0781
0.0678
0.07
0.0824
0.0679
0.0518
0.0629
0.0644
0.0653
0.0767
0.0602
0.084
0.0601
0.0767
0.0734
0.07
0.0638
0.066
0.071
0.0653
0.0628
0.0559
0.0551
0.073
0.065
0.0806
0.0652
0.0677
0.0501
0.0636
0.0779
0.0651
0.065
0.0652
0.065
0.0673
0.0722
0.0686
0.0682
0.0779
0.0656
0.0601
0.0647
0.085
0.07
0.0547
0.0692
0.0701
0.0667
0.054
0.0781
0.0692
0.0731
0.07
0.0751
0.0702
0.0622
0.055
0.0698
0.073
0.0684
0.073
0.07
0.065
0.0917
0.0952
0.075
0.0601
0.0671
0.0808
0.0672
0.0726
0.0773
0.0651
0.0966
0.0773
0.0658
0.07
0.0751
0.0721
0.0706
0.075
0.0613
0.0682
0.0776
0.0669
0.085
0.08
0.0764
0.071
0.075
0.0622
0.065
0.0732
0.064
0.067
0.0838
0.0741
0.0743
0.0813
0.0803
0.0758
0.0792
0.0639
0.06
0.0791
0.07
0.0719
0.066
0.0749
0.0601
0.0747
0.055
0.0702
0.0529
0.0852
0.08
0.0624
0.06
0.0606
0.0889
0.0651
0.0713
0.0651
0.07
0.0723
0.0743
0.0759
0.0651
0.0901
0.0707
0.085
0.065
0.07
0.0901
0.0683
0.0701
0.08
0.0812
0.0646
0.065
0.0672
0.0798
0.0669
0.0822
0.0768
0.0851
0.0562
0.0659
0.0888
0.0649
0.08
0.0781
0.0778
0.0672
0.0767
0.0779
0.058
0.0718
0.0606
0.0401
0.0583
0.0552
0.0608
0.07
0.0728
0.0667
0.09
0.0707
0.0497
0.0643
0.06
0.0767
0.0614
0.0569
0.0522
0.0684
0.0737
0.0721
0.0602
0.0707
0.0542
0.065
0.0403
0.0513
0.0541
0.0517
0.0733
0.0551
0.0531
0.0682
0.0513
0.0428
0.0452
0.0426
0.0651
0.0551
0.0547
0.0453
0.05
0.0547
0.0501
0.045
0.0432
0.0561
0.0567
0.0433
0.0544
0.0351
0.0482
0.0551
0.0571
0.0568
0.0633
0.0484
0.0483
0.0477
0.0519
0.0517
0.0508
0.0551
0.05
0.0576
0.055
0.0538
0.0401
0.0444
0.0492
0.0597
0.0645
0.0531
0.049
0.0579
0.055
0.0567
0.0504
0.0634
0.0476
0.0502
0.057
0.0551
0.0593
0.04
0.0627
0.0452
0.0601
0.0901
0.05
0.065
0.075
0.06
0.0747
0.0798
0.0784
0.0872
0.095
0.0619
0.0523
0.0776
0.0552
0.0452
0.0551
0.0501
0.0502
0.065
0.0518
0.0692
0.0557
0.0576
0.0402
0.0472
0.0484
0.0429
0.0551
0.05
0.0502
0.0712
0.0481
0.0452
0.05
0.0427
0.0432
0.0587
0.0577
0.0652
0.0494
0.0526
0.0484
0.0607
0.0484
0.0582
0.0576
0.0448
0.0506
0.0532
0.0538
0.0453
0.0576
0.0584
0.0501
0.0549
0.055
0.054
0.0501
0.0602
0.057
0.06
0.0677
0.0591
0.0584
0.0486
0.0547
0.0501
0.0466
0.06
0.055
0.065
0.0489
0.0601
0.0622
0.06
0.0508
0.0451
0.05
0.0679
0.0402
0.0567
0.0618
0.0537
0.055
0.0433
0.0512
0.0419
0.0693
0.0646
0.0651
0.0608
0.0562
0.0601
0.0614
0.0721
0.0712
0.075
0.0701
0.07
0.0802
0.0692
0.0728
0.098
0.0553
0.075
0.0751
0.0654
0.0751
0.051
0.0651
0.0513
0.0519
0.0567
0.0633
0.0559
0.0467
0.0496
0.0537
0.06
0.0521
0.0519
0.0498
0.048
0.0652
0.0543
0.0464
0.041
0.0433
0.0539
0.0518
0.0516
0.0632
0.0468
0.05
0.0508
0.0622
0.0369
0.0511
0.0543
0.0451
0.0467
0.0541
0.0477
0.0502
0.0654
0.055
0.06
0.0351
0.05
0.0623
0.0509
0.0548
0.04
0.0552
0.0484
0.0712
0.0577
0.0386
0.0602
0.0546
0.0502
0.0627
0.0519
0.0601
0.045
0.0378
0.0494
0.0536
0.0501
0.0503
0.0511
0.0518
0.0727
0.0916
0.0824
0.055
0.0681
0.0641
0.0681
0.0442
0.0544
0.065
0.0546
0.0451
0.047
0.0434
0.06
0.0649
0.0569
0.0466
0.0406
0.0487
0.04
0.0579
0.0354
0.0433
0.0437
0.0586
0.0549
0.0542
0.0516
0.0452
0.0551
0.0473
0.0522
0.0569
0.0502
0.0601
0.0614
0.045
0.0594
0.0526
0.0429
0.0564
0.0518
0.0456
0.06
0.0587
0.0571
0.0557
0.0418
0.058
0.045
0.06
0.04
0.0536
0.0557
0.0658
0.0424
0.0516
0.0419
0.0578
0.0604
0.0509
0.0558
0.0526
0.0746
0.0572
0.0544
0.0531
0.0454
0.0458
0.0646
0.0532
0.05
0.0639
0.0602
0.0567
0.0603
0.0651
0.0508
0.072
0.0683
0.0826
0.0454
0.0842
0.0931
0.05
0.0576
0.0828
0.0591
0.0852
0.0786
0.053
0.0864
0.0731
0.0792
0.07
0.07
0.055
0.0681
0.0889
0.0712
0.095
0.0909
0.0621
0.0686
0.0723
0.0884
0.0648
0.0531
0.08
0.0587
0.0457
0.065
0.0634
0.051
0.0651
0.0533
0.0741
0.0543
0.0573
0.0694
0.0517
0.0538
0.0521
0.0556
0.0596
0.0503
0.0552
0.0481
0.0503
0.0401
0.057
0.0471
0.0621
0.0507
0.0442
0.0406
0.065
0.0552
0.0573
0.0512
0.0552
0.0477
0.0518
0.0452
0.0623
0.0746
0.0534
0.0698
0.0642
0.0556
0.0584
0.0618
0.0502
0.0452
0.074
0.0496
0.0583
0.045
0.0647
0.0638
0.0651
0.0666
0.0651
0.0796
0.065
0.0801
0.0688
0.0651
0.0851
0.0792
0.1014
0.0791
0.0776
0.0827
0.09
0.0691
0.0673
0.0661
0.0726
0.0958
0.095
0.1091
0.0802
0.071
0.0688
0.0951
0.0776
0.0771
0.0787
0.08
0.0856
0.0799
0.0664
0.0812
0.0814
0.0831
0.0851
0.0846
0.0743
0.11
0.0963
0.0783
0.0757
0.0807
0.0814
0.0846
0.0751
0.0662
0.0794
0.0711
0.065
0.0759
0.0801
0.0701
0.0751
0.0877
0.1051
0.0767
0.0564
0.0512
0.0677
0.0787
0.0731
0.1052
0.0945
0.0801
0.0723
0.0881
0.0701
0.0911
0.0501
0.0672
0.0983
0.081
0.0709
0.0657
0.0657
0.0714
0.1031
0.09
0.0702
0.0832
0.0869
0.095
0.0696
0.0596
0.085
0.0601
0.0851
0.085
0.0701
0.0682
0.0854
0.08
0.06
0.0662
0.0519
0.0732
0.0777
0.0874
0.0876
0.0888
0.0502
0.0851
0.079
0.0781
0.0934
0.072
0.0701
0.0852
0.0801
0.0609
0.0604
0.09
0.085
0.0584
0.0501
0.075
0.0898
0.0601
0.0601
0.0577
0.0903
0.0749
0.0929
0.095
0.0889
0.065
0.0592
0.065
0.0511
0.0733
0.0537
0.0577
0.0551
0.0582
0.0567
0.0536
0.0432
0.0457
0.0494
0.0462
0.052
0.0402
0.0553
0.0507
0.0552
0.065
0.0599
0.0708
0.0584
0.0467
0.0507
0.04
0.0619
0.0631
0.0503
0.0494
0.049
0.0562
0.0502
0.0584
0.0608
0.0537
0.0408
0.0536
0.0603
0.0651
0.0526
0.0847
0.0459
0.0527
0.0488
0.0556
0.056
0.0692
0.0576
0.055
0.0403
0.0631
0.0451
0.0577
0.06
0.0502
0.0593
0.0606
0.0551
0.0451
0.0516
0.06
0.0521
0.0448
0.0436
0.0452
0.055
0.0569
0.0514
0.0418
0.053
0.0531
0.0498
0.0472
0.0466
0.0486
0.0406
0.0548
0.048
0.0519
0.0574
0.0631
0.03
0.0445
0.05
0.0468
0.0536
0.0412
0.0521
0.0469
0.0532
0.0476
0.0552
0.0459
0.0379
0.0488
0.0562
0.0566
0.0611
0.0551
0.0481
0.0478
0.0583
0.0651
0.0363
0.0451
0.0406
0.0526
0.0483
0.0449
0.0461
0.0403
0.0501
0.0646
0.0657
0.0577
0.0514
0.0608
0.0596
0.0563
0.0598
0.0471
0.06
0.0518
0.053
0.0492
0.0466
0.0552
0.0574
0.045
0.0562
0.0651
0.0364
0.0414
0.0613
0.0458
0.04
0.0545
0.0461
0.0452
0.0543
0.0451
0.0514
0.0557
0.0668
0.0451
0.065
0.0538
0.0629
0.0556
0.0597
0.0666
0.063
0.0544
0.0577
0.05
0.0551
0.0458
0.0504
0.0558
0.0552
0.065
0.0639
0.0601
0.07
0.0552
0.0402
0.0597
0.045
0.0457
0.0446
0.0603
0.0579
0.04
0.0448
0.0536
0.0507
0.0413
0.0401
0.0456
0.0473
0.0598
0.05
0.0501
0.0539
0.0601
0.05
0.0579
0.0588
0.052
0.0613
0.0769
0.06
0.0569
0.05
0.066
0.0684
0.0652
0.0531
0.075
0.0477
0.0626
0.056
0.0501
0.0426
0.0569
0.0423
0.05
0.0562
0.0476
0.0667
0.0508
0.0671
0.0641
0.0527
0.0561
0.0723
0.0571
0.0716
0.0822
0.06
0.0751
0.0563
0.0601
0.0466
0.0773
0.0676
0.0593
0.0644
0.0617
0.0561
0.0452
0.065
0.0554
0.0506
0.0617
0.0719
0.0532
0.068
0.0689
0.0628
0.064
0.0593
0.0818
0.0702
0.0651
0.085
0.0901
0.0502
0.0783
0.0577
0.0701
0.1186
0.0828
0.0734
0.0762
0.0667
0.0702
0.0761
0.0916
0.0829
0.0817
0.0829
0.0729
0.059
0.0759
0.0659
0.0729
0.07
0.0801
0.0879
0.07
0.0723
0.0791
0.0908
0.0768
0.063
0.0632
0.0757
0.0754
0.0664
0.0824
0.097
0.0822
0.0549
0.1101
0.0601
0.0869
0.0903
0.085
0.0676
0.0797
0.0621
0.065
0.0793
0.07
0.0916
0.0872
0.0674
0.0569
0.0824
0.075
0.0752
0.0648
0.0701
0.0779
0.0761
0.0797
0.0652
0.0729
0.075
0.0801
0.0896
0.071
0.075
0.0736
0.08
0.0872
0.0903
0.0731
0.0951
0.0872
0.0851
0.07
0.0901
0.079
0.0767
0.1051
0.0711
0.0638
0.0659
0.0702
0.075
0.0761
0.0706
0.0563
0.0691
0.0849
0.0661
0.1001
0.0963
0.0973
0.0869
0.1199
0.0653
0.0901
0.0723
0.1154
0.055
0.0922
0.1029
0.0954
0.1043
0.0901
0.098
0.0845
0.0751
0.0831
0.1084
0.0668
0.1
0.0658
0.0872
0.0652
0.1119
0.075
0.0928
0.1006
0.0798
0.065
0.095
0.09
0.0656
0.0614
0.0742
0.074
0.06
0.1026
0.0927
0.1
0.085
0.07
0.095
0.1063
0.085
0.0962
0.0683
0.0801
0.0702
0.0712
0.0843
0.0778
0.085
0.0607
0.0724
0.0692
0.0742
0.0814
0.075
0.0791
0.0757
0.084
0.0612
0.07
0.1024
0.1096
0.0761
0.0862
0.0717
0.0797
0.0925
0.08
0.0823
0.055
0.0851
0.097
0.0751
0.0834
0.0864
0.0829
0.0937
0.0759
0.0811
0.107
0.0756
0.0742
0.0853
0.0736
0.0704
0.0499
0.0599
0.0989
0.0801
0.0683
0.1197
0.0909
0.0841
0.0797
0.0854
0.0901
0.0806
0.0974
0.0829
0.0851
0.0574
0.0572
0.057
0.0634
0.0674
0.065
0.0706
0.0929
0.0986
0.1061
0.0811
0.061
0.0697
0.0683
0.0652
0.0684
0.0703
0.1001
0.0896
0.07
0.0672
0.0724
0.0766
0.0751
0.0749
0.1001
0.0764
0.0609
0.077
0.065
0.0651
0.0699
0.0701
0.0619
0.0701
0.055
0.0561
0.0741
0.0794
0.0726
0.0644
0.0747
0.0701
0.0659
0.0661
0.0613
0.0756
0.0798
0.074
0.0502
0.0652
0.0941
0.0934
0.082
0.0741
0.0736
0.0602
0.0701
0.0737
0.0674
0.0623
0.0701
0.0637
0.0557
0.0452
0.0439
0.0691
0.0579
0.0514
0.065
0.0451
0.0683
0.0682
0.0434
0.045
0.0582
0.0602
0.05
0.06
0.0652
0.0693
0.0836
0.0733
0.045
0.0527
0.0587
0.0753
0.0739
0.0669
0.06
0.0751
0.0801
0.0682
0.075
0.075
0.0693
0.0613
0.0858
0.08
0.0983
0.075
0.0678
0.0601
0.0902
0.1
0.0776
0.0612
0.0499
0.049
0.0471
0.0701
0.0703
0.0829
0.065
0.0851
0.125
0.07
0.1054
0.065
0.0743
0.0951
0.0901
0.077
0.0724
0.0736
0.0654
0.0768
0.0614
0.0675
0.0636
0.0602
0.0477
0.0686
0.0792
0.0715
0.0509
0.0618
0.0462
0.0672
0.0603
0.0551
0.0567
0.047
0.0506
0.0502
0.0721
0.0533
0.0582
0.0652
0.0697
0.05
0.0641
0.065
0.05
0.0697
0.06
0.0551
0.065
0.0612
0.0533
0.0504
0.0614
0.0541
0.0656
0.0627
0.0529
0.0509
0.0489
0.0727
0.055
0.0697
0.07
0.0571
0.0728
0.0563
0.069
0.0529
0.06
0.0752
0.0859
0.095
0.095
0.09
0.1
0.095
0.0946
0.0986
0.0801
0.0806
0.105
0.0701
0.0804
0.0651
0.0751
0.08
0.0753
0.0788
0.0676
0.0783
0.085
0.0751
0.0762
0.0676
0.0733
0.093
0.069
0.0877
0.075
0.0764
0.075
0.0927
0.0703
0.0748
0.0998
0.08
0.073
0.075
0.0751
0.0868
0.0528
0.075
0.069
0.0739
0.0776
0.0752
0.087
0.0759
0.065
0.0678
0.0691
0.073
0.095
0.0851
0.0997
0.075
0.0796
0.0722
0.0822
0.0775
0.0789
0.0719
0.07
0.0652
0.0819
0.055
0.0731
0.0576
0.0748
0.0817
0.0649
0.075
0.0783
0.0626
0.0719
0.0602
0.0697
0.0673
0.067
0.06
0.0721
0.0689
0.055
0.055
0.051
0.0676
0.075
0.0771
0.0512
0.0521
0.0793
0.0689
0.073
0.073
0.072
0.0617
0.0655
0.06
0.0668
0.0791
0.0593
0.0503
0.0701
0.058
0.0618
0.0672
0.0663
0.0549
0.082
0.0716
0.0673
0.0651
0.0801
0.0637
0.0675
0.0753
0.0752
0.0693
0.069
0.08
0.0621
0.0737
0.0698
0.0679
0.052
0.0668
0.08
0.0513
0.0651
0.0527
0.0738
0.0651
0.0674
0.0652
0.0721
0.0587
0.0869
0.0551
0.0691
0.0794
0.0702
0.0691
0.075
0.0551
0.0774
0.0649
0.0689
0.0701
0.0678
0.08
0.0671
0.0652
0.05
0.0552
0.0707
0.0646
0.0644
0.063
0.0746
0.0618
0.0578
0.07
0.0669
0.0801
0.0883
0.07
0.0689
0.0639
0.0701
0.0754
0.0801
0.065
0.0623
0.0469
0.0677
0.0617
0.0729
0.0536
0.0651
0.0773
0.0723
0.0732
0.0628
0.0602
0.069
0.0589
0.072
0.0789
0.0898
0.0787
0.0736
0.07
0.0711
0.0742
0.065
0.0711
0.0774
0.0798
0.083
0.0877
0.0601
0.0717
0.0513
0.0823
0.0608
0.07
0.0654
0.0674
0.0651
0.0661
0.0701
0.06
0.0623
0.0751
0.0669
0.0502
0.0503
0.0551
0.0749
0.0817
0.095
0.0834
0.087
0.095
0.0607
0.0702
0.0708
0.075
0.0777
0.0706
0.0751
0.075
0.0653
0.0801
0.0643
0.0852
0.0663
0.0693
0.0636
0.0687
0.08
0.0814
0.065
0.0777
0.0809
0.0632
0.0557
0.0686
0.0701
0.07
0.075
0.0852
0.0774
0.0494
0.085
0.0651
0.07
0.0751
0.0697
0.0717
0.0651
0.06
0.0549
0.0551
0.075
0.07
0.07
0.06
0.0651
0.0601
0.0749
0.0677
0.0684
0.071
0.0651
0.0736
0.068
0.0719
0.0801
0.0794
0.0672
0.0829
0.0886
0.0581
0.0701
0.0813
0.0666
0.0723
0.0709
0.0792
0.0783
0.071
0.075
0.0711
0.0571
0.0951
0.07
0.07
0.0654
0.063
0.0729
0.07
0.0657
0.074
0.0707
0.065
0.0629
0.0707
0.0577
0.0602
0.0633
0.065
0.0721
0.0893
0.061
0.0818
0.0592
0.0792
0.0622
0.0846
0.0707
0.0669
0.0643
0.072
0.0659
0.07
0.077
0.0749
0.0611
0.0758
0.0701
0.0716
0.0827
0.06
0.0647
0.0698
0.0834
0.0788
0.095
0.065
0.0551
0.0658
0.0712
0.0606
0.0702
0.0668
0.08
0.0728
0.0716
0.0677
0.0609
0.0601
0.0777
0.0538
0.0664
0.0594
0.0717
0.0767
0.0651
0.0651
0.0774
0.065
0.075
0.0781
0.058
0.0753
0.0619
0.06
0.0619
0.0751
0.0712
0.081
0.0937
0.08
0.0701
0.075
0.07
0.07
0.0702
0.0648
0.0601
0.0841
0.085
0.0872
0.056
0.0613
0.0787
0.0652
0.0646
0.0821
0.08
0.0684
0.0721
0.0976
0.0794
0.0851
0.0668
0.0673
0.0701
0.0681
0.0767
0.0706
0.0688
0.09
0.0609
0.0676
0.0701
0.0714
0.061
0.0843
0.0719
0.0633
0.0683
0.0742
0.0699
0.065
0.0623
0.07
0.07
0.084
0.0801
0.0682
0.0602
0.0571
0.0651
0.0783
0.0681
0.0811
0.0741
0.0584
0.07
0.065
0.0701
0.0679
0.0614
0.0593
0.0551
0.0766
0.0574
0.0579
0.0704
0.075
0.0577
0.0567
0.0723
0.0707
0.07
0.07
0.0727
0.0677
0.099
0.0636
0.0737
0.0711
0.0834
0.07
0.08
0.0719
0.0851
0.0662
0.0744
0.0602
0.0718
0.0569
0.0701
0.0591
0.0557
0.0624
0.0751
0.065
0.0882
0.0668
0.0787
0.0713
0.066
0.0782
0.091
0.0642
0.0604
0.11
0.0929
0.0972
0.0719
0.0738
0.0856
0.1
0.076
0.0602
0.0633
0.0664
0.08
0.0787
0.0801
0.0651
0.0773
0.0696
0.0903
0.1081
0.1046
0.0701
0.05
0.0651
0.0579
0.056
0.0627
0.0654
0.0809
0.0646
0.0676
0.08
0.0728
0.09
0.0774
0.0748
0.1
0.1163
0.0996
0.1099
0.1066
0.1101
0.0851
0.105
0.0901
0.0899
0.0951
0.1122
0.1026
0.1098
0.1444
0.1
0.13
0.1336
0.102
0.0996
0.1101
0.076
0.0939
0.0654
0.0671
0.0826
0.075
0.0701
0.0701
0.0898
0.0801
0.1147
0.0801
0.1357
0.1162
0.1178
0.0809
0.1169
0.1051
0.1083
0.0981
0.08
0.1018
0.0771
0.0682
0.0844
0.07
0.0751
0.0712
0.0675
0.0784
0.0753
0.075
0.089
0.0967
0.1123
0.09
0.1099
0.12
0.0759
0.086
0.0841
0.0769
0.1002
0.095
0.0793
0.105
0.0773
0.0709
0.0708
0.0701
0.0679
0.085
0.0851
0.07
0.075
0.06
0.095
0.075
0.0702
0.0701
0.0696
0.0664
0.0787
0.0718
0.0787
0.0911
0.0784
0.0703
0.0834
0.0771
0.1
0.0907
0.0804
0.0851
0.0801
0.0714
0.0724
0.0931
0.0601
0.0838
0.079
0.0636
0.0657
0.0701
0.062
0.0804
0.0877
0.0701
0.085
0.0701
0.0704
0.0692
0.0898
0.0718
0.0819
0.08
0.07
0.0702
0.0951
0.0824
0.0747
0.0668
0.088
0.0786
0.0693
0.08
0.0664
0.066
0.0683
0.09
0.0801
0.0572
0.08
0.08
0.07
0.0656
0.0791
0.08
0.069
0.0693
0.052
0.0578
0.0924
0.08
0.0701
0.0648
0.074
0.0777
0.0542
0.0551
0.0737
0.0652
0.0706
0.08
0.075
0.075
0.0669
0.0787
0.0687
0.0732
0.1023
0.0748
0.07
0.0629
0.057
0.0601
0.0751
0.0697
0.0773
0.095
0.0689
0.0729
0.0882
0.0784
0.0846
0.0511
0.0664
0.0991
0.085
0.0751
0.095
0.095
0.09
0.07
0.0619
0.0784
0.085
0.06
0.0649
0.0611
0.0684
0.0851
0.0603
0.085
0.0701
0.0627
0.0624
0.0711
0.0714
0.0701
0.0851
0.074
0.0801
0.0583
0.0701
0.0642
0.0905
0.0978
0.085
0.0924
0.0739
0.0773
0.0727
0.0808
0.095
0.0637
0.0734
0.0756
0.0649
0.0713
0.0776
0.0801
0.09
0.0851
0.095
0.0801
0.115
0.0803
0.078
0.0963
0.08
0.07
0.0733
0.0913
0.0837
0.0843
0.0861
0.0827
0.0816
0.0729
0.09
0.0829
0.0801
0.0834
0.0977
0.09
0.0821
0.1181
0.0989
0.095
0.1131
0.1186
0.0938
0.0967
0.0869
0.0701
0.095
0.095
0.083
0.09
0.0878
0.0751
0.1101
0.0861
0.0817
0.12
0.1038
0.105
0.1192
0.105
0.1013
0.0898
0.0829
0.1119
0.09
0.0816
0.087
0.0798
0.1043
0.08
0.0717
0.0876
0.0713
0.0767
0.0831
0.065
0.0747
0.0703
0.0751
0.0777
0.0767
0.084
0.0841
0.0782
0.0694
0.09
0.0683
0.0802
0.065
0.0772
0.0801
0.0846
0.0971
0.1006
0.1051
0.0864
0.067
0.1
0.0963
0.0858
0.1051
0.0851
0.0703
0.0774
0.09
0.0646
0.076
0.0791
0.0707
0.065
0.0819
0.09
0.0926
0.0938
0.0876
0.0951
0.1
0.0901
0.0801
0.1001
0.0814
0.0773
0.0883
0.093
0.0739
0.09
0.0712
0.0893
0.0716
0.0632
0.0942
0.0842
0.0862
0.11
0.0893
0.079
0.105
0.0882
0.1018
0.0808
0.1201
0.1201
0.1089
0.1116
0.1076
0.11
0.0903
0.0951
0.09
0.105
0.0741
0.1
0.1291
0.0901
0.0819
0.095
0.0708
0.074
0.0901
0.0796
0.0886
0.0917
0.0851
0.075
0.0898
0.0872
0.099
0.0929
0.1122
0.0701
0.0807
0.0808
0.0821
0.1011
0.089
0.0791
0.0999
0.095
0.1081
0.0656
0.1199
0.086
0.0601
0.07
0.0692
0.0847
0.068
0.07
0.0752
0.0722
0.075
0.0761
0.0842
0.0851
0.0731
0.0717
0.084
0.0898
0.0701
0.0734
0.0759
0.11
0.0556
0.0884
0.0841
0.1
0.0978
0.087
0.085
0.0746
0.0771
0.0958
0.0845
0.09
0.0732
0.0809
0.0992
0.1
0.076
0.0901
0.0951
0.095
0.0773
0.0859
0.08
0.0901
0.0801
0.0842
0.0763
0.09
0.1122
0.0726
0.1051
0.07
0.0874
0.0851
0.083
0.0844
0.0801
0.085
0.085
0.1014
0.0978
0.1024
0.0838
0.07
0.07
0.1041
0.1046
0.1029
0.08
0.09
0.0932
0.085
0.0851
0.0851
0.0768
0.0827
0.085
0.0949
0.0896
0.0766
0.0679
0.0951
0.0754
0.0732
0.11
0.0868
0.0849
0.0882
0.0683
0.07
0.0949
0.0774
0.08
0.1044
0.0706
0.0814
0.1051
0.0904
0.0867
0.0851
0.099
0.0858
0.0851
0.0849
0.0998
0.0752
0.09
0.075
0.0827
0.0886
0.0951
0.0851
0.0933
0.085
0.0748
0.0761
0.0819
0.0958
0.08
0.0723
0.0886
0.0944
0.0886
0.0791
0.1001
0.11
0.0904
0.0958
0.085
0.0724
0.0901
0.0801
0.0898
0.0912
0.1003
0.0958
0.0966
0.0951
0.0884
0.115
0.0851
0.0899
0.0669
0.1082
0.0941
0.1116
0.0944
0.0848
0.0864
0.0847
0.0803
0.094
0.135
0.0784
0.0891
0.11
0.1074
0.0742
0.08
0.1224
0.0816
0.1251
0.085
0.12
0.095
0.0816
0.0692
0.098
0.1056
0.11
0.095
0.095
0.0869
0.085
0.0951
0.1101
0.0967
0.1111
0.0944
0.0796
0.0824
0.105
0.1001
0.1027
0.1156
0.0951
0.0992
0.0833
0.11
0.1118
0.0784
0.1047
0.107
0.0989
0.0756
0.1
0.1004
0.0811
0.095
0.0981
0.1021
0.1002
0.115
0.0886
0.0803
0.0763
0.085
0.0988
0.1077
0.1142
0.0956
0.095
0.105
0.0801
0.1028
0.1107
0.1139
0.0971
0.1112
0.104
0.0901
0.1053
0.0908
0.0899
0.0944
0.0884
0.0948
0.115
0.0954
0.1151
0.0913
0.0773
0.1132
0.11
0.09
0.1037
0.09
0.0927
0.11
0.0901
0.0994
0.095
0.1009
0.1089
0.0909
0.11
0.1001
0.095
0.0922
0.1051
0.0987
0.0966
0.1006
0.1
0.0972
0.085
0.099
0.09
0.1076
0.087
0.0934
0.0771
0.0788
0.1002
0.0891
0.0862
0.0882
0.0901
0.095
0.09
0.0859
0.099
0.1
0.0838
0.08
0.0651
0.095
0.0968
0.085
0.099
0.08
0.0816
0.0948
0.0871
0.09
0.0714
0.0862
0.075
0.0916
0.0783
0.105
0.13
0.0901
0.1241
0.0952
0.1139
0.0964
0.1158
0.129
0.1164
0.1196
0.125
0.0852
0.0901
0.1061
0.081
0.125
0.0903
0.0819
0.0979
0.0938
0.1073
0.085
0.09
0.1222
0.1288
0.1202
0.1248
0.1206
0.1081
0.115
0.1062
0.0934
0.0904
0.0835
0.1001
0.1001
0.1201
0.0801
0.1148
0.125
0.1407
0.1103
0.12
0.0861
0.1
0.0952
0.1101
0.085
0.0945
0.0939
0.0858
0.0908
0.085
0.09
0.081
0.0884
0.1142
0.0801
0.111
0.11
0.09
0.0853
0.095
0.09
0.1071
0.0951
0.0953
0.09
0.113
0.0834
0.0994
0.1051
0.0776
0.08
0.1032
0.1023
0.0722
0.0851
0.09
0.0929
0.0937
0.0802
0.095
0.0801
0.1
0.095
0.11
0.107
0.105
0.0889
0.0854
0.1064
0.0941
0.1033
0.0869
0.1
0.0853
0.085
0.0601
0.085
0.0801
0.0942
0.0751
0.0646
0.0951
0.0601
0.0974
0.097
0.0711
0.09
0.095
0.0968
0.0824
0.0917
0.0751
0.105
0.0651
0.0951
0.086
0.0883
0.0781
0.09
0.0996
0.09
0.0751
0.0751
0.089
0.0793
0.0981
0.0845
0.0832
0.1001
0.093
0.0911
0.085
0.0872
0.1037
0.0951
0.085
0.1012
0.0888
0.0837
0.095
0.0583
0.0701
0.0922
0.0746
0.0801
0.0692
0.115
0.0834
0.0791
0.0731
0.0976
0.1051
0.0959
0.08
0.0938
0.0828
0.095
0.0817
0.1051
0.0951
0.085
0.0839
0.0833
0.0761
0.0951
0.0823
0.08
0.08
0.1042
0.0726
0.0847
0.0829
0.0743
0.0776
0.0816
0.0701
0.0917
0.1044
0.0859
0.0834
0.0793
0.0763
0.0996
0.0996
0.0954
0.0807
0.0839
0.0823
0.0861
0.1071
0.0754
0.08
0.1066
0.09
0.0898
0.1039
0.0971
0.0674
0.075
0.082
0.0913
0.0862
0.0857
0.0974
0.0901
0.0829
0.0726
0.0751
0.08
0.0698
0.1098
0.1074
0.0821
0.0951
0.0801
0.0801
0.133
0.0878
0.0867
0.09
0.0706
0.0806
0.0826
0.106
0.08
0.0911
0.0744
0.08
0.091
0.0929
0.0752
0.0901
0.075
0.0661
0.084
0.095
0.0703
0.09
0.0654
0.1037
0.0831
0.0851
0.0757
0.085
0.0924
0.0897
0.0822
0.115
0.0806
0.08
0.0674
0.1079
0.0731
0.0751
0.0985
0.0951
0.0969
0.1
0.0868
0.1
0.0951
0.0892
0.0762
0.09
0.0937
0.0884
0.0948
0.1054
0.0851
0.0798
0.0841
0.0973
0.0985
0.1151
0.1092
0.0901
0.0809
0.0937
0.0812
0.0942
0.0901
0.0913
0.103
0.0751
0.085
0.0906
0.1051
0.105
0.0978
0.1101
0.0923
0.1051
0.075
0.0909
0.0781
0.1
0.0768
0.1006
0.0884
0.0897
0.0851
0.0954
0.11
0.09
0.1051
0.1184
0.108
0.1021
0.1002
0.1552
0.1231
0.1034
0.1
0.1294
0.076
0.2152
0.1509
0.0873
0.1101
0.1201
0.1
0.0961
0.11
0.1274
0.115
0.1301
0.1052
0.1062
0.1423
0.12
0.1078
0.16
0.1117
0.1129
0.1421
0.1651
0.135
0.1402
0.1083
0.1314
0.1468
0.1025
0.0849
0.0951
0.095
0.105
0.1059
0.1951
0.085
0.1051
0.1141
0.095
0.135
0.1059
0.1194
0.1
0.1001
0.1301
0.1089
0.1056
0.1362
0.1401
0.1446
0.1331
0.1209
0.1152
0.133
0.1344
0.113
0.1151
0.16
0.1317
0.102
0.0963
0.115
0.0857
0.095
0.1136
0.105
0.1243
0.1186
0.1171
0.1436
0.125
0.1164
0.1186
0.1001
0.1459
0.105
0.1251
0.095
0.14
0.1407
0.12
0.11
0.1506
0.1251
0.1223
0.1151
0.1192
0.1218
0.1719
0.1683
0.145
0.1457
0.1101
0.1501
0.135
0.1128
0.0904
0.1038
0.0831
0.1018
0.1
0.1102
0.075
0.075
0.085
0.0901
0.0851
0.0756
0.0949
0.0801
0.0955
0.0951
0.1139
0.095
0.1256
0.1001
0.1061
0.1
0.155
0.1019
0.115
0.1251
0.1157
0.11
0.1034
0.1
0.0891
0.095
0.0726
0.0917
0.0929
0.0919
0.0838
0.085
0.0954
0.1004
0.0853
0.09
0.092
0.0784
0.1202
0.088
0.1186
0.095
0.1109
0.086
0.1051
0.085
0.105
0.0912
0.1027
0.1352
0.1001
0.1139
0.097
0.12
0.1143
0.0801
0.1201
0.1151
0.1021
0.0901
0.1092
0.0951
0.1223
0.0829
0.0929
0.1058
0.0982
0.075
0.084
0.1087
0.095
0.09
0.0842
0.0908
0.12
0.0881
0.1
0.0974
0.0604
0.095
0.1041
0.1261
0.1016
0.0851
0.1128
0.1099
0.0901
0.1256
0.0952
0.1093
0.085
0.0998
0.0967
0.12
0.096
0.0755
0.1022
0.1051
0.1061
0.09
0.1173
0.0954
0.1076
0.1
0.0929
0.109
0.12
0.09
0.11
0.11
0.105
0.1072
0.1208
0.0752
0.0845
0.0858
0.095
0.0814
0.11
0.0963
0.0869
0.105
0.1274
0.0879
0.095
0.1153
0.085
0.0898
0.0918
0.1137
0.1072
0.1099
0.1062
0.1011
0.1008
0.1
0.0844
0.095
0.1044
0.105
0.0854
0.0904
0.105
0.1101
0.12
0.1
0.0773
0.0964
0.0896
0.075
0.095
0.0851
0.0813
0.089
0.105
0.09
0.1051
0.0763
0.1
0.1151
0.0953
0.0948
0.1023
0.1064
0.0947
0.111
0.0882
0.0754
0.11
0.1001
0.1
0.0887
0.0947
0.09
0.1123
0.1053
0.0947
0.0742
0.0879
0.0958
0.1026
0.1093
0.1141
0.0913
0.0903
0.09
0.0909
0.0901
0.0812
0.1019
0.109
0.0883
0.1049
0.1074
0.1061
0.0751
0.0969
0.0914
0.115
0.0928
0.1046
0.0994
0.1051
0.0972
0.1064
0.0869
0.095
0.101
0.1103
0.0801
0.0801
0.1078
0.0741
0.07
0.0986
0.0966
0.1057
0.0771
0.1281
0.0994
0.09
0.0991
0.1137
0.089
0.1
0.0846
0.09
0.1029
0.115
0.1112
0.0979
0.1053
0.1031
0.1
0.0951
0.095
0.0751
0.0906
0.0952
0.085
0.0801
0.1058
0.1146
0.11
0.0952
0.0819
0.09
0.0831
0.095
0.0751
0.1101
0.0801
0.0947
0.1016
0.0967
0.1079
0.1051
0.0906
0.0981
0.0751
0.0886
0.095
0.0829
0.0729
0.1
0.09
0.0879
0.084
0.089
0.0974
0.0843
0.0791
0.1
0.1
0.0832
0.0833
0.1038
0.0801
0.0912
0.0751
0.075
0.0761
0.075
0.0913
0.076
0.0997
0.0885
0.0842
0.0746
0.0844
0.1147
0.0881
0.0908
0.0769
0.1
0.0999
0.0851
0.1049
0.0923
0.0792
0.0933
0.0882
0.0667
0.0706
0.1
0.0716
0.0989
0.0904
0.095
0.0732
0.09
0.085
0.0687
0.0951
0.0801
0.1
0.0951
0.0987
0.0927
0.07
0.0971
0.065
0.0793
0.0762
0.085
0.1068
0.0844
0.0992
0.095
0.095
0.082
0.0907
0.0929
0.0756
0.08
0.0968
0.105
0.11
0.0879
0.0958
0.1092
0.0987
0.1115
0.0751
0.0751
0.0779
0.0934
0.1141
0.1003
0.1042
0.09
0.1
0.1039
0.0901
0.0827
0.0901
0.0996
0.1001
0.1026
0.0951
0.09
0.093
0.1123
0.106
0.0938
0.0901
0.11
0.1019
0.085
0.115
0.1013
0.1051
0.0982
0.1074
0.1009
0.105
0.1
0.091
0.135
0.1203
0.0954
0.1095
0.0964
0.115
0.13
0.1212
0.1358
0.1472
0.1251
0.095
0.1303
0.1153
0.2463
0.2056
0.1768
0.1619
0.1031
0.1127
0.0979
0.0996
0.11
0.155
0.1602
0.1009
0.1051
0.0827
0.0882
0.095
0.09
0.0901
0.0901
0.0723
0.1001
0.0928
1.3319
0.404
0.53
0.515
0.2042
0.1512
0.085
0.09
0.0951
0.0942
0.092
0.11
0.125
0.1351
0.1068
0.1101
0.1212
0.1143
0.1074
0.1161
0.1
0.1103
0.0883
0.1276
0.089
0.1129
0.0851
0.118
0.1043
0.0828
0.1101
0.0976
0.08
0.0895
0.0941
0.0861
0.1101
0.0958
0.1151
0.1151
0.1068
0.0991
0.0886
0.1
0.1337
0.099
0.104
0.125
0.1408
0.1267
0.1478
0.115
0.11
0.1001
0.0844
0.125
0.09
0.0979
0.0907
0.1009
0.095
0.1032
0.1382
0.1112
0.1001
0.1114
0.0964
0.1154
0.1181
0.11
0.1061
0.1028
0.1
0.13
0.0946
0.095
0.105
0.0776
0.095
0.105
0.12
0.0877
0.078
0.0901
0.1
0.1114
0.0991
0.0987
0.1182
0.1009
0.0896
0.1107
0.1473
0.1
0.0937
0.1136
0.101
0.1069
0.0971
0.0959
0.12
0.088
0.11
0.1
0.0901
0.0758
0.1061
0.1129
0.1001
0.0873
0.1101
0.0968
0.1086
0.09
0.0641
0.0958
0.105
0.0999
0.1601
0.0874
0.119
0.17
0.2419
0.2062
0.1626
0.2591
0.0893
0.1747
0.1314
0.1233
0.1221
0.1186
0.1552
0.1361
0.1812
0.165
0.0899
0.0833
0.0889
0.115
0.0847
0.095
0.0803
0.1073
0.0979
0.1
0.1317
0.2497
0.2672
0.18
0.1539
0.125
0.11
0.1017
0.1151
0.0851
0.0951
0.0912
0.0867
0.1032
0.1351
0.1051
0.0901
0.1074
0.12
0.097
0.0981
0.105
0.0957
0.1073
0.1101
0.11
0.0951
0.1062
0.1049
0.11
