567.26
567.27
567.28
567.42
567.58
567.63
567.78
567.82
567.89
567.98
567.94
568.04
568.04
568.05
568.14
568.18
568.17
568.27
568.18
568.27
568.3
568.34
568.38
568.34
568.34
568.35
568.26
568.24
568.19
568.17
568.16
568.25
568.3
568.33
568.31
568.3
568.46
568.48
568.52
568.62
568.64
568.86
568.93
568.96
569.16
569.22
569.31
569.46
569.46
569.54
569.7
569.89
570.06
570.24
570.38
570.52
570.56
570.56
570.5
570.48
570.5
570.58
570.69
570.7
570.68
570.88
570.9
571.14
571.31
571.39
571.5
571.51
571.61
571.73
571.78
571.88
572.05
572.11
572.27
572.51
572.74
572.93
573.15
573.43
573.75
574.07
574.46
574.85
575.17
575.53
575.84
576.04
575.96
575.79
575.59
575.52
575.45
575.33
575.32
575.28
575.29
575.32
575.37
575.54
575.72
575.9
576.04
576.18
576.44
576.66
576.92
577.12
577.41
577.73
577.99
578.36
578.66
578.95
579.17
579.44
579.71
579.92
580.2
580.38
580.65
580.86
581.11
581.46
581.77
581.95
582.28
582.7
583.14
583.6
583.95
584.28
584.67
585.04
585.35
585.6
585.84
586.04
586.22
586.37
586.53
586.68
586.83
586.93
586.99
587.05
587.1
587.18
587.33
587.54
587.75
587.99
588.3
588.68
589.03
589.5
589.98
590.45
590.94
591.46
591.78
592.14
592.56
592.86
593.19
593.49
593.73
593.96
594.02
594.15
594.31
594.46
594.68
594.9
595.12
595.4
595.7
595.97
596.25
596.64
597.03
597.36
597.81
598.23
598.65
599.04
599.4
599.8
600.23
600.53
600.88
601.3
601.58
601.95
602.39
602.73
603.09
603.42
603.7
603.93
604.24
604.57
604.84
605.19
605.58
606.02
606.45
606.93
607.38
607.9
608.36
608.79
609.25
609.69
610.15
610.61
611.01
611.35
611.75
612.1
612.48
612.83
613.11
613.45
613.82
614.15
614.55
614.92
615.22
615.54
615.87
616.2
616.44
616.72
616.99
617.31
617.62
617.92
618.23
618.57
618.91
619.25
619.68
620.11
620.47
620.85
621.22
621.64
622.01
622.46
622.99
623.54
624.09
624.57
624.85
624.91
624.92
624.94
625
625.08
625.24
625.44
625.68
625.89
626.11
626.38
626.71
627.05
627.53
628.01
628.52
628.95
629.41
629.87
630.42
630.9
631.44
632
632.57
633.08
633.58
634.04
634.43
634.9
635.39
635.83
636.22
636.6
637.02
637.4
637.8
638.15
638.56
638.99
639.4
639.85
640.24
640.71
641.16
641.58
642
642.34
642.74
643.17
643.58
644.04
644.47
644.93
645.38
645.78
646.22
646.76
647.29
647.81
648.37
648.94
649.53
650.1
650.58
651.13
651.68
652.2
652.68
653.14
653.71
654.31
654.85
655.39
655.88
656.44
657.03
657.61
658.17
658.73
659.32
659.87
660.43
660.94
661.52
662.09
662.69
663.23
663.8
664.43
665.04
665.64
666.16
666.71
667.33
667.84
668.33
668.91
669.52
670.16
670.76
671.36
671.99
672.61
673.26
673.9
674.58
675.25
675.93
676.66
677.34
678.03
678.72
679.45
680.19
680.9
681.65
682.36
683.08
683.75
684.43
685.07
685.72
686.44
687.12
687.93
688.69
689.56
690.38
691.1
691.8
692.55
693.23
693.86
694.45
695.14
695.83
696.61
697.38
698.27
699.16
700.05
700.91
701.78
702.56
703.34
704.08
704.85
705.64
706.44
707.25
708.01
708.85
709.6
710.41
711.2
711.84
712.38
712.95
713.43
713.94
714.47
715.04
715.71
716.42
717.05
717.76
718.51
719.26
720.02
720.77
721.45
722.16
722.87
723.64
724.31
725.03
725.8
726.53
727.26
728.02
728.79
729.6
730.4
731.04
731.73
732.46
733.17
733.86
734.57
735.33
736.04
736.76
737.47
738.17
738.9
739.56
740.22
740.94
741.59
742.22
742.86
743.47
744.02
744.55
745.08
745.57
746.1
746.63
747.19
747.74
748.21
748.63
749.14
749.67
750.26
750.84
751.28
751.75
752.29
752.75
753.26
753.71
754.16
754.6
755.08
755.54
756.03
756.44
756.85
757.3
757.71
758.13
758.53
758.9
759.34
759.84
760.32
760.72
761.19
761.61
762.06
762.54
762.92
763.28
763.67
764.08
764.47
764.81
765.15
765.56
765.87
766.2
766.52
766.83
767.12
767.44
767.83
768.17
768.55
768.9
769.31
769.74
770.08
770.41
770.75
771.08
771.37
771.66
772.01
772.23
772.51
772.76
772.96
773.23
773.53
773.86
774.17
774.47
774.78
775.09
775.39
775.77
776.14
776.38
776.67
776.96
777.28
777.54
777.83
778.12
778.35
778.58
778.92
779.14
779.37
779.61
779.78
780.01
780.29
780.54
780.75
780.99
781.19
781.43
781.67
781.86
782.09
782.37
782.61
782.82
783.02
783.25
783.45
783.67
783.86
784.03
784.18
784.37
784.57
784.7
784.86
784.99
785.23
785.44
785.56
785.68
785.87
786.06
786.2
786.25
786.35
786.46
786.55
786.72
786.83
786.93
787.04
787.14
787.27
787.37
787.42
787.47
787.45
787.48
787.55
787.59
787.57
787.62
787.59
787.68
787.69
787.68
787.69
787.73
787.76
787.79
787.81
787.81
787.72
787.71
787.55
787.41
787.31
787.19
786.99
786.85
786.65
786.45
786.23
786.02
785.78
785.54
785.31
785.15
784.99
784.85
784.71
784.56
784.44
784.3
784.11
783.93
783.74
783.7
783.51
783.4
783.21
783.06
782.93
782.77
782.64
782.41
782.21
782.05
781.73
781.37
781.21
781
780.78
780.49
780.24
780.01
779.8
779.61
779.49
779.37
779.2
779.15
779.02
778.91
778.8
778.62
778.33
778
777.67
777.3
777.11
776.77
776.58
776.45
776.37
776.3
776.16
776.13
776.1
776.01
775.9
775.83
775.66
775.48
775.34
775.19
774.99
774.72
774.55
774.35
774.18
774.13
774.03
773.93
773.88
773.82
773.8
773.71
773.6
773.48
773.29
773.15
773.06
772.93
772.86
772.76
772.7
772.65
772.68
772.64
772.57
772.48
772.36
772.21
772.08
771.91
771.8
771.73
771.68
771.66
771.65
771.71
771.76
771.81
771.87
771.91
772.01
772.16
772.3
772.52
772.69
772.89
773.09
773.25
773.42
773.55
773.62
773.76
773.84
774
774.14
774.22
774.47
774.71
774.88
775.14
775.39
775.61
775.83
776.05
776.24
776.33
776.44
776.55
776.61
776.75
776.84
777.05
777.29
777.53
777.8
777.98
778.21
778.44
778.6
778.85
779.09
779.33
779.51
779.68
779.84
779.98
780.14
780.25
780.48
780.67
780.85
781.04
781.26
781.49
781.74
782.06
782.32
782.64
782.9
783.23
783.58
783.94
784.32
784.67
785.01
785.27
785.52
785.83
786
786.26
786.51
786.8
787.17
787.62
788.01
788.36
788.8
789.24
789.57
789.87
790.31
790.6
790.9
791.18
791.39
791.65
791.86
792.04
792.18
792.39
792.54
792.69
792.88
793.06
793.33
793.59
793.87
794.08
794.41
794.74
795.03
795.27
795.5
795.76
795.96
796.23
796.41
796.57
796.87
797.17
797.55
797.9
798.33
798.71
799.19
799.57
799.97
800.3
800.59
800.83
801
801.23
801.42
801.55
801.72
801.94
802.18
802.48
802.81
803.21
803.59
803.97
804.35
804.63
804.99
805.2
805.44
805.73
806.06
806.33
806.55
806.94
807.31
807.72
808.15
808.57
808.93
809.29
809.58
809.86
810.21
810.53
810.83
811.24
811.48
811.69
811.95
812.14
812.36
812.55
812.86
813.07
813.34
813.66
813.98
814.35
814.7
815.13
815.5
815.83
816.08
816.34
816.61
816.82
817.06
817.29
817.52
817.74
817.89
818.04
818.3
818.62
818.88
819.16
819.48
819.79
820.13
820.4
820.69
820.99
821.22
821.45
821.65
821.84
822.1
822.36
822.6
822.86
823.11
823.35
823.59
823.83
823.98
824.18
824.39
824.52
824.72
824.89
824.98
825.19
825.41
825.61
825.86
826
826.24
826.37
826.61
826.82
827.03
827.33
827.58
827.81
828.04
828.36
828.63
828.93
829.15
829.48
829.71
829.89
830.05
830.23
830.41
830.52
830.59
830.75
830.9
831.07
831.18
831.26
831.37
831.5
831.55
831.57
831.61
831.58
831.76
831.9
831.99
832.12
832.21
832.26
832.3
832.35
832.43
832.53
832.6
832.7
832.86
833.07
833.18
833.23
833.22
833.26
833.21
833.18
833.12
833.01
832.83
832.65
832.4
832.28
832.04
831.85
831.83
831.82
831.87
831.88
831.98
831.98
832.07
832.11
832.26
832.42
832.64
832.79
833
833.16
833.33
833.43
833.51
833.61
833.76
833.83
833.81
833.88
834.02
834.06
834.2
834.35
834.38
834.4
834.51
834.53
834.58
834.74
834.86
834.91
835.02
835.13
835.32
835.45
835.56
835.66
835.83
835.97
836.07
836.14
836.24
836.34
836.49
836.54
836.71
836.92
837.07
837.32
837.52
837.74
837.9
838.02
838.17
838.26
838.37
838.42
838.56
838.61
838.71
838.84
839.09
839.18
839.42
839.6
839.73
839.85
839.91
840.08
840.15
840.22
840.29
840.32
840.33
840.39
840.46
840.49
840.5
840.56
840.68
840.8
840.86
840.96
841.02
841.05
841.17
841.21
841.28
841.28
841.33
841.38
841.46
841.58
841.54
841.56
841.66
841.81
841.97
842.09
842.22
842.42
842.56
842.61
842.74
842.84
842.9
843.03
843.18
843.3
843.33
843.41
843.53
843.64
843.69
843.82
843.96
844.05
844.16
844.23
844.33
844.41
844.42
844.49
844.52
844.59
844.7
844.71
844.76
844.74
844.79
844.8
844.82
844.89
844.92
844.91
844.86
844.93
844.94
845.02
845.05
845.13
845.22
845.3
845.34
845.37
845.4
845.4
845.4
845.4
845.45
845.39
845.39
845.41
845.47
845.51
845.5
845.52
845.46
845.49
845.4
845.4
845.41
845.35
845.37
845.34
845.36
845.32
845.37
845.41
845.43
845.39
845.48
845.53
845.54
845.62
845.63
845.7
845.75
845.76
845.8
845.87
845.88
845.9
845.93
845.97
845.98
845.94
846.01
845.98
846.02
846.04
846.06
846.04
846.09
846.17
846.2
846.23
846.27
846.3
846.3
846.34
846.41
846.41
846.43
846.45
846.44
846.43
846.27
846.18
846.06
845.94
845.85
845.73
845.6
845.53
845.45
845.38
845.23
845.13
845
844.81
844.67
844.48
844.24
843.99
843.75
843.46
843.14
842.77
842.35
841.95
841.64
841.33
841.01
840.82
840.68
840.35
840.14
839.9
839.61
839.17
838.68
838.28
837.72
837.22
836.69
836.15
835.51
834.93
834.31
833.61
832.84
832.02
831.25
830.55
829.79
829.14
828.64
828.22
827.91
827.84
827.92
828.08
828.32
828.55
828.85
829.27
829.68
830.06
830.29
830.33
830.24
829.97
829.74
829.35
828.87
828.35
827.78
827.19
826.53
826.05
825.58
825.1
824.79
824.62
824.38
824.11
823.87
823.66
823.5
823.28
822.92
822.77
822.65
822.56
822.54
822.34
822.25
822.03
821.8
821.53
821.19
820.79
820.31
819.99
819.59
819.45
819.25
819.14
818.86
818.4
817.62
816.7
815.58
814.22
812.7
811
809.33
807.63
805.94
804.47
803.31
802.26
801.22
800.4
799.47
798.79
798.14
797.52
797.02
796.64
796.23
795.76
795.27
794.71
794.29
793.87
793.56
793.24
793.04
792.86
792.8
792.65
792.36
791.82
791.21
790.42
789.47
788.51
787.43
786.4
785.33
784.44
783.59
782.76
781.87
781.24
780.72
780.33
780.11
780.09
780.17
780.33
780.47
780.41
780.33
780.04
779.69
779.21
778.29
776.89
775.35
773.62
771.91
770.37
769.2
768.25
767.38
766.63
765.94
765.22
764.65
764.04
763.46
763
762.62
762.36
761.98
761.71
761.35
760.97
760.68
760.49
760.34
760.1
759.86
759.45
758.82
757.94
757.01
755.96
754.79
753.48
752.1
750.84
749.56
748.42
747.36
746.48
745.63
744.79
744
743.35
742.77
742.16
741.47
740.93
740.48
739.97
739.58
739.06
738.47
737.91
737.51
736.86
736.31
735.76
735.3
734.81
734.23
733.62
732.99
732.44
731.92
731.44
731.08
730.82
730.77
730.79
730.9
731.03
731.22
731.32
731.42
731.37
731.32
731.34
731.32
731.29
731.26
731.21
731.22
731.2
731.09
730.95
730.6
730.24
729.76
729.31
728.81
728.3
727.95
727.62
727.37
727.12
727.11
727.12
727.03
726.99
726.94
726.79
726.76
726.72
726.57
726.45
726.42
726.3
726.19
726.2
726.18
726.13
726.19
726.22
726.18
726.07
726.14
726.12
726.06
725.97
725.86
725.73
725.56
725.5
725.42
725.3
725.12
724.98
724.75
724.64
724.54
724.48
724.39
724.27
724.34
724.34
724.34
724.38
724.49
724.6
724.81
725.02
725.2
725.5
725.86
726.28
726.58
726.92
727.2
727.49
727.66
727.74
727.84
727.94
728.09
728.25
728.32
728.38
728.42
728.51
728.58
728.6
728.57
728.51
728.54
728.55
728.55
728.55
728.64
728.74
728.86
728.91
728.89
728.81
728.88
728.88
728.94
729.09
729.2
729.35
729.64
729.95
730.19
730.5
730.82
731
731.14
731.13
731
730.92
730.7
730.42
730.2
729.94
729.54
729.33
729.1
728.98
728.85
728.84
728.81
728.73
728.7
728.65
728.61
728.52
728.46
728.38
728.3
728.15
728.06
728
727.9
727.82
727.71
727.54
727.49
727.47
727.35
727.25
727.2
727.22
727.18
727.2
727.14
727.13
727.08
727.04
726.93
726.79
726.67
726.43
726.16
725.94
725.72
725.48
725.34
725.23
725.02
724.81
724.66
724.56
724.41
724.32
724.12
723.93
723.67
723.44
723.3
723.16
722.99
722.83
722.73
722.69
722.62
722.6
722.58
722.49
722.33
722.14
721.96
721.74
721.43
721.08
720.75
720.46
720.04
719.6
719.16
718.7
718.18
717.64
717.05
716.62
716.24
715.9
715.5
715.11
714.9
714.52
714.23
714.1
713.96
713.71
713.58
713.35
713.04
712.65
712.22
711.68
711.06
710.52
709.9
709.21
708.58
707.97
707.48
707.11
706.69
706.32
706.03
705.76
705.37
705
704.59
704.09
703.68
703.2
702.63
702.04
701.47
700.87
700.33
699.8
699.46
699.05
698.82
698.6
698.45
698.25
698.23
698.06
697.77
697.4
696.94
696.49
696.07
695.63
695.24
694.87
694.45
693.99
693.66
693.36
693.11
692.83
692.61
692.34
692.03
691.73
691.5
691.25
690.9
690.57
690.33
690.04
689.76
689.38
689.04
688.75
688.43
688.06
687.66
687.2
686.87
686.52
686.06
685.59
685.3
685.02
684.72
684.38
684.22
683.93
683.78
683.56
683.39
683.23
683.06
682.82
682.7
682.56
682.24
682.09
681.95
681.8
681.59
681.43
681.32
681.2
681.02
680.93
680.79
680.63
680.46
680.41
680.25
680.2
680.11
680.01
679.92
679.85
679.81
679.74
679.64
679.5
679.37
679.22
679.14
678.9
678.63
678.43
678.2
678.07
677.82
677.67
677.48
677.43
677.21
677.06
677.03
677
676.87
676.77
676.68
676.61
676.39
676.3
676.1
675.91
675.74
675.43
675.16
674.84
674.64
674.4
674.14
673.98
673.84
673.68
673.51
673.41
673.34
673.25
673.15
673.03
673
672.94
672.79
672.7
672.65
672.62
672.51
672.49
672.42
672.41
672.45
672.43
672.41
672.39
672.33
672.3
672.28
672.15
671.99
671.85
671.78
671.62
671.47
671.4
671.34
671.18
671.12
671.1
671.09
671.1
671.13
671.18
671.26
671.35
671.3
671.37
671.42
671.42
671.39
671.37
671.29
671.2
671.16
671.11
671.12
671.07
671.03
671.06
671.15
671.15
671.13
671.21
671.24
671.17
671.06
671.04
670.88
670.81
670.75
670.68
670.54
670.43
670.44
670.34
670.22
670.17
670.11
670.04
670.04
669.89
669.81
669.7
669.68
669.7
669.65
669.63
669.62
669.56
669.56
669.58
669.52
669.52
669.51
669.46
669.35
669.37
669.33
669.4
669.39
669.34
669.28
669.35
669.29
669.2
669.17
669.08
669.06
669.02
668.95
668.88
668.8
668.77
668.75
668.75
668.73
668.65
668.58
668.64
668.57
668.54
668.5
668.47
668.41
668.31
668.27
668.23
668.12
668.01
667.99
667.94
667.81
667.81
667.83
667.82
667.78
667.74
667.76
667.72
667.78
667.88
667.9
667.97
667.99
667.99
668.01
668
667.97
668.01
668.12
668.18
668.19
668.17
668.17
668.24
668.23
668.21
668.09
668.05
667.92
667.66
667.47
667.31
667.14
666.9
666.63
666.35
666.13
665.94
665.66
665.43
665.26
665.07
664.95
664.83
664.68
664.47
664.33
664.21
663.99
663.9
663.86
663.79
663.75
663.78
663.7
663.58
663.56
663.64
663.67
663.67
663.6
663.44
663.25
663.04
662.81
662.54
662.21
661.79
661.49
661.17
660.8
660.51
660.3
660.12
659.89
659.67
659.5
659.41
659.43
659.31
659.12
658.98
658.96
658.92
658.84
658.92
658.93
659.03
659.19
659.41
659.64
659.82
659.99
660
660.03
659.97
659.9
659.84
659.82
659.8
659.81
659.8
659.76
659.71
659.68
659.69
659.67
659.68
659.66
659.73
659.77
659.79
659.78
659.9
660.03
660.1
660.15
660.22
660.15
660.17
660.2
660.21
660.29
660.35
660.37
660.43
660.47
660.61
660.83
660.92
661.11
661.27
661.48
661.7
661.93
662.06
662.41
662.63
662.76
662.94
663.11
663.24
663.34
663.43
663.48
663.52
663.51
663.58
663.67
663.75
663.79
663.79
663.82
663.9
664.05
664.16
664.38
664.55
664.72
664.84
664.93
665.09
665.18
665.32
665.38
665.44
665.51
665.6
665.69
665.76
665.91
666.06
666.15
666.18
666.26
666.36
666.43
666.49
666.53
666.51
666.59
666.67
666.8
666.92
667.1
667.33
667.6
667.93
668.21
668.59
668.86
669.17
669.41
669.75
669.99
670.23
670.41
670.61
670.76
670.89
670.95
671.05
671.19
671.27
671.37
671.48
671.54
671.58
671.66
671.9
672.11
672.29
672.47
672.66
672.86
673.06
673.34
673.63
673.92
674.16
674.41
674.58
674.88
675.28
675.53
675.93
676.25
676.55
677
677.43
677.88
678.34
678.83
679.3
679.82
680.42
680.95
681.35
681.81
682.23
682.57
682.89
683.09
683.25
683.39
683.46
683.65
683.84
684.07
684.38
684.67
684.96
685.31
685.62
685.97
686.32
686.71
687.09
687.52
687.93
688.25
688.59
689.02
689.41
689.84
690.23
690.54
690.88
691.15
691.36
691.6
691.82
692.04
692.26
692.51
692.75
693.1
693.47
693.86
694.26
694.72
695.16
695.69
696.19
696.75
697.23
697.6
697.95
698.22
698.53
698.67
698.82
698.94
699.13
699.37
699.62
699.91
700.22
700.5
700.9
701.22
701.55
701.92
702.27
702.63
703.04
703.44
703.83
704.23
704.72
705.14
705.58
706.01
706.39
706.67
706.88
707.03
707.23
707.39
707.53
707.7
707.94
708.15
708.43
708.74
709.08
709.42
709.78
710.18
710.59
710.96
711.4
711.86
712.28
712.65
712.98
713.34
713.67
713.94
714.2
714.52
714.78
715.06
715.27
715.49
715.7
716
716.15
716.33
716.59
716.8
716.94
717.09
717.25
717.39
717.61
717.8
717.97
718.18
718.38
718.62
718.81
718.94
719.21
719.53
719.82
720.14
720.57
720.85
721.23
721.59
721.82
722
722.1
722.16
722.19
722.18
722.15
722.1
722
721.95
721.86
721.78
721.77
721.76
721.73
721.71
721.72
721.77
721.79
721.76
721.76
721.74
721.71
721.63
721.6
721.47
721.38
721.25
721.17
721.03
720.98
720.82
720.68
720.51
720.32
720.05
719.9
719.72
719.54
719.31
719.13
718.95
718.73
718.59
718.46
718.35
718.23
718.07
717.91
717.83
717.8
717.71
717.66
717.65
717.67
717.74
717.79
717.9
717.98
718.04
718.15
718.21
718.31
718.36
718.4
718.34
718.26
718.17
718.01
717.83
717.61
717.35
717.19
716.96
716.66
716.43
716.26
716.18
716.17
716.33
716.39
716.48
716.64
716.74
716.83
717
717.2
717.38
717.45
717.41
717.27
717.04
716.69
716.38
716.11
715.85
715.58
715.25
715.05
714.79
714.49
714.35
714.25
714.08
714
713.92
713.78
713.57
713.43
713.26
713.14
713.05
712.91
712.75
712.7
712.56
712.64
712.64
712.58
712.59
712.7
712.88
712.96
713.05
713.21
713.38
713.5
713.63
713.74
713.84
713.9
713.85
713.67
713.45
713.34
713.27
713.12
712.93
712.95
713.02
713.07
713.17
713.21
713.25
713.42
713.51
713.66
713.85
714.06
714.21
714.39
714.53
714.73
714.88
714.97
715.07
715.14
715.18
715.23
715.34
715.42
715.52
715.59
715.65
715.74
715.89
716.07
716.21
716.34
716.38
716.45
716.47
716.48
716.42
716.42
716.43
716.37
716.4
716.39
716.44
716.53
716.61
716.65
716.81
716.93
717.07
717.22
717.31
717.38
717.37
717.4
717.42
717.44
717.45
717.41
717.42
717.43
717.45
717.52
717.53
717.56
717.67
717.77
717.84
718.05
718.19
718.27
718.4
718.56
718.65
718.68
718.86
718.99
719.07
719.16
719.27
719.39
719.51
719.57
719.69
719.74
719.86
720
720.14
720.3
720.49
720.66
720.78
720.93
721.07
721.18
721.35
721.58
721.68
721.79
721.78
721.66
721.64
721.66
721.63
721.6
721.52
721.4
721.34
721.3
721.3
721.27
721.24
721.21
721.15
721.14
721.17
721.21
721.32
721.46
721.62
721.81
722.09
722.35
722.67
722.99
723.36
723.69
724.03
724.35
724.67
724.93
725.21
725.39
725.54
725.61
725.68
725.63
725.66
725.65
725.59
725.49
725.27
725.04
724.86
724.62
724.39
724.22
723.96
723.73
723.52
723.38
723.34
723.3
723.29
723.31
723.31
723.34
723.4
723.43
723.57
723.64
723.66
723.68
723.67
723.68
723.75
723.77
723.83
723.8
723.76
723.7
723.7
723.64
723.61
723.54
723.46
723.48
723.41
723.41
723.34
723.31
723.28
723.27
723.24
723.04
722.87
722.73
722.68
722.61
722.47
722.31
722.13
721.94
721.77
721.57
721.45
721.27
721.18
721.14
721.06
720.92
720.78
720.76
720.78
720.67
720.59
720.58
720.47
720.43
720.39
720.24
720.1
719.98
719.84
719.59
719.41
719.24
719.06
718.95
718.84
718.74
718.68
718.63
718.57
718.55
718.56
718.55
718.47
718.38
718.38
718.37
718.38
718.41
718.54
718.62
718.52
718.55
718.62
718.66
718.71
718.66
718.65
718.66
718.74
718.71
718.79
718.93
719
719.07
719.17
719.24
719.35
719.49
719.64
719.72
719.8
719.92
720.03
720.12
720.19
720.19
720.18
720.26
720.3
720.33
720.3
720.37
720.42
720.46
720.46
720.44
720.46
720.51
720.53
720.52
720.54
720.56
720.54
720.54
720.57
720.66
720.68
720.73
720.77
720.85
720.89
720.94
721.11
721.24
721.41
721.63
721.78
721.9
721.98
722.12
722.1
722.04
721.92
721.76
721.47
721.31
721.15
721.06
721.01
720.95
720.83
720.8
720.71
720.52
720.3
719.99
719.82
719.54
719.3
719.08
718.87
718.72
718.56
718.42
718.24
718.19
718.13
718.09
718.1
718.05
718.08
718.12
718.16
718.29
718.4
718.58
718.76
719.01
719.16
719.32
719.54
719.77
719.87
719.99
720.12
720.15
720.11
720.03
719.95
719.89
719.8
719.68
719.49
719.32
719.21
719.09
718.87
718.59
718.4
718.22
718.08
717.98
717.88
717.83
717.84
717.86
718
718.1
718.13
718.21
718.29
718.33
718.36
718.3
718.16
718.07
717.96
717.71
717.58
717.45
717.31
717.16
717.07
717.04
717.02
716.95
716.82
716.74
716.78
716.74
716.65
716.63
716.71
716.78
716.82
716.87
716.96
717.05
717.18
717.24
717.25
717.27
717.21
717.16
717.16
717.14
716.98
716.86
716.81
716.79
716.78
716.86
716.82
716.95
717.02
717.09
717.14
717.19
717.2
717.2
717.12
717.04
717
716.96
716.86
716.78
716.78
716.73
716.73
716.71
716.64
716.7
716.72
716.78
716.88
716.94
716.87
716.9
716.93
717.01
716.99
716.91
716.84
716.78
716.75
716.74
716.72
716.83
716.92
717.07
717.21
717.48
717.7
717.89
718.13
718.22
718.41
718.61
718.68
718.79
718.78
718.67
718.54
718.5
718.38
718.3
718.19
718.04
717.79
717.75
717.61
717.47
717.38
717.37
717.37
717.29
717.11
716.96
716.85
716.65
716.49
716.36
716.36
716.35
716.32
716.24
716.17
716.07
715.98
715.83
715.61
715.37
715.17
714.99
714.84
714.66
714.52
714.33
714.13
713.96
713.76
713.67
713.7
713.67
713.67
713.64
713.71
713.73
713.76
713.75
713.84
713.87
713.88
713.91
713.92
713.98
714.07
713.96
713.93
713.81
713.77
713.66
713.57
713.48
713.4
713.34
713.35
713.4
713.47
713.51
713.42
713.34
713.34
713.37
713.24
713.11
713.08
712.99
713.01
712.99
712.93
712.96
712.95
712.98
712.94
712.97
713.06
713.15
713.24
713.41
713.54
713.75
713.96
714.15
714.37
714.46
714.56
714.64
714.7
714.76
714.68
714.62
714.63
714.59
714.64
714.67
714.71
714.81
714.89
714.92
715
715.06
715.14
715.16
715.18
715.24
715.34
715.4
715.38
715.43
715.51
715.62
715.62
715.6
715.51
715.49
715.47
715.39
715.29
715.21
715.19
715.11
715
715.01
714.97
714.98
714.98
715
715.1
715.23
715.26
715.38
715.53
715.69
715.88
716.01
716.27
716.41
716.57
716.68
716.77
716.9
717.03
717.11
717.22
717.38
717.47
717.61
717.72
717.83
717.99
718.21
718.34
718.66
718.85
719.04
719.19
719.33
719.45
719.51
719.56
719.56
719.63
719.66
719.8
720.03
720.15
720.23
720.35
720.53
720.78
720.92
721.1
721.32
721.53
721.68
721.84
722.07
722.26
722.48
722.78
723.06
723.32
723.64
724.01
724.32
724.61
724.96
725.25
725.59
725.84
726.1
726.32
726.48
726.63
726.7
726.84
726.95
726.98
727.03
727.17
727.3
727.47
727.68
727.87
728
728.09
728.16
728.19
728.25
728.22
728.1
727.94
727.81
727.68
727.59
727.67
727.61
727.59
727.68
727.79
727.88
728.01
728.21
728.35
728.54
728.73
728.9
729.1
729.19
729.3
729.35
729.33
729.25
729.24
729.26
729.36
729.39
729.55
729.76
729.89
729.96
729.96
730.04
730.08
729.98
729.89
729.86
729.73
729.62
729.57
729.4
729.33
729.34
729.39
729.48
729.54
729.76
730.04
730.38
730.65
730.96
731.3
731.65
731.85
731.96
731.99
731.91
731.7
731.49
731.31
731.16
731.1
731.25
731.51
731.84
732.24
732.73
733.16
733.5
733.66
733.7
733.73
733.77
733.78
733.69
733.66
733.6
733.59
733.51
733.48
733.5
733.49
733.45
733.5
733.67
733.79
733.98
734.21
734.34
734.37
734.55
734.82
735.06
735.38
735.67
735.91
736.06
736.12
735.98
735.71
735.29
734.79
734.17
733.66
733.24
732.98
732.84
732.79
732.85
732.91
732.91
732.87
732.86
732.78
732.67
732.43
732.1
731.74
731.43
731.01
730.65
730.32
730.05
729.85
729.76
729.77
729.87
730.07
730.14
730.23
730.28
730.3
730.26
730.2
730.02
729.84
729.72
729.7
729.73
729.64
729.51
729.58
729.7
729.86
729.96
730.24
730.38
730.42
730.41
730.42
730.34
730.29
730.23
730.23
730.2
730.1
730.1
730.05
730.07
730.04
729.95
729.79
729.54
729.29
729.03
728.83
728.58
728.36
728.19
727.98
727.83
727.65
727.53
727.51
727.4
727.2
726.98
726.74
726.49
726.28
726.06
725.84
725.68
725.48
725.36
725.2
725.04
725.01
725.05
725.03
724.93
724.86
724.78
724.84
724.85
724.76
724.61
724.55
724.44
724.34
724.21
724.01
723.83
723.7
723.62
723.62
723.5
723.32
723.25
723.19
723
722.79
722.54
722.23
721.93
721.69
721.52
721.28
721.02
720.84
720.63
720.4
720.2
719.94
719.78
719.54
719.34
719.15
719.02
718.89
718.78
718.76
718.75
718.69
718.69
718.66
718.74
718.87
718.93
719
718.97
718.98
719.06
719.1
719
718.97
718.92
718.87
718.88
718.92
718.97
718.92
718.81
718.71
718.67
718.53
718.45
718.44
718.37
718.31
718.23
718.23
718.27
718.31
718.36
718.37
718.4
718.46
718.55
718.67
718.8
718.97
719.09
719.25
719.37
719.47
719.5
719.45
719.39
719.32
719.2
718.99
718.83
718.64
718.49
718.39
718.2
717.9
717.64
717.38
717.12
716.96
716.79
716.61
716.56
716.35
716.14
715.82
715.63
715.56
715.48
715.33
715.29
715.25
715.17
715.01
714.74
714.6
714.43
714.24
714.12
713.98
714.05
714.14
714.27
714.37
714.55
714.52
714.55
714.56
714.53
714.51
714.48
714.43
714.38
714.29
714.19
714.11
714.01
713.94
713.91
713.87
713.97
714.08
714.25
714.49
714.81
714.99
715.25
715.42
715.5
715.51
715.41
715.18
714.95
714.74
714.49
714.43
714.53
714.61
714.83
714.96
715.22
715.48
715.75
715.98
716.08
716.16
716.26
716.31
716.29
716.27
716.3
716.25
716.29
716.3
716.4
716.49
716.64
716.82
717.08
717.28
717.47
717.69
717.82
717.79
717.73
717.72
717.58
717.3
717
716.68
716.41
716.15
715.8
715.49
715.3
715.12
714.97
714.87
714.87
714.83
714.88
714.93
714.94
714.97
714.96
714.9
714.82
714.69
714.61
714.45
714.32
714.18
714.06
714.02
713.89
713.79
713.67
713.5
713.29
713.14
712.96
712.89
712.87
712.8
712.96
713.14
713.22
713.26
713.4
713.57
713.68
713.75
713.76
713.72
713.74
713.68
713.56
713.34
713.11
712.89
712.62
712.4
712.27
712.13
711.92
711.75
711.68
711.68
711.68
711.69
711.81
711.98
712.12
712.26
712.49
712.66
712.69
712.79
712.76
712.66
712.41
712.14
711.81
711.58
711.35
711.15
710.9
710.68
710.56
710.54
710.43
710.31
710.31
710.32
710.34
710.42
710.46
710.45
710.43
710.36
710.28
710.18
710.11
709.99
709.88
709.87
709.92
709.91
709.87
709.72
709.63
709.56
709.49
709.34
709.21
709.06
708.85
708.79
708.65
708.6
708.56
708.57
708.57
708.57
708.53
708.59
708.57
708.64
708.74
708.85
709.01
709.2
709.34
709.42
709.5
709.54
709.61
709.71
709.81
709.96
710.1
710.2
710.32
710.43
710.48
710.44
710.44
710.39
710.36
710.36
710.38
710.29
710.26
710.21
710.18
710.16
710.12
710.03
709.95
709.92
709.94
709.89
709.89
709.87
709.89
709.91
709.94
709.99
710.03
710.03
710.11
710.24
710.28
710.29
710.25
710.25
710.29
710.3
710.37
710.35
710.38
710.44
710.5
710.66
710.75
710.91
711.12
711.28
711.53
711.72
711.9
712
711.94
712.01
711.93
711.85
711.65
711.55
711.42
711.29
711.09
711.02
710.9
710.74
710.69
710.67
710.63
710.49
710.46
710.56
710.65
710.7
710.76
710.88
711
711.11
711.2
711.25
711.33
711.33
711.33
711.24
711.24
711.21
711.23
711.26
711.34
711.4
711.55
711.86
712.11
712.4
712.63
712.96
713.18
713.34
713.48
713.61
713.72
713.75
713.79
713.83
713.9
713.91
713.94
714.09
714.18
714.3
714.4
714.52
714.67
714.88
715.05
715.26
715.52
715.74
715.97
716.21
716.47
716.69
716.96
717.22
717.41
717.67
717.96
718.24
718.49
718.77
719.06
719.38
719.68
719.94
720.2
720.47
720.75
721.02
721.29
721.62
721.92
722.19
722.46
722.77
723.08
723.34
723.67
723.98
724.28
724.54
724.82
725.15
725.5
725.79
726.11
726.5
726.83
727.11
727.44
727.8
728.09
728.41
728.76
729.05
729.33
729.68
729.98
730.3
730.6
730.97
731.23
731.6
731.92
732.19
732.49
732.77
733
733.28
733.61
733.96
734.21
734.47
734.77
735.14
735.46
735.81
736.06
736.38
736.67
736.96
737.32
737.56
737.93
738.22
738.49
738.77
739.01
739.26
739.53
739.71
739.94
740.17
740.43
740.69
740.95
741.21
741.46
741.7
741.93
742.21
742.48
742.73
742.93
743.14
743.36
743.53
743.7
743.86
744.04
744.19
744.26
744.45
744.53
744.63
744.79
744.89
744.94
745.02
745.03
745.23
745.31
745.38
745.44
745.6
745.75
745.88
746.02
746.21
746.45
746.66
746.84
746.92
746.99
746.91
746.73
746.48
746.16
745.8
745.44
745.1
744.84
744.64
744.4
744.2
744.02
743.8
743.66
743.46
743.24
742.96
742.64
742.31
741.94
741.55
741.18
740.86
740.51
740.26
740.05
740.09
740.19
740.38
740.61
740.78
740.91
740.91
740.81
740.56
740.18
739.78
739.46
739.12
738.96
738.83
738.79
738.72
738.69
738.65
738.58
738.44
738.22
738.09
737.96
737.82
737.69
737.57
737.57
737.59
737.69
737.72
737.79
737.75
737.75
737.64
737.48
737.21
736.97
736.77
736.6
736.46
736.42
736.39
736.36
736.38
736.36
736.31
736.2
736.16
735.94
735.75
735.49
735.29
734.98
734.72
734.62
734.59
734.66
734.72
734.86
734.97
735.07
735.09
735.1
735.03
734.99
734.77
734.41
734.14
733.75
733.34
733.05
732.8
732.71
732.75
732.78
732.82
732.94
733.03
733.18
733.29
733.44
733.5
733.54
733.44
733.3
733.08
732.85
732.53
732.14
731.68
731.34
730.96
730.61
730.23
729.84
729.55
729.25
728.99
728.75
728.48
728.31
728.15
727.93
727.68
727.47
727.27
727.03
726.89
726.71
726.59
726.53
726.42
726.21
726.06
725.95
725.77
725.5
725.25
724.92
724.62
724.31
723.96
723.62
723.32
723.07
722.86
722.66
722.5
722.34
722.2
721.99
721.8
721.62
721.39
721.25
721
720.79
720.52
720.24
719.98
719.72
719.5
719.31
719.13
718.89
718.64
718.42
718.16
717.93
717.72
717.43
717.12
716.89
716.61
716.42
716.1
715.86
715.64
715.47
715.22
714.97
714.75
714.6
714.41
714.32
714.21
714.12
714.11
714.02
713.95
713.84
713.69
713.56
713.45
713.3
713.16
713.05
712.94
712.8
712.75
712.66
712.6
712.5
712.33
712.22
712.15
712.06
711.9
711.78
711.59
711.41
711.21
711.04
710.88
710.61
710.52
710.37
710.2
710.11
709.93
709.77
709.63
709.5
709.41
709.29
709.14
708.9
708.76
708.51
708.25
707.93
707.68
707.45
707.24
707
706.82
706.67
706.57
706.47
706.42
706.34
706.35
706.45
706.5
706.6
706.8
706.97
707.16
707.37
707.58
707.78
707.95
708.01
708.12
708.2
708.21
708.15
708.13
708.12
708.11
708.16
708.14
708.19
708.27
708.45
708.62
708.8
708.98
709.16
709.38
709.57
709.59
709.64
709.65
709.65
709.64
709.65
709.55
709.41
709.25
709.12
709.08
709.03
709.03
709.17
709.21
709.38
709.55
709.75
709.92
710.14
710.41
710.72
711
711.25
711.46
711.67
711.86
712.05
712.27
712.45
712.59
712.88
713.1
713.31
713.48
713.7
713.87
713.97
714.09
714.2
714.26
714.3
714.31
714.34
714.27
714.21
714.21
714.21
714.17
714.08
714.09
714.07
714.11
714.22
714.28
714.4
714.49
714.63
714.81
715
715.18
715.38
715.53
715.78
716
716.21
716.39
716.56
716.72
716.79
716.95
717.07
717.22
717.37
717.5
717.74
717.87
718.01
718.16
718.35
718.52
718.7
718.9
719.06
719.21
719.42
719.67
719.93
720.12
720.41
720.65
720.88
721.13
721.32
721.6
721.83
722.02
722.18
722.38
722.58
722.73
722.82
722.93
722.97
723.05
723.08
723.09
723.12
723.19
723.24
723.28
723.31
723.43
723.57
723.75
724.03
724.1
724.39
724.51
724.62
724.74
724.85
724.89
724.92
724.96
725.02
725.03
725.08
725.19
725.24
725.3
725.4
725.57
725.71
725.8
725.9
726.05
726.19
726.34
726.48
726.55
726.63
726.76
726.8
726.78
726.8
726.81
726.76
726.8
726.83
726.78
726.69
726.76
726.8
726.73
726.71
726.68
726.66
726.65
726.63
726.55
726.47
726.44
726.46
726.45
726.45
726.39
726.35
726.22
726.15
725.96
725.83
725.69
725.47
725.34
725.28
725.15
724.99
724.93
724.78
724.64
724.53
724.45
724.39
724.37
724.32
724.3
724.33
724.3
724.18
724.11
724
723.91
723.78
723.67
723.63
723.55
723.43
723.35
723.25
723.25
723.13
722.99
722.99
722.92
722.89
722.86
722.73
722.6
722.46
722.33
722.22
722.06
722
721.93
721.83
721.7
721.65
721.66
721.62
721.56
721.53
721.54
721.48
721.41
721.43
721.37
721.25
721.1
720.96
720.84
720.7
720.57
720.47
720.37
720.25
720.2
720.11
720.02
720
719.93
719.88
719.82
719.71
719.54
719.38
719.19
719.04
718.91
718.73
718.53
718.41
718.36
718.31
718.2
718.12
718.03
718.04
717.99
718.01
718.06
718.07
718.13
718.08
718.04
718.07
718.07
718.06
717.99
718.01
718
717.96
717.81
717.71
717.68
717.6
717.51
717.47
717.47
717.47
717.4
717.39
717.34
717.31
717.22
717.21
717.27
717.28
717.31
717.37
717.4
717.46
717.56
717.61
717.63
717.63
717.62
717.6
717.5
717.43
717.34
717.17
717.08
717.04
717.01
716.9
716.82
716.79
716.82
716.74
716.75
716.75
716.7
716.76
716.79
716.83
716.99
717.16
717.3
717.44
717.66
717.85
718.05
718.2
718.26
718.3
718.44
718.51
718.55
718.54
718.69
718.75
718.78
718.79
718.9
718.93
718.98
719.05
719.07
719.12
719.18
719.23
719.32
719.37
719.39
719.41
719.46
719.55
719.72
719.86
719.92
719.95
720.04
720.2
720.28
720.36
720.49
720.61
720.73
720.84
720.95
721.09
721.29
721.5
721.69
721.98
722.28
722.48
722.75
723.03
723.31
723.57
723.96
724.28
724.53
724.8
725.04
725.24
725.45
725.63
725.74
725.83
725.93
725.99
726.04
726.1
726.23
726.28
726.33
726.32
726.35
726.42
726.44
726.42
726.4
726.35
726.31
726.33
726.39
726.41
726.46
726.54
726.62
726.7
726.84
726.96
727.12
727.29
727.47
727.64
727.77
727.86
727.91
727.97
728.02
728.03
728.13
728.2
728.29
728.41
728.58
728.77
729
729.22
729.39
729.57
729.68
729.78
729.9
729.96
730
730.07
730.12
730.14
730.1
730.11
730.2
730.24
730.25
730.39
730.49
730.63
730.73
730.83
730.99
731.08
731.23
731.38
731.59
731.77
731.92
732.13
732.34
732.46
732.55
732.65
732.77
732.89
732.99
733.04
733.14
733.26
733.28
733.32
733.38
733.44
733.57
733.68
733.82
733.95
734.07
734.14
734.28
734.37
734.51
734.59
734.7
734.81
734.89
735.02
735.07
735.12
735.15
735.21
735.3
735.37
735.43
735.53
735.59
735.64
735.74
735.78
735.79
735.79
735.82
735.83
735.82
735.82
735.77
735.79
735.76
735.82
735.95
736.05
736.13
736.28
736.34
736.34
736.35
736.31
736.22
736.05
735.95
735.73
735.5
735.34
735.21
735.07
734.98
734.82
734.71
734.7
734.67
734.61
734.51
734.38
734.31
734.11
733.91
733.64
733.44
733.34
733.19
733.04
732.94
732.85
732.71
732.56
732.38
732.19
732.04
731.83
731.54
731.31
731.06
730.76
730.48
730.22
729.88
729.58
729.23
728.91
728.59
728.32
728.03
727.74
727.45
727.23
727.02
726.81
726.6
726.45
726.22
726.05
725.76
725.55
725.34
725.09
724.85
724.61
724.46
724.27
724.09
723.85
723.66
723.37
723.1
722.84
722.58
722.25
721.91
721.63
721.38
721.1
720.87
720.64
720.42
720.13
719.88
719.64
719.34
719.1
718.81
718.53
718.3
718.07
717.96
717.81
717.58
717.43
717.27
717.1
717.1
717.06
716.98
716.95
717.01
717.04
716.97
716.93
716.88
716.77
716.59
716.51
716.41
716.28
716.1
715.86
715.75
715.6
715.37
715.19
715.09
715
714.91
714.81
714.78
714.77
714.68
714.72
714.75
714.67
714.61
714.55
714.57
714.49
714.4
714.31
714.2
714.14
714.05
714.01
713.96
713.9
713.82
713.8
713.79
713.78
713.81
713.89
713.93
713.98
714.12
714.23
714.28
714.43
714.5
714.52
714.56
714.56
714.61
714.61
714.59
714.61
714.68
714.74
714.83
714.88
714.92
715.03
715.17
715.27
715.37
715.41
715.45
715.51
715.48
715.5
715.45
715.44
715.45
715.45
715.39
715.37
715.34
715.33
715.28
715.23
715.2
715.19
715.16
715.21
715.25
715.35
715.32
715.34
715.34
715.32
715.36
715.41
715.44
715.46
715.48
715.45
715.45
715.49
715.52
715.53
715.53
715.54
715.52
715.5
715.52
715.49
715.4
715.44
715.43
715.41
715.36
715.33
715.35
715.34
715.3
715.29
715.38
715.38
715.47
715.54
715.68
715.82
716.06
716.26
716.49
716.8
717.11
717.38
717.72
718
718.28
718.51
718.66
718.83
718.92
719.01
719.23
719.43
719.66
719.86
720.08
720.34
720.54
720.74
721.01
721.17
721.27
721.48
721.6
721.64
721.68
721.64
721.6
721.52
721.49
721.41
721.31
721.23
721.11
720.99
720.92
720.85
720.85
720.86
720.92
720.99
721.12
721.31
721.46
721.64
721.9
722.11
722.29
722.47
722.56
722.63
722.69
722.72
722.75
722.83
722.84
722.78
722.77
722.74
722.63
722.57
722.53
722.46
722.36
722.28
722.25
722.23
722.21
722.15
722.14
722.14
722.16
722.21
722.25
722.31
722.35
722.38
722.4
722.51
722.52
722.45
722.5
722.46
722.47
722.56
722.56
722.53
722.54
722.5
722.46
722.38
722.33
722.32
722.19
722.13
722.02
722.03
722.01
721.94
721.91
721.82
721.73
721.58
721.5
721.46
721.34
721.24
721.16
721.01
721.01
720.91
720.85
720.77
720.69
720.63
720.52
720.48
720.35
720.2
720.05
719.96
719.85
719.77
719.54
719.37
719.21
718.96
718.79
718.64
718.52
718.25
718.05
717.82
717.69
717.52
717.36
717.21
717.12
716.97
716.73
716.63
716.49
716.39
716.31
716.16
716.04
715.95
715.82
715.67
715.51
715.4
715.26
715.07
714.9
714.75
714.71
714.64
714.53
714.46
714.49
714.44
714.32
714.19
714.08
713.97
713.8
713.55
713.33
713.19
712.96
712.71
712.5
712.28
712.14
711.97
711.84
711.71
711.56
711.46
711.29
711.15
711.05
710.9
710.66
710.53
710.37
710.15
709.89
709.69
709.48
709.22
708.98
708.67
708.43
708.15
707.83
707.55
707.28
706.99
706.63
706.39
706.1
705.88
705.59
705.36
705.11
704.86
704.59
704.31
704.16
704.01
703.78
703.62
703.43
703.3
703.08
702.9
702.72
702.47
702.22
702.05
701.78
701.54
701.29
701.13
700.92
700.69
700.56
700.37
700.12
700.02
699.8
699.63
699.37
699.18
699.03
698.84
698.64
698.46
698.27
698.11
697.94
697.74
697.49
697.22
696.95
696.63
696.42
696.16
695.88
695.62
695.4
695.17
694.9
694.67
694.47
694.21
694.06
693.89
693.73
693.55
693.29
693.17
693.08
692.89
692.7
692.57
692.43
692.31
692.14
691.96
691.76
691.63
691.45
691.28
691.16
690.98
690.86
690.86
690.8
690.63
690.54
690.3
690.13
690.02
689.79
689.56
689.35
689.25
689.14
689.07
689.09
689.07
689.07
689.1
689.12
689.17
689.19
689.14
689.07
689
688.82
688.62
688.39
688.18
687.91
687.6
687.41
687.16
686.99
686.81
686.64
686.48
686.43
686.28
686.2
686.15
686.13
686.05
686.02
686.02
686.03
685.95
685.95
685.94
685.89
685.79
685.63
685.62
685.51
685.46
685.36
685.31
685.28
685.2
685.16
685.09
685.05
685.04
685.03
685.08
685.11
685.12
685.18
685.28
685.31
685.3
685.31
685.38
685.47
685.51
685.59
685.62
685.63
685.67
685.69
685.72
685.73
685.74
685.76
685.73
685.76
685.8
685.81
685.79
685.83
685.89
685.89
685.94
685.97
685.96
686.04
686.02
685.98
685.98
685.96
685.88
685.82
685.83
685.72
685.72
685.69
685.64
685.55
685.65
685.66
685.59
685.59
685.62
685.65
685.61
685.64
685.67
685.68
685.67
685.69
685.73
685.76
685.79
685.79
685.87
685.95
685.98
685.99
685.95
685.92
685.88
685.8
685.72
685.69
685.63
685.52
685.41
685.32
685.28
685.21
685.2
685.14
685.06
685.08
685.14
685.2
685.31
685.55
685.81
686.12
686.41
686.64
686.77
686.9
686.93
686.92
686.81
686.69
686.61
686.43
686.3
686.05
685.79
685.52
685.3
685.11
684.91
684.71
684.53
684.39
684.25
684.09
684.01
683.93
683.85
683.8
683.77
683.77
683.72
683.65
683.67
683.62
683.59
683.56
683.55
683.46
683.42
683.41
683.43
683.46
683.47
683.5
683.53
683.63
683.71
683.82
683.9
683.96
683.95
683.97
683.94
683.86
683.79
683.76
683.66
683.51
683.45
683.37
683.27
683.2
683.13
683.09
682.99
683.02
682.98
682.93
682.88
682.83
682.8
682.77
682.77
682.68
682.64
682.62
682.55
682.61
682.6
682.62
682.7
682.69
682.65
682.65
682.69
682.67
682.61
682.54
682.55
682.5
682.41
682.31
682.19
682.04
682
682.03
682.01
682.09
682.1
682.18
682.3
682.31
682.33
682.39
682.41
682.43
682.33
682.24
682.16
682.06
681.89
681.76
681.58
681.35
681.13
681.01
680.79
680.64
680.46
680.42
680.4
680.38
680.42
680.46
680.51
680.55
680.54
680.49
680.52
680.51
680.46
680.5
680.51
680.53
680.56
680.68
680.77
680.8
680.8
680.8
680.71
680.62
680.5
680.4
680.22
680.05
679.92
679.85
679.8
679.76
679.73
679.78
679.87
679.89
680.01
680.11
680.18
680.19
680.22
680.24
680.2
680.15
680.11
680.03
679.92
679.84
679.83
679.72
679.66
679.56
679.48
679.38
679.3
679.25
679.15
679.03
678.96
678.9
678.83
678.74
678.63
678.5
678.47
678.35
678.25
678.12
677.97
677.77
677.54
677.3
677.14
677
676.75
676.5
676.25
676.08
675.9
675.67
675.47
675.31
675.09
674.92
674.73
674.52
674.35
674.2
674.04
673.72
673.55
673.34
673.12
672.88
672.65
672.33
672.04
671.78
671.51
671.23
671.02
670.79
670.61
670.42
670.24
670.11
670
669.87
669.73
669.62
669.52
669.46
669.39
669.28
669.18
669.08
668.97
668.85
668.76
668.69
668.54
668.43
668.31
668.23
668.09
667.94
667.84
667.73
667.63
667.56
667.49
667.34
667.17
667.06
667.03
666.98
666.9
666.78
666.68
666.62
666.56
666.48
666.4
666.27
666.17
666.02
665.78
665.77
665.65
665.51
665.39
665.23
665.1
664.99
664.92
664.79
664.68
664.62
664.47
664.36
664.32
664.27
664.2
664.14
664.15
664.07
663.91
663.84
663.74
663.67
663.58
663.45
663.35
663.19
663.03
662.89
662.83
662.67
662.54
662.36
662.22
662.06
661.88
661.71
661.53
661.37
661.28
661.06
660.96
660.77
660.64
660.5
660.41
660.27
660.18
660.09
659.94
659.83
659.78
659.75
659.7
659.59
659.61
659.55
659.49
659.41
659.44
659.36
659.3
659.26
659.25
659.22
659.19
659.14
659.13
659.13
659.08
659.05
659.01
658.92
658.87
658.85
658.84
658.81
658.73
658.7
658.65
658.58
658.51
658.52
658.48
658.4
658.35
658.32
658.27
658.26
658.26
658.13
658.07
657.98
657.88
657.84
657.69
657.58
657.58
657.46
657.38
657.24
657.19
657.13
657.09
657
656.9
656.79
656.71
656.71
656.52
656.5
656.41
656.32
656.27
656.15
656.1
656.07
656.05
656.07
656.07
656.05
655.99
656.02
656.08
656.07
656.09
656.09
656.12
656.08
656.01
656.06
656.02
656
655.96
655.94
655.94
655.88
655.8
655.79
655.7
655.66
655.67
655.67
655.66
655.62
655.65
655.62
655.61
655.57
655.61
655.61
655.53
655.47
655.43
655.4
655.39
655.39
655.3
655.25
655.12
655.07
654.95
654.85
654.84
654.79
654.67
654.51
654.47
654.38
654.24
654.15
654.13
654.02
653.96
653.87
653.77
653.69
653.6
653.54
653.42
653.3
653.2
653.01
652.81
652.68
652.47
652.28
652.08
651.84
651.69
651.49
651.32
651.1
650.94
650.74
650.53
650.35
650.12
649.88
649.7
649.44
649.18
648.97
648.75
648.51
648.28
648.09
647.89
647.73
647.53
647.29
647.07
646.79
646.56
646.34
646.05
645.77
645.51
645.25
645
644.73
644.5
644.19
643.88
643.53
643.28
642.96
642.6
642.29
642.01
641.64
641.29
640.94
640.67
640.3
639.96
639.62
639.34
639.05
638.72
638.36
638.02
637.71
637.46
637.16
636.81
636.49
636.27
635.93
635.65
635.33
635.05
634.74
634.49
634.15
633.9
633.64
633.41
633.17
632.96
632.69
632.43
632.25
632
631.75
631.48
631.3
631.04
630.72
630.46
630.16
629.89
629.58
629.33
629.05
628.78
628.51
628.24
628.02
627.75
627.49
627.25
627
626.71
626.37
626.22
626.01
625.76
625.53
625.33
625.12
624.95
624.83
624.7
624.55
624.43
624.3
624.18
623.96
623.86
623.73
623.59
623.41
623.21
623.1
622.92
622.73
622.61
622.46
622.26
622.13
622.05
621.97
621.85
621.76
621.76
621.69
621.68
621.61
621.56
621.49
621.55
621.45
621.43
621.43
621.39
621.37
621.37
621.34
621.29
621.27
621.21
621.15
621.03
621
620.94
620.88
620.89
620.87
620.87
620.86
620.89
620.88
620.9
620.9
620.93
620.89
620.9
620.93
621
621.01
621.11
621.19
621.29
621.41
621.45
621.46
621.48
621.48
621.51
621.53
621.6
621.65
621.74
621.8
621.88
621.96
622.03
622.05
622.13
622.19
622.23
622.31
622.38
622.43
622.55
622.63
622.72
622.81
622.89
622.95
623.05
623.12
623.19
623.26
623.29
623.3
623.3
623.31
623.31
623.3
623.31
623.34
623.35
623.34
623.33
623.35
623.37
623.35
623.38
623.43
623.48
623.49
623.5
623.55
623.58
623.6
623.6
623.59
623.7
623.74
623.74
623.79
623.82
623.87
623.85
623.92
623.95
623.97
624
624.04
624.09
624.1
624.08
624.15
624.19
624.21
624.21
624.22
624.3
624.33
624.3
624.33
624.34
624.35
624.37
624.4
624.35
624.39
624.37
624.34
624.39
624.42
624.45
624.51
624.63
624.72
624.82
624.93
625.01
625.1
625.22
625.26
625.33
625.34
625.37
625.3
625.25
625.23
625.19
625.09
624.95
624.87
624.79
624.75
624.64
624.58
624.57
624.54
624.51
624.48
624.45
624.48
624.46
624.48
624.53
624.53
624.54
624.58
624.57
624.61
624.65
624.66
624.64
624.62
624.61
624.55
624.55
624.52
624.43
624.35
624.25
624.17
624.09
623.98
623.85
623.8
623.67
623.56
623.5
623.39
623.32
623.25
623.15
623
622.94
622.91
622.88
622.79
622.72
622.72
622.69
622.64
622.6
622.58
622.57
622.58
622.6
622.52
622.48
622.47
622.44
622.43
622.36
622.3
622.27
622.23
622.18
622.13
622.16
622.19
622.17
622.2
622.15
622.15
622.17
622.23
622.25
622.24
622.29
622.29
622.27
622.27
622.24
622.18
622.13
622.07
622.05
621.99
621.9
621.77
621.69
621.65
621.56
621.46
621.34
621.26
621.16
621.08
621.07
620.99
620.95
620.96
620.94
620.94
620.92
620.96
620.95
620.86
620.8
620.81
620.77
620.72
620.64
620.5
620.42
620.35
620.22
620.1
619.95
619.83
619.72
619.63
619.54
619.39
619.25
619.14
619.02
618.87
618.69
618.52
618.42
618.25
618.13
618.04
617.91
617.79
617.72
617.57
617.49
617.46
617.39
617.26
617.17
617.11
617.03
616.9
616.76
616.63
616.55
616.45
616.33
616.17
616.01
615.87
615.75
615.58
615.29
615.13
615
614.78
614.56
614.34
614.2
613.99
613.84
613.64
613.48
613.27
613.08
612.9
612.74
612.58
612.41
612.22
612.08
611.95
611.77
611.62
611.5
611.33
611.1
610.95
610.76
610.58
610.44
610.29
610.15
610.01
609.87
609.72
609.6
609.49
609.41
609.36
609.25
609.13
608.97
608.94
608.85
608.75
608.7
608.61
608.54
608.43
608.4
608.31
608.24
608.21
608.15
608.08
608.06
608.01
607.97
607.96
607.93
607.94
607.91
607.95
607.93
607.89
607.91
607.88
607.92
607.92
607.99
607.95
607.92
607.87
607.87
607.93
607.93
607.91
607.84
607.83
607.84
607.84
607.81
607.77
607.86
607.9
607.9
607.91
607.88
607.88
607.91
607.96
607.97
607.98
607.95
607.96
607.91
607.95
607.99
607.98
607.98
607.97
607.94
607.92
607.94
607.96
607.86
607.83
607.87
607.83
607.82
607.84
607.84
607.86
607.84
607.83
607.89
607.88
607.9
607.88
607.9
607.94
607.97
608.03
608.04
608.04
608.09
608.1
608.08
608.09
608.07
608.02
607.96
607.83
607.79
607.79
607.77
607.67
607.61
607.62
607.61
607.63
607.55
607.51
607.46
607.33
607.3
607.3
607.21
607.16
607.09
606.95
606.85
606.74
606.65
606.49
606.36
606.24
606.12
605.98
605.88
605.71
605.55
605.43
605.32
605.19
605.04
604.93
604.82
604.76
604.65
604.52
604.42
604.28
604.2
604.08
603.95
603.83
603.75
603.66
603.53
603.47
603.36
603.26
603.14
603.05
602.9
602.8
602.7
602.58
602.4
602.29
602.14
601.95
601.81
601.67
601.5
601.36
601.25
601.12
600.95
600.81
600.66
600.57
600.42
600.27
600.14
599.99
599.86
599.7
599.52
599.35
599.26
599.09
598.95
598.82
598.66
598.48
598.26
598.13
597.98
597.81
597.61
597.42
597.23
597.07
596.9
596.7
596.56
596.38
596.22
596.05
595.88
595.72
595.51
595.35
595.21
595.04
594.86
594.68
594.52
594.37
594.2
594.08
593.9
593.73
593.56
593.4
593.16
592.94
592.72
592.49
592.2
591.96
591.73
591.49
591.27
591.11
590.97
590.82
590.67
590.56
590.46
590.36
590.31
590.22
590.17
590.14
590.13
590.07
590.06
590.01
589.94
589.81
589.66
589.5
589.3
589.05
588.8
588.54
588.31
588.06
587.81
587.51
587.32
587.09
586.92
586.72
586.52
586.38
586.24
586.1
585.99
585.88
585.81
585.7
585.62
585.54
585.45
585.38
585.31
585.18
585.06
584.99
584.89
584.7
584.55
584.37
584.18
584
583.88
583.71
583.58
583.49
583.39
583.26
583.12
582.99
582.91
582.81
582.7
582.59
582.49
582.38
582.29
582.14
582.02
581.92
581.76
581.61
581.49
581.44
581.29
581.22
581.09
581
580.95
580.83
580.8
580.72
580.69
580.59
580.48
580.34
580.19
580.06
579.92
579.72
579.55
579.41
579.27
579.1
578.93
578.77
578.6
578.46
578.33
578.19
578.06
577.94
577.8
577.67
577.58
577.45
577.3
577.15
577.02
576.89
576.74
576.58
576.45
576.31
576.13
575.95
575.8
575.63
575.39
575.22
575.05
574.88
574.72
574.57
574.43
574.28
574.17
574.02
573.92
573.79
573.68
573.57
573.5
573.39
573.35
573.31
573.24
573.2
573.22
573.21
573.18
573.13
573.14
573.15
573.1
573.09
573.07
573.03
572.96
572.88
572.77
572.71
572.67
572.62
572.54
572.47
572.32
572.28
572.23
572.16
572.09
572.02
571.94
571.88
571.84
571.81
571.81
571.75
571.75
571.66
571.67
571.65
571.64
571.58
571.54
571.52
571.45
571.43
571.4
571.4
571.38
571.39
571.41
571.42
571.39
571.41
571.43
571.41
571.45
571.51
571.52
571.56
571.61
571.67
571.67
571.69
571.7
571.67
571.65
571.68
571.64
571.61
571.6
571.59
571.55
571.52
571.45
571.45
571.4
571.36
571.33
571.33
571.31
571.3
571.24
571.26
571.21
571.21
571.22
571.18
571.16
571.18
571.16
571.16
571.11
571.09
571.12
571.13
571.12
571.13
571.15
571.12
571.11
571.09
571.1
571.06
571.03
570.95
570.94
570.93
570.87
570.87
570.86
570.78
570.75
570.71
570.7
570.74
570.76
570.77
570.73
570.77
570.85
570.82
570.79
570.76
570.74
570.68
570.62
570.57
570.47
570.31
570.2
570.17
570.07
569.99
569.86
569.78
569.68
569.6
569.54
569.51
569.4
569.33
569.32
569.25
569.16
569.13
569.1
569.08
569.08
569.05
569.01
568.98
568.95
568.88
568.81
568.76
568.7
568.62
568.52
568.46
568.38
568.3
568.18
568.04
567.98
567.91
567.85
567.79
567.68
567.54
567.54
567.51
567.46
567.41
567.41
567.38
567.36
567.29
567.24
567.14
567.16
567.18
567.17
567.1
567.04
567.01
566.98
567.02
566.99
566.93
566.86
566.79
566.69
566.6
566.58
566.51
566.48
566.42
566.38
566.35
566.3
566.23
566.2
566.17
566.16
566.12
566.13
566.13
566.15
566.1
566.06
566.05
565.96
565.93
565.88
565.82
565.78
565.74
565.71
565.65
565.62
565.56
565.49
565.48
565.48
565.47
565.38
565.36
565.32
565.26
565.21
565.22
565.15
565.02
564.94
564.91
564.85
564.73
564.67
564.63
564.56
564.5
564.41
564.36
564.19
564.12
564.05
564.04
563.98
563.93
563.82
563.73
563.69
563.62
563.55
563.44
563.38
563.36
563.26
563.12
563.07
563.05
562.96
562.78
562.76
562.75
562.71
562.64
562.58
562.59
562.56
562.53
562.57
562.55
562.55
562.58
562.57
562.59
562.6
562.58
562.59
562.51
562.52
562.49
562.42
562.39
562.38
562.31
562.2
562.1
561.98
561.84
561.77
561.67
561.59
561.44
561.34
561.19
561.1
560.94
560.86
560.69
560.59
560.44
560.35
560.22
560.18
560.05
559.9
559.81
559.73
559.67
559.56
559.49
559.45
559.42
559.38
559.34
559.34
559.27
559.28
559.26
559.23
559.19
559.16
559.18
559.2
559.18
559.15
559.16
559.13
559.1
559.08
559.1
559.11
559.11
559.06
559.03
559.04
559.09
559.06
559.04
558.97
558.89
558.87
558.8
558.75
558.75
558.76
558.76
558.69
558.71
558.73
558.76
558.7
558.66
558.69
558.66
558.56
558.49
558.42
558.35
558.28
558.22
558.13
558.01
557.98
557.94
557.92
557.89
557.83
557.79
557.72
557.76
557.69
557.61
557.61
557.51
557.4
557.34
557.28
557.14
557.04
556.99
556.94
556.85
556.84
556.8
556.76
556.77
556.79
556.81
556.78
556.77
556.81
556.89
556.95
556.91
556.93
557
557.01
557.01
557.08
557.06
557.1
557.13
557.1
557.09
557.1
557.07
557.04
557.02
557.08
557.09
557.05
556.99
556.98
557.02
556.94
556.91
556.91
556.85
556.84
556.86
556.82
556.75
556.78
556.75
556.7
556.64
556.58
556.57
556.65
556.68
556.65
556.6
556.57
556.48
556.49
556.47
556.39
556.3
556.27
556.2
556.16
556.07
556.06
556.03
556.02
556
555.98
555.95
555.87
555.85
555.88
555.91
555.88
555.89
555.85
555.79
555.76
555.81
555.77
555.72
555.62
555.61
555.59
555.49
555.45
555.43
555.33
555.22
555.12
555.11
554.99
554.94
554.87
554.8
554.75
554.74
554.67
554.62
554.5
554.44
554.41
554.35
554.28
554.23
554.15
554.08
554.01
553.94
553.88
553.83
553.77
553.73
553.68
553.66
553.63
553.63
553.62
553.59
553.56
553.48
553.47
553.44
553.4
553.34
553.33
553.29
553.23
553.14
553.11
553.05
552.97
552.89
552.78
552.66
552.59
552.5
552.41
552.31
552.2
552.09
552.02
551.92
551.85
551.71
551.58
551.5
551.38
551.29
551.19
551.11
551.04
550.94
550.84
550.74
550.6
550.54
550.42
550.34
550.3
550.22
550.25
550.19
550.09
550.02
549.98
549.84
549.73
549.69
549.56
549.41
549.23
549.16
549.1
549.08
548.98
548.91
548.84
548.76
548.73
548.71
548.73
548.72
548.66
548.65
548.57
548.56
548.55
548.58
548.52
548.42
548.38
548.36
548.36
548.29
548.23
548.22
548.24
548.2
548.19
548.17
548.13
548.08
548.07
548.07
548.07
548.02
547.95
547.95
547.93
547.9
547.84
547.82
547.79
547.74
547.67
547.6
547.54
547.5
547.46
547.41
547.35
547.26
547.18
547.16
547.08
546.99
546.95
546.9
546.86
546.81
546.76
546.72
546.61
546.56
546.46
546.34
546.29
546.21
546.06
545.98
545.92
545.88
545.8
545.73
545.67
545.57
545.48
545.39
545.25
545.19
545.2
545.14
545.1
545.06
545.06
544.99
544.99
544.93
544.92
544.85
544.78
544.67
544.6
544.54
544.51
544.45
544.38
544.23
544.07
543.99
543.96
543.85
543.76
543.73
543.74
543.76
543.68
543.61
543.56
543.55
543.45
543.42
543.39
543.37
543.34
543.26
543.2
543.13
543.05
542.93
542.87
542.79
542.68
542.67
542.59
542.51
542.43
542.37
542.29
542.29
542.26
542.23
542.14
542.08
542.01
541.95
541.91
541.89
541.82
541.78
541.68
541.6
541.51
541.4
541.35
541.3
541.23
541.13
541.09
541.06
540.92
540.87
540.78
540.73
540.7
540.67
540.62
540.57
540.49
540.43
540.41
540.35
540.26
540.14
540.06
540.02
539.95
539.91
539.76
539.65
539.64
539.53
539.51
539.45
539.4
539.34
539.26
539.26
539.14
539.07
539.06
538.97
538.94
538.86
538.78
538.76
538.66
538.58
538.51
538.5
538.42
538.33
538.21
538.13
538.11
537.98
537.87
537.75
537.59
537.48
537.4
537.32
537.28
537.23
537.2
537.13
537.09
537.05
536.93
536.83
536.78
536.73
536.68
536.58
536.51
536.43
536.37
536.32
536.26
536.17
536.14
536.05
536
535.95
535.94
535.93
535.87
535.82
535.88
535.89
535.86
535.79
535.77
535.68
535.66
535.64
535.56
535.49
535.43
535.45
535.48
535.44
535.4
535.33
535.31
535.26
535.22
535.19
535.16
535.18
535.17
535.19
535.24
535.25
535.19
535.26
535.32
535.25
535.24
535.23
535.19
535.2
535.19
535.22
535.31
535.34
535.34
535.34
535.34
535.38
535.44
535.48
535.48
535.48
535.51
535.55
535.63
535.67
535.72
535.72
535.75
535.77
535.9
535.97
536.03
536.11
536.13
536.14
536.12
536.15
536.11
536.14
536.16
536.18
536.17
536.17
536.17
536.11
536.13
536.09
536.1
536.11
536.08
536.05
536.03
536.02
535.98
535.92
535.86
535.82
535.73
535.66
535.57
535.47
535.36
535.32
535.28
535.26
535.18
535.17
535.1
535.06
535.04
534.94
534.85
534.69
534.55
534.43
534.33
534.25
534.16
534.12
534.07
533.91
533.79
533.63
533.53
533.41
533.27
533.15
533.03
532.88
532.69
532.51
532.28
532.13
532.08
531.94
531.78
531.66
531.52
531.38
531.3
531.24
531.11
531
530.91
530.86
530.84
530.72
530.6
530.57
530.48
530.42
530.35
530.22
530.15
530.07
530
529.85
529.75
529.67
529.6
529.53
529.41
529.3
529.13
529.08
529.02
528.93
528.85
528.75
528.64
528.51
528.42
528.36
528.24
528.16
528.08
528.02
527.92
527.84
527.78
527.68
527.57
527.45
527.38
527.25
527.1
527.02
526.9
526.71
526.64
526.52
526.38
526.19
525.96
525.83
525.65
525.43
525.24
525.02
524.8
524.53
524.38
524.12
523.91
523.71
523.5
523.29
523.04
522.79
522.59
522.37
522.14
521.89
521.68
521.39
521.15
520.89
520.61
520.25
520
519.75
519.44
519.13
518.78
518.51
518.22
517.93
517.62
517.3
517.03
516.75
516.47
516.2
515.92
515.61
515.33
515.01
514.72
514.43
514.15
513.87
513.57
513.31
513.07
512.86
512.63
512.38
512.12
511.91
511.68
511.46
511.22
510.94
510.64
510.3
510.05
509.84
509.62
509.41
509.17
508.91
508.61
508.32
508.03
507.76
507.49
507.19
506.92
506.69
506.43
506.15
505.89
505.6
505.37
505.12
504.81
504.53
504.26
504
503.72
503.41
503.13
502.92
502.64
502.37
502.07
501.76
501.5
501.3
501.04
500.76
500.5
500.29
500.09
499.85
499.58
499.3
499
498.71
498.48
498.25
498.05
497.83
497.64
497.38
497.19
496.96
496.72
496.54
496.36
496.27
496.16
495.96
495.88
495.72
495.5
495.37
495.27
495.12
494.97
494.81
494.67
494.46
494.2
494.06
493.94
493.82
493.69
493.56
493.46
493.4
493.36
493.3
493.16
493.09
493.08
493.03
492.95
492.89
492.79
492.67
492.53
492.38
492.28
492.15
492
491.85
491.77
491.71
491.63
491.51
491.44
491.38
491.32
491.17
491.06
490.95
490.87
490.8
490.66
490.52
490.43
490.28
490.14
489.99
489.9
489.71
489.54
489.4
489.27
489.16
489.05
488.93
488.83
488.75
488.7
488.57
488.5
488.42
488.32
488.26
488.19
488.08
488
487.98
487.96
487.9
487.75
487.73
487.69
487.66
487.56
487.51
487.44
487.33
487.3
487.24
487.18
487.13
487.09
487.09
487.08
487.03
487.01
486.93
486.84
486.72
486.72
486.73
486.74
486.68
486.65
486.62
486.62
486.59
486.59
486.63
486.64
486.6
486.58
486.57
486.56
486.56
486.53
486.5
486.45
486.49
486.47
486.45
486.42
486.44
486.43
486.4
486.4
486.41
486.43
486.46
486.48
486.49
486.47
486.42
486.47
486.48
486.49
486.47
486.5
486.54
486.54
486.48
486.54
486.55
486.62
486.7
486.77
486.85
486.91
486.99
487
487.04
487.06
487.09
487.15
487.23
487.26
487.35
487.41
487.47
487.51
487.55
487.63
487.71
487.79
487.86
487.96
488.02
488.06
488.12
488.19
488.22
488.25
488.28
488.33
488.4
488.48
488.56
488.62
488.72
488.81
488.85
488.98
489.02
489.06
489.13
489.24
489.3
489.36
489.39
489.44
489.54
489.57
489.65
489.68
489.76
489.84
489.87
489.98
490.05
490.16
490.26
490.36
490.43
490.48
490.59
490.74
490.87
490.96
491.1
491.3
491.41
491.54
491.69
491.91
492.07
492.23
492.38
492.55
492.68
492.81
492.88
492.93
493.03
493.15
493.22
493.34
493.44
493.53
493.63
493.76
493.92
494.09
494.25
494.44
494.63
494.83
495.06
495.29
495.49
495.67
495.86
496.08
496.3
496.45
496.59
496.76
496.93
497.03
497.16
497.29
497.44
497.55
497.68
497.87
498.04
498.23
498.4
498.57
498.75
498.94
499.16
499.4
499.62
499.88
500.12
500.31
500.58
500.81
500.98
501.21
501.47
501.72
501.94
502.16
502.43
502.67
502.9
503.18
503.42
503.7
503.95
504.17
504.41
504.67
504.93
505.16
505.46
505.73
506.03
506.26
506.46
506.74
507.01
507.28
507.53
507.82
508.09
508.35
508.59
508.85
509.11
509.39
509.71
510.01
510.31
510.59
510.91
511.16
511.43
511.68
511.92
512.17
512.41
512.67
512.94
513.21
513.4
513.66
513.96
514.23
514.48
514.7
514.87
515.14
515.43
515.7
515.98
516.2
516.48
516.77
517.07
517.35
517.61
517.91
518.23
518.54
518.86
519.21
519.53
519.86
520.18
520.48
520.81
521.09
521.39
521.65
521.9
522.1
522.32
522.53
522.74
523.02
523.26
523.51
523.8
524.01
524.3
524.6
524.89
525.16
525.51
525.79
526.05
526.33
526.66
526.98
527.26
527.6
527.89
528.16
528.51
528.83
529.14
529.39
529.66
529.91
530.13
530.41
530.64
530.87
531.12
531.4
531.64
531.92
532.22
532.43
532.69
532.96
533.23
533.51
533.73
533.98
534.27
534.52
534.77
535.04
535.35
535.63
535.91
536.17
536.5
536.82
537.08
537.34
537.58
537.81
538.03
538.27
538.54
538.78
539
539.24
539.5
539.72
539.96
540.19
540.46
540.75
541.01
541.28
541.52
541.74
542.02
542.29
542.51
542.77
542.98
543.32
543.58
543.83
544.11
544.39
544.68
544.99
545.29
545.63
545.99
546.26
546.58
546.88
547.21
547.55
547.81
548.04
548.31
548.5
548.67
548.83
549.04
549.31
549.53
549.82
550.17
550.44
550.75
551.07
551.39
551.64
551.92
552.16
552.39
552.58
552.76
552.98
553.14
553.38
553.61
553.83
554.06
554.3
554.59
554.89
555.15
555.39
555.65
555.88
556.1
556.32
556.62
556.91
557.17
557.4
557.59
557.87
558.12
558.32
558.62
558.85
559.04
559.25
559.46
559.65
559.82
559.99
560.17
560.38
560.53
560.7
560.89
561.05
561.24
561.4
561.58
561.8
561.98
562.19
562.4
562.59
562.77
562.98
563.21
563.41
563.66
563.92
564.23
564.44
564.64
564.84
564.97
565.2
565.42
565.58
565.75
565.89
566.02
566.09
566.11
566.17
566.18
566.18
566.25
566.31
566.35
566.35
566.33
566.34
566.43
566.5
566.59
566.68
566.73
566.82
566.92
566.99
567
567.1
567.11
567.2
567.28
567.33
567.37
567.44
567.5
567.57
567.56
567.69
567.73
567.77
567.84
568
568.18
568.29
568.43
568.55
568.63
568.89
569.12
569.28
569.28
569.37
569.44
569.56
569.65
569.76
569.92
570.11
570.41
570.62
570.92
571.22
571.47
571.78
572.08
572.31
572.49
572.66
572.81
573.01
573.19
573.35
573.49
573.64
573.76
573.89
574.04
574.17
574.28
574.42
574.57
574.66
574.73
574.86
574.94
574.96
575.01
575
575.09
575.23
575.32
575.42
575.5
575.56
575.61
575.71
575.76
575.84
575.97
576.06
576.17
576.33
576.49
576.61
576.7
576.75
576.94
577.05
577.18
577.36
577.48
577.55
577.64
577.79
578.01
578.15
578.3
578.47
578.6
578.7
578.75
578.89
579
579.19
579.43
579.63
579.81
580.04
580.28
580.56
580.79
581.01
581.27
581.47
581.68
581.88
582.04
582.2
582.32
582.49
582.64
582.76
582.88
583.02
583.14
583.35
583.5
583.66
583.84
583.98
584.11
584.28
584.39
584.54
584.68
584.84
584.99
585.12
585.26
585.4
585.53
585.63
585.77
585.85
585.98
586.12
586.28
586.42
586.55
586.68
586.84
586.95
587.11
587.22
587.42
587.55
587.74
587.94
588.09
588.22
588.42
588.55
588.7
588.83
588.96
589.07
589.21
589.35
589.48
589.6
589.69
589.78
589.88
589.98
590.06
590.11
590.21
590.29
590.33
590.45
590.54
590.61
590.63
590.66
590.74
590.77
590.75
590.71
590.71
590.79
590.85
590.92
590.98
591.06
591.17
591.27
591.37
591.49
591.57
591.67
591.79
591.88
591.88
591.89
591.87
591.9
591.92
591.89
591.88
591.89
591.92
591.93
591.94
591.94
591.92
591.96
591.99
592.03
592.05
592.02
591.97
592.03
592.09
592.1
592.04
592.08
592.08
592.06
592.01
591.98
591.94
591.87
591.81
591.75
591.67
591.59
591.55
591.48
591.37
591.31
591.33
591.36
591.32
591.32
591.34
591.31
591.33
591.4
591.43
591.37
591.3
591.27
591.25
591.24
591.2
591.15
591.1
591.07
591.01
590.99
590.96
590.96
591.01
591
590.9
590.86
590.88
590.86
590.82
590.74
590.56
590.4
590.29
590.24
590.23
590.21
590.06
590
589.96
589.92
589.83
589.83
589.73
589.65
589.64
589.63
589.61
589.51
589.41
589.29
589.18
589.16
589.06
588.98
588.86
588.7
588.55
588.37
588.23
588.11
587.98
587.89
587.8
587.69
587.58
587.49
587.44
587.38
587.36
587.34
587.27
587.18
587.02
586.99
586.97
586.85
586.73
586.62
586.5
586.37
586.23
586.03
585.83
585.61
585.49
585.3
585.13
585.06
585
584.9
584.79
584.65
584.56
584.43
584.29
584.16
584.01
583.91
583.77
583.67
583.59
583.52
583.47
583.32
583.23
583.08
582.9
582.73
582.63
582.57
582.51
582.43
582.35
582.28
582.24
582.23
582.22
582.21
582.21
582.23
582.28
582.24
582.23
582.23
582.12
582.02
582
581.96
581.9
581.81
581.79
581.76
581.75
581.76
581.69
581.66
581.63
581.66
581.66
581.63
581.58
581.65
581.66
581.78
581.83
581.87
581.86
581.93
582.02
582.08
582.14
582.28
582.32
582.31
582.34
582.28
582.28
582.33
582.36
582.35
582.36
582.36
582.34
582.33
582.34
582.33
582.33
582.32
582.27
582.25
582.23
582.22
582.15
582.08
581.95
581.92
581.97
582.02
582.05
582.01
582
582.01
582.07
582.12
582.13
582.15
582.17
582.24
582.28
582.25
582.21
582.17
582.17
582.16
582.22
582.28
582.28
582.28
582.3
582.34
582.36
582.41
582.44
582.45
582.48
582.47
582.48
582.46
582.52
582.59
582.62
582.64
582.66
582.66
582.66
582.71
582.73
582.72
582.8
582.83
582.84
582.82
582.86
582.87
582.89
582.91
582.95
583.05
583.09
583.1
583.11
583.16
583.21
583.23
583.31
583.42
583.48
583.58
583.62
583.7
583.81
583.92
584.07
584.14
584.25
584.38
584.56
584.65
584.73
584.79
584.84
584.95
585.03
585.08
585.12
585.15
585.21
585.29
585.37
585.41
585.47
585.57
585.67
585.77
585.87
585.91
585.95
586.04
586.12
586.18
586.26
586.34
586.39
586.46
586.5
586.62
586.74
586.82
586.87
586.91
587.04
587.13
587.29
587.44
587.58
587.68
587.74
587.84
587.94
588
588.02
588.08
588.11
588.15
588.16
588.19
588.25
588.33
588.38
588.34
588.39
588.43
588.5
588.59
588.62
588.63
588.69
588.77
588.89
588.96
589.1
589.17
589.33
589.45
589.5
589.55
589.62
589.6
589.64
589.7
589.77
589.8
589.88
589.99
590.05
590.1
590.22
590.28
590.3
590.42
590.46
590.58
590.67
590.79
590.92
591.06
591.23
591.38
591.58
591.88
591.98
592.15
592.42
592.71
592.89
593.11
593.27
593.49
593.67
593.76
593.78
593.79
593.82
593.86
593.96
594.08
594.25
594.38
594.57
594.89
595.19
595.41
595.55
595.7
595.78
595.86
595.96
596.07
596.14
596.21
596.28
596.38
596.55
596.7
596.86
596.99
597.15
597.44
597.72
597.96
598.28
598.62
598.91
599.2
599.53
599.8
600.1
600.41
600.75
601.03
601.53
601.92
602.34
602.82
603.22
603.57
603.85
604.12
604.26
604.38
604.52
604.67
604.72
604.76
604.86
605.08
605.27
605.53
605.77
606.11
606.43
606.9
607.3
607.67
608.03
608.37
608.7
608.99
609.23
609.39
609.54
609.71
609.86
610.01
610.15
610.3
610.42
610.57
610.78
611.01
611.29
611.56
611.85
612.13
612.43
612.67
612.89
613.08
613.24
613.47
613.79
614.02
614.23
614.47
614.68
614.88
615.03
615.18
615.34
615.49
615.62
615.7
615.79
615.89
616.02
616.14
616.21
616.29
616.38
616.47
616.56
616.72
616.88
617.07
617.25
617.43
617.63
617.82
618
618.2
618.4
618.58
618.75
618.92
619.07
619.16
619.32
619.42
619.57
619.69
619.77
619.87
619.92
619.96
620
620.07
620.1
620.08
620.08
620.06
620.13
620.13
620.1
620.11
620.2
620.25
620.31
620.36
620.46
620.55
620.74
620.84
620.93
621
621.05
621.15
621.29
621.36
621.42
621.42
621.48
621.53
621.61
621.66
621.72
621.74
621.73
621.7
621.69
621.65
621.61
621.57
621.52
621.45
621.39
621.33
621.33
621.29
621.24
621.3
621.33
621.32
621.35
621.32
621.34
621.37
621.33
621.4
621.46
621.5
621.54
621.59
621.61
621.62
621.61
621.59
621.68
621.74
621.85
621.98
622.11
622.25
622.43
622.59
622.77
622.92
623.2
623.31
623.57
623.79
623.99
624.16
624.34
624.53
624.65
624.75
624.83
624.93
625.01
625.04
625.08
625.16
625.24
625.29
625.33
625.43
625.5
625.59
625.72
625.87
625.95
626.04
626.11
626.29
626.47
626.66
626.87
626.98
627.12
627.19
627.32
627.47
627.57
627.74
627.89
627.96
628.08
628.18
628.33
628.51
628.76
629.03
629.24
629.41
629.62
629.82
630.01
630.1
630.22
630.35
630.5
630.65
630.81
630.97
631.08
631.23
631.3
631.45
631.63
631.81
632
632.22
632.43
632.64
632.92
633.18
633.36
633.58
633.96
634.24
634.46
634.73
634.89
635.13
635.34
635.5
635.65
635.81
636.02
636.23
636.5
636.73
636.99
637.33
637.73
638.03
638.35
638.7
639
639.21
639.49
639.71
639.87
639.97
640.11
640.18
640.15
640.14
640.07
640.02
639.98
639.94
639.89
639.97
640.12
640.19
640.27
640.36
640.47
640.58
640.7
640.73
640.73
640.74
640.8
640.9
640.98
641.08
641.23
641.4
641.59
641.8
642.02
642.16
642.24
642.43
642.56
642.7
642.79
642.87
642.93
642.9
642.96
642.97
642.98
643.04
643.09
643.17
643.27
643.39
643.52
643.69
643.9
644.11
644.34
644.5
644.63
644.91
645.11
645.26
645.35
645.43
645.55
645.58
645.72
645.74
645.77
645.8
645.85
645.77
645.66
645.47
645.34
645.15
644.95
644.7
644.49
644.26
643.98
643.72
643.49
643.16
642.89
642.7
642.42
642.18
641.95
641.69
641.47
641.24
641.05
640.85
640.63
640.46
640.31
640.21
640.2
640.09
639.99
639.87
639.63
639.44
639.22
639.02
638.8
638.58
638.38
638.21
638.02
637.9
637.72
637.53
637.35
637.13
636.89
636.68
636.5
636.18
636.15
636.31
636.44
636.52
636.61
636.71
636.76
636.87
636.98
637.09
637.21
637.44
637.58
637.72
637.93
638.03
638.16
638.3
638.54
638.73
638.97
639.13
639.26
639.41
639.6
639.8
640.01
640.19
640.35
640.5
640.64
640.81
641
641.22
641.43
641.64
641.82
642.04
642.23
642.46
642.67
642.8
642.96
643.13
643.33
643.57
643.8
643.98
644.16
644.37
644.58
644.79
645.03
645.2
645.38
645.62
645.76
645.91
646.04
646.23
646.46
646.67
646.9
647.1
647.27
647.38
647.51
647.72
647.95
648.18
648.45
648.67
648.89
649.05
649.2
649.35
649.54
649.69
649.89
649.97
650.1
650.25
650.43
650.65
650.85
651
651.19
651.37
651.49
651.63
651.75
651.79
651.95
652.13
652.3
652.43
652.56
652.73
652.89
653.04
653.2
653.37
653.55
653.79
653.98
654.16
654.33
654.47
654.68
654.86
655.01
655.21
655.44
655.62
655.76
655.91
656.06
656.24
656.41
656.57
656.71
656.79
656.93
657.16
657.3
657.5
657.72
657.95
658.15
658.34
658.54
658.71
658.88
659.03
659.27
659.52
659.75
659.98
660.16
660.28
660.45
660.69
660.89
661.11
661.27
661.48
661.68
661.89
662.08
662.28
662.46
662.6
662.78
663.08
663.31
663.55
663.76
664.06
664.25
664.49
664.71
664.94
665.13
665.36
665.66
665.9
666.1
666.32
666.54
666.71
667.01
667.31
667.52
667.7
667.88
668.05
668.35
668.62
668.92
669.2
669.41
669.62
669.88
670.14
670.38
670.66
670.9
671.19
671.44
671.67
672
672.28
672.56
672.77
673.02
673.21
673.48
673.72
673.96
674.13
674.26
674.4
674.56
674.68
674.95
675.13
675.28
675.39
675.59
675.81
675.97
676.19
676.43
676.71
676.95
677.16
677.42
677.71
678.02
678.33
678.61
678.86
679.11
679.34
679.51
679.7
679.87
680.11
680.38
680.62
680.88
681.09
681.31
681.59
681.87
682.12
682.34
682.6
682.83
683.1
683.39
683.64
683.9
684.17
684.46
684.74
685.01
685.25
685.56
685.8
686.1
686.41
686.72
687.05
687.36
687.62
687.79
687.99
688.22
688.5
688.79
689.01
689.13
689.25
689.46
689.68
689.86
690.03
690.22
690.4
690.59
690.77
690.97
691.13
691.24
691.36
691.57
691.71
691.88
692.02
692.16
692.31
692.5
692.7
692.89
693.04
693.2
693.34
693.49
693.59
693.77
693.98
694.25
694.47
694.67
694.93
695.29
695.56
695.77
696.09
696.41
696.67
696.89
697.1
697.26
697.37
697.58
697.85
698.07
698.26
698.47
698.71
698.95
699.11
699.24
699.49
699.8
700.09
700.41
700.6
700.8
701.03
701.23
701.41
701.52
701.59
701.67
701.84
702
702.18
702.35
702.54
702.86
703.23
703.58
703.91
704.22
704.49
704.78
705.02
705.14
705.24
705.33
705.35
705.37
705.43
705.56
705.77
705.95
706.16
706.42
706.75
707.06
707.27
707.47
707.71
707.97
708.19
708.41
708.53
708.62
708.64
708.78
708.83
708.86
708.88
708.9
708.87
708.87
708.94
708.96
708.95
708.97
709.05
709.09
709.12
709.28
709.38
709.5
709.63
709.83
710.05
710.2
710.28
710.26
710.38
710.37
710.41
710.39
710.33
710.24
710.12
710.01
709.9
709.79
709.68
709.59
709.49
709.32
709.18
709.05
708.99
708.94
708.87
708.81
708.75
708.69
708.54
708.5
708.41
708.32
708.16
708.13
708.06
707.97
707.88
707.83
707.77
707.62
707.54
707.39
707.26
707.17
707.14
707.05
706.93
706.83
706.75
706.66
706.57
706.44
706.31
706.29
706.31
706.19
706.1
706.05
705.99
705.89
705.89
705.88
705.89
705.89
705.96
706.02
706.13
706.22
706.22
706.3
706.37
706.49
706.47
706.49
706.53
706.6
706.7
706.73
706.77
706.8
706.81
706.82
706.77
706.81
706.87
706.94
707.01
707.03
707.1
707.12
707.18
707.31
707.39
707.51
707.69
707.83
707.93
708.04
708.13
708.3
708.5
708.63
708.72
708.87
709.03
709.22
709.31
709.44
709.53
709.64
709.75
709.87
710.01
710.11
710.18
710.29
710.37
710.42
710.47
710.53
710.64
710.72
710.76
710.88
710.89
710.91
711.01
711.15
711.29
711.39
711.41
711.51
711.59
711.8
711.93
712.02
712.13
712.23
712.29
712.39
712.53
712.58
712.69
712.76
712.87
712.84
712.88
713.02
713.1
713.12
713.11
713.17
713.15
713.2
713.12
713.07
713.07
713.16
713.17
713.17
713.17
713.16
713.07
713.02
712.95
712.96
713.03
713.03
713.03
713.07
713.07
713.11
713.12
713.14
713.11
713.15
713.25
713.31
713.32
713.32
713.28
713.24
713.18
713.22
713.28
713.28
713.31
713.28
713.27
713.27
713.21
713.1
713.12
713.04
713.05
713.14
713.18
713.24
713.3
713.36
713.41
713.5
713.63
713.73
713.83
713.96
713.95
713.96
713.95
714.05
714.12
714.17
714.18
714.16
714.11
713.99
713.94
713.88
713.78
713.63
713.49
713.27
713.06
712.88
712.86
713.34
713.84
714.22
714.44
714.68
714.91
714.32
714.59
714.72
715
715.36
715.67
715.98
716.22
716.49
716.78
717.11
717.36
717.66
717.96
718.25
718.56
718.87
719.29
719.56
719.89
720.45
720.99
721.42
721.77
722.17
722.53
722.87
723.05
723.09
722.95
722.69
722.49
723.09
723.47
723.78
724.03
724.22
724.39
724.59
724.89
725.2
725.52
725.77
726.09
726.45
726.8
727.13
727.49
727.9
728.26
728.61
728.99
729.34
729.67
729.97
730.3
730.75
731.05
731.38
731.66
731.9
732.02
732.21
732.45
732.77
733.08
733.43
733.83
734.18
734.57
734.92
735.23
735.62
735.97
736.34
736.75
737.14
737.51
737.9
738.3
738.72
739.13
739.51
739.91
740.31
740.76
741.24
741.81
742.33
742.75
743.17
743.51
743.89
744.24
744.5
744.74
744.99
745.11
745.3
745.49
745.68
745.74
745.84
745.92
746.05
746.3
746.46
746.56
746.75
747
747.3
747.53
747.79
748.08
748.37
748.7
749.09
749.46
749.8
750.1
750.45
750.73
750.99
751.19
751.35
751.56
751.71
751.81
751.95
752.05
752.13
752.29
752.43
752.5
752.52
752.63
752.75
752.82
752.96
753.1
753.31
753.55
753.75
753.93
754.15
754.34
754.56
754.77
754.99
755.27
755.52
755.87
756.19
756.51
756.83
757.15
757.39
757.71
757.95
758.2
758.44
758.65
758.85
759.02
759.14
759.25
759.37
759.42
759.49
759.53
759.61
759.7
759.8
759.81
759.84
759.92
760.15
760.33
760.51
760.62
760.82
761.02
761.27
761.42
761.63
761.85
762.1
762.28
762.42
762.59
762.76
762.9
763
763.09
763.24
763.38
763.48
763.61
763.72
763.77
763.89
763.98
764.04
764.13
764.26
764.4
764.55
764.72
764.85
764.98
765.12
765.23
765.31
765.35
765.36
765.45
765.5
765.47
765.42
765.41
765.3
765.27
765.16
765.08
765.07
765.08
765.06
765.08
765.04
765.09
765.19
765.24
765.31
765.33
765.33
765.37
765.36
765.45
765.61
765.72
765.86
765.87
765.98
766.05
766.14
766.26
766.3
766.37
766.44
766.54
766.64
766.68
766.64
766.63
766.68
766.79
766.86
766.92
766.96
766.88
766.97
766.98
767.05
767.1
767.13
767.22
767.3
767.34
767.48
767.57
767.64
767.72
767.77
767.81
767.82
767.87
767.88
767.96
767.96
768.01
768.03
768.08
768.14
768.27
768.32
768.43
768.47
768.47
768.52
768.55
768.54
768.49
768.45
768.38
768.44
768.51
768.52
768.46
768.4
768.33
768.22
768.16
768.08
768.01
768.02
768.01
767.94
767.96
767.93
767.89
767.85
767.91
767.89
767.91
767.88
767.91
767.91
767.88
767.82
767.85
767.9
767.89
767.82
767.78
767.87
767.87
767.82
767.79
767.73
767.61
767.54
767.38
767.33
767.28
767.15
767.13
767.1
767.15
767.1
767.09
767.06
766.97
766.86
766.77
766.66
766.55
766.41
766.27
766.11
765.9
765.69
765.61
765.6
765.5
765.37
765.22
765.15
765.08
765.04
765.01
764.95
764.99
764.99
764.96
765.01
764.99
765.04
765.05
765.1
765.14
765.15
765.14
765.18
765.18
765.15
765.15
765.12
765.08
765
764.99
764.93
764.88
764.87
764.87
764.85
764.9
764.88
764.88
764.84
764.83
764.92
765.02
765.22
765.41
765.48
765.53
765.63
765.73
765.78
765.75
765.81
765.77
765.69
765.67
765.66
765.67
765.64
765.6
765.54
765.55
765.54
765.52
765.49
765.44
765.47
765.59
765.64
765.66
765.74
765.85
765.93
765.9
765.96
766.02
766.12
766.18
766.29
766.36
766.35
766.31
766.27
766.23
766.19
766.13
766.06
766.06
766.12
766.1
766.1
766.05
766.06
766.03
766
765.9
765.84
765.83
765.87
765.82
765.82
765.78
765.72
765.64
765.65
765.6
765.61
765.58
765.56
765.55
765.53
765.5
765.47
765.39
765.45
765.5
765.51
765.56
765.62
765.66
765.69
765.7
765.76
765.79
765.82
765.83
765.77
765.71
765.52
765.35
765.11
764.85
764.61
764.37
764.17
763.92
763.65
763.44
763.16
762.93
762.72
762.49
762.24
761.93
761.4
760.49
759.76
759.18
758.8
758.57
758.26
758.1
758.05
757.77
757.16
757
756.88
756.83
756.89
756.96
756.98
756.94
756.91
756.83
756.73
756.69
759.53
760.42
758.43
756.78
755.53
754.84
754.59
754.64
754.75
754.92
755.15
755.39
755.65
756.02
756.39
756.75
757.04
757.39
757.73
758
758.27
758.6
758.84
759.07
759.28
759.52
759.75
759.95
760.1
760.25
760.41
760.52
760.62
760.75
760.93
761.09
761.27
761.4
761.55
761.72
761.9
762.18
762.45
762.7
762.94
763.29
763.69
763.98
764.34
764.68
765.03
765.37
765.61
765.76
765.89
765.94
766.03
766.16
766.25
766.34
766.41
766.53
766.64
766.85
767.06
767.3
767.49
767.71
767.9
768.2
768.45
768.68
768.86
769.06
769.3
769.45
769.62
769.76
769.96
770.15
770.35
770.49
770.64
770.77
770.86
770.84
770.88
771.01
771.17
771.31
771.48
771.71
771.95
772.17
772.35
772.56
772.74
772.99
773.22
773.47
773.8
774.03
774.25
774.51
774.74
774.88
775
775.16
775.33
775.43
775.56
775.61
775.6
775.55
775.55
775.45
775.36
775.23
774.93
774.85
775.09
775.41
775.86
775.46
775.05
774.65
774.46
774.41
774.41
774.72
774.96
775.3
775.67
776.22
776.92
777.39
777.8
777.83
777.77
777.7
777.77
777.9
777.98
778
777.95
778.01
778.28
778.81
779.76
780.58
781.22
781.74
782.04
782.31
782.38
782.37
782.28
782.23
782.19
782.13
782.1
782.02
782.01
782.04
781.96
781.9
781.88
781.86
781.85
781.97
782.02
782.09
782.19
782.28
782.33
782.44
