567.27
567.27
567.29
567.42
567.595
567.63
567.78
567.84
567.885
567.97
567.94
568.03
568.03
568.05
568.15
568.17
568.17
568.26
568.19
568.27
568.3
568.34
568.37
568.335
568.34
568.335
568.26
568.24
568.18
568.18
568.16
568.245
568.31
568.325
568.31
568.31
568.47
568.48
568.51
568.6
568.64
568.855
568.93
568.98
569.18
569.23
569.32
569.45
569.45
569.545
569.7
569.855
570.05
570.26
570.38
570.52
570.56
570.56
570.5
570.49
570.5
570.61
570.69
570.69
570.68
570.88
570.92
571.14
571.315
571.39
571.505
571.52
571.62
571.73
571.77
571.9
572.04
572.11
572.25
572.5
572.73
572.92
573.13
573.45
573.725
574.06
574.435
574.85
575.165
575.55
575.84
576.04
575.95
575.785
575.59
575.51
575.445
575.33
575.31
575.27
575.29
575.32
575.37
575.54
575.72
575.9
576.025
576.175
576.44
576.66
576.915
577.115
577.42
577.71
577.98
578.35
578.66
578.93
579.16
579.46
579.72
579.91
580.21
580.38
580.66
580.85
581.1
581.48
581.775
581.945
582.28
582.71
583.155
583.6
583.97
584.25
584.68
585.04
585.355
585.62
585.84
586.04
586.22
586.35
586.54
586.69
586.83
586.93
586.99
587.06
587.1
587.18
587.33
587.53
587.75
587.99
588.295
588.69
589.015
589.52
589.975
590.445
590.95
591.46
591.79
592.16
592.56
592.86
593.205
593.5
593.71
593.95
594.01
594.155
594.31
594.45
594.69
594.88
595.11
595.4
595.7
595.96
596.24
596.66
597.01
597.37
597.81
598.215
598.645
599.045
599.37
599.795
600.23
600.54
600.86
601.305
601.605
601.93
602.38
602.71
603.07
603.42
603.7
603.925
604.225
604.555
604.82
605.185
605.58
606
606.465
606.93
607.385
607.9
608.335
608.8
609.24
609.66
610.15
610.61
610.995
611.37
611.735
612.1
612.48
612.845
613.095
613.445
613.815
614.14
614.55
614.91
615.24
615.535
615.86
616.21
616.45
616.73
616.975
617.32
617.61
617.92
618.23
618.57
618.9
619.24
619.66
620.09
620.46
620.84
621.22
621.63
621.995
622.44
623.02
623.53
624.1
624.56
624.84
624.91
624.91
624.925
625
625.06
625.22
625.42
625.66
625.9
626.09
626.365
626.715
627.04
627.515
627.99
628.55
628.965
629.41
629.89
630.43
630.89
631.46
631.96
632.565
633.075
633.575
634.03
634.42
634.9
635.375
635.825
636.225
636.625
637.025
637.405
637.795
638.13
638.55
638.98
639.39
639.86
640.23
640.73
641.175
641.57
642.02
642.34
642.735
643.16
643.58
644.025
644.46
644.955
645.375
645.765
646.2
646.765
647.275
647.82
648.385
648.93
649.5
650.08
650.61
651.125
651.665
652.2
652.67
653.135
653.7
654.31
654.84
655.385
655.865
656.445
657.035
657.6
658.18
658.73
659.3
659.9
660.45
660.95
661.525
662.115
662.675
663.23
663.81
664.42
665.06
665.64
666.165
666.705
667.34
667.84
668.335
668.9
669.54
670.165
670.74
671.345
671.98
672.61
673.245
673.885
674.57
675.22
675.9
676.675
677.36
678.02
678.71
679.45
680.195
680.9
681.665
682.375
683.075
683.745
684.405
685.07
685.695
686.445
687.105
687.92
688.75
689.555
690.38
691.125
691.795
692.565
693.24
693.83
694.44
695.15
695.825
696.595
697.38
698.23
699.16
700.085
700.89
701.775
702.565
703.37
704.085
704.855
705.635
706.47
707.25
708.01
708.88
709.615
710.365
711.2
711.82
712.4
712.94
713.415
713.96
714.46
715.045
715.655
716.425
717
717.755
718.5
719.26
720.02
720.775
721.44
722.165
722.865
723.64
724.3
724.995
725.8
726.49
727.245
728.03
728.75
729.605
730.4
731.055
731.745
732.445
733.17
733.86
734.58
735.35
736.04
736.765
737.425
738.13
738.92
739.585
740.23
740.94
741.58
742.195
742.87
743.445
743.99
744.56
745.07
745.58
746.12
746.615
747.215
747.765
748.21
748.615
749.12
749.65
750.26
750.845
751.275
751.77
752.27
752.745
753.27
753.72
754.17
754.58
755.07
755.53
756.04
756.45
756.885
757.29
757.69
758.14
758.515
758.9
759.335
759.81
760.32
760.71
761.16
761.6
762.045
762.555
762.91
763.29
763.665
764.095
764.455
764.795
765.185
765.545
765.835
766.19
766.5
766.825
767.105
767.44
767.825
768.15
768.55
768.89
769.295
769.755
770.06
770.39
770.74
771.045
771.37
771.665
772.015
772.215
772.515
772.765
772.99
773.225
773.535
773.87
774.155
774.455
774.775
775.09
775.385
775.76
776.15
776.35
776.66
776.975
777.285
777.53
777.81
778.11
778.35
778.585
778.93
779.115
779.35
779.61
779.795
780
780.3
780.52
780.75
780.97
781.175
781.43
781.65
781.865
782.08
782.355
782.615
782.825
783.025
783.24
783.455
783.635
783.86
784.025
784.195
784.385
784.575
784.705
784.865
784.985
785.23
785.43
785.545
785.67
785.84
786.05
786.185
786.23
786.35
786.46
786.54
786.73
786.815
786.955
787.03
787.14
787.27
787.36
787.43
787.44
787.45
787.47
787.54
787.57
787.55
787.62
787.6
787.68
787.68
787.69
787.69
787.725
787.74
787.78
787.81
787.8
787.72
787.705
787.54
787.395
787.31
787.185
786.985
786.83
786.615
786.435
786.2
786.015
785.78
785.53
785.31
785.13
784.985
784.84
784.71
784.56
784.42
784.295
784.095
783.92
783.72
783.71
783.5
783.405
783.2
783.05
782.93
782.785
782.62
782.385
782.2
782.065
781.725
781.365
781.21
780.985
780.765
780.49
780.24
779.985
779.79
779.6
779.49
779.36
779.205
779.14
779.025
778.915
778.805
778.63
778.32
778.02
777.655
777.29
777.11
776.765
776.57
776.455
776.385
776.3
776.15
776.11
776.08
776.01
775.9
775.805
775.65
775.47
775.35
775.17
775
774.705
774.535
774.35
774.185
774.13
773.995
773.91
773.885
773.81
773.805
773.7
773.59
773.47
773.305
773.145
773.045
772.915
772.855
772.755
772.69
772.645
772.66
772.62
772.55
772.48
772.36
772.2
772.06
771.895
771.8
771.72
771.675
771.63
771.66
771.695
771.75
771.8
771.87
771.905
772.015
772.165
772.28
772.535
772.69
772.9
773.1
773.25
773.41
773.54
773.61
773.745
773.83
773.98
774.135
774.215
774.44
774.725
774.885
775.14
775.39
775.595
775.875
776.035
776.22
776.31
776.43
776.55
776.59
776.755
776.83
777.045
777.295
777.525
777.8
777.955
778.21
778.425
778.575
778.85
779.07
779.32
779.47
779.685
779.84
779.98
780.115
780.235
780.47
780.66
780.845
781.04
781.26
781.48
781.73
782.05
782.33
782.62
782.88
783.22
783.57
783.93
784.315
784.67
785.005
785.265
785.52
785.825
785.995
786.27
786.515
786.785
787.155
787.61
787.98
788.355
788.82
789.24
789.54
789.88
790.31
790.58
790.895
791.175
791.39
791.625
791.86
792.045
792.17
792.39
792.53
792.67
792.89
793.065
793.32
793.605
793.89
794.05
794.41
794.74
795.01
795.26
795.5
795.76
795.955
796.235
796.4
796.55
796.89
797.18
797.555
797.91
798.3
798.73
799.17
799.585
799.96
800.31
800.585
800.845
801
801.23
801.4
801.545
801.69
801.93
802.16
802.49
802.78
803.2
803.58
803.965
804.355
804.62
804.975
805.18
805.44
805.74
806.06
806.35
806.53
806.96
807.3
807.71
808.11
808.555
808.91
809.28
809.56
809.855
810.21
810.52
810.82
811.22
811.46
811.675
811.955
812.14
812.35
812.57
812.845
813.08
813.33
813.635
813.98
814.34
814.715
815.095
815.51
815.84
816.09
816.33
816.59
816.83
817.04
817.28
817.51
817.75
817.89
818.02
818.28
818.635
818.86
819.145
819.46
819.81
820.11
820.385
820.7
820.97
821.205
821.47
821.64
821.825
822.09
822.345
822.6
822.845
823.115
823.34
823.58
823.82
823.98
824.17
824.38
824.495
824.72
824.86
824.96
825.19
825.41
825.6
825.85
825.985
826.26
826.37
826.59
826.82
827.035
827.32
827.6
827.83
828.035
828.335
828.65
828.945
829.14
829.45
829.715
829.865
830.03
830.25
830.41
830.53
830.59
830.74
830.895
831.06
831.19
831.265
831.36
831.495
831.54
831.565
831.595
831.57
831.74
831.89
831.98
832.1
832.18
832.26
832.27
832.34
832.42
832.53
832.61
832.695
832.845
833.06
833.15
833.21
833.215
833.23
833.23
833.17
833.11
833.005
832.82
832.645
832.37
832.29
832.02
831.845
831.83
831.805
831.85
831.85
831.99
831.98
832.05
832.1
832.26
832.42
832.65
832.79
832.98
833.14
833.305
833.43
833.49
833.61
833.77
833.815
833.79
833.86
833.99
834.05
834.19
834.345
834.36
834.41
834.5
834.53
834.58
834.74
834.83
834.9
835.03
835.115
835.33
835.45
835.535
835.67
835.83
835.97
836.06
836.12
836.24
836.33
836.48
836.545
836.7
836.9
837.07
837.305
837.545
837.745
837.88
838.01
838.15
838.24
838.38
838.43
838.56
838.605
838.68
838.84
839.09
839.18
839.4
839.57
839.74
839.85
839.9
840.06
840.15
840.2
840.27
840.31
840.34
840.4
840.43
840.47
840.49
840.56
840.66
840.79
840.85
840.95
841.01
841.035
841.16
841.225
841.29
841.305
841.34
841.395
841.47
841.57
841.55
841.56
841.66
841.8
841.97
842.08
842.21
842.41
842.55
842.61
842.715
842.82
842.89
843.03
843.16
843.3
843.32
843.405
843.52
843.63
843.68
843.8
843.96
844.03
844.145
844.22
844.31
844.41
844.41
844.475
844.49
844.585
844.71
844.7
844.74
844.73
844.8
844.79
844.79
844.89
844.89
844.89
844.84
844.92
844.93
844.995
845.04
845.11
845.225
845.295
845.32
845.34
845.39
845.41
845.39
845.4
845.44
845.36
845.39
845.41
845.44
845.51
845.49
845.495
845.45
845.49
845.39
845.38
845.4
845.34
845.34
845.315
845.35
845.31
845.38
845.38
845.425
845.38
845.47
845.52
845.545
845.61
845.63
845.685
845.75
845.78
845.78
845.85
845.86
845.885
845.92
845.97
845.96
845.94
846.01
845.975
846.03
846.03
846.04
846.05
846.07
846.16
846.19
846.22
846.27
846.295
846.3
846.34
846.39
846.405
846.44
846.43
846.44
846.41
846.27
846.17
846.03
845.935
845.825
845.7
845.61
845.515
845.43
845.38
845.22
845.115
844.98
844.8
844.66
844.46
844.235
844
843.745
843.47
843.13
842.75
842.36
841.94
841.67
841.335
841
840.81
840.68
840.33
840.13
839.885
839.605
839.23
838.66
838.24
837.7
837.225
836.685
836.15
835.51
834.95
834.285
833.655
832.845
831.98
831.25
830.55
829.805
829.135
828.62
828.2
827.885
827.825
827.92
828.08
828.35
828.55
828.83
829.27
829.68
830.03
830.31
830.35
830.24
829.98
829.71
829.37
828.85
828.355
827.78
827.2
826.52
826.05
825.58
825.07
824.77
824.59
824.37
824.105
823.87
823.68
823.52
823.265
822.91
822.755
822.66
822.555
822.51
822.33
822.23
822.02
821.76
821.54
821.17
820.775
820.29
820
819.585
819.45
819.255
819.12
818.86
818.445
817.625
816.705
815.555
814.21
812.685
810.97
809.31
807.615
805.96
804.475
803.32
802.225
801.19
800.4
799.46
798.815
798.155
797.515
797.025
796.655
796.21
795.79
795.26
794.715
794.27
793.86
793.555
793.23
793.04
792.875
792.79
792.62
792.365
791.875
791.195
790.44
789.505
788.535
787.38
786.415
785.33
784.425
783.6
782.78
781.81
781.25
780.715
780.345
780.095
780.075
780.175
780.315
780.475
780.41
780.315
780.04
779.715
779.23
778.31
776.84
775.36
773.58
771.925
770.37
769.195
768.285
767.415
766.67
765.945
765.195
764.62
764.035
763.44
763
762.6
762.34
761.96
761.7
761.325
760.965
760.68
760.47
760.325
760.09
759.89
759.46
758.795
757.94
756.99
755.95
754.775
753.495
752.095
750.805
749.5
748.43
747.335
746.53
745.6
744.76
743.95
743.325
742.765
742.15
741.45
740.93
740.505
739.97
739.62
739.055
738.485
737.93
737.56
736.87
736.345
735.79
735.305
734.805
734.24
733.645
732.98
732.455
731.93
731.405
731.07
730.81
730.775
730.805
730.89
731.02
731.22
731.32
731.43
731.37
731.31
731.34
731.33
731.29
731.24
731.22
731.2
731.23
731.07
730.93
730.59
730.25
729.78
729.315
728.81
728.26
727.94
727.6
727.35
727.11
727.135
727.11
727.03
726.98
726.935
726.78
726.77
726.73
726.56
726.445
726.405
726.295
726.195
726.18
726.175
726.135
726.2
726.23
726.17
726.08
726.13
726.12
726.06
725.97
725.855
725.735
725.545
725.51
725.415
725.345
725.1
724.98
724.76
724.645
724.54
724.48
724.37
724.28
724.335
724.355
724.34
724.38
724.48
724.615
724.81
725.03
725.195
725.505
725.85
726.27
726.595
726.91
727.185
727.49
727.65
727.75
727.84
727.94
728.07
728.235
728.31
728.375
728.42
728.505
728.565
728.615
728.545
728.505
728.535
728.545
728.535
728.53
728.64
728.72
728.86
728.9
728.875
728.79
728.875
728.86
728.915
729.09
729.2
729.35
729.63
729.945
730.195
730.5
730.835
730.985
731.13
731.15
730.99
730.925
730.71
730.4
730.2
729.94
729.525
729.32
729.09
728.96
728.855
728.825
728.8
728.725
728.715
728.65
728.6
728.525
728.45
728.38
728.295
728.14
728.055
727.985
727.885
727.825
727.68
727.54
727.48
727.47
727.35
727.26
727.19
727.2
727.17
727.205
727.13
727.135
727.09
727.03
726.925
726.8
726.68
726.44
726.16
725.935
725.72
725.47
725.35
725.245
725.02
724.79
724.65
724.54
724.395
724.29
724.105
723.93
723.67
723.43
723.285
723.15
722.99
722.83
722.72
722.695
722.61
722.59
722.585
722.47
722.335
722.14
721.965
721.74
721.42
721.09
720.77
720.435
720.055
719.58
719.145
718.68
718.18
717.63
717.04
716.62
716.24
715.9
715.495
715.115
714.89
714.515
714.23
714.095
713.98
713.7
713.59
713.35
713.075
712.635
712.23
711.69
711.05
710.53
709.915
709.215
708.575
707.97
707.48
707.115
706.695
706.345
706.035
705.785
705.395
705.005
704.6
704.08
703.69
703.2
702.62
702.03
701.455
700.88
700.31
699.775
699.435
699.045
698.83
698.605
698.44
698.255
698.21
698.045
697.78
697.36
696.965
696.5
696.075
695.645
695.215
694.87
694.44
693.99
693.66
693.36
693.13
692.84
692.61
692.35
692.06
691.705
691.5
691.25
690.905
690.555
690.335
690.035
689.745
689.39
689.04
688.755
688.455
688.04
687.66
687.23
686.885
686.515
686.045
685.575
685.31
685.02
684.72
684.375
684.21
683.915
683.755
683.55
683.35
683.23
683.035
682.83
682.69
682.58
682.225
682.095
681.95
681.79
681.59
681.415
681.33
681.19
681.03
680.9
680.795
680.61
680.46
680.39
680.24
680.18
680.12
680
679.925
679.835
679.81
679.71
679.645
679.505
679.34
679.22
679.13
678.9
678.61
678.43
678.2
678.06
677.82
677.67
677.46
677.42
677.215
677.06
677.02
677
676.85
676.78
676.66
676.61
676.385
676.295
676.095
675.9
675.73
675.465
675.165
674.84
674.64
674.41
674.125
673.97
673.825
673.66
673.505
673.415
673.33
673.265
673.14
673.04
672.98
672.935
672.78
672.7
672.66
672.61
672.51
672.49
672.41
672.4
672.44
672.4
672.42
672.39
672.325
672.3
672.25
672.15
671.985
671.835
671.775
671.62
671.46
671.385
671.32
671.15
671.125
671.085
671.08
671.09
671.12
671.17
671.255
671.33
671.305
671.38
671.41
671.415
671.395
671.365
671.29
671.19
671.13
671.09
671.105
671.055
671.02
671.04
671.16
671.15
671.115
671.2
671.235
671.18
671.07
671.02
670.87
670.81
670.75
670.675
670.52
670.415
670.42
670.345
670.22
670.15
670.12
670.035
670.04
669.89
669.8
669.69
669.7
669.685
669.65
669.615
669.605
669.525
669.56
669.585
669.52
669.52
669.52
669.445
669.33
669.35
669.31
669.41
669.385
669.345
669.28
669.335
669.29
669.195
669.18
669.07
669.05
669.01
668.95
668.87
668.82
668.775
668.74
668.74
668.725
668.63
668.575
668.64
668.57
668.54
668.505
668.455
668.415
668.315
668.265
668.24
668.105
668.01
668
667.925
667.81
667.82
667.82
667.84
667.795
667.73
667.76
667.725
667.76
667.87
667.885
667.96
667.97
667.995
668.01
668
667.94
668.01
668.11
668.19
668.19
668.16
668.17
668.24
668.23
668.21
668.08
668.045
667.915
667.67
667.46
667.32
667.15
666.91
666.63
666.34
666.12
665.945
665.66
665.39
665.26
665.055
664.945
664.82
664.68
664.46
664.33
664.205
663.985
663.88
663.85
663.78
663.74
663.78
663.7
663.6
663.55
663.64
663.67
663.665
663.59
663.44
663.26
663.045
662.81
662.545
662.19
661.78
661.48
661.155
660.8
660.52
660.3
660.125
659.88
659.66
659.5
659.41
659.41
659.3
659.12
658.96
658.935
658.91
658.83
658.92
658.925
659.04
659.17
659.395
659.64
659.815
659.985
659.99
660.03
659.97
659.88
659.835
659.805
659.79
659.805
659.8
659.755
659.69
659.67
659.71
659.67
659.665
659.66
659.74
659.76
659.765
659.78
659.88
660.01
660.09
660.16
660.205
660.15
660.155
660.19
660.2
660.3
660.34
660.375
660.43
660.47
660.62
660.81
660.9
661.095
661.27
661.48
661.695
661.925
662.06
662.4
662.615
662.755
662.94
663.1
663.26
663.33
663.435
663.485
663.51
663.51
663.58
663.68
663.74
663.78
663.795
663.825
663.88
664.05
664.165
664.385
664.565
664.73
664.835
664.92
665.09
665.17
665.33
665.36
665.46
665.525
665.6
665.67
665.745
665.91
666.065
666.14
666.18
666.25
666.35
666.42
666.5
666.505
666.52
666.59
666.675
666.78
666.93
667.115
667.335
667.6
667.94
668.19
668.58
668.855
669.16
669.395
669.75
670
670.225
670.41
670.61
670.79
670.88
670.95
671.05
671.18
671.26
671.37
671.495
671.53
671.555
671.66
671.9
672.09
672.3
672.48
672.64
672.84
673.065
673.32
673.625
673.92
674.165
674.42
674.565
674.87
675.275
675.52
675.915
676.25
676.53
677.01
677.415
677.87
678.355
678.845
679.3
679.85
680.42
680.98
681.31
681.815
682.23
682.55
682.9
683.08
683.255
683.4
683.465
683.655
683.82
684.075
684.38
684.685
684.935
685.305
685.615
685.965
686.32
686.7
687.06
687.51
687.9
688.235
688.58
689.01
689.39
689.835
690.235
690.52
690.88
691.16
691.355
691.59
691.815
692.04
692.265
692.51
692.755
693.1
693.48
693.87
694.27
694.735
695.14
695.7
696.185
696.73
697.225
697.58
697.96
698.21
698.53
698.65
698.81
698.935
699.125
699.375
699.61
699.9
700.225
700.495
700.91
701.22
701.555
701.925
702.275
702.61
703.045
703.455
703.83
704.23
704.7
705.15
705.58
706.02
706.38
706.66
706.87
707.025
707.235
707.38
707.52
707.705
707.925
708.17
708.425
708.735
709.09
709.415
709.79
710.17
710.585
710.965
711.385
711.84
712.27
712.65
712.995
713.35
713.655
713.945
714.195
714.515
714.77
715.065
715.26
715.48
715.7
715.99
716.14
716.34
716.59
716.795
716.94
717.085
717.23
717.385
717.615
717.8
717.975
718.175
718.39
718.63
718.82
718.915
719.195
719.525
719.835
720.13
720.575
720.83
721.25
721.565
721.85
721.99
722.085
722.16
722.185
722.16
722.155
722.115
722
721.94
721.855
721.765
721.77
721.76
721.735
721.7
721.72
721.75
721.8
721.78
721.75
721.73
721.7
721.62
721.605
721.455
721.38
721.255
721.16
721.02
720.99
720.82
720.66
720.5
720.31
720.025
719.9
719.71
719.54
719.305
719.135
718.96
718.72
718.565
718.445
718.335
718.23
718.04
717.91
717.815
717.795
717.69
717.655
717.66
717.65
717.73
717.78
717.9
717.97
718.04
718.16
718.205
718.32
718.355
718.375
718.355
718.245
718.18
717.995
717.85
717.63
717.35
717.18
716.985
716.65
716.42
716.26
716.17
716.17
716.34
716.38
716.49
716.635
716.74
716.815
716.99
717.2
717.37
717.45
717.42
717.255
717.04
716.695
716.37
716.1
715.855
715.55
715.235
715.05
714.81
714.495
714.345
714.26
714.08
713.99
713.91
713.79
713.57
713.405
713.24
713.13
713.045
712.9
712.78
712.68
712.555
712.64
712.615
712.585
712.585
712.69
712.87
712.96
713.05
713.21
713.39
713.505
713.62
713.74
713.84
713.89
713.84
713.67
713.46
713.325
713.245
713.12
712.92
712.945
713.03
713.05
713.145
713.195
713.25
713.42
713.495
713.66
713.83
714.065
714.2
714.39
714.5
714.715
714.875
714.98
715.06
715.13
715.175
715.22
715.34
715.41
715.52
715.575
715.63
715.735
715.88
716.04
716.195
716.34
716.36
716.45
716.47
716.49
716.42
716.435
716.41
716.38
716.395
716.39
716.46
716.51
716.62
716.67
716.78
716.92
717.07
717.21
717.29
717.37
717.37
717.42
717.415
717.445
717.44
717.4
717.42
717.415
717.46
717.51
717.54
717.55
717.68
717.78
717.845
718.025
718.175
718.25
718.4
718.555
718.64
718.68
718.86
718.98
719.065
719.15
719.25
719.39
719.515
719.575
719.68
719.73
719.86
719.99
720.14
720.305
720.49
720.645
720.78
720.925
721.05
721.215
721.355
721.58
721.69
721.775
721.77
721.68
721.635
721.655
721.63
721.59
721.52
721.41
721.34
721.295
721.31
721.27
721.23
721.19
721.13
721.12
721.16
721.195
721.305
721.45
721.61
721.8
722.08
722.355
722.66
722.975
723.345
723.705
724.03
724.34
724.67
724.915
725.215
725.39
725.54
725.59
725.67
725.625
725.65
725.635
725.59
725.48
725.28
725.035
724.85
724.63
724.39
724.215
723.95
723.71
723.53
723.39
723.34
723.3
723.27
723.3
723.31
723.335
723.405
723.435
723.57
723.625
723.65
723.69
723.665
723.67
723.75
723.745
723.84
723.79
723.74
723.7
723.7
723.63
723.61
723.52
723.45
723.46
723.41
723.4
723.34
723.3
723.26
723.27
723.245
723.05
722.875
722.72
722.67
722.61
722.465
722.29
722.14
721.95
721.75
721.55
721.43
721.265
721.175
721.135
721.055
720.92
720.77
720.73
720.77
720.665
720.58
720.56
720.45
720.42
720.39
720.25
720.085
719.98
719.83
719.56
719.405
719.235
719.065
718.95
718.82
718.74
718.68
718.625
718.57
718.545
718.555
718.555
718.46
718.385
718.37
718.36
718.37
718.395
718.52
718.62
718.54
718.53
718.59
718.655
718.69
718.645
718.645
718.65
718.745
718.7
718.76
718.925
718.995
719.06
719.15
719.23
719.35
719.49
719.65
719.72
719.8
719.905
720.02
720.12
720.19
720.19
720.185
720.255
720.29
720.305
720.3
720.35
720.41
720.46
720.46
720.435
720.45
720.5
720.52
720.52
720.53
720.57
720.555
720.56
720.565
720.68
720.66
720.75
720.755
720.84
720.87
720.935
721.1
721.25
721.39
721.62
721.765
721.9
721.98
722.105
722.105
722.045
721.915
721.75
721.455
721.28
721.145
721.05
721.01
720.935
720.83
720.8
720.695
720.52
720.3
719.975
719.81
719.535
719.3
719.07
718.87
718.745
718.55
718.415
718.225
718.185
718.12
718.075
718.1
718.04
718.075
718.1
718.16
718.28
718.395
718.6
718.78
719.01
719.16
719.32
719.53
719.765
719.87
719.995
720.11
720.125
720.115
720.015
719.95
719.885
719.79
719.64
719.49
719.31
719.21
719.09
718.88
718.575
718.39
718.225
718.075
718
717.87
717.825
717.835
717.84
718.02
718.1
718.14
718.21
718.285
718.33
718.34
718.3
718.145
718.06
717.93
717.7
717.575
717.45
717.3
717.14
717.065
717.025
716.99
716.955
716.81
716.735
716.775
716.73
716.63
716.64
716.72
716.765
716.815
716.84
716.96
717.055
717.17
717.24
717.24
717.25
717.2
717.165
717.145
717.12
716.97
716.86
716.81
716.79
716.79
716.85
716.81
716.95
717.02
717.095
717.12
717.18
717.2
717.18
717.13
717.045
716.97
716.925
716.855
716.765
716.77
716.75
716.75
716.715
716.665
716.685
716.71
716.77
716.885
716.93
716.86
716.92
716.94
716.99
716.975
716.9
716.84
716.785
716.75
716.73
716.73
716.78
716.92
717.07
717.21
717.475
717.695
717.875
718.12
718.2
718.39
718.58
718.675
718.78
718.79
718.675
718.52
718.48
718.37
718.28
718.18
718.04
717.78
717.74
717.6
717.455
717.395
717.37
717.375
717.26
717.085
716.955
716.83
716.64
716.505
716.35
716.37
716.355
716.315
716.23
716.17
716.05
715.975
715.81
715.615
715.365
715.165
714.98
714.845
714.65
714.5
714.325
714.115
713.97
713.745
713.67
713.71
713.66
713.67
713.64
713.7
713.73
713.76
713.77
713.81
713.88
713.87
713.91
713.92
713.97
714.06
713.96
713.91
713.83
713.765
713.66
713.575
713.47
713.39
713.34
713.33
713.4
713.47
713.51
713.44
713.33
713.345
713.365
713.22
713.105
713.08
713
712.985
712.98
712.92
712.965
712.95
712.97
712.93
712.97
713.065
713.14
713.23
713.4
713.54
713.75
713.95
714.14
714.37
714.45
714.545
714.66
714.71
714.745
714.675
714.605
714.63
714.58
714.625
714.66
714.71
714.805
714.88
714.92
714.995
715.04
715.125
715.17
715.18
715.24
715.33
715.4
715.36
715.42
715.49
715.61
715.615
715.6
715.5
715.475
715.46
715.39
715.285
715.21
715.165
715.105
714.98
715.01
714.98
714.99
714.965
714.98
715.08
715.21
715.265
715.37
715.53
715.71
715.875
716
716.27
716.405
716.555
716.68
716.78
716.9
717.03
717.12
717.225
717.355
717.45
717.61
717.7
717.82
717.975
718.2
718.355
718.68
718.84
719.045
719.18
719.33
719.455
719.5
719.56
719.55
719.635
719.65
719.805
720.02
720.145
720.23
720.36
720.53
720.78
720.91
721.08
721.32
721.53
721.69
721.815
722.08
722.25
722.47
722.755
723.07
723.325
723.625
724.015
724.315
724.62
724.94
725.235
725.59
725.805
726.1
726.3
726.495
726.63
726.68
726.85
726.93
726.965
727.025
727.185
727.305
727.46
727.67
727.89
728
728.09
728.14
728.17
728.24
728.225
728.11
727.92
727.8
727.685
727.58
727.695
727.6
727.605
727.7
727.785
727.89
728
728.21
728.33
728.55
728.73
728.88
729.11
729.21
729.29
729.375
729.31
729.24
729.25
729.255
729.355
729.38
729.55
729.75
729.89
729.96
729.94
730.035
730.08
729.98
729.895
729.87
729.72
729.59
729.545
729.41
729.32
729.355
729.38
729.48
729.53
729.76
730.045
730.38
730.625
730.96
731.28
731.665
731.835
731.95
731.98
731.905
731.71
731.475
731.31
731.15
731.095
731.23
731.51
731.83
732.21
732.725
733.15
733.495
733.67
733.68
733.72
733.765
733.775
733.67
733.65
733.615
733.575
733.52
733.48
733.475
733.48
733.445
733.5
733.655
733.79
733.955
734.2
734.31
734.34
734.54
734.81
735.08
735.37
735.645
735.895
736.05
736.12
735.965
735.69
735.3
734.78
734.15
733.64
733.22
732.975
732.81
732.76
732.85
732.92
732.89
732.86
732.87
732.77
732.68
732.43
732.125
731.735
731.43
731.02
730.685
730.315
730.04
729.85
729.78
729.775
729.88
730.08
730.145
730.22
730.27
730.295
730.25
730.18
730.03
729.845
729.74
729.685
729.705
729.625
729.5
729.565
729.69
729.86
729.94
730.215
730.375
730.415
730.41
730.41
730.335
730.3
730.255
730.215
730.21
730.11
730.1
730.04
730.06
730.055
729.93
729.8
729.52
729.28
729.02
728.82
728.565
728.36
728.19
727.98
727.835
727.65
727.52
727.5
727.365
727.19
726.955
726.72
726.455
726.27
726.045
725.825
725.695
725.47
725.36
725.2
725.03
724.99
725.05
725.035
724.94
724.865
724.77
724.83
724.85
724.765
724.6
724.54
724.42
724.325
724.21
723.995
723.83
723.69
723.61
723.615
723.495
723.32
723.24
723.175
723
722.795
722.53
722.22
721.915
721.69
721.53
721.28
721
720.825
720.62
720.395
720.18
719.94
719.77
719.545
719.33
719.145
719
718.89
718.76
718.76
718.74
718.68
718.695
718.66
718.74
718.87
718.92
719
718.96
718.95
719.05
719.1
718.98
718.96
718.92
718.87
718.86
718.915
718.96
718.92
718.8
718.7
718.65
718.51
718.45
718.45
718.37
718.31
718.225
718.23
718.25
718.305
718.36
718.37
718.4
718.45
718.565
718.67
718.78
718.97
719.075
719.245
719.37
719.465
719.5
719.44
719.385
719.31
719.185
718.97
718.83
718.65
718.485
718.38
718.19
717.88
717.635
717.37
717.12
716.97
716.79
716.605
716.555
716.34
716.12
715.82
715.61
715.55
715.465
715.31
715.285
715.24
715.17
715.02
714.75
714.62
714.415
714.25
714.09
713.97
714.06
714.14
714.26
714.385
714.55
714.52
714.57
714.58
714.52
714.51
714.48
714.455
714.39
714.29
714.195
714.105
714.03
713.93
713.895
713.88
713.96
714.095
714.235
714.47
714.815
714.99
715.245
715.4
715.5
715.51
715.41
715.155
714.945
714.75
714.47
714.42
714.52
714.62
714.82
714.97
715.2
715.495
715.77
715.995
716.06
716.165
716.245
716.295
716.29
716.27
716.305
716.25
716.255
716.305
716.395
716.48
716.63
716.815
717.07
717.27
717.45
717.71
717.825
717.78
717.72
717.71
717.585
717.29
716.98
716.695
716.395
716.13
715.805
715.47
715.305
715.13
714.96
714.885
714.85
714.82
714.875
714.93
714.955
714.95
714.945
714.905
714.81
714.68
714.61
714.45
714.315
714.175
714.04
714
713.86
713.79
713.65
713.48
713.275
713.14
712.945
712.88
712.87
712.795
712.97
713.12
713.22
713.26
713.385
713.57
713.68
713.745
713.76
713.705
713.73
713.665
713.55
713.35
713.1
712.875
712.625
712.41
712.265
712.12
711.905
711.745
711.68
711.65
711.67
711.7
711.8
711.98
712.11
712.25
712.495
712.66
712.7
712.775
712.745
712.68
712.395
712.12
711.805
711.58
711.34
711.145
710.88
710.68
710.56
710.53
710.43
710.31
710.29
710.305
710.345
710.4
710.46
710.44
710.43
710.34
710.26
710.16
710.105
709.99
709.88
709.87
709.935
709.915
709.87
709.735
709.62
709.56
709.495
709.33
709.22
709.05
708.85
708.785
708.66
708.61
708.555
708.56
708.56
708.56
708.53
708.585
708.58
708.65
708.75
708.84
709.015
709.19
709.32
709.41
709.5
709.55
709.615
709.71
709.805
709.945
710.08
710.195
710.315
710.43
710.47
710.45
710.41
710.39
710.35
710.34
710.37
710.28
710.255
710.185
710.18
710.17
710.11
710.01
709.95
709.905
709.915
709.88
709.88
709.86
709.88
709.9
709.93
709.97
710.03
710.015
710.08
710.25
710.27
710.27
710.235
710.24
710.295
710.29
710.365
710.345
710.39
710.45
710.49
710.66
710.75
710.895
711.115
711.25
711.52
711.71
711.91
712.01
711.94
712.01
711.92
711.835
711.65
711.535
711.425
711.305
711.095
711
710.89
710.73
710.695
710.665
710.635
710.49
710.45
710.58
710.64
710.7
710.79
710.87
711.01
711.11
711.2
711.24
711.335
711.3
711.32
711.235
711.235
711.215
711.215
711.24
711.35
711.4
711.525
711.845
712.08
712.405
712.61
712.955
713.165
713.335
713.48
713.6
713.71
713.745
713.78
713.82
713.905
713.9
713.93
714.11
714.17
714.3
714.395
714.51
714.655
714.87
715.05
715.26
715.51
715.75
715.96
716.19
716.465
716.67
716.94
717.23
717.4
717.68
717.95
718.24
718.495
718.78
719.07
719.375
719.68
719.93
720.19
720.485
720.74
721.015
721.295
721.605
721.93
722.18
722.47
722.765
723.08
723.32
723.68
723.955
724.265
724.525
724.835
725.15
725.475
725.77
726.095
726.49
726.85
727.1
727.45
727.835
728.09
728.425
728.755
729.055
729.315
729.66
729.97
730.29
730.58
730.94
731.245
731.59
731.92
732.19
732.51
732.775
732.99
733.29
733.62
733.95
734.2
734.49
734.76
735.16
735.47
735.81
736.05
736.385
736.65
736.965
737.305
737.54
737.95
738.23
738.51
738.765
738.995
739.225
739.5
739.73
739.925
740.17
740.42
740.67
740.94
741.2
741.45
741.71
741.95
742.2
742.495
742.73
742.92
743.125
743.365
743.53
743.7
743.85
744.05
744.2
744.25
744.44
744.53
744.63
744.77
744.88
744.935
745.01
745.02
745.23
745.31
745.355
745.445
745.585
745.73
745.88
746.015
746.21
746.45
746.665
746.83
746.92
746.97
746.9
746.73
746.475
746.145
745.8
745.45
745.1
744.84
744.65
744.4
744.18
744.035
743.785
743.65
743.455
743.225
742.935
742.64
742.3
741.93
741.53
741.19
740.87
740.485
740.265
740.04
740.09
740.19
740.38
740.59
740.78
740.89
740.91
740.8
740.58
740.18
739.76
739.49
739.11
738.97
738.825
738.77
738.72
738.665
738.65
738.585
738.435
738.21
738.07
737.94
737.81
737.675
737.56
737.565
737.57
737.68
737.72
737.785
737.75
737.74
737.64
737.46
737.2
736.98
736.78
736.585
736.435
736.4
736.385
736.38
736.38
736.35
736.31
736.18
736.17
735.94
735.72
735.485
735.3
734.98
734.73
734.625
734.58
734.64
734.705
734.84
734.97
735.045
735.085
735.1
735.03
735
734.78
734.39
734.125
733.755
733.34
733.03
732.805
732.72
732.74
732.78
732.81
732.94
733.015
733.16
733.3
733.44
733.495
733.54
733.435
733.3
733.07
732.87
732.54
732.125
731.69
731.335
730.96
730.62
730.265
729.85
729.52
729.26
728.985
728.75
728.48
728.325
728.14
727.93
727.69
727.46
727.265
727.02
726.88
726.695
726.58
726.54
726.43
726.2
726.06
725.94
725.77
725.475
725.25
724.915
724.62
724.315
723.95
723.6
723.305
723.065
722.86
722.64
722.51
722.335
722.205
721.985
721.775
721.615
721.395
721.26
721.01
720.78
720.52
720.22
719.995
719.73
719.505
719.31
719.14
718.9
718.645
718.42
718.165
717.925
717.715
717.435
717.125
716.86
716.6
716.44
716.09
715.85
715.625
715.46
715.21
714.97
714.74
714.585
714.38
714.315
714.19
714.1
714.11
713.995
713.94
713.815
713.68
713.565
713.435
713.29
713.16
713.06
712.94
712.79
712.735
712.67
712.6
712.48
712.33
712.225
712.135
712.065
711.9
711.78
711.59
711.4
711.21
711.05
710.87
710.61
710.51
710.355
710.185
710.1
709.9
709.76
709.625
709.49
709.405
709.28
709.14
708.875
708.75
708.5
708.24
707.915
707.67
707.465
707.22
706.99
706.82
706.675
706.57
706.46
706.41
706.335
706.35
706.45
706.485
706.58
706.8
706.97
707.165
707.37
707.565
707.765
707.96
708.02
708.12
708.2
708.205
708.135
708.11
708.105
708.11
708.16
708.145
708.18
708.28
708.45
708.6
708.795
708.99
709.175
709.365
709.56
709.6
709.62
709.64
709.655
709.64
709.64
709.55
709.4
709.25
709.11
709.08
709.03
709.03
709.16
709.22
709.39
709.55
709.73
709.915
710.14
710.39
710.715
710.995
711.24
711.46
711.67
711.84
712.05
712.27
712.425
712.59
712.875
713.08
713.29
713.475
713.72
713.86
713.96
714.075
714.195
714.24
714.3
714.325
714.355
714.26
714.2
714.195
714.205
714.155
714.09
714.1
714.08
714.095
714.22
714.3
714.385
714.485
714.61
714.805
714.97
715.15
715.38
715.51
715.785
715.99
716.2
716.39
716.575
716.715
716.79
716.94
717.085
717.225
717.355
717.51
717.755
717.88
718
718.18
718.36
718.53
718.69
718.885
719.06
719.2
719.4
719.67
719.93
720.11
720.4
720.64
720.865
721.125
721.33
721.6
721.82
722.02
722.19
722.37
722.595
722.715
722.805
722.935
722.965
723.06
723.08
723.075
723.12
723.215
723.25
723.275
723.29
723.44
723.55
723.75
724.04
724.095
724.41
724.485
724.62
724.71
724.84
724.89
724.92
724.94
725.02
725.005
725.075
725.185
725.23
725.305
725.405
725.55
725.69
725.8
725.89
726.05
726.19
726.325
726.47
726.53
726.625
726.755
726.79
726.77
726.8
726.805
726.755
726.785
726.825
726.775
726.685
726.77
726.78
726.72
726.72
726.68
726.66
726.635
726.62
726.54
726.48
726.43
726.45
726.455
726.45
726.37
726.34
726.235
726.16
725.965
725.82
725.675
725.46
725.335
725.25
725.16
725
724.92
724.78
724.66
724.52
724.46
724.4
724.375
724.29
724.3
724.32
724.305
724.18
724.11
724
723.91
723.77
723.66
723.63
723.54
723.425
723.35
723.26
723.23
723.125
722.985
722.98
722.93
722.895
722.85
722.735
722.59
722.47
722.305
722.205
722.03
722
721.91
721.82
721.715
721.64
721.64
721.635
721.565
721.53
721.54
721.475
721.395
721.43
721.35
721.255
721.105
720.94
720.83
720.7
720.57
720.46
720.355
720.26
720.21
720.09
720.015
720
719.915
719.88
719.81
719.71
719.54
719.38
719.18
719.015
718.9
718.72
718.53
718.42
718.36
718.28
718.175
718.1
718.03
718.03
717.97
718.005
718.06
718.07
718.13
718.07
718.03
718.075
718.06
718.06
717.995
717.995
717.99
717.955
717.8
717.72
717.68
717.59
717.52
717.46
717.465
717.465
717.41
717.365
717.31
717.3
717.21
717.195
717.28
717.265
717.3
717.37
717.4
717.44
717.56
717.59
717.6
717.635
717.615
717.6
717.49
717.425
717.325
717.175
717.06
717.03
717.01
716.905
716.825
716.8
716.825
716.72
716.755
716.73
716.69
716.76
716.76
716.82
716.98
717.17
717.28
717.43
717.63
717.86
718.03
718.2
718.26
718.28
718.43
718.51
718.52
718.54
718.695
718.75
718.8
718.78
718.895
718.93
718.98
719.05
719.06
719.1
719.17
719.21
719.3
719.36
719.38
719.42
719.465
719.555
719.725
719.855
719.925
719.94
720.045
720.195
720.275
720.36
720.5
720.615
720.745
720.83
720.95
721.08
721.28
721.48
721.69
721.975
722.27
722.485
722.75
723
723.295
723.575
723.95
724.3
724.535
724.8
725.02
725.23
725.43
725.64
725.72
725.83
725.91
725.98
726.04
726.08
726.24
726.28
726.33
726.32
726.35
726.41
726.46
726.43
726.41
726.345
726.3
726.32
726.395
726.39
726.43
726.52
726.615
726.69
726.825
726.955
727.15
727.275
727.465
727.655
727.785
727.87
727.91
727.965
728
728.02
728.14
728.19
728.3
728.4
728.58
728.8
729.03
729.2
729.355
729.575
729.66
729.78
729.91
729.96
730
730.08
730.11
730.135
730.105
730.09
730.19
730.21
730.255
730.4
730.485
730.64
730.72
730.82
730.99
731.08
731.22
731.375
731.585
731.76
731.91
732.11
732.335
732.44
732.535
732.645
732.78
732.89
733
733.035
733.135
733.255
733.275
733.3
733.38
733.44
733.565
733.68
733.81
733.93
734.06
734.14
734.26
734.36
734.51
734.6
734.685
734.795
734.9
735.01
735.075
735.14
735.15
735.205
735.29
735.36
735.43
735.52
735.57
735.635
735.72
735.785
735.78
735.795
735.79
735.81
735.82
735.825
735.755
735.77
735.75
735.81
735.95
736.07
736.125
736.285
736.33
736.33
736.345
736.29
736.2
736.07
735.935
735.725
735.49
735.34
735.21
735.05
734.98
734.82
734.705
734.7
734.66
734.605
734.525
734.385
734.325
734.115
733.91
733.635
733.44
733.33
733.19
733.015
732.94
732.85
732.715
732.565
732.37
732.195
732.035
731.835
731.53
731.295
731.045
730.74
730.475
730.2
729.865
729.57
729.245
728.905
728.595
728.32
727.98
727.74
727.445
727.21
727.025
726.79
726.6
726.43
726.22
726.075
725.77
725.54
725.335
725.115
724.84
724.585
724.46
724.265
724.055
723.85
723.675
723.37
723.08
722.82
722.585
722.26
721.915
721.63
721.365
721.11
720.86
720.62
720.395
720.135
719.875
719.64
719.345
719.095
718.805
718.53
718.295
718.07
717.95
717.81
717.57
717.43
717.26
717.09
717.1
717.045
716.97
716.95
717.005
717.04
716.985
716.91
716.87
716.78
716.58
716.52
716.415
716.28
716.11
715.865
715.75
715.58
715.37
715.185
715.095
715
714.91
714.815
714.785
714.73
714.675
714.72
714.735
714.67
714.6
714.55
714.58
714.49
714.4
714.32
714.205
714.135
714.06
714.01
713.96
713.88
713.82
713.8
713.8
713.775
713.815
713.875
713.94
713.97
714.085
714.22
714.27
714.415
714.495
714.5
714.555
714.545
714.6
714.615
714.58
714.59
714.68
714.74
714.815
714.875
714.92
715.03
715.17
715.275
715.35
715.395
715.44
715.52
715.46
715.49
715.445
715.43
715.45
715.48
715.375
715.37
715.335
715.315
715.28
715.21
715.19
715.185
715.15
715.2
715.24
715.35
715.315
715.335
715.325
715.32
715.35
715.43
715.43
715.465
715.49
715.475
715.435
715.48
715.525
715.535
715.53
715.545
715.52
715.5
715.51
715.5
715.38
715.455
715.46
715.4
715.345
715.36
715.35
715.34
715.29
715.3
715.38
715.37
715.44
715.54
715.69
715.8
716.04
716.265
716.48
716.82
717.11
717.37
717.7
717.99
718.285
718.49
718.655
718.82
718.905
719.01
719.24
719.44
719.66
719.855
720.085
720.335
720.535
720.74
721.01
721.14
721.275
721.48
721.605
721.63
721.665
721.65
721.59
721.525
721.5
721.39
721.31
721.21
721.105
720.985
720.9
720.84
720.85
720.87
720.92
720.99
721.11
721.3
721.455
721.61
721.89
722.115
722.295
722.46
722.545
722.61
722.68
722.72
722.755
722.81
722.835
722.805
722.77
722.71
722.625
722.57
722.505
722.44
722.38
722.275
722.25
722.24
722.205
722.15
722.14
722.135
722.17
722.19
722.25
722.3
722.34
722.355
722.4
722.49
722.51
722.435
722.5
722.45
722.47
722.55
722.55
722.53
722.51
722.49
722.475
722.355
722.32
722.3
722.18
722.11
722.02
722.01
722.01
721.93
721.88
721.84
721.73
721.565
721.51
721.44
721.33
721.235
721.16
721.015
721.01
720.91
720.83
720.755
720.69
720.63
720.51
720.49
720.345
720.185
720.04
719.95
719.84
719.77
719.54
719.35
719.2
718.965
718.79
718.63
718.505
718.25
718.03
717.81
717.69
717.52
717.355
717.205
717.115
716.985
716.735
716.62
716.49
716.39
716.315
716.15
716.025
715.945
715.835
715.66
715.52
715.405
715.25
715.09
714.89
714.73
714.695
714.63
714.53
714.43
714.5
714.455
714.305
714.175
714.075
713.98
713.795
713.55
713.31
713.185
712.96
712.73
712.5
712.29
712.12
711.985
711.86
711.7
711.56
711.47
711.295
711.13
711.035
710.915
710.655
710.525
710.39
710.135
709.9
709.69
709.46
709.23
708.97
708.65
708.435
708.165
707.81
707.56
707.295
707
706.605
706.4
706.09
705.87
705.58
705.34
705.09
704.86
704.585
704.305
704.145
704.005
703.76
703.625
703.425
703.3
703.08
702.9
702.715
702.465
702.215
702.05
701.775
701.54
701.28
701.135
700.89
700.7
700.545
700.37
700.11
700.03
699.8
699.62
699.36
699.16
699.025
698.83
698.62
698.455
698.26
698.11
697.91
697.73
697.49
697.19
696.94
696.625
696.42
696.175
695.875
695.605
695.39
695.155
694.9
694.675
694.46
694.19
694.04
693.9
693.72
693.55
693.29
693.16
693.07
692.87
692.67
692.55
692.43
692.3
692.12
691.95
691.765
691.635
691.45
691.28
691.15
690.98
690.86
690.85
690.79
690.62
690.535
690.315
690.12
690.025
689.78
689.55
689.36
689.24
689.135
689.07
689.08
689.06
689.08
689.1
689.095
689.16
689.185
689.12
689.06
689
688.82
688.61
688.385
688.16
687.91
687.6
687.4
687.14
686.985
686.81
686.645
686.49
686.425
686.28
686.175
686.145
686.12
686.035
686.025
686.025
686.03
685.945
685.97
685.94
685.88
685.775
685.625
685.61
685.49
685.47
685.37
685.29
685.28
685.19
685.16
685.085
685.055
685.03
685.025
685.06
685.115
685.12
685.175
685.275
685.295
685.29
685.325
685.38
685.47
685.51
685.595
685.615
685.62
685.67
685.7
685.7
685.72
685.75
685.75
685.715
685.755
685.81
685.8
685.81
685.84
685.895
685.88
685.92
685.97
685.97
686.03
686.015
685.98
685.97
685.95
685.875
685.82
685.81
685.715
685.715
685.7
685.625
685.545
685.64
685.65
685.58
685.6
685.61
685.635
685.61
685.625
685.66
685.685
685.665
685.69
685.725
685.75
685.78
685.78
685.86
685.95
685.97
685.98
685.95
685.92
685.87
685.785
685.72
685.68
685.61
685.515
685.42
685.3
685.26
685.19
685.2
685.13
685.065
685.06
685.14
685.195
685.32
685.56
685.78
686.105
686.43
686.635
686.765
686.89
686.93
686.93
686.8
686.68
686.61
686.42
686.32
686.05
685.765
685.5
685.3
685.075
684.9
684.72
684.53
684.39
684.235
684.07
684.01
683.93
683.825
683.785
683.77
683.775
683.7
683.64
683.67
683.59
683.58
683.55
683.54
683.475
683.42
683.41
683.42
683.465
683.475
683.49
683.515
683.635
683.69
683.82
683.9
683.96
683.95
683.97
683.94
683.85
683.78
683.755
683.66
683.49
683.445
683.375
683.275
683.2
683.13
683.07
682.98
683.02
682.95
682.93
682.88
682.825
682.8
682.77
682.765
682.66
682.64
682.6
682.54
682.61
682.59
682.625
682.68
682.695
682.65
682.65
682.7
682.66
682.6
682.55
682.55
682.48
682.405
682.3
682.205
682.03
682.015
682.02
682.005
682.08
682.085
682.175
682.3
682.32
682.32
682.39
682.415
682.44
682.315
682.22
682.165
682.05
681.89
681.75
681.575
681.34
681.15
681.005
680.775
680.62
680.435
680.425
680.385
680.38
680.415
680.465
680.49
680.55
680.54
680.47
680.515
680.515
680.47
680.49
680.49
680.53
680.535
680.7
680.775
680.78
680.795
680.795
680.705
680.625
680.49
680.405
680.195
680.05
679.945
679.83
679.785
679.745
679.72
679.77
679.87
679.895
679.99
680.11
680.18
680.19
680.22
680.25
680.21
680.16
680.09
680.03
679.92
679.83
679.82
679.725
679.66
679.56
679.48
679.385
679.29
679.24
679.155
679.03
678.94
678.87
678.83
678.75
678.63
678.49
678.46
678.33
678.25
678.13
677.97
677.77
677.54
677.31
677.15
676.975
676.735
676.495
676.27
676.08
675.9
675.67
675.47
675.28
675.09
674.915
674.72
674.51
674.35
674.2
674.04
673.71
673.54
673.335
673.13
672.865
672.65
672.33
672.035
671.765
671.51
671.23
671.015
670.82
670.59
670.42
670.255
670.1
669.995
669.86
669.71
669.615
669.5
669.45
669.375
669.25
669.17
669.075
668.96
668.835
668.76
668.7
668.54
668.42
668.33
668.22
668.085
667.93
667.83
667.725
667.61
667.55
667.48
667.33
667.17
667.06
667.02
666.96
666.875
666.775
666.675
666.625
666.565
666.48
666.4
666.28
666.16
666.03
665.79
665.76
665.645
665.5
665.39
665.225
665.1
664.985
664.93
664.8
664.685
664.61
664.48
664.35
664.32
664.25
664.215
664.13
664.135
664.05
663.905
663.835
663.72
663.685
663.58
663.45
663.34
663.17
663.035
662.88
662.85
662.655
662.52
662.34
662.215
662.065
661.87
661.71
661.54
661.385
661.265
661.07
660.96
660.77
660.64
660.49
660.415
660.255
660.17
660.085
659.925
659.82
659.785
659.745
659.7
659.58
659.6
659.55
659.48
659.4
659.455
659.38
659.29
659.25
659.24
659.225
659.18
659.15
659.12
659.14
659.09
659.05
659.015
658.91
658.86
658.83
658.84
658.8
658.72
658.7
658.65
658.55
658.5
658.5
658.47
658.39
658.345
658.32
658.26
658.26
658.255
658.12
658.06
657.98
657.88
657.82
657.665
657.59
657.57
657.45
657.355
657.26
657.19
657.12
657.08
656.98
656.9
656.78
656.7
656.71
656.53
656.49
656.39
656.3
656.255
656.14
656.09
656.07
656.03
656.06
656.065
656.03
655.98
656.005
656.08
656.06
656.09
656.09
656.125
656.09
656
656.045
656.02
655.98
655.94
655.93
655.94
655.86
655.8
655.78
655.7
655.645
655.66
655.665
655.645
655.62
655.635
655.62
655.605
655.57
655.615
655.59
655.515
655.46
655.425
655.4
655.375
655.385
655.28
655.25
655.11
655.075
654.93
654.84
654.84
654.79
654.66
654.49
654.455
654.38
654.225
654.145
654.13
654.02
653.96
653.84
653.77
653.67
653.6
653.54
653.41
653.3
653.19
652.995
652.81
652.65
652.455
652.28
652.08
651.855
651.665
651.49
651.31
651.08
650.915
650.735
650.54
650.37
650.1
649.89
649.72
649.435
649.175
648.95
648.75
648.5
648.26
648.09
647.885
647.725
647.53
647.295
647.06
646.765
646.58
646.34
646.065
645.78
645.5
645.235
645
644.725
644.495
644.19
643.865
643.51
643.28
642.945
642.59
642.29
642
641.64
641.275
640.93
640.665
640.285
639.95
639.6
639.34
639.045
638.715
638.36
638.02
637.72
637.465
637.145
636.79
636.48
636.25
635.93
635.64
635.32
635.04
634.73
634.5
634.14
633.895
633.63
633.4
633.18
632.96
632.67
632.425
632.245
631.99
631.75
631.46
631.295
631.03
630.71
630.48
630.155
629.915
629.565
629.32
629.05
628.77
628.485
628.23
628.005
627.74
627.49
627.24
626.98
626.74
626.35
626.2
625.995
625.745
625.525
625.315
625.09
624.94
624.81
624.68
624.535
624.44
624.29
624.15
623.95
623.855
623.73
623.585
623.415
623.185
623.08
622.92
622.72
622.59
622.435
622.265
622.11
622.04
621.97
621.835
621.76
621.75
621.7
621.675
621.62
621.55
621.48
621.53
621.44
621.43
621.42
621.39
621.36
621.355
621.335
621.285
621.25
621.21
621.135
621.03
621
620.935
620.87
620.87
620.855
620.84
620.86
620.88
620.87
620.88
620.9
620.9
620.88
620.89
620.92
621
621.005
621.105
621.17
621.275
621.415
621.45
621.455
621.47
621.475
621.5
621.535
621.59
621.65
621.735
621.79
621.865
621.955
622.01
622.06
622.13
622.175
622.225
622.3
622.37
622.44
622.545
622.61
622.73
622.815
622.88
622.94
623.045
623.13
623.17
623.235
623.275
623.29
623.295
623.31
623.31
623.29
623.31
623.325
623.32
623.35
623.32
623.35
623.37
623.36
623.37
623.43
623.47
623.47
623.505
623.54
623.575
623.59
623.59
623.6
623.7
623.76
623.74
623.775
623.815
623.86
623.83
623.91
623.93
623.96
623.99
624.04
624.07
624.1
624.07
624.155
624.18
624.2
624.195
624.23
624.285
624.33
624.29
624.32
624.33
624.34
624.36
624.41
624.35
624.37
624.37
624.34
624.385
624.41
624.45
624.51
624.64
624.715
624.82
624.92
624.995
625.08
625.21
625.26
625.305
625.33
625.37
625.29
625.25
625.23
625.18
625.08
624.935
624.87
624.775
624.745
624.635
624.56
624.56
624.51
624.49
624.49
624.43
624.48
624.455
624.465
624.51
624.535
624.535
624.565
624.57
624.6
624.655
624.65
624.625
624.59
624.6
624.535
624.55
624.505
624.41
624.35
624.25
624.17
624.08
623.96
623.84
623.78
623.66
623.535
623.485
623.39
623.31
623.245
623.14
622.99
622.94
622.885
622.87
622.79
622.71
622.725
622.675
622.645
622.59
622.55
622.565
622.56
622.585
622.52
622.48
622.465
622.43
622.425
622.34
622.3
622.25
622.22
622.165
622.1
622.145
622.18
622.18
622.185
622.16
622.14
622.165
622.22
622.245
622.24
622.29
622.27
622.26
622.25
622.22
622.165
622.12
622.06
622.045
621.98
621.89
621.76
621.685
621.635
621.555
621.45
621.33
621.26
621.16
621.08
621.06
620.98
620.93
620.965
620.93
620.95
620.91
620.965
620.95
620.86
620.8
620.795
620.76
620.72
620.635
620.49
620.4
620.35
620.21
620.09
619.945
619.82
619.7
619.62
619.54
619.38
619.235
619.13
618.99
618.855
618.67
618.51
618.41
618.24
618.125
618.035
617.91
617.785
617.705
617.565
617.47
617.45
617.38
617.26
617.145
617.105
617
616.9
616.765
616.63
616.55
616.455
616.33
616.16
616
615.845
615.74
615.575
615.29
615.11
614.99
614.785
614.535
614.32
614.19
613.98
613.84
613.63
613.47
613.24
613.07
612.89
612.71
612.58
612.4
612.22
612.07
611.95
611.77
611.62
611.48
611.3
611.095
610.92
610.755
610.57
610.43
610.29
610.14
610
609.86
609.69
609.59
609.465
609.415
609.36
609.24
609.115
608.965
608.92
608.84
608.73
608.71
608.59
608.52
608.4
608.385
608.3
608.225
608.2
608.12
608.08
608.05
608
607.96
607.95
607.92
607.93
607.905
607.94
607.92
607.88
607.895
607.87
607.91
607.91
607.97
607.935
607.92
607.88
607.85
607.93
607.91
607.89
607.83
607.83
607.83
607.83
607.81
607.76
607.87
607.89
607.88
607.91
607.86
607.855
607.91
607.945
607.965
607.97
607.94
607.95
607.91
607.94
607.97
607.99
607.97
607.965
607.92
607.91
607.925
607.955
607.85
607.83
607.855
607.83
607.825
607.83
607.82
607.85
607.83
607.83
607.88
607.885
607.88
607.875
607.9
607.94
607.95
608.015
608.045
608.03
608.08
608.09
608.06
608.08
608.04
608.01
607.95
607.815
607.785
607.78
607.75
607.65
607.6
607.61
607.595
607.63
607.53
607.49
607.44
607.32
607.3
607.28
607.18
607.16
607.08
606.945
606.84
606.72
606.66
606.47
606.36
606.22
606.12
605.95
605.875
605.685
605.53
605.42
605.31
605.19
605.01
604.92
604.8
604.75
604.64
604.51
604.4
604.26
604.185
604.07
603.93
603.83
603.75
603.65
603.51
603.46
603.36
603.245
603.13
603.025
602.89
602.79
602.69
602.57
602.385
602.28
602.14
601.955
601.8
601.66
601.505
601.34
601.24
601.1
600.93
600.8
600.665
600.57
600.41
600.265
600.14
599.97
599.85
599.69
599.515
599.33
599.24
599.08
598.92
598.81
598.66
598.46
598.25
598.13
597.96
597.805
597.61
597.4
597.22
597.05
596.89
596.67
596.57
596.36
596.205
596.055
595.86
595.71
595.51
595.345
595.19
595.03
594.86
594.67
594.52
594.35
594.175
594.065
593.895
593.725
593.545
593.39
593.14
592.93
592.68
592.475
592.21
591.94
591.715
591.485
591.24
591.09
590.96
590.815
590.65
590.56
590.44
590.34
590.31
590.22
590.155
590.13
590.11
590.055
590.04
589.99
589.93
589.79
589.64
589.49
589.3
589.035
588.78
588.53
588.295
588.045
587.8
587.495
587.32
587.095
586.91
586.72
586.515
586.37
586.235
586.1
585.99
585.87
585.81
585.69
585.615
585.53
585.435
585.36
585.29
585.18
585.05
584.98
584.895
584.67
584.54
584.35
584.18
583.99
583.86
583.69
583.575
583.465
583.37
583.255
583.105
582.96
582.9
582.78
582.7
582.56
582.47
582.37
582.28
582.13
582.01
581.905
581.76
581.585
581.47
581.41
581.265
581.23
581.07
580.99
580.955
580.825
580.8
580.7
580.67
580.565
580.45
580.33
580.18
580.06
579.91
579.705
579.55
579.4
579.255
579.09
578.92
578.755
578.58
578.45
578.32
578.18
578.03
577.94
577.79
577.665
577.57
577.43
577.28
577.145
576.995
576.885
576.735
576.585
576.445
576.29
576.135
575.94
575.775
575.62
575.4
575.21
575.04
574.86
574.69
574.55
574.42
574.28
574.14
574.02
573.91
573.78
573.665
573.56
573.48
573.38
573.32
573.3
573.235
573.185
573.22
573.22
573.165
573.12
573.13
573.14
573.08
573.07
573.07
573.025
572.94
572.87
572.745
572.7
572.66
572.59
572.51
572.46
572.315
572.26
572.22
572.14
572.075
572.01
571.94
571.88
571.835
571.8
571.8
571.75
571.73
571.65
571.665
571.645
571.63
571.56
571.51
571.505
571.43
571.42
571.375
571.39
571.36
571.38
571.39
571.41
571.36
571.39
571.425
571.405
571.45
571.51
571.51
571.55
571.6
571.66
571.64
571.68
571.69
571.66
571.64
571.665
571.61
571.6
571.58
571.59
571.55
571.51
571.43
571.45
571.38
571.335
571.315
571.305
571.28
571.29
571.22
571.255
571.2
571.195
571.2
571.16
571.15
571.175
571.145
571.155
571.1
571.11
571.1
571.12
571.11
571.115
571.125
571.105
571.095
571.07
571.08
571.03
571.02
570.935
570.91
570.935
570.86
570.86
570.845
570.765
570.73
570.7
570.68
570.72
570.74
570.75
570.72
570.76
570.83
570.805
570.78
570.735
570.73
570.65
570.605
570.56
570.435
570.29
570.18
570.16
570.06
569.97
569.85
569.76
569.67
569.595
569.53
569.5
569.39
569.32
569.3
569.245
569.14
569.1
569.09
569.05
569.07
569.03
569
568.97
568.94
568.89
568.8
568.74
568.7
568.61
568.515
568.44
568.36
568.285
568.19
568.02
567.96
567.905
567.85
567.785
567.66
567.52
567.52
567.48
567.45
567.39
567.4
567.37
567.35
567.265
567.23
567.125
567.15
567.18
567.17
567.085
567.035
567
566.97
567.02
566.985
566.92
566.84
566.78
566.685
566.575
566.56
566.5
566.47
566.41
566.365
566.335
566.31
566.21
566.175
566.16
566.16
566.11
566.11
566.11
566.13
566.1
566.035
566.02
565.955
565.925
565.85
565.81
565.78
565.72
565.69
565.62
565.62
565.55
565.48
565.45
565.46
565.46
565.375
565.35
565.3
565.24
565.2
565.2
565.13
565.02
564.93
564.9
564.84
564.72
564.65
564.61
564.54
564.49
564.4
564.35
564.18
564.1
564.04
564.035
563.98
563.9
563.81
563.725
563.68
563.62
563.56
563.43
563.37
563.34
563.25
563.11
563.065
563.03
562.935
562.765
562.75
562.75
562.69
562.63
562.56
562.58
562.52
562.52
562.535
562.535
562.52
562.55
562.56
562.56
562.58
562.56
562.58
562.48
562.51
562.46
562.405
562.39
562.37
562.29
562.175
562.1
561.975
561.825
561.76
561.68
561.56
561.435
561.32
561.165
561.1
560.91
560.85
560.67
560.57
560.425
560.33
560.2
560.16
560.045
559.865
559.785
559.72
559.68
559.535
559.475
559.45
559.41
559.365
559.34
559.32
559.26
559.255
559.235
559.205
559.18
559.145
559.17
559.18
559.165
559.12
559.13
559.13
559.065
559.07
559.08
559.11
559.1
559.035
559.03
559.035
559.07
559.03
559.03
558.96
558.865
558.86
558.78
558.74
558.73
558.76
558.755
558.69
558.695
558.72
558.74
558.69
558.63
558.655
558.63
558.55
558.46
558.42
558.325
558.275
558.21
558.12
558.01
557.96
557.93
557.92
557.88
557.82
557.78
557.71
557.74
557.675
557.59
557.59
557.49
557.4
557.32
557.255
557.12
557.03
556.975
556.93
556.84
556.83
556.79
556.75
556.755
556.77
556.79
556.77
556.765
556.81
556.855
556.93
556.89
556.915
557.01
556.985
557.01
557.07
557.045
557.075
557.12
557.09
557.08
557.08
557.05
557.03
557.01
557.07
557.07
557.045
556.985
556.96
557.01
556.92
556.89
556.91
556.85
556.83
556.86
556.805
556.715
556.76
556.745
556.67
556.625
556.58
556.57
556.64
556.67
556.64
556.59
556.565
556.465
556.47
556.47
556.36
556.28
556.27
556.185
556.14
556.05
556.03
556
556.02
555.985
555.945
555.935
555.87
555.825
555.875
555.88
555.87
555.86
555.85
555.775
555.74
555.78
555.75
555.71
555.615
555.6
555.56
555.475
555.43
555.41
555.33
555.2
555.1
555.1
554.96
554.93
554.86
554.78
554.74
554.72
554.67
554.59
554.49
554.415
554.4
554.33
554.27
554.21
554.13
554.07
553.99
553.93
553.85
553.815
553.75
553.725
553.67
553.655
553.61
553.63
553.61
553.57
553.55
553.45
553.46
553.42
553.39
553.33
553.31
553.28
553.205
553.105
553.085
553.01
552.94
552.86
552.765
552.66
552.57
552.48
552.4
552.3
552.2
552.07
552.01
551.895
551.81
551.705
551.56
551.485
551.37
551.27
551.17
551.11
551.01
550.93
550.82
550.71
550.585
550.53
550.395
550.325
550.29
550.21
550.24
550.185
550.085
550
549.98
549.84
549.74
549.685
549.56
549.39
549.23
549.14
549.105
549.08
548.97
548.92
548.845
548.76
548.72
548.7
548.73
548.715
548.66
548.64
548.575
548.56
548.54
548.575
548.52
548.445
548.375
548.37
548.37
548.29
548.22
548.22
548.24
548.21
548.19
548.15
548.13
548.08
548.07
548.07
548.06
548.04
547.945
547.95
547.94
547.89
547.83
547.81
547.81
547.745
547.66
547.59
547.54
547.49
547.45
547.4
547.33
547.26
547.18
547.16
547.07
546.985
546.95
546.91
546.86
546.81
546.76
546.73
546.61
546.555
546.45
546.35
546.29
546.21
546.055
546
545.93
545.86
545.79
545.73
545.66
545.565
545.475
545.4
545.245
545.17
545.205
545.14
545.09
545.05
545.06
544.985
544.985
544.95
544.91
544.84
544.78
544.66
544.6
544.54
544.505
544.45
544.38
544.22
544.07
543.995
543.98
543.835
543.75
543.73
543.73
543.76
543.68
543.6
543.57
543.55
543.44
543.42
543.4
543.38
543.335
543.27
543.19
543.13
543.05
542.93
542.86
542.79
542.685
542.67
542.59
542.51
542.43
542.37
542.29
542.29
542.255
542.225
542.15
542.08
542.01
541.95
541.89
541.885
541.83
541.78
541.69
541.6
541.5
541.41
541.36
541.305
541.235
541.13
541.09
541.06
540.93
540.87
540.78
540.72
540.69
540.67
540.63
540.57
540.49
540.43
540.4
540.34
540.26
540.13
540.06
540.02
539.95
539.91
539.75
539.65
539.64
539.53
539.52
539.45
539.38
539.35
539.28
539.265
539.14
539.05
539.07
538.95
538.94
538.85
538.79
538.755
538.67
538.57
538.5
538.48
538.41
538.335
538.21
538.14
538.1
537.975
537.88
537.75
537.6
537.485
537.4
537.31
537.29
537.24
537.19
537.14
537.1
537.06
536.93
536.84
536.79
536.74
536.68
536.585
536.51
536.43
536.37
536.33
536.28
536.165
536.14
536.05
536.01
535.95
535.95
535.93
535.86
535.815
535.875
535.89
535.86
535.78
535.78
535.69
535.66
535.63
535.56
535.5
535.435
535.45
535.48
535.44
535.4
535.32
535.3
535.26
535.215
535.185
535.16
535.17
535.17
535.19
535.255
535.28
535.19
535.26
535.305
535.25
535.23
535.22
535.19
535.18
535.19
535.215
535.3
535.33
535.35
535.35
535.35
535.38
535.44
535.475
535.48
535.48
535.52
535.555
535.62
535.69
535.72
535.72
535.755
535.76
535.91
535.965
536.03
536.11
536.14
536.13
536.12
536.165
536.11
536.135
536.16
536.18
536.17
536.175
536.17
536.12
536.13
536.09
536.1
536.11
536.07
536.07
536.03
536.02
535.98
535.92
535.865
535.81
535.72
535.66
535.58
535.46
535.36
535.32
535.28
535.26
535.19
535.17
535.095
535.05
535.03
534.96
534.84
534.69
534.55
534.43
534.33
534.24
534.16
534.12
534.055
533.91
533.78
533.625
533.52
533.4
533.275
533.13
533.03
532.87
532.71
532.53
532.28
532.13
532.07
531.95
531.79
531.675
531.51
531.38
531.29
531.23
531.1
530.99
530.895
530.845
530.83
530.715
530.59
530.56
530.49
530.42
530.35
530.22
530.15
530.08
530
529.85
529.75
529.67
529.6
529.535
529.41
529.29
529.14
529.09
529.03
528.94
528.87
528.74
528.64
528.5
528.405
528.36
528.24
528.16
528.085
528.04
527.93
527.83
527.77
527.69
527.57
527.45
527.37
527.255
527.095
527.02
526.92
526.705
526.64
526.52
526.38
526.19
525.96
525.82
525.64
525.44
525.245
525
524.8
524.53
524.38
524.12
523.91
523.7
523.49
523.28
523.035
522.8
522.6
522.365
522.14
521.91
521.685
521.37
521.14
520.9
520.6
520.26
520.02
519.73
519.43
519.13
518.79
518.505
518.23
517.94
517.63
517.28
517.02
516.745
516.47
516.2
515.935
515.61
515.32
515.04
514.74
514.425
514.15
513.85
513.585
513.305
513.07
512.855
512.64
512.38
512.1
511.915
511.68
511.445
511.22
510.93
510.635
510.29
510.05
509.835
509.61
509.41
509.16
508.9
508.625
508.32
508.04
507.765
507.5
507.18
506.93
506.7
506.45
506.16
505.89
505.59
505.355
505.135
504.815
504.535
504.26
503.98
503.73
503.4
503.14
502.935
502.64
502.36
502.075
501.77
501.5
501.295
501.045
500.75
500.505
500.295
500.085
499.84
499.575
499.29
499
498.725
498.49
498.245
498.05
497.83
497.63
497.37
497.2
496.96
496.715
496.55
496.36
496.29
496.16
495.96
495.88
495.72
495.51
495.365
495.25
495.13
494.96
494.83
494.68
494.455
494.2
494.07
493.94
493.83
493.675
493.55
493.46
493.405
493.36
493.305
493.17
493.09
493.08
493.03
492.94
492.9
492.78
492.66
492.53
492.38
492.27
492.14
492.005
491.86
491.775
491.72
491.64
491.515
491.445
491.395
491.315
491.185
491.06
490.95
490.86
490.81
490.66
490.525
490.41
490.27
490.14
489.99
489.91
489.72
489.54
489.41
489.27
489.15
489.07
488.93
488.835
488.74
488.705
488.58
488.5
488.42
488.32
488.265
488.19
488.08
488
487.97
487.96
487.92
487.75
487.73
487.69
487.67
487.55
487.52
487.44
487.34
487.29
487.23
487.18
487.13
487.08
487.08
487.08
487.04
487.02
486.94
486.855
486.71
486.72
486.73
486.73
486.68
486.65
486.625
486.625
486.58
486.585
486.64
486.64
486.61
486.58
486.57
486.56
486.56
486.54
486.49
486.45
486.49
486.46
486.445
486.42
486.45
486.43
486.4
486.405
486.39
486.44
486.46
486.48
486.49
486.47
486.42
486.465
486.48
486.5
486.46
486.5
486.55
486.545
486.48
486.55
486.55
486.61
486.705
486.78
486.85
486.9
486.99
487
487.035
487.06
487.1
487.14
487.22
487.26
487.35
487.42
487.465
487.5
487.55
487.64
487.72
487.79
487.86
487.955
488.02
488.05
488.11
488.2
488.2
488.27
488.28
488.33
488.39
488.475
488.55
488.61
488.72
488.815
488.83
488.97
489.03
489.07
489.13
489.23
489.3
489.36
489.39
489.44
489.54
489.57
489.64
489.68
489.76
489.84
489.88
489.98
490.05
490.165
490.27
490.355
490.45
490.47
490.59
490.74
490.86
490.96
491.12
491.295
491.43
491.54
491.69
491.91
492.09
492.235
492.405
492.54
492.665
492.805
492.88
492.94
493.03
493.14
493.22
493.35
493.44
493.54
493.62
493.76
493.925
494.09
494.25
494.44
494.63
494.83
495.07
495.28
495.5
495.67
495.86
496.07
496.29
496.45
496.59
496.76
496.935
497.03
497.17
497.29
497.45
497.545
497.7
497.86
498.04
498.23
498.39
498.56
498.75
498.935
499.14
499.4
499.62
499.87
500.11
500.33
500.58
500.81
500.98
501.18
501.47
501.72
501.94
502.15
502.44
502.675
502.89
503.18
503.42
503.7
503.95
504.175
504.405
504.69
504.95
505.16
505.45
505.72
506.035
506.26
506.47
506.74
506.995
507.28
507.52
507.825
508.11
508.35
508.58
508.845
509.105
509.395
509.67
510.005
510.31
510.595
510.915
511.15
511.43
511.68
511.93
512.18
512.39
512.67
512.92
513.23
513.4
513.66
513.965
514.22
514.47
514.7
514.855
515.135
515.43
515.695
515.98
516.19
516.475
516.745
517.06
517.34
517.61
517.91
518.24
518.51
518.85
519.2
519.545
519.85
520.185
520.49
520.82
521.095
521.39
521.65
521.9
522.1
522.325
522.53
522.735
523.03
523.26
523.51
523.79
524.01
524.29
524.61
524.88
525.185
525.495
525.785
526.07
526.32
526.7
526.98
527.29
527.6
527.895
528.14
528.515
528.83
529.15
529.38
529.65
529.885
530.11
530.425
530.66
530.86
531.11
531.39
531.64
531.925
532.22
532.42
532.67
532.95
533.235
533.5
533.73
533.97
534.25
534.52
534.77
535.02
535.33
535.63
535.92
536.17
536.48
536.805
537.08
537.34
537.58
537.81
538.02
538.27
538.56
538.76
539
539.23
539.505
539.735
539.97
540.19
540.455
540.74
541.005
541.285
541.53
541.74
542.03
542.295
542.51
542.77
542.96
543.33
543.585
543.81
544.1
544.41
544.68
544.995
545.28
545.62
546.01
546.25
546.59
546.87
547.24
547.53
547.82
548.045
548.3
548.48
548.665
548.83
549.035
549.29
549.52
549.8
550.17
550.44
550.755
551.05
551.38
551.64
551.925
552.155
552.375
552.585
552.75
552.98
553.14
553.36
553.6
553.825
554.06
554.28
554.61
554.89
555.16
555.39
555.64
555.89
556.105
556.31
556.64
556.9
557.165
557.39
557.59
557.85
558.115
558.33
558.62
558.85
559.04
559.25
559.45
559.655
559.81
560
560.18
560.39
560.54
560.71
560.88
561.05
561.245
561.405
561.59
561.8
561.965
562.18
562.4
562.6
562.77
562.97
563.2
563.4
563.64
563.915
564.23
564.43
564.64
564.845
564.98
565.2
565.415
565.58
565.75
565.9
566.02
566.09
566.1
566.17
566.165
566.185
566.24
566.31
566.36
566.35
566.33
566.335
566.42
566.5
566.6
566.675
566.745
566.81
566.92
566.98
567
567.11
567.11
567.22
567.26
567.33
567.38
567.45
567.49
567.57
567.565
567.695
567.725
567.77
567.83
567.985
568.205
568.29
568.44
568.56
568.64
568.89
569.11
569.275
569.285
569.37
569.44
569.55
569.655
569.78
569.92
570.105
570.41
570.615
570.925
571.22
571.475
571.79
572.1
572.31
572.5
572.67
572.83
573.025
573.19
573.345
573.495
573.64
573.76
573.88
574.04
574.17
574.29
574.42
574.565
574.665
574.73
574.86
574.94
574.97
575.01
575.01
575.09
575.24
575.3
575.415
575.505
575.57
575.595
575.705
575.76
575.84
575.95
576.05
576.18
576.34
576.5
576.61
576.72
576.76
576.93
577.05
577.19
577.37
577.49
577.54
577.64
577.795
578
578.14
578.305
578.47
578.6
578.7
578.735
578.86
578.98
579.175
579.425
579.62
579.795
580.04
580.27
580.545
580.78
580.99
581.255
581.445
581.675
581.87
582.03
582.185
582.32
582.46
582.65
582.745
582.86
583
583.135
583.345
583.5
583.65
583.82
583.97
584.09
584.26
584.38
584.52
584.67
584.84
584.98
585.105
585.26
585.4
585.5
585.63
585.75
585.84
585.97
586.12
586.255
586.415
586.535
586.66
586.82
586.94
587.11
587.21
587.425
587.54
587.72
587.95
588.08
588.205
588.42
588.535
588.69
588.805
588.935
589.06
589.21
589.345
589.46
589.58
589.68
589.77
589.88
589.96
590.05
590.09
590.2
590.28
590.32
590.42
590.535
590.605
590.62
590.635
590.73
590.76
590.73
590.7
590.705
590.79
590.83
590.9
590.99
591.05
591.15
591.25
591.36
591.5
591.555
591.65
591.78
591.86
591.845
591.89
591.85
591.88
591.895
591.86
591.855
591.88
591.9
591.92
591.935
591.92
591.9
591.95
591.985
592.01
592.045
592.01
591.95
592.01
592.085
592.09
592.025
592.085
592.07
592.045
592
591.97
591.93
591.84
591.805
591.73
591.66
591.56
591.55
591.46
591.36
591.3
591.32
591.36
591.31
591.3
591.32
591.3
591.33
591.38
591.41
591.36
591.285
591.26
591.25
591.21
591.19
591.13
591.095
591.05
590.99
590.98
590.95
590.95
590.995
590.98
590.89
590.83
590.865
590.85
590.805
590.73
590.55
590.385
590.29
590.225
590.22
590.22
590.05
589.98
589.95
589.9
589.82
589.82
589.725
589.64
589.635
589.63
589.6
589.5
589.4
589.295
589.17
589.15
589.06
588.97
588.845
588.68
588.53
588.345
588.23
588.1
587.98
587.87
587.78
587.67
587.57
587.485
587.43
587.365
587.34
587.34
587.265
587.17
587.01
586.97
586.965
586.84
586.72
586.62
586.49
586.36
586.22
586.015
585.81
585.6
585.465
585.3
585.13
585.035
584.99
584.91
584.78
584.645
584.54
584.435
584.27
584.14
583.98
583.895
583.765
583.65
583.59
583.525
583.44
583.32
583.22
583.075
582.9
582.71
582.615
582.55
582.5
582.4
582.32
582.26
582.235
582.22
582.22
582.18
582.205
582.2
582.26
582.225
582.21
582.2
582.11
582.01
581.98
581.95
581.9
581.78
581.79
581.75
581.74
581.745
581.685
581.65
581.62
581.64
581.645
581.615
581.55
581.63
581.655
581.77
581.83
581.86
581.85
581.91
582.01
582.065
582.12
582.27
582.3
582.315
582.315
582.27
582.27
582.32
582.34
582.34
582.35
582.35
582.34
582.31
582.32
582.32
582.305
582.315
582.26
582.225
582.21
582.2
582.14
582.06
581.935
581.915
581.97
581.99
582.03
582.005
581.99
581.99
582.05
582.1
582.1
582.135
582.16
582.225
582.26
582.26
582.19
582.14
582.155
582.15
582.21
582.27
582.26
582.26
582.275
582.33
582.345
582.4
582.42
582.435
582.475
582.46
582.47
582.455
582.5
582.58
582.6
582.615
582.645
582.64
582.635
582.7
582.72
582.71
582.795
582.82
582.84
582.8
582.85
582.84
582.86
582.91
582.93
583.045
583.07
583.08
583.09
583.14
583.2
583.215
583.3
583.41
583.47
583.575
583.6
583.7
583.79
583.91
584.065
584.135
584.23
584.355
584.545
584.63
584.71
584.78
584.83
584.93
585.01
585.085
585.11
585.13
585.185
585.28
585.34
585.415
585.45
585.56
585.64
585.74
585.86
585.88
585.935
586.03
586.105
586.16
586.24
586.34
586.38
586.45
586.48
586.62
586.74
586.82
586.86
586.89
587.03
587.11
587.28
587.43
587.59
587.685
587.73
587.825
587.925
587.96
588.025
588.06
588.1
588.13
588.15
588.19
588.24
588.3
588.37
588.31
588.37
588.42
588.495
588.56
588.62
588.62
588.675
588.76
588.875
588.95
589.07
589.15
589.33
589.435
589.48
589.53
589.605
589.585
589.63
589.675
589.76
589.79
589.86
589.985
590.035
590.075
590.19
590.245
590.29
590.41
590.45
590.57
590.64
590.795
590.905
591.04
591.23
591.37
591.57
591.88
591.96
592.15
592.39
592.72
592.88
593.11
593.255
593.48
593.64
593.765
593.76
593.78
593.81
593.84
593.96
594.06
594.225
594.38
594.545
594.86
595.18
595.395
595.53
595.67
595.76
595.84
595.94
596.05
596.13
596.19
596.27
596.375
596.53
596.67
596.84
596.975
597.155
597.44
597.72
597.935
598.27
598.6
598.89
599.19
599.55
599.79
600.095
600.385
600.76
600.995
601.515
601.92
602.3
602.8
603.225
603.565
603.84
604.12
604.265
604.37
604.51
604.65
604.695
604.74
604.86
605.055
605.26
605.55
605.755
606.1
606.42
606.915
607.29
607.69
608
608.36
608.705
608.985
609.22
609.385
609.52
609.695
609.86
609.99
610.135
610.285
610.4
610.57
610.77
611.005
611.28
611.53
611.85
612.14
612.41
612.65
612.885
613.065
613.235
613.46
613.765
614.02
614.21
614.47
614.67
614.85
615.02
615.18
615.325
615.48
615.6
615.69
615.77
615.89
616.01
616.135
616.205
616.285
616.36
616.47
616.54
616.705
616.88
617.055
617.24
617.43
617.61
617.815
617.98
618.17
618.395
618.575
618.74
618.91
619.06
619.17
619.315
619.41
619.56
619.68
619.76
619.86
619.895
619.955
619.97
620.06
620.1
620.065
620.08
620.05
620.12
620.12
620.105
620.11
620.195
620.245
620.31
620.35
620.45
620.54
620.73
620.83
620.925
620.99
621.04
621.145
621.295
621.37
621.425
621.41
621.465
621.53
621.59
621.645
621.725
621.745
621.725
621.69
621.68
621.645
621.6
621.56
621.54
621.45
621.39
621.335
621.335
621.285
621.23
621.295
621.32
621.315
621.34
621.32
621.33
621.36
621.32
621.39
621.44
621.49
621.525
621.58
621.605
621.6
621.61
621.58
621.69
621.73
621.845
621.97
622.1
622.24
622.435
622.57
622.775
622.91
623.185
623.3
623.57
623.79
623.98
624.15
624.325
624.52
624.65
624.76
624.81
624.92
625.01
625.025
625.06
625.15
625.24
625.28
625.34
625.42
625.49
625.595
625.73
625.86
625.945
626.04
626.09
626.3
626.46
626.645
626.85
626.98
627.1
627.18
627.31
627.455
627.555
627.73
627.86
627.94
628.075
628.15
628.32
628.51
628.76
629.015
629.23
629.39
629.62
629.82
630
630.105
630.225
630.34
630.52
630.65
630.8
630.97
631.06
631.225
631.29
631.45
631.615
631.81
631.975
632.215
632.45
632.64
632.93
633.19
633.335
633.57
633.96
634.27
634.45
634.73
634.875
635.11
635.32
635.51
635.62
635.82
636.035
636.225
636.48
636.73
636.98
637.325
637.755
638.015
638.36
638.685
639.01
639.21
639.48
639.705
639.87
639.945
640.105
640.16
640.15
640.11
640.05
640.01
639.96
639.95
639.875
639.965
640.12
640.17
640.27
640.36
640.465
640.56
640.7
640.74
640.725
640.73
640.8
640.88
640.96
641.07
641.23
641.4
641.57
641.78
642.03
642.145
642.235
642.41
642.55
642.695
642.79
642.86
642.91
642.89
642.95
642.965
642.97
643.03
643.1
643.17
643.27
643.37
643.52
643.675
643.9
644.125
644.325
644.49
644.62
644.915
645.1
645.23
645.36
645.43
645.535
645.565
645.72
645.74
645.76
645.795
645.835
645.73
645.665
645.465
645.34
645.15
644.955
644.69
644.47
644.255
643.96
643.735
643.485
643.15
642.9
642.71
642.415
642.165
641.93
641.69
641.48
641.235
641.05
640.86
640.63
640.45
640.31
640.21
640.21
640.085
640.01
639.88
639.625
639.44
639.215
638.995
638.82
638.575
638.39
638.195
638.015
637.895
637.72
637.52
637.36
637.13
636.89
636.665
636.495
636.18
636.15
636.31
636.44
636.515
636.62
636.7
636.77
636.855
636.99
637.105
637.2
637.42
637.58
637.72
637.925
638.03
638.17
638.28
638.525
638.72
638.97
639.115
639.24
639.405
639.6
639.8
639.975
640.185
640.34
640.49
640.625
640.785
641.01
641.2
641.4
641.64
641.815
642.035
642.23
642.44
642.65
642.79
642.95
643.13
643.32
643.58
643.805
643.95
644.165
644.37
644.56
644.79
645.015
645.21
645.37
645.63
645.74
645.895
646.03
646.22
646.45
646.675
646.875
647.095
647.26
647.38
647.51
647.715
647.94
648.18
648.44
648.66
648.87
649.06
649.175
649.35
649.53
649.69
649.895
649.955
650.1
650.25
650.415
650.64
650.84
650.995
651.2
651.37
651.48
651.62
651.74
651.78
651.93
652.135
652.29
652.415
652.57
652.73
652.875
653.01
653.21
653.35
653.56
653.77
653.96
654.155
654.34
654.47
654.68
654.86
655.01
655.18
655.43
655.62
655.755
655.9
656.06
656.25
656.38
656.575
656.69
656.77
656.9
657.15
657.29
657.51
657.73
657.95
658.135
658.335
658.55
658.685
658.865
659.015
659.265
659.505
659.755
659.985
660.15
660.285
660.425
660.695
660.88
661.11
661.28
661.47
661.665
661.875
662.07
662.27
662.45
662.59
662.79
663.065
663.29
663.55
663.73
664.05
664.25
664.495
664.7
664.93
665.13
665.35
665.67
665.895
666.1
666.31
666.54
666.7
667
667.29
667.52
667.705
667.88
668.05
668.365
668.615
668.895
669.195
669.405
669.63
669.88
670.12
670.39
670.65
670.885
671.18
671.425
671.655
671.995
672.26
672.55
672.76
673.025
673.2
673.465
673.71
673.94
674.135
674.245
674.405
674.555
674.67
674.94
675.115
675.27
675.38
675.59
675.805
675.97
676.18
676.43
676.715
676.94
677.15
677.415
677.715
678.015
678.32
678.59
678.88
679.1
679.34
679.51
679.7
679.865
680.1
680.37
680.6
680.85
681.075
681.3
681.61
681.855
682.105
682.35
682.6
682.83
683.075
683.39
683.635
683.89
684.14
684.445
684.72
684.98
685.24
685.53
685.815
686.12
686.41
686.705
687.05
687.36
687.61
687.795
687.975
688.21
688.5
688.79
689
689.135
689.25
689.46
689.68
689.835
690.04
690.215
690.4
690.575
690.77
690.965
691.14
691.23
691.35
691.56
691.71
691.86
692.02
692.15
692.3
692.505
692.69
692.88
693.025
693.19
693.35
693.47
693.58
693.755
693.955
694.26
694.465
694.675
694.915
695.265
695.55
695.76
696.07
696.4
696.68
696.885
697.09
697.27
697.37
697.56
697.83
698.075
698.24
698.48
698.71
698.965
699.12
699.235
699.475
699.805
700.105
700.415
700.605
700.79
701.02
701.235
701.4
701.53
701.58
701.66
701.84
701.99
702.165
702.35
702.55
702.84
703.22
703.585
703.885
704.23
704.48
704.775
705
705.135
705.23
705.33
705.34
705.37
705.42
705.55
705.77
705.94
706.155
706.405
706.74
707.06
707.245
707.47
707.7
707.95
708.16
708.38
708.545
708.61
708.645
708.77
708.83
708.865
708.865
708.9
708.86
708.85
708.915
708.96
708.945
708.95
709.04
709.095
709.13
709.28
709.37
709.51
709.62
709.83
710.065
710.2
710.27
710.265
710.38
710.365
710.405
710.39
710.33
710.24
710.12
710
709.875
709.77
709.68
709.58
709.485
709.31
709.17
709.035
708.995
708.95
708.875
708.805
708.75
708.67
708.535
708.51
708.415
708.33
708.155
708.13
708.04
707.965
707.86
707.83
707.76
707.6
707.53
707.395
707.255
707.15
707.14
707.05
706.925
706.82
706.74
706.635
706.57
706.44
706.32
706.28
706.305
706.195
706.09
706.05
705.98
705.88
705.89
705.88
705.89
705.9
705.945
706.015
706.125
706.21
706.24
706.28
706.36
706.475
706.45
706.48
706.52
706.6
706.695
706.72
706.75
706.79
706.8
706.82
706.77
706.815
706.87
706.945
707.01
707.035
707.105
707.12
707.17
707.29
707.39
707.52
707.68
707.83
707.92
708.04
708.1
708.29
708.5
708.605
708.72
708.875
709.01
709.215
709.325
709.43
709.505
709.64
709.735
709.86
710
710.105
710.16
710.29
710.385
710.4
710.435
710.535
710.65
710.705
710.74
710.87
710.875
710.9
711.015
711.13
711.28
711.38
711.41
711.51
711.605
711.795
711.92
712.03
712.115
712.21
712.29
712.395
712.525
712.565
712.685
712.76
712.865
712.835
712.87
713.02
713.08
713.125
713.1
713.155
713.145
713.195
713.115
713.06
713.075
713.16
713.18
713.15
713.155
713.14
713.07
713.03
712.945
712.96
713.02
713.03
713.03
713.07
713.07
713.1
713.115
713.13
713.115
713.165
713.24
713.29
713.32
713.305
713.28
713.23
713.2
713.22
713.27
713.27
713.3
713.275
713.255
713.28
713.205
713.11
713.11
713.05
713.05
713.15
713.16
713.25
713.3
713.35
713.395
713.505
713.61
713.73
713.83
713.94
713.95
713.955
713.93
714.05
714.1
714.17
714.17
714.19
714.1
713.985
713.95
713.87
713.785
713.62
713.475
713.275
713.09
712.88
712.86
713.345
713.835
714.205
714.425
714.68
714.92
714.23
714.635
714.72
715.01
715.335
715.67
715.96
716.2
716.49
716.79
717.125
717.365
717.64
717.945
718.22
718.545
718.87
719.255
719.56
719.91
720.43
721
721.4
721.76
722.195
722.51
722.855
723.06
723.09
722.945
722.68
722.47
723.14
723.48
723.765
724.03
724.205
724.4
724.605
724.89
725.22
725.49
725.75
726.095
726.43
726.815
727.105
727.48
727.885
728.24
728.62
728.995
729.335
729.66
729.99
730.29
730.75
731.05
731.37
731.64
731.905
732.005
732.19
732.465
732.77
733.09
733.43
733.85
734.18
734.545
734.93
735.26
735.595
735.97
736.32
736.735
737.13
737.505
737.905
738.31
738.72
739.17
739.51
739.9
740.3
740.75
741.245
741.84
742.36
742.735
743.165
743.51
743.89
744.23
744.5
744.735
745
745.095
745.285
745.49
745.68
745.72
745.83
745.92
746.055
746.29
746.445
746.55
746.76
747
747.295
747.535
747.815
748.05
748.355
748.7
749.1
749.49
749.785
750.1
750.44
750.73
750.975
751.18
751.35
751.52
751.7
751.79
751.93
752.065
752.12
752.3
752.39
752.49
752.51
752.63
752.75
752.79
752.955
753.1
753.285
753.56
753.765
753.92
754.17
754.33
754.555
754.775
754.97
755.27
755.525
755.86
756.21
756.51
756.805
757.15
757.39
757.735
757.94
758.19
758.44
758.64
758.845
759.015
759.13
759.255
759.37
759.4
759.485
759.525
759.62
759.67
759.79
759.81
759.82
759.905
760.14
760.32
760.5
760.625
760.82
761.03
761.27
761.42
761.645
761.865
762.1
762.265
762.41
762.61
762.76
762.895
763.02
763.095
763.235
763.39
763.47
763.59
763.71
763.775
763.88
763.97
764.02
764.11
764.26
764.4
764.555
764.71
764.85
764.965
765.115
765.22
765.31
765.35
765.355
765.43
765.505
765.465
765.405
765.395
765.305
765.27
765.16
765.08
765.06
765.08
765.07
765.07
765.03
765.09
765.205
765.245
765.305
765.305
765.335
765.38
765.35
765.45
765.61
765.72
765.83
765.85
765.985
766.06
766.14
766.245
766.3
766.36
766.43
766.53
766.635
766.67
766.645
766.61
766.685
766.8
766.865
766.92
766.945
766.87
766.975
766.98
767.04
767.09
767.13
767.205
767.29
767.32
767.46
767.575
767.625
767.705
767.78
767.78
767.825
767.86
767.885
767.95
767.94
768.01
768.02
768.075
768.135
768.28
768.33
768.44
768.45
768.465
768.52
768.565
768.53
768.49
768.455
768.39
768.41
768.51
768.5
768.43
768.38
768.315
768.21
768.17
768.09
768
768
768
767.935
767.945
767.92
767.9
767.85
767.92
767.89
767.895
767.86
767.905
767.89
767.87
767.825
767.84
767.88
767.88
767.82
767.785
767.86
767.855
767.82
767.8
767.72
767.59
767.52
767.37
767.335
767.275
767.145
767.12
767.08
767.14
767.09
767.095
767.035
766.965
766.86
766.78
766.645
766.555
766.39
766.27
766.105
765.92
765.68
765.61
765.59
765.48
765.37
765.21
765.15
765.08
765.06
765.005
764.935
764.985
764.975
764.95
764.99
764.98
765.03
765.03
765.1
765.14
765.13
765.145
765.18
765.165
765.14
765.15
765.11
765.055
764.98
765
764.91
764.88
764.86
764.85
764.82
764.89
764.86
764.875
764.83
764.81
764.925
765.015
765.2
765.39
765.48
765.515
765.625
765.73
765.775
765.73
765.8
765.76
765.675
765.66
765.66
765.65
765.64
765.6
765.52
765.54
765.54
765.5
765.48
765.43
765.475
765.595
765.625
765.675
765.73
765.83
765.91
765.9
765.95
766.005
766.12
766.16
766.29
766.37
766.345
766.3
766.275
766.24
766.185
766.15
766.07
766.05
766.105
766.09
766.07
766.045
766.055
766.015
765.96
765.905
765.84
765.82
765.87
765.84
765.82
765.765
765.71
765.635
765.65
765.59
765.62
765.6
765.58
765.565
765.52
765.505
765.46
765.395
765.435
765.49
765.505
765.54
765.64
765.655
765.69
765.7
765.77
765.77
765.8
765.805
765.75
765.7
765.505
765.34
765.095
764.84
764.61
764.365
764.15
763.91
763.64
763.415
763.17
762.91
762.71
762.48
762.23
761.91
761.44
760.48
759.77
759.2
758.775
758.55
758.25
758.08
758.05
757.795
757.13
756.99
756.89
756.82
756.89
756.96
756.975
756.92
756.92
756.83
756.75
756.67
760.62
760.525
758.285
756.88
755.5
754.865
754.595
754.625
754.76
754.9
755.14
755.39
755.67
756.03
756.4
756.75
757.05
757.385
757.715
757.98
758.26
758.61
758.82
759.07
759.28
759.5
759.745
759.935
760.08
760.24
760.42
760.495
760.615
760.72
760.92
761.1
761.275
761.39
761.515
761.73
761.875
762.16
762.45
762.685
762.965
763.285
763.675
763.97
764.325
764.685
765.035
765.365
765.6
765.73
765.88
765.93
766.03
766.16
766.245
766.33
766.41
766.51
766.64
766.835
767.065
767.3
767.5
767.69
767.885
768.175
768.47
768.68
768.835
769.07
769.28
769.45
769.6
769.77
769.95
770.125
770.37
770.48
770.62
770.77
770.87
770.835
770.875
770.98
771.15
771.295
771.48
771.7
771.92
772.13
772.35
772.56
772.725
772.985
773.21
773.46
773.785
774.035
774.245
774.505
774.725
774.895
775.02
775.145
775.34
775.42
775.575
775.6
775.575
775.535
775.545
775.44
775.36
775.24
774.91
774.845
775.07
775.385
775.865
775.425
774.99
774.67
774.45
774.39
774.4
774.7
774.96
775.26
775.675
776.22
776.95
777.375
777.79
777.825
777.75
777.685
777.775
777.895
777.97
777.98
777.96
778.025
778.29
778.77
779.75
780.605
781.21
781.715
782.055
782.325
782.375
782.37
782.29
782.225
782.2
782.13
782.1
782
782.005
782.055
781.94
781.905
781.89
781.83
781.84
781.955
782.02
782.09
782.18
782.28
782.34
782.455
