71501090
71502113
71503074
71504098
71505122
71506081
71507105
71508065
71509090
71510113
71511073
71512098
71513122
71514081
71515105
71516065
71517089
71518113
71519073
71520097
71521121
71522081
71523105
71524065
71525089
71526113
71527074
71528097
71529121
71530081
71531104
71532065
71533089
71534113
71535073
71536097
71537121
71538081
71539104
71540065
71541089
71542113
71543073
71544097
71545121
71546081
71547104
71548064
71549090
71550113
71551073
71552098
71553122
71554081
71555105
71556065
71557090
71558113
71559073
71560098
71561122
71562081
71563105
71564065
71565089
71566113
71567074
71568098
71569121
71570081
71571105
71572065
71573090
71574113
71575073
71576098
71577122
71578082
71579107
71580067
71581090
71582114
71583074
71584099
71585122
71586082
71587107
71588067
71589090
71590114
71591074
71592098
71593122
71594082
71595107
71596067
71597090
71598114
71599074
71600098
71601122
71602082
71603107
71604067
71605090
71606113
71607073
71608099
71609122
71610082
71611106
71612067
71613090
71614113
71615073
71616098
71617122
71618082
71619107
71620067
71621091
71622114
71623074
71624099
71625122
71626082
71627107
71628067
71629091
71630116
71631076
71632100
71633123
71634083
71635108
71636068
71637091
71638116
71639076
71640100
71641123
71642083
71643108
71644068
71645091
71646116
71647076
71648100
71649123
71650083
71651108
71652068
71653091
71654116
71655076
71656100
71657123
71658083
71659108
71660068
71661091
71662116
71663076
71664100
71665122
71666083
71667107
71668067
71669091
71670115
71671076
71672099
71673123
71674083
71675108
71676067
71677091
71678115
71679076
71680099
71681123
71682083
71683107
71684067
71685098
71686121
71687082
71688106
71689066
71690090
71691113
71692073
71693098
71694121
71695082
71696106
71697066
71698090
71699113
71700073
71701098
71702121
71703082
71704106
71705066
71706090
71707113
71708073
71709098
71710121
71711081
71712106
71713066
71714090
71715113
71716073
71717097
71718121
71719081
71720106
71721066
71722090
71723113
71724073
71725098
71726122
71727082
71728106
71729066
71730090
71731115
71732075
71733098
71734122
71735082
71736106
71737066
71738090
71739114
71740075
71741099
71742122
71743082
71744106
71745066
71746090
71747114
71748075
71749098
71750121
71751082
71752106
71753066
71754090
71755114
71756074
71757098
71758121
71759081
71760106
71761066
71762090
71763114
71764074
71765098
71766121
71767081
71768106
71769066
71770090
71771114
71772074
71773099
71774121
71775082
71776106
71777066
71778090
71779114
71780074
71781099
71782121
71783081
71784106
71785066
71786089
71787114
71788074
71789097
71790121
71791081
71792106
71793066
71794089
71795114
71796074
71797097
71798121
71799081
71800105
71801065
71802089
71803113
71804073
71805097
71806121
71807081
71808105
71809065
71810089
71811113
71812074
71813097
71814121
71815081
71816105
71817065
71818089
71819113
71820073
71821097
71822121
71823081
71824105
71825065
71826089
71827113
71828073
71829097
71830120
71831081
71832105
71833065
71834089
71835113
71836073
71837097
71838120
71839080
71840105
71841065
71842089
71843113
71844073
71845097
71846121
71847081
71848105
71849065
71850089
71851113
71852073
71853096
71854121
71855080
71856105
71857065
71858088
71859113
71860073
71861096
71862120
71863080
71864104
71865065
71866088
71867113
71868073
71869096
71870120
71871080
71872104
71873065
71874088
71875113
71876073
71877096
71878120
71879080
71880104
71881064
71882088
71883112
71884073
71885096
71886120
71887080
71888104
71889064
71890088
71891113
71892072
71893096
71894120
71895080
71896104
71897064
71898088
71899112
71900072
71901096
71902119
71903080
71904104
71905064
71906087
71907112
71908073
71909096
71910120
71911079
71912104
71913064
71914087
71915112
71916072
71917096
71918119
71919080
71920104
71921064
71922087
71923112
71924072
71925096
71926119
71927079
71928104
71929064
71930087
71931112
71932072
71933095
71934119
71935079
71936104
71937064
71938087
71939112
71940072
71941095
71942119
71943079
71944103
71945064
71946087
71947112
71948072
71949095
71950119
71951079
71952103
71953063
71954087
71955112
71956072
71957095
71958119
71959079
71960103
71961064
71962088
71963112
71964072
71965096
71966119
71967079
71968104
71969064
71970087
71971112
71972073
71973096
71974120
71975079
71976104
71977064
71978087
71979112
71980072
71981095
71982120
71983079
71984104
71985064
71986087
71987112
71988072
71989095
71990119
71991079
71992104
71993064
71994087
71995112
71996072
71997095
71998119
71999079
72000104
72001064
72002087
72003112
72004072
72005095
72006119
72007079
72008104
72009064
72010087
72011112
72012072
72013095
72014119
72015079
72016103
72017063
72018087
72019112
72020073
72021096
72022121
72023080
72024104
72025064
72026087
72027112
72028073
72029096
72030121
72031080
72032104
72033064
72034088
72035113
72036072
72037095
72038121
72039080
72040104
72041064
72042087
72043112
72044072
72045095
72046121
72047080
72048104
72049064
72050087
72051112
72052072
72053095
72054121
72055080
72056104
72057064
72058087
72059084
72060108
72061068
72062092
72063117
72064076
72065101
72066125
72067084
72068108
72069068
72070093
72071117
72072076
72073101
72074125
72075084
72076108
72077068
72078092
72079116
72080076
72081101
72082124
72083084
72084108
72085068
72086086
72087111
72088071
72089111
72090072
72091095
72092120
72093080
72094103
72095126
72096087
72097113
72098072
72099096
72100121
72101080
72102104
72103128
72104087
72105112
72106072
72107096
72108120
72109080
72110103
72111127
72112087
72113112
72114072
72115096
72116121
72117080
72118104
72119127
72120087
72121112
72122072
72123095
72124120
72125080
72126104
72127127
72128087
72129112
72130072
72131095
72132120
72133080
72134103
72135127
72136087
72137112
72138072
72139095
72140120
72141080
72142103
72143127
72144087
72145112
72146072
72147095
72148120
72149080
72150103
72151127
72152087
72153112
72154071
72155095
72156120
72157079
72158103
72159126
72160087
72161111
72162071
72163095
72164119
72165079
72166104
72167126
72168086
72169112
72170071
72171095
72172119
72173079
72174103
72175126
72176086
72177111
72178071
72179095
72180119
72181079
72182103
72183126
72184086
72185111
72186071
72187094
72188119
72189079
72190103
72191126
72192086
72193111
72194071
72195094
72196119
72197079
72198103
72199126
72200086
72201111
72202071
72203094
72204119
72205079
72206103
72207126
72208086
72209111
72210070
72211094
72212119
72213079
72214103
72215126
72216086
72217111
72218070
72219094
72220118
72221079
72222102
72223126
72224086
72225110
72226070
72227094
72228118
72229079
72230102
72231125
72232085
72233110
72234070
72235094
72236118
72237078
72238102
72239125
72240086
72241110
72242070
72243094
72244118
72245079
72246103
72247125
72248085
72249110
72250070
72251094
72252118
72253078
72254102
72255125
72256085
72257110
72258070
72259094
72260118
72261078
72262103
72263127
72264087
72265111
72266071
72267095
72268119
72269079
72270103
72271127
72272087
72273111
72274071
72275094
72276119
72277079
72278102
72279127
72280087
72281111
72282071
72283094
72284118
72285079
72286103
72287127
72288087
72289111
72290070
72291094
72292128
72293088
72294111
72295071
72296095
72297120
72298080
72299104
72300128
72301089
72302112
72303072
72304097
72305120
72306080
72307104
72308128
72309089
72310112
72311072
72312097
72313120
72314080
72315105
72316128
72317088
72318112
72319121
72320081
72321105
72322129
72323089
72324112
72325137
72326098
72327121
72328081
72329105
72330129
72331089
72332112
72333137
72334098
72335121
72336081
72337105
72338129
72339089
72340112
72341137
72342097
72343120
72344081
72345104
72346129
72347089
72348112
72349137
72350097
72351120
72352081
72353104
72354129
72355089
72356112
72357137
72358097
72359120
72360081
72361104
72362128
72363089
72364112
72365120
72366080
72367104
72368129
72369089
72370112
72371137
72372098
72373121
72374081
72375106
72376129
72377090
72378113
72379138
72380098
72381121
72382081
72383112
72384087
72385110
72386134
72387094
72388118
72389106
72390148
72391108
72392128
72393152
72394112
72395160
72396120
72397143
72398103
72399116
72400118
72401144
72402166
72403182
72404142
72405166
72406150
72407173
72408163
72409192
72410152
72411176
72412184
72413166
72414206
72415166
72416190
72417206
72418191
72419216
72420183
72421208
72422167
72423192
72424216
72425176
72426221
72427181
72428206
72429230
72430190
72431215
72432217
72433178
72434201
72435199
72436223
72437183
72438207
72439231
72440192
72441216
72442207
72443201
72444215
72445239
72446199
72447223
72448247
72449208
72450231
72451237
72452233
72453257
72454281
72455241
72456266
72457226
72458250
72459266
72460289
72461288
72462248
72463261
72464286
72465271
72466317
72467277
72468301
72469281
72470306
72471317
72472321
72473345
72474331
72475296
72476319
72477342
72478302
72479327
72480357
72481343
72482341
72483365
72484325
72485359
72486350
72487375
72488335
72489358
72490382
72491342
72492327
72493357
72494383
72495345
72496369
72497397
72498377
72499400
72500395
72501355
72502379
72503402
72504362
72505387
72506410
72507370
72508365
72509405
72510365
72511395
72512418
72513386
72514410
72515385
72516409
72517432
72518410
72519435
72520454
72521410
72522435
72523422
72524446
72525406
72526451
72527412
72528436
72529465
72530467
72531450
72532476
72533432
72534462
72535496
72536477
72537500
72538525
72539512
72540538
72541498
72542536
72543495
72544544
72545504
72546518
72547542
72548511
72549570
72550566
72551546
72552577
72553604
72554574
72555594
72556612
72557574
72558616
72559616
72560630
72561614
72562639
72563599
72564645
72565628
72566609
72567658
72568626
72569646
72570636
72571659
72572686
72573646
72574684
72575701
72576718
72577664
72578686
72579681
72580734
72581726
72582686
72583706
72584749
72585776
72586734
72587757
72588754
72589766
72590759
72591777
72592816
72593799
72594824
72595784
72596837
72597837
72598831
72599889
72600876
72601887
72602871
72603934
72604918
72605937
72606899
72607911
72608915
72609974
72610953
72611976
72612935
72613943
72614998
72615983
72616987
72618008
72619048
72620009
72621045
72622074
72623031
72624074
72625057
72626055
72627065
72628071
72629096
72630093
72631137
72632149
72633188
72634193
72635167
72636156
72637209
72638197
72639183
72640214
72641257
72642255
72643228
72644258
72645283
72646253
72647244
72648268
72649305
72650313
72651273
72652311
72653293
72654343
72655298
72656327
72657350
72658384
72659344
72660361
72661400
72662394
72663390
72664400
72665457
72666470
72667438
72668440
72669453
72670455
72671456
72672471
72673508
72674493
72675494
72676554
72677528
72678574
72679555
72680585
72681598
72682618
72683610
72684628
72685614
72686686
72687684
72688686
72689692
72690724
72691733
72692689
72693726
72694742
72695702
72696726
72697760
72698753
72699768
72700792
72701789
72702812
72703868
72704818
72705825
72706887
72707884
72708854
72709909
72710874
72711904
72712936
72713917
72714948
72715897
72716949
72717972
72718979
72719939
72720939
72721968
72722969
72723989
72725010
72726000
72727023
72728024
72729004
72730023
72731023
72732059
72733022
72734067
72735117
72736085
72737089
72738147
72739133
72740157
72741130
72742178
72743138
72744167
72745138
72746223
72747209
72748233
72749194
72750217
72751219
72752235
72753237
72754247
72755207
72756231
72757231
72758253
72759213
72760237
72761261
72762221
72763245
72764269
72765229
72766253
72767213
72768265
72769225
72770250
72771274
72772234
72773258
72774217
72775273
72776233
72777293
72778271
72779308
72780316
72781276
72782302
72783325
72784279
72785323
72786288
72787313
72788351
72789311
72790334
72791319
72792336
72793328
72794353
72795376
72796384
72797384
72798345
72799374
72800406
72801366
72802378
72803403
72804408
72805368
72806428
72807414
72808374
72809389
72810413
72811416
72812421
72813444
72814405
72815427
72816453
72817413
72818436
72819406
72820430
72821455
72822414
72823438
72824398
72825451
72826418
72827470
72828430
72829454
72830414
72831438
72832462
72833422
72834446
72835454
72836477
72837438
72838462
72839422
72840446
72841470
72842430
72843454
72844477
72845437
72846462
72847422
72848446
72849470
72850430
72851454
72852477
72853438
72854462
72855422
72856446
72857470
72858430
72859454
72860477
72861437
72862462
72863422
72864470
72865430
72866454
72867477
72868437
72869461
72870421
72871445
72872470
72873430
72874453
72875477
72876437
72877461
72878421
72879446
72880471
72881430
72882454
72883477
72884437
72885461
72886421
72887445
72888470
72889430
72890453
72891477
72892479
72893440
72894463
72895423
72896447
72897471
72898431
72899455
72900479
72901440
72902463
72903423
72904447
72905471
72906431
72907455
72908480
72909440
72910463
72911423
72912447
72913471
72914431
72915454
72916479
72917440
72918463
72919423
72920447
72921471
72922431
72923454
72924479
72925439
72926463
72927423
72928447
72929471
72930431
72931454
72932479
72933439
72934463
72935423
72936446
72937471
72938431
72939454
72940479
72941439
72942463
72943422
72944446
72945471
72946431
72947454
72948479
72949440
72950463
72951423
72952448
72953471
72954432
72955455
72956480
72957440
72958463
72959424
72960449
72961472
72962432
72963456
72964481
72965441
72966464
72967424
72968449
72969472
72970432
72971455
72972480
72973441
72974464
72975424
72976448
72977472
72978432
72979455
72980481
72981441
72982464
72983424
72984448
72985472
72986433
72987455
72988480
72989440
72990464
72991425
72992449
72993473
72994433
72995458
72996481
72997441
72998465
72999425
73000449
73001473
73002433
73003458
73004481
73005441
73006464
73007424
73008449
73009472
73010433
73011457
73012481
73013441
73014464
73015424
73016449
73017473
73018433
73019458
73020482
73021442
73022465
73023425
73024449
73025473
73026433
73027458
73028481
73029442
73030465
73031425
73032449
73033473
73034433
73035458
73036481
73037441
73038465
73039425
73040450
73041473
73042434
73043459
73044482
73045443
73046467
73047427
73048450
73049474
73050434
73051458
73052482
73053442
73054467
73055427
73056450
73057474
73058434
73059458
73060482
73061442
73062467
73063427
73064450
73065474
73066434
73067458
73068482
73069442
73070466
73071427
73072451
73073475
73074434
73075459
73076482
73077442
73078467
73079427
73080451
73081474
73082434
73083459
73084483
73085442
73086467
73087427
73088451
73089474
73090435
73091459
73092482
73093442
73094467
73095427
73096450
73097474
73098434
73099458
73100482
73101442
73102467
73103427
73104450
73105474
73106434
73107459
73108482
73109442
73110467
73111427
73112450
73113474
73114434
73115458
73116482
73117442
73118467
73119427
73120450
73121474
73122434
73123458
73124482
73125442
73126466
73127427
73128450
73129474
73130434
73131458
73132482
73133441
73134467
73135426
73136450
73137473
73138434
73139458
73140482
73141442
73142466
73143426
73144450
73145474
73146434
73147458
73148482
73149442
73150467
73151427
73152449
73153473
73154433
73155458
73156481
73157442
73158466
73159427
73160449
73161473
73162433
73163458
73164482
73165441
73166466
73167426
73168449
73169473
73170433
73171458
73172481
73173441
73174466
73175426
73176449
73177473
73178433
73179458
73180482
73181441
73182466
73183426
73184449
73185473
73186432
73187458
73188481
73189441
73190466
73191426
73192449
73193473
73194432
73195458
73196481
73197441
73198466
73199426
73200449
73201473
73202432
73203457
73204481
73205441
73206466
73207426
73208449
73209473
73210432
73211457
73212481
73213440
73214465
73215425
73216449
73217472
73218432
73219457
73220481
73221440
73222465
73223426
73224449
73225472
73226432
73227457
73228480
73229441
73230465
73231425
73232448
73233472
73234433
73235457
73236480
73237441
73238465
73239425
73240448
73241473
73242432
73243457
73244480
73245440
73246465
73247425
73248448
73249472
73250432
73251457
73252480
73253441
73254465
73255425
73256448
73257472
73258431
73259458
73260417
73261441
73262465
73263425
73264449
73265474
73266433
73267458
73268417
73269440
73270466
73271425
73272449
73273474
73274433
73275457
73276418
73277441
73278465
73279426
73280449
73281474
73282433
73283457
73284417
73285440
73286465
73287425
73288448
73289474
73290434
73291458
73292418
73293441
73294466
73295426
73296449
73297474
73298434
73299458
73300418
73301441
73302466
73303426
73304449
73305474
73306434
73307458
73308417
73309441
73310466
73311425
73312449
73313474
73314434
73315458
73316417
73317441
73318466
73319425
73320449
73321473
73322434
73323458
73324418
73325443
73326466
73327426
73328450
73329474
73330434
73331458
73332418
73333443
73334466
73335426
73336450
73337474
73338434
73339458
73340418
73341443
73342466
73343426
73344450
73345474
73346434
73347458
73348418
73349443
73350466
73351426
73352450
73353474
73354434
73355458
73356417
73357443
73358466
73359426
73360450
73361474
73362434
73363458
73364417
73365442
73366466
73367426
73368449
73369474
73370434
73371458
73372418
73373442
73374465
73375426
73376449
73377474
73378434
73379458
73380417
73381442
73382465
73383425
73384450
73385474
73386434
73387457
73388417
73389442
73390465
73391425
73392449
73393473
73394434
73395457
73396417
73397442
73398465
73399425
73400449
73401474
73402433
73403457
73404417
73405442
73406465
73407425
73408449
73409474
73410433
73411457
73412417
73413442
73414465
73415425
73416449
73417473
73418434
73419457
73420417
73421442
73422465
73423425
73424449
73425473
73426433
73427457
73428417
73429442
73430465
73431425
73432448
73433473
73434433
73435456
73436416
73437441
73438465
73439425
73440449
73441473
73442433
73443456
73444416
73445441
73446464
73447425
73448448
73449473
73450433
73451456
73452416
73453441
73454464
73455424
73456448
73457473
73458433
73459456
73460416
73461441
73462464
73463424
73464448
73465472
73466433
73467456
73468416
73469441
73470464
73471424
73472448
73473472
73474433
73475456
73476416
73477441
73478464
73479424
73480448
73481473
73482433
73483456
73484416
73485441
73486464
73487424
73488448
73489472
73490432
73491456
73492416
73493441
73494464
73495424
73496448
73497472
73498432
73499456
73500416
73501441
73502464
73503424
73504448
73505472
73506432
73507456
73508415
73509441
73510464
73511424
73512447
73513472
73514433
73515456
73516416
73517441
73518465
73519424
73520448
73521473
73522433
73523456
73524416
73525441
73526464
73527424
73528448
73529473
73530433
73531456
73532416
73533441
73534464
73535424
73536448
73537472
73538433
73539456
73540416
73541441
73542464
73543424
73544448
73545472
73546433
73547456
73548416
73549441
73550465
73551424
73552448
73553472
73554432
73555456
73556416
73557441
73558464
73559424
73560447
73561472
73562432
73563456
73564416
73565441
73566464
73567424
73568447
73569472
73570432
73571455
73572416
73573441
73574464
73575424
73576447
73577472
73578432
73579455
73580415
73581440
73582464
73583424
73584448
73585472
73586432
73587455
73588415
73589440
73590464
73591424
73592447
73593472
73594432
73595455
73596415
73597440
73598463
73599424
73600447
73601472
73602432
73603455
73604415
73605440
73606463
73607423
73608447
73609472
73610433
73611456
73612416
73613441
73614464
73615425
73616449
73617472
73618432
73619459
73620419
73621443
73622466
73623426
73624450
73625474
73626434
73627459
73628419
73629443
73630466
73631427
73632451
73633475
73634435
73635459
73636419
73637443
73638466
73639426
73640451
73641475
73642435
73643459
73644420
73645443
73646466
73647427
73648451
73649475
73650434
73651459
73652419
73653443
73654466
73655427
73656451
73657475
73658435
73659459
73660419
73661443
73662466
73663427
73664451
73665474
73666435
73667459
73668419
73669442
73670466
73671426
73672451
73673474
73674435
73675459
73676419
73677442
73678466
73679426
73680450
73681475
73682434
73683459
73684419
73685442
73686466
73687426
73688450
73689474
73690435
73691458
73692419
73693442
73694466
73695426
73696450
73697474
73698434
73699458
73700419
73701442
73702465
73703425
73704450
73705474
73706434
73707458
73708418
73709442
73710465
73711426
73712451
73713474
73714434
73715458
73716418
73717442
73718466
73719426
73720450
73721474
73722434
73723458
73724418
73725442
73726466
73727426
73728450
73729474
73730433
73731458
73732418
73733441
73734465
73735425
73736450
73737473
73738433
73739458
73740418
73741441
73742465
73743425
73744450
73745474
73746433
73747458
73748418
73749441
73750465
73751425
73752449
73753473
73754433
73755458
73756418
73757441
73758465
73759425
73760450
73761473
73762433
73763458
73764419
73765441
73766465
73767425
73768449
73769473
73770433
73771458
73772418
73773441
73774465
73775425
73776449
73777473
73778433
73779457
73780418
73781441
73782465
73783425
73784449
73785473
73786433
73787457
73788417
73789441
73790464
73791425
73792449
73793473
73794433
73795457
73796418
73797441
73798464
73799425
73800449
73801473
73802433
73803457
73804417
73805441
73806464
73807424
73808449
73809472
73810432
73811457
73812417
73813440
73814464
73815424
73816449
73817473
73818432
73819457
73820417
73821440
73822464
73823424
73824449
73825473
73826432
73827457
73828418
73829441
73830464
73831424
73832448
73833472
73834432
73835457
73836417
73837440
73838464
73839424
73840448
73841472
73842432
73843457
73844417
73845440
73846464
73847424
73848448
73849472
73850432
73851456
73852417
73853440
73854464
73855424
73856448
73857473
73858432
73859456
73860416
73861440
73862463
73863426
73864449
73865409
73866432
73867457
73868417
73869441
73870466
73871426
73872449
73873409
73874432
73875457
73876417
73877440
73878465
73879425
73880449
73881409
73882432
73883457
73884417
73885440
73886465
73887425
73888449
73889409
73890432
73891457
73892417
73893440
73894465
73895425
73896448
73897409
73898432
73899457
73900417
73901440
73902465
73903425
73904448
73905409
73906432
73907457
73908417
73909440
73910465
73911425
73912449
73913408
73914432
73915457
73916417
73917440
73918465
73919425
73920448
73921408
73922432
73923456
73924417
73925440
73926465
73927426
73928449
73929409
73930432
73931458
73932418
73933441
73934465
73935425
73936449
73937409
73938432
73939457
73940418
73941440
73942466
73943425
73944449
73945409
73946432
73947457
73948418
73949440
73950465
73951425
73952449
73953409
73954432
73955457
73956418
73957440
73958465
73959425
73960449
73961409
73962434
73963458
73964418
73965441
73966466
73967426
73968450
73969410
73970435
73971459
73972419
73973442
73974467
73975426
73976450
73977410
73978435
73979458
73980418
73981441
73982467
73983426
73984450
73985410
73986435
73987459
73988419
73989442
73990467
73991426
73992450
73993410
73994434
73995458
73996418
73997441
73998466
73999426
74000450
74001410
74002434
74003458
74004418
74005442
74006466
74007426
74008450
74009410
74010434
74011458
74012418
74013441
74014466
74015426
74016451
74017411
74018435
74019459
74020418
74021444
74022467
74023427
74024451
74025410
74026435
74027459
74028418
74029443
74030467
74031427
74032450
74033411
74034435
74035458
74036419
74037444
74038467
74039426
74040450
74041411
74042435
74043459
74044418
74045443
74046467
74047426
74048450
74049411
74050435
74051459
74052419
74053444
74054468
74055427
74056451
74057411
74058435
74059459
74060419
74061444
74062467
74063427
74064451
74065411
74066435
74067459
74068419
74069444
74070467
74071427
74072451
74073410
74074435
74075460
74076419
74077444
74078467
74079427
74080451
74081410
74082435
74083459
74084418
74085444
74086467
74087427
74088450
74089410
74090435
74091458
74092418
74093444
74094466
74095426
74096450
74097410
74098435
74099459
74100418
74101443
74102466
74103426
74104450
74105410
74106435
74107458
74108418
74109443
74110466
74111426
74112451
74113410
74114435
74115459
74116418
74117443
74118466
74119426
74120450
74121410
74122435
74123458
74124418
74125443
74126466
74127426
74128450
74129410
74130434
74131458
74132418
74133443
74134466
74135426
74136450
74137409
74138435
74139458
74140418
74141443
74142466
74143426
74144450
74145410
74146434
74147458
74148418
74149443
74150466
74151426
74152450
74153409
74154434
74155457
74156417
74157443
74158466
74159426
74160450
74161409
74162434
74163457
74164417
74165443
74166466
74167425
74168449
74169409
74170434
74171457
74172417
74173442
74174466
74175425
74176449
74177409
74178434
74179457
74180417
74181442
74182465
74183425
74184449
74185409
74186434
74187457
74188417
74189442
74190465
74191425
74192449
74193409
74194434
74195457
74196417
74197442
74198465
74199425
74200449
74201409
74202434
74203457
74204417
74205442
74206465
74207426
74208449
74209409
74210433
74211457
74212417
74213442
74214465
74215425
74216449
74217408
74218433
74219457
74220417
74221442
74222465
74223425
74224449
74225408
74226434
74227456
74228416
74229442
74230465
74231425
74232448
74233408
74234433
74235456
74236416
74237441
74238465
74239425
74240448
74241408
74242433
74243456
74244416
74245441
74246465
74247425
74248448
74249408
74250433
74251456
74252416
74253442
74254464
74255425
74256448
74257408
74258433
74259456
74260416
74261442
74262465
74263425
74264450
74265410
74266434
74267457
74268417
74269442
74270465
74271425
74272450
74273410
74274433
74275457
74276417
74277442
74278465
74279425
74280450
74281410
74282434
74283458
74284418
74285443
74286466
74287426
74288450
74289410
74290434
74291458
74292418
74293442
74294465
74295426
74296450
74297410
74298434
74299457
74300418
74301442
74302466
74303427
74304451
74305411
74306435
74307460
74308420
74309443
74310403
74311427
74312451
74313411
74314435
74315459
74316419
74317443
74318402
74319428
74320452
74321412
74322436
74323460
74324420
74325443
74326403
74327427
74328452
74329412
74330435
74331460
74332420
74333443
74334403
74335427
74336451
74337412
74338435
74339460
74340420
74341443
74342403
74343427
74344453
74345411
74346435
74347459
74348420
74349443
74350403
74351427
74352451
74353411
74354435
74355460
74356420
74357443
74358403
74359427
74360452
74361412
74362435
74363459
74364420
74365443
74366403
74367427
74368451
74369411
74370435
74371460
74372420
74373443
74374403
74375426
74376451
74377411
74378435
74379459
74380420
74381444
74382403
74383428
74384452
74385412
74386435
74387460
74388420
74389444
74390403
74391428
74392452
74393412
74394435
74395460
74396420
74397444
74398403
74399428
74400451
74401412
74402435
74403460
74404420
74405443
74406403
74407428
74408451
74409411
74410438
74411462
74412423
74413445
74414405
74415430
74416453
74417413
74418438
74419461
74420422
74421445
74422406
74423430
74424454
74425414
74426439
74427462
74428422
74429446
74430406
74431431
74432454
74433414
74434439
74435462
74436423
74437445
74438406
74439430
74440454
74441414
74442438
74443462
74444422
74445445
74446405
74447430
74448454
74449414
74450438
74451462
74452422
74453445
74454405
74455430
74456453
74457414
74458438
74459462
74460422
74461445
74462405
74463430
74464453
74465414
74466438
74467462
74468422
74469445
74470405
74471430
74472454
74473414
74474438
74475462
74476422
74477445
74478405
74479430
74480454
74481413
74482438
74483461
74484421
74485445
74486405
74487429
74488453
74489413
74490438
74491461
74492421
74493445
74494405
74495429
74496453
74497413
74498438
74499461
74500421
74501445
74502405
74503429
74504453
74505413
74506438
74507461
74508421
74509445
74510405
74511429
74512453
74513413
74514437
74515461
74516421
74517444
74518405
74519429
74520453
74521413
74522437
74523461
74524421
74525444
74526405
74527429
74528453
74529413
74530437
74531461
74532421
74533445
74534404
74535428
74536453
74537412
74538437
74539461
74540421
74541444
74542405
74543429
74544453
74545412
74546437
74547461
74548420
74549445
74550404
74551429
74552452
74553412
74554437
74555460
74556420
74557444
74558404
74559428
74560452
74561412
74562437
74563460
74564420
74565444
74566403
74567428
74568452
74569412
74570437
74571460
74572420
74573444
74574403
74575428
74576452
74577412
74578437
74579460
74580420
74581444
74582403
74583428
74584452
74585412
74586437
74587460
74588420
74589444
74590403
74591428
74592452
74593412
74594436
74595459
74596420
74597444
74598403
74599428
74600452
74601412
74602436
74603460
74604420
74605443
74606403
74607428
74608451
74609411
74610437
74611459
74612420
74613443
74614403
74615428
74616451
74617412
74618436
74619459
74620420
74621443
74622403
74623428
74624451
74625411
74626436
74627460
74628419
74629443
74630403
74631428
74632451
74633411
74634437
74635459
74636419
74637443
74638403
74639428
74640451
74641411
74642436
74643459
74644419
74645443
74646402
74647428
74648451
74649411
74650436
74651459
74652419
74653443
74654402
74655427
74656451
74657411
74658436
74659459
74660419
74661443
74662402
74663427
74664451
74665411
74666436
74667459
74668419
74669442
74670402
74671427
74672450
74673410
74674436
74675459
74676419
74677443
74678402
74679427
74680450
74681410
74682435
74683458
74684419
74685442
74686402
74687427
74688450
74689411
74690436
74691459
74692420
74693445
74694405
74695428
74696452
74697412
74698437
74699461
74700420
74701445
74702405
74703428
74704452
74705412
74706437
74707460
74708420
74709445
74710404
74711428
74712452
74713412
74714437
74715460
74716420
74717444
74718404
74719428
74720451
74721411
74722437
74723460
74724420
74725444
74726404
74727428
74728452
74729411
74730436
74731459
74732420
74733445
74734404
74735428
74736451
74737411
74738436
74739460
74740419
74741445
74742404
74743428
74744452
74745411
74746436
74747459
74748419
74749444
74750404
74751428
74752451
74753411
74754436
74755459
74756419
74757444
74758404
74759428
74760451
74761411
74762436
74763459
74764419
74765444
74766404
74767428
74768451
74769411
74770436
74771459
74772419
74773444
74774404
74775427
74776451
74777411
74778436
74779459
74780419
74781444
74782404
74783427
74784451
74785411
74786436
74787459
74788419
74789444
74790404
74791427
74792450
74793410
74794436
74795459
74796419
74797444
74798404
74799427
74800450
74801410
74802436
74803459
74804419
74805444
74806403
74807427
74808453
74809413
74810436
74811396
74812420
74813444
74814404
74815428
74816453
74817412
74818436
74819396
74820419
74821444
74822404
74823428
74824453
74825412
74826436
74827396
74828419
74829444
74830404
74831428
74832452
74833412
74834436
74835396
74836419
74837444
74838404
74839428
74840452
74841412
74842436
74843396
74844419
74845444
74846404
74847428
74848452
74849412
74850436
74851395
74852419
74853444
74854403
74855427
74856452
74857412
74858436
74859395
74860419
74861444
74862403
74863427
74864452
74865412
74866435
74867395
74868419
74869444
74870403
74871427
74872451
74873411
74874435
74875395
74876419
74877443
74878403
74879427
74880451
74881449
74882409
74883435
74884458
74885418
74886442
74887402
74888426
74889451
74890411
74891435
74892458
74893418
74894443
74895403
74896426
74897451
74898411
74899435
74900458
74901418
74902443
74903403
74904427
74905451
74906411
74907435
74908458
74909418
74910443
74911403
74912427
74913451
74914411
74915435
74916458
74917418
74918443
74919403
74920426
74921451
74922411
74923435
74924458
74925418
74926443
74927403
74928426
74929451
74930411
74931435
74932459
74933419
74934443
74935403
74936427
74937452
74938411
74939436
74940461
74941421
74942444
74943404
74944428
74945452
74946412
74947436
74948461
74949421
74950444
74951404
74952428
74953452
74954413
74955436
74956460
74957421
74958444
74959404
74960428
74961452
74962412
74963436
74964460
74965421
74966444
74967404
74968427
74969453
74970413
74971436
74972461
74973421
74974445
74975405
74976428
74977453
74978413
74979437
74980397
74981422
74982446
74983406
74984431
74985454
74986414
74987437
74988397
74989422
74990446
74991406
74992431
74993455
74994414
74995438
74996398
74997423
74998446
74999407
75000432
75001456
75002415
75003440
75004400
75005423
75006447
75007407
75008431
75009455
75010415
75011440
75012400
75013423
75014447
75015407
75016431
75017455
75018415
75019440
75020400
75021423
75022446
75023407
75024432
75025455
75026415
75027440
75028400
75029423
75030447
75031407
75032431
75033455
75034415
75035439
75036400
75037423
75038447
75039407
75040431
75041455
75042414
75043439
75044400
75045423
75046446
75047406
75048431
75049455
75050414
75051439
75052399
75053422
75054446
75055407
75056431
75057454
75058414
75059440
75060400
75061423
75062447
75063407
75064431
75065455
75066415
75067440
75068401
75069423
75070447
75071407
75072431
75073455
75074415
75075440
75076400
75077423
75078447
75079407
75080431
75081455
75082415
75083440
75084400
75085423
75086447
75087407
75088431
75089455
75090414
75091440
75092400
75093423
75094447
75095407
75096431
75097455
75098414
75099440
75100400
75101423
75102446
75103407
75104431
75105455
75106414
75107439
75108400
75109422
75110446
75111406
75112431
75113455
75114414
75115439
75116399
75117423
75118446
75119406
75120431
75121454
75122414
75123439
75124400
75125422
75126446
75127406
75128431
75129454
75130414
75131439
75132399
75133423
75134446
75135406
75136430
75137454
75138414
75139439
75140399
75141422
75142446
75143406
75144430
75145454
75146414
75147439
75148399
75149422
75150446
75151406
75152430
75153454
75154414
75155439
75156399
75157422
75158446
75159406
75160431
75161455
75162414
75163440
75164400
75165423
75166448
75167407
75168431
75169454
75170414
75171440
75172399
75173423
75174448
75175407
75176431
75177454
75178414
75179440
75180399
75181423
75182448
75183407
75184431
75185454
75186414
75187439
75188399
75189422
75190448
75191407
75192431
75193454
75194414
75195439
75196399
75197422
75198447
75199408
75200431
75201455
75202415
75203440
75204401
75205424
75206449
75207409
75208432
75209458
75210417
75211441
75212401
75213424
75214449
75215409
75216432
75217457
75218417
75219441
75220401
75221424
75222449
75223409
75224432
75225457
75226417
75227440
75228400
75229424
75230448
75231409
75232432
75233457
75234417
75235440
75236400
75237424
75238449
75239408
75240432
75241457
75242417
75243440
75244400
75245424
75246448
75247408
75248432
75249457
75250416
75251440
75252400
75253424
75254448
75255408
75256432
75257456
75258416
75259440
75260400
75261423
75262449
75263408
75264432
75265457
75266416
75267440
75268400
75269423
75270448
75271408
75272432
75273456
75274416
75275439
75276400
75277423
75278448
75279408
75280432
75281456
75282416
75283439
75284400
75285423
75286448
75287408
75288432
75289456
75290416
75291439
75292400
75293423
75294448
75295408
75296431
75297456
75298416
75299439
75300399
75301423
75302447
75303407
75304432
75305456
75306416
75307439
75308399
75309423
75310447
75311407
75312431
75313455
75314416
75315439
75316399
75317423
75318447
75319407
75320431
75321455
75322415
75323439
75324399
75325423
75326447
75327407
75328431
75329455
75330416
75331439
75332399
75333422
75334447
75335407
75336431
75337455
75338416
75339439
75340399
75341422
75342447
75343407
75344430
75345455
75346415
75347438
75348399
75349422
75350447
75351407
75352430
75353455
75354415
75355438
75356398
75357422
75358446
75359406
75360431
75361455
75362415
75363438
75364398
75365422
75366447
75367407
75368432
75369456
75370416
75371439
75372399
75373423
75374447
75375407
75376431
75377455
75378416
75379439
75380399
75381423
75382447
75383407
75384431
75385455
75386416
75387439
75388399
75389423
75390447
75391407
75392431
75393455
75394416
75395438
75396399
75397423
75398447
75399407
75400430
75401456
75402415
75403439
75404399
75405422
75406447
75407407
75408431
75409455
75410415
75411438
75412399
75413422
75414447
75415407
75416430
75417455
75418415
75419439
75420399
75421422
75422447
75423407
75424430
75425455
75426415
75427438
75428398
75429422
75430447
75431407
75432430
75433455
75434415
75435438
75436398
75437422
75438446
75439407
75440430
75441455
75442415
75443438
75444398
75445422
75446446
75447406
75448430
75449455
75450415
75451438
75452398
75453422
75454446
75455406
75456430
75457455
75458415
75459438
75460398
75461421
75462446
75463407
75464430
75465455
75466414
75467438
75468398
75469422
75470446
75471406
75472430
75473454
75474415
75475438
75476398
75477421
75478446
75479406
75480430
75481454
75482414
75483438
75484398
75485421
75486446
75487406
75488429
75489454
75490414
75491438
75492398
75493421
75494446
75495406
75496430
75497455
75498414
75499437
75500398
75501421
75502446
75503406
75504429
75505454
75506414
75507437
75508397
75509421
75510446
75511406
75512429
75513454
75514414
75515437
75516397
75517421
75518445
75519406
75520429
75521454
75522414
75523437
75524398
75525421
75526445
75527406
75528429
75529454
75530414
75531437
75532397
75533420
75534445
75535406
75536429
75537454
75538414
75539437
75540397
75541420
75542445
75543405
75544428
75545453
75546414
75547437
75548397
75549420
75550445
75551405
75552428
75553454
75554414
75555436
75556397
75557420
75558445
75559405
75560428
75561453
75562413
75563437
75564397
75565420
75566445
75567405
75568428
75569453
75570413
75571436
75572397
75573420
75574445
75575405
75576428
75577453
75578413
75579436
75580397
75581420
75582445
75583405
75584428
75585453
75586413
75587436
75588397
75589420
75590445
75591405
75592428
75593453
75594413
75595436
75596396
75597420
75598444
75599405
75600428
75601453
75602413
75603436
75604397
75605420
75606444
75607404
75608428
75609453
75610413
75611436
75612396
75613420
75614444
75615404
75616427
75617453
75618413
75619436
75620396
75621419
75622444
75623404
75624427
75625452
75626412
75627435
75628396
75629419
75630444
75631404
75632427
75633452
75634412
75635436
75636396
75637419
75638444
75639405
75640427
75641452
75642412
75643435
75644396
75645419
75646444
75647404
75648427
75649452
75650412
75651436
75652396
75653419
75654444
75655404
75656427
75657452
75658412
75659435
75660396
75661419
75662444
75663404
75664427
75665452
75666412
75667435
75668396
75669419
75670444
75671404
75672427
75673452
75674412
75675435
75676396
75677418
75678444
75679404
75680427
75681452
75682412
75683435
75684395
75685418
75686443
75687404
75688426
75689452
75690412
75691435
75692395
75693418
75694443
75695403
75696426
75697451
75698411
75699435
75700395
75701418
75702443
75703403
75704426
75705452
75706411
75707435
75708395
75709418
75710443
75711403
75712426
75713451
75714411
75715435
75716395
75717418
75718443
75719403
75720426
75721451
75722411
75723434
75724395
75725418
75726443
75727403
75728426
75729451
75730411
75731435
75732395
75733418
75734443
75735403
75736426
75737451
75738411
75739435
75740395
75741418
75742443
75743403
75744426
75745451
75746411
75747434
75748395
75749417
75750442
75751403
75752426
75753451
75754411
75755434
75756394
75757418
75758442
75759403
75760426
75761451
75762410
75763434
75764395
75765417
75766442
75767403
75768426
75769451
75770410
75771434
75772394
75773417
75774442
75775402
75776425
75777451
75778410
75779434
75780394
75781417
75782442
75783402
75784425
75785450
75786410
75787434
75788394
75789417
75790442
75791402
75792425
75793450
75794410
75795434
75796394
75797417
75798442
75799402
75800425
75801450
75802410
75803434
75804394
75805417
75806442
75807402
75808425
75809450
75810410
75811433
75812394
75813417
75814442
75815401
75816425
75817450
75818410
75819434
75820394
75821417
75822442
75823401
75824425
75825450
75826410
75827433
75828393
75829416
75830442
75831401
75832425
75833450
75834409
75835434
75836395
75837419
75838442
75839402
75840426
75841386
75842411
75843434
75844394
75845418
75846442
75847402
75848425
75849386
75850410
75851434
75852394
75853418
75854442
75855402
75856426
75857386
75858410
75859434
75860394
75861418
75862442
75863402
75864425
75865386
75866410
75867434
75868394
75869418
75870442
75871402
75872425
75873386
75874410
75875434
75876394
75877418
75878442
75879402
75880425
75881385
75882410
75883434
75884394
75885418
75886442
75887402
75888425
75889385
75890410
75891434
75892394
75893419
75894442
75895403
75896428
75897388
75898411
75899435
75900395
75901420
75902443
75903403
75904428
75905388
75906411
75907435
75908395
75909419
75910443
75911403
75912428
75913388
75914411
75915435
75916395
75917419
75918443
75919403
75920428
75921388
75922411
75923435
75924395
75925419
75926443
75927403
75928427
75929388
75930411
75931435
75932395
75933420
75934443
75935403
75936428
75937388
75938411
75939435
75940395
75941419
75942443
75943403
75944429
75945389
75946412
75947437
75948397
75949421
75950444
75951404
75952429
75953389
75954412
75955437
75956397
75957421
75958444
75959404
75960429
75961389
75962412
75963437
75964397
75965421
75966444
75967404
75968429
75969389
75970412
75971437
75972397
75973421
75974444
75975404
75976429
75977389
75978412
75979437
75980396
75981421
75982444
75983404
75984429
75985389
75986412
75987437
75988397
75989421
75990443
75991404
75992429
75993388
75994412
75995437
75996396
75997420
75998444
75999403
76000429
76001388
76002412
76003437
76004396
76005420
76006443
76007404
76008429
76009388
76010412
76011437
76012396
76013420
76014443
76015403
76016428
76017388
76018412
76019437
76020396
76021420
76022443
76023403
76024428
76025389
76026412
76027437
76028396
76029420
76030443
76031403
76032428
76033388
76034412
76035437
76036397
76037421
76038444
76039404
76040429
76041389
76042413
76043437
76044397
76045421
76046444
76047404
76048429
76049389
76050412
76051437
76052397
76053421
76054444
76055404
76056429
76057388
76058412
76059437
76060397
76061420
76062443
76063404
76064429
76065388
76066412
76067437
76068396
76069420
76070444
76071404
76072429
76073388
76074412
76075436
76076396
76077420
76078443
76079404
76080428
76081388
76082412
76083437
76084396
76085420
76086443
76087403
76088429
76089388
76090412
76091437
76092396
76093420
76094443
76095403
76096428
76097388
76098412
76099437
76100396
76101420
76102443
76103403
76104429
76105389
76106413
76107437
76108397
76109421
76110445
76111405
76112429
76113389
76114413
76115437
76116397
76117421
76118445
76119405
76120429
76121389
76122412
76123437
76124397
76125421
76126445
76127405
76128429
76129389
76130412
76131437
76132397
76133420
76134445
76135405
76136429
76137389
76138412
76139437
76140397
76141420
76142445
76143405
76144428
76145388
76146412
76147437
76148396
76149420
76150445
76151405
76152428
76153388
76154412
76155437
76156396
76157420
76158445
76159405
76160428
76161388
76162412
76163436
76164396
76165420
76166444
76167405
76168429
76169388
76170412
76171436
76172396
76173420
76174444
76175404
76176428
76177388
76178412
76179436
76180396
76181420
76182444
76183404
76184428
76185388
76186412
76187436
76188396
76189420
76190444
76191404
76192428
76193388
76194412
76195436
76196396
76197420
76198444
76199404
76200428
76201388
76202411
76203436
76204396
76205419
76206445
76207404
76208427
76209389
76210411
76211436
76212396
76213419
76214444
76215404
76216427
76217387
76218411
76219435
76220395
76221419
76222444
76223404
76224428
76225387
76226411
76227435
76228395
76229419
76230444
76231404
76232427
76233388
76234411
76235435
76236395
76237419
76238444
76239404
76240427
76241387
76242411
76243435
76244395
76245419
76246443
76247404
76248427
76249387
76250411
76251435
76252395
76253420
76254444
76255405
76256428
76257388
76258412
76259436
76260396
76261420
76262444
76263404
76264428
76265388
76266411
76267436
76268396
76269420
76270444
76271404
76272427
76273388
76274411
76275436
76276396
76277420
76278444
76279404
76280427
76281387
76282411
76283436
76284397
76285420
76286380
76287405
76288428
76289388
76290413
76291436
76292396
76293420
76294380
76295405
76296428
76297388
76298413
76299436
76300396
76301420
76302380
76303405
76304428
76305388
76306413
76307436
76308396
76309420
76310380
76311405
76312428
76313388
76314413
76315436
76316396
76317419
76318379
76319405
76320428
76321388
76322413
76323436
76324396
76325419
76326380
76327404
76328428
76329388
76330413
76331436
76332396
76333420
76334379
76335405
76336428
76337387
76338413
76339436
76340396
76341419
76342379
76343404
76344427
76345388
76346412
76347436
76348396
76349419
76350379
76351404
76352428
76353388
76354412
76355435
76356396
76357419
76358379
76359404
76360427
76361387
76362413
76363437
76364397
76365420
76366380
76367405
76368428
76369388
76370413
76371436
76372396
76373420
76374380
76375405
76376428
76377388
76378413
76379436
76380396
76381419
76382380
76383404
76384428
76385388
76386413
76387436
76388396
76389419
76390379
76391405
76392428
76393388
76394413
76395436
76396396
76397419
76398379
76399404
76400427
76401388
76402412
76403436
76404396
76405419
76406379
76407404
76408428
76409388
76410412
76411436
76412396
76413419
76414379
76415405
76416427
76417388
76418412
76419436
76420396
76421419
76422379
76423404
76424427
76425387
76426412
76427436
76428396
76429419
76430379
76431404
76432427
76433387
76434412
76435435
76436396
76437419
76438379
76439404
76440427
76441387
76442412
76443435
76444396
76445419
76446379
76447403
76448427
76449387
76450411
76451435
76452395
76453419
76454379
76455403
76456427
76457387
76458412
76459436
76460396
76461421
76462381
76463404
76464428
76465388
76466412
76467436
76468396
76469420
76470381
76471404
76472428
76473388
76474412
76475436
76476396
76477420
76478381
76479404
76480427
76481388
76482412
76483436
76484396
76485421
76486380
76487404
76488427
76489388
76490413
76491437
76492397
76493421
76494381
76495405
76496428
76497388
76498413
76499437
76500397
76501421
76502381
76503405
76504428
76505389
76506413
76507436
76508396
76509421
76510381
76511405
76512428
76513388
76514413
76515436
76516396
76517421
76518381
76519405
76520428
76521388
76522412
76523436
76524397
76525421
76526381
76527404
76528428
76529388
76530412
76531436
76532396
76533420
76534381
76535404
76536428
76537388
76538412
76539436
76540397
76541420
76542381
76543404
76544428
76545388
76546412
76547436
76548396
76549420
76550381
76551404
76552428
76553388
76554412
76555436
76556397
76557421
76558382
76559405
76560429
76561390
76562413
76563437
76564397
76565421
76566381
76567404
76568429
76569390
76570413
76571437
76572396
76573421
76574381
76575404
76576429
76577389
76578413
76579437
76580397
76581422
76582382
76583405
76584430
76585390
76586413
76587437
76588397
76589422
76590382
76591405
76592430
76593390
76594413
76595437
76596397
76597422
76598382
76599405
76600430
76601390
76602413
76603437
76604397
76605422
76606382
76607405
76608430
76609390
76610413
76611437
76612397
76613421
76614382
76615405
76616430
76617390
76618413
76619437
76620397
76621421
76622382
76623405
76624430
76625390
76626413
76627437
76628397
76629421
76630381
76631405
76632429
76633390
76634413
76635437
76636397
76637421
76638381
76639404
76640429
76641390
76642413
76643436
76644396
76645421
76646381
76647404
76648429
76649389
76650413
76651436
76652397
76653421
76654382
76655404
76656429
76657389
76658412
76659437
76660396
76661421
76662381
76663405
76664430
76665390
76666413
76667439
76668398
76669423
76670383
76671406
76672431
76673391
76674414
76675439
76676399
76677422
76678383
76679406
76680431
76681391
76682414
76683439
76684399
76685422
76686383
76687406
76688431
76689391
76690414
76691439
76692399
76693422
76694383
76695406
76696431
76697391
76698413
76699439
76700399
76701422
76702383
76703405
76704430
76705390
76706413
76707439
76708398
76709422
76710383
76711405
76712431
76713390
76714414
76715439
76716398
76717422
76718382
76719405
76720430
76721390
76722414
76723438
76724398
76725422
76726382
76727405
76728430
76729390
76730413
76731438
76732398
76733422
76734382
76735405
76736430
76737390
76738413
76739438
76740398
76741422
76742382
76743405
76744430
76745390
76746413
76747438
76748398
76749422
76750382
76751405
76752430
76753390
76754413
76755438
76756398
76757422
76758382
76759405
76760430
76761389
76762413
76763438
76764397
76765421
76766382
76767404
76768430
76769389
76770413
76771438
76772398
76773421
76774381
76775404
76776430
76777389
76778413
76779438
76780397
76781422
76782381
76783404
76784430
76785389
76786413
76787438
76788397
76789421
76790381
76791404
76792430
76793389
76794413
76795373
76796398
76797422
76798382
76799406
76800430
76801390
76802413
76803374
76804398
76805422
76806382
76807406
76808430
76809389
76810413
76811374
76812398
76813422
76814382
76815406
76816430
76817390
76818413
76819373
76820399
76821423
76822383
76823407
76824431
76825390
76826414
76827374
76828398
76829422
76830382
76831407
76832430
76833391
76834414
76835374
76836399
76837422
76838382
76839407
76840430
76841390
76842414
76843373
76844399
76845422
76846382
76847407
76848430
76849390
76850414
76851374
76852399
76853422
76854382
76855407
76856430
76857390
76858414
76859373
76860399
76861422
76862382
76863407
76864430
76865390
76866414
76867373
76868398
76869421
76870382
76871406
76872430
76873390
76874413
76875373
76876398
76877422
76878382
76879406
76880430
76881390
76882414
76883373
76884398
76885421
76886381
76887406
76888430
76889390
76890413
76891373
76892398
76893421
76894381
76895406
76896429
76897390
76898413
76899373
76900398
76901421
76902381
76903406
76904429
76905390
76906413
76907373
76908398
76909421
76910381
76911406
76912429
76913390
76914413
76915373
76916398
76917421
76918381
76919407
76920430
76921390
76922415
76923375
76924399
76925422
76926382
76927407
76928430
76929390
76930415
76931375
76932398
76933421
76934382
76935407
76936430
76937390
76938415
76939374
76940399
76941421
76942382
76943406
76944430
76945390
76946414
76947374
76948398
76949421
76950382
76951406
76952430
76953390
76954414
76955375
76956398
76957421
76958381
76959406
76960429
76961390
76962414
76963374
76964398
76965421
76966381
76967406
76968429
76969390
76970414
76971374
76972398
76973422
76974382
76975407
76976430
76977390
76978415
76979375
76980399
76981422
76982382
76983407
76984430
76985390
76986415
76987375
76988398
76989422
76990382
76991407
76992430
76993390
76994415
76995375
76996398
76997422
76998382
76999407
77000430
77001390
77002415
77003374
77004399
77005421
77006382
77007406
77008430
77009390
77010414
77011374
77012398
77013421
77014382
77015406
77016430
77017390
77018414
77019374
77020398
77021421
77022381
77023406
77024430
77025390
77026414
77027374
77028398
77029421
77030381
77031406
77032429
77033390
77034414
77035374
77036398
77037421
77038381
77039406
77040430
77041390
77042415
77043375
77044399
77045423
77046383
77047407
77048430
77049390
77050415
77051375
77052399
77053423
77054383
77055406
77056430
77057391
77058415
77059375
77060399
77061423
77062383
77063407
77064430
77065390
77066414
77067375
77068398
77069423
77070383
77071406
77072430
77073390
77074414
77075374
77076398
77077423
77078384
77079408
77080431
77081391
77082415
77083375
77084399
77085423
77086383
77087407
77088431
77089391
77090415
77091375
77092399
77093423
77094383
77095407
77096431
77097391
77098415
77099375
77100399
77101423
77102383
77103407
77104430
77105391
77106415
77107375
77108399
77109423
77110383
77111407
77112430
77113391
77114415
77115375
77116398
77117423
77118383
77119406
77120430
77121391
77122415
77123375
77124398
77125423
77126383
77127406
77128430
77129390
77130415
77131375
77132398
77133423
77134383
77135406
77136430
77137390
77138415
77139375
77140374
77141398
77142423
77143383
77144406
77145430
77146390
77147414
77148374
77149398
77150422
77151383
77152406
77153430
77154390
77155415
77156374
77157398
77158423
77159382
77160406
77161430
77162390
77163414
77164374
77165398
77166422
77167383
77168406
77169430
77170390
77171414
77172374
77173398
77174422
77175383
77176406
77177429
77178390
77179414
77180374
77181398
77182422
77183382
77184406
77185429
77186389
77187414
77188374
77189398
77190422
77191382
77192406
77193429
77194389
77195414
77196374
77197397
77198422
77199383
77200406
77201431
77202392
77203415
77204375
77205399
77206423
77207383
77208406
77209431
77210391
77211414
77212375
77213398
77214423
77215383
77216406
77217431
77218391
77219414
77220375
77221398
77222423
77223383
77224406
77225431
77226391
77227414
77228374
77229398
77230423
77231383
77232406
77233431
77234391
77235414
77236374
77237398
77238423
77239383
77240406
77241431
77242391
77243414
77244374
77245398
77246422
77247383
77248406
77249431
77250390
77251414
77252374
77253397
77254423
77255382
77256405
77257431
77258390
77259415
77260375
77261398
77262424
77263383
77264406
77265431
77266391
77267415
77268375
77269398
77270423
77271384
77272406
77273431
77274391
77275415
77276375
77277398
77278423
77279383
77280406
77281431
77282391
77283414
77284375
77285398
77286423
77287383
77288406
77289431
77290391
77291414
77292374
77293398
77294423
77295383
77296406
77297431
77298391
77299414
77300375
77301398
77302423
77303383
77304406
77305431
77306391
77307414
77308374
77309398
77310423
77311383
77312406
77313431
77314391
77315414
77316374
77317397
77318423
77319384
77320406
77321431
77322390
77323414
77324374
77325398
77326422
77327382
77328406
77329431
77330390
77331414
77332374
77333398
77334422
77335383
77336405
77337430
77338390
77339414
77340374
77341397
77342422
77343382
77344405
77345430
77346390
77347414
77348374
77349397
77350422
77351382
77352405
77353430
77354390
77355414
77356374
77357397
77358422
77359382
77360405
77361430
77362390
77363413
77364373
77365397
77366422
77367382
77368405
77369430
77370390
77371414
77372374
77373397
77374422
77375382
77376405
77377430
77378390
77379414
77380374
77381399
77382423
77383383
77384406
77385430
77386390
77387415
77388375
77389400
77390423
77391384
77392407
77393431
77394391
77395415
77396375
77397400
77398423
77399383
77400407
77401431
77402391
77403415
77404375
77405399
77406423
77407383
77408406
77409431
77410391
77411415
77412375
77413399
77414423
77415383
77416407
77417431
77418391
77419415
77420375
77421399
77422423
77423383
77424406
77425431
77426391
77427414
77428375
77429399
77430422
77431383
77432406
77433431
77434391
77435415
77436375
77437399
77438422
77439383
77440406
77441431
77442390
77443414
77444375
77445399
77446422
77447382
77448406
77449430
77450390
77451414
77452374
77453399
77454422
77455382
77456406
77457430
77458390
77459414
77460374
77461399
77462422
77463382
77464406
77465430
77466390
77467414
77468374
77469399
77470422
77471382
77472408
77473431
77474391
77475415
77476375
77477399
77478423
77479383
77480409
77481432
77482392
77483416
77484375
77485400
77486424
77487384
77488408
77489432
77490392
77491415
77492375
77493400
77494423
77495384
77496408
77497432
77498392
77499415
77500375
77501400
77502423
77503383
77504408
77505431
77506392
77507415
77508375
77509400
77510423
77511383
77512408
77513431
77514392
77515415
77516375
77517400
77518423
77519383
77520409
77521431
77522391
77523415
77524375
77525400
77526423
77527383
77528408
77529431
77530391
77531415
77532375
77533400
77534423
77535383
77536408
77537431
77538391
77539415
77540375
77541399
77542423
77543383
77544408
77545368
77546392
77547417
77548377
77549401
77550424
77551384
77552409
77553368
77554392
77555416
77556376
77557400
77558423
77559384
77560408
77561368
77562393
77563418
77564377
77565401
77566424
77567385
77568409
77569369
77570393
77571417
77572377
77573402
77574424
77575384
77576409
77577369
77578393
77579417
77580377
77581401
77582424
77583384
77584409
77585369
77586393
77587417
77588377
77589401
77590424
77591384
77592409
77593369
77594392
77595417
77596378
77597402
77598426
77599386
77600410
77601369
77602393
77603418
77604377
77605401
77606426
77607386
77608410
77609369
77610393
77611417
77612378
77613401
77614426
77615386
77616409
77617369
77618393
77619418
77620379
77621402
77622427
77623387
77624410
77625370
77626394
77627418
77628378
77629402
77630427
77631387
77632410
77633370
77634394
77635418
77636379
77637402
77638427
77639387
77640410
77641370
77642394
77643418
77644378
77645402
77646427
77647387
77648410
77649370
77650393
77651418
77652378
77653401
77654426
77655387
77656410
77657369
77658393
77659418
77660378
77661402
77662426
77663386
77664410
77665370
77666393
77667418
77668378
77669402
77670426
77671386
77672409
77673370
77674393
77675418
77676378
77677401
77678427
77679386
77680409
77681369
77682393
77683418
77684378
77685401
77686426
77687386
77688409
77689369
77690393
77691418
77692378
77693401
77694426
77695386
77696410
77697369
77698393
77699418
77700379
77701402
77702427
77703387
77704410
77705370
77706394
77707418
77708379
77709402
77710427
77711387
77712410
77713370
77714394
77715418
77716378
77717402
77718427
77719386
77720410
77721370
77722394
77723418
77724378
77725401
77726427
77727386
77728410
77729370
77730394
77731418
77732378
77733402
77734427
77735387
77736409
77737370
77738394
77739418
77740378
77741401
77742426
77743386
77744410
77745370
77746394
77747418
77748378
77749402
77750427
77751387
77752410
77753371
77754395
77755419
77756379
77757402
77758427
77759387
77760410
77761370
77762395
77763419
77764379
77765402
77766427
77767387
77768410
77769370
77770395
77771419
77772379
77773402
77774427
77775387
77776410
77777370
77778394
77779418
77780378
77781402
77782427
77783387
77784410
77785370
77786394
77787418
77788378
77789402
77790428
77791387
77792411
77793371
77794395
77795419
77796379
77797403
77798428
77799387
77800410
77801371
77802395
77803419
77804379
77805404
77806427
77807387
77808410
77809372
77810396
77811420
77812380
77813404
77814428
77815388
77816411
77817371
77818396
77819420
77820380
77821404
77822428
77823388
77824411
77825371
77826396
77827419
77828380
77829404
77830428
77831388
77832411
77833371
77834396
77835420
77836380
77837404
77838428
77839387
77840411
77841371
77842396
77843419
77844379
77845404
77846427
77847387
77848411
77849371
77850396
77851420
77852379
77853404
77854428
77855387
77856411
77857371
77858395
77859420
77860379
77861404
77862427
77863387
77864411
77865371
77866395
77867419
77868379
77869403
77870427
77871387
77872411
77873371
77874395
77875419
77876378
77877403
77878428
77879387
77880411
77881371
77882395
77883419
77884378
77885404
77886427
77887387
77888410
77889370
77890395
77891419
77892378
77893403
77894427
77895387
77896410
77897371
77898395
77899419
77900378
77901403
77902427
77903387
77904410
77905371
77906395
77907419
77908378
77909403
77910427
77911386
77912410
77913370
77914395
77915419
77916378
77917403
77918426
77919387
77920410
77921370
77922395
77923419
77924378
77925403
77926426
77927386
77928410
77929370
77930395
77931418
77932378
77933403
77934426
77935386
77936410
77937370
77938394
77939418
77940378
77941403
77942426
77943386
77944410
77945370
77946394
77947418
77948378
77949402
77950426
77951386
77952410
77953370
77954394
77955419
77956379
77957404
77958364
77959387
77960412
77961371
77962395
77963419
77964378
77965403
77966363
77967387
77968412
77969372
77970396
77971419
77972379
77973404
77974364
77975387
77976412
77977372
77978396
77979421
77980381
77981405
77982365
77983388
77984413
77985373
77986396
77987421
77988381
77989405
77990365
77991388
77992413
77993373
77994396
77995421
77996381
77997405
77998364
77999388
78000413
78001373
78002396
78003421
78004381
78005405
78006364
78007388
78008413
78009373
78010396
78011421
78012380
78013404
78014364
78015388
78016412
78017372
78018396
78019421
78020380
78021404
78022364
78023387
78024412
78025372
78026396
78027420
78028381
78029405
78030364
78031387
78032412
78033372
78034396
78035420
78036380
78037404
78038364
78039387
78040412
78041372
78042396
78043420
78044380
78045404
78046364
78047387
78048412
78049372
78050396
78051420
78052380
78053404
78054363
78055387
78056412
78057372
78058396
78059420
78060380
78061404
78062363
78063387
78064412
78065372
78066395
78067420
78068380
78069404
78070363
78071387
78072412
78073372
78074395
78075420
78076380
78077404
78078363
78079387
78080412
78081371
78082395
78083420
78084379
78085403
78086363
78087387
78088412
78089371
78090395
78091420
78092380
78093403
78094363
78095387
78096411
78097371
78098395
78099419
78100379
78101403
78102363
78103387
78104411
78105371
78106395
78107420
78108380
78109403
78110363
78111387
78112411
78113371
78114395
78115419
78116379
78117403
78118363
78119387
78120411
78121371
78122395
78123419
78124379
78125403
78126363
78127386
78128411
78129372
78130396
78131420
78132380
78133404
78134364
78135387
78136412
78137372
78138396
78139420
78140380
78141403
78142363
78143387
78144412
78145372
78146395
78147420
78148380
78149403
78150363
78151387
78152411
78153371
78154395
78155420
78156380
78157403
78158363
78159387
78160411
78161371
78162395
78163420
78164380
78165403
78166363
78167387
78168411
78169371
78170395
78171419
78172380
78173403
78174363
78175387
78176411
78177371
78178395
78179419
78180380
78181403
78182363
78183387
78184411
78185371
78186395
78187419
78188379
78189403
78190363
78191387
78192411
78193371
78194395
78195419
78196379
78197403
78198363
78199387
78200411
78201371
78202395
78203419
78204379
78205403
78206363
78207386
78208411
78209371
78210395
78211419
78212379
78213403
78214363
78215386
78216412
78217372
78218395
78219420
78220380
78221403
78222363
78223389
78224412
78225372
78226395
78227420
78228380
78229403
78230363
78231389
78232412
78233371
78234395
78235420
78236380
78237403
78238363
78239388
78240411
78241371
78242395
78243420
78244380
78245403
78246363
78247389
78248411
78249371
78250395
78251419
78252380
78253403
78254363
78255388
78256411
78257371
78258395
78259420
78260380
78261403
78262363
78263388
78264411
78265371
78266395
78267419
78268379
78269402
78270362
78271387
78272411
78273371
78274395
78275419
78276379
78277403
78278363
78279387
78280411
78281371
78282394
78283419
78284379
78285402
78286362
78287387
78288411
78289371
78290394
78291419
78292379
78293403
78294362
78295388
78296410
78297371
78298394
78299419
78300379
78301402
78302362
78303387
78304410
78305370
78306394
78307419
78308379
78309402
78310362
78311387
78312410
78313371
78314394
78315419
78316379
78317402
78318362
78319387
78320410
78321370
78322394
78323419
78324379
78325402
78326362
78327387
78328410
78329370
78330394
78331419
78332379
78333402
78334362
78335387
78336411
78337371
78338393
78339418
78340378
78341402
78342362
78343387
78344410
78345371
78346393
78347418
78348378
78349402
78350362
78351386
78352410
78353370
78354393
78355419
78356378
78357402
78358361
78359387
78360409
78361370
78362393
78363418
78364378
78365401
78366361
78367386
78368410
78369370
78370393
78371418
78372378
78373401
78374361
78375386
78376410
78377370
78378393
78379418
78380378
78381401
78382361
78383386
78384410
78385370
78386393
78387418
78388378
78389401
78390361
78391386
78392410
78393369
78394393
78395419
78396379
78397402
78398362
78399386
78400410
78401370
78402394
78403418
78404379
78405402
78406362
78407386
78408410
78409370
78410393
78411418
78412379
78413402
78414362
78415386
78416410
78417370
78418393
78419418
78420378
78421402
78422362
78423386
78424410
78425370
78426393
78427418
78428378
78429401
78430362
78431386
78432410
78433370
78434393
78435418
78436378
78437401
78438362
78439386
78440410
78441370
78442393
78443418
78444378
78445401
78446362
78447386
78448410
78449371
78450395
78451419
78452379
78453402
78454362
78455387
78456411
78457370
78458395
78459419
78460379
78461402
78462362
78463387
78464410
78465371
78466395
78467419
78468379
78469402
78470362
78471386
78472411
78473370
78474395
78475418
78476379
78477402
78478362
78479386
78480411
78481370
78482395
78483418
78484378
78485402
78486362
78487386
78488410
78489370
78490395
78491418
78492378
78493402
78494362
78495386
78496410
78497370
78498395
78499419
78500378
78501401
78502362
78503386
78504410
78505370
78506395
78507418
78508378
78509401
78510362
78511386
78512410
78513370
78514394
78515418
78516378
78517402
78518362
78519386
78520410
78521370
78522394
78523418
78524378
78525402
78526361
78527386
78528410
78529370
78530394
78531418
78532378
78533401
78534361
78535386
78536410
78537369
78538394
78539418
78540377
78541401
78542362
78543386
78544410
78545370
78546394
78547418
78548377
78549401
78550362
78551386
78552410
78553369
78554394
78555418
78556377
78557401
78558362
78559386
78560409
78561369
78562394
78563417
78564377
78565401
78566362
78567386
78568409
78569369
78570393
78571417
78572377
78573401
78574361
78575385
78576409
78577369
78578394
78579417
78580377
78581401
78582361
78583385
78584409
78585369
78586393
78587417
78588377
78589401
78590361
78591386
78592410
78593370
78594394
78595418
78596379
78597404
78598364
78599387
78600411
78601371
78602396
78603355
78604378
78605404
78606363
78607387
78608411
78609370
78610395
78611356
78612378
78613404
78614364
78615386
78616410
78617370
78618395
78619355
78620366
78621389
78622414
78623374
78624398
78625358
78626381
78627406
78628366
78629389
78630414
78631374
78632398
78633358
78634381
78635406
78636365
78637389
78638414
78639374
78640399
78641358
78642383
78643407
78644366
78645390
78646415
78647374
78648399
78649358
78650383
78651407
78652366
78653390
78654414
78655375
78656398
78657358
78658383
78659406
78660366
78661390
78662415
78663374
78664398
78665358
78666383
78667406
78668366
78669390
78670415
78671374
78672398
78673358
78674383
78675406
78676366
78677390
78678415
78679374
78680398
78681358
78682382
78683406
78684366
78685389
78686415
78687374
78688398
78689358
78690382
78691406
78692366
78693389
78694414
78695374
78696398
78697357
78698382
78699406
78700365
78701389
78702414
78703374
78704398
78705357
78706383
78707406
78708366
78709390
78710414
78711374
78712398
78713358
78714383
78715406
78716366
78717390
78718414
78719374
78720398
78721358
78722383
78723406
78724366
78725390
78726414
78727374
78728398
78729358
78730383
78731406
78732366
78733390
78734414
78735374
78736398
78737358
78738382
78739406
78740366
78741390
78742414
78743374
78744398
78745358
78746383
78747406
78748366
78749390
78750414
78751374
78752398
78753358
78754383
78755406
78756366
78757390
78758414
78759374
78760398
78761358
78762382
78763406
78764366
78765390
78766414
78767374
78768398
78769357
78770382
78771406
78772366
78773389
78774414
78775374
78776398
78777357
78778382
78779406
78780365
78781390
78782414
78783374
78784398
78785357
78786382
78787405
78788366
78789389
78790414
78791374
78792398
78793357
78794382
78795405
78796365
78797389
78798414
78799373
78800397
78801357
78802382
78803405
78804365
78805389
78806413
78807373
78808397
78809357
78810382
78811405
78812366
78813391
78814415
78815374
78816398
78817358
78818382
78819406
78820366
78821391
78822414
78823374
78824398
78825357
78826383
78827406
78828366
78829391
78830415
78831375
78832399
78833358
78834383
78835406
78836366
78837392
78838415
78839375
78840399
78841358
78842383
78843406
78844366
78845392
78846415
78847375
78848399
78849358
78850383
78851406
78852366
78853392
78854415
78855375
78856398
78857358
78858383
78859406
78860366
78861392
78862415
78863375
78864398
78865358
78866383
78867406
78868366
78869391
78870414
78871375
78872398
78873358
78874383
78875406
78876366
78877391
78878414
78879376
78880400
78881360
78882384
78883407
78884367
78885392
78886415
78887375
78888400
78889360
78890383
78891408
78892368
78893393
78894416
78895376
78896401
78897361
78898384
78899408
78900368
78901393
78902416
78903376
78904401
78905361
78906385
78907408
78908367
78909394
78910353
78911377
78912401
78913361
78914385
78915410
78916370
78917393
78918353
78919377
78920401
78921361
78922385
78923409
78924369
78925393
78926353
78927377
78928401
78929361
78930385
78931409
78932370
78933393
78934353
78935377
78936401
78937361
78938385
78939409
78940369
78941393
78942353
78943376
78944401
78945361
78946385
78947409
78948369
78949393
78950353
78951377
78952401
78953361
78954385
78955409
78956369
78957393
78958352
78959376
78960401
78961361
78962385
78963409
78964369
78965393
78966352
78967376
78968401
78969361
78970385
78971409
78972369
78973393
78974352
78975376
78976400
78977361
78978384
78979409
78980369
78981393
78982352
78983376
78984400
78985360
78986384
78987409
78988368
78989393
78990353
78991377
78992401
78993361
78994385
78995409
78996370
78997393
78998353
78999377
79000401
79001361
79002385
79003410
79004370
79005393
79006353
79007377
79008401
79009361
79010385
79011409
79012369
79013393
79014353
79015377
79016401
79017361
79018385
79019409
79020370
79021393
79022353
79023377
79024401
79025361
79026385
79027409
79028370
79029393
79030353
79031377
79032401
79033361
79034385
79035409
79036369
79037393
79038353
79039379
79040402
79041362
79042385
79043410
79044370
79045393
79046353
79047378
79048401
79049361
79050385
79051410
79052370
79053393
79054353
79055378
79056402
79057362
79058385
79059410
79060370
79061393
79062353
79063379
79064402
79065362
79066386
79067411
79068371
79069394
79070354
79071379
79072402
79073362
79074386
79075410
79076371
79077394
79078354
79079379
79080402
79081362
79082386
79083410
79084371
79085394
79086354
79087379
79088402
79089362
79090386
79091410
79092371
79093394
79094354
79095379
79096402
79097362
79098386
79099410
79100370
79101394
79102354
79103379
79104403
79105363
79106387
79107411
79108371
79109394
79110354
79111379
79112403
79113363
79114387
79115411
79116371
79117394
79118354
79119380
79120402
79121363
79122387
79123411
79124371
79125394
79126354
79127379
79128402
79129363
79130387
79131411
79132371
79133394
79134354
79135379
79136402
79137362
79138387
79139411
79140371
79141394
79142354
79143380
79144403
79145363
79146388
79147411
79148371
79149395
79150355
79151380
79152403
79153363
79154388
79155411
79156371
79157395
79158355
79159380
79160403
79161363
79162388
79163411
79164371
79165395
79166355
79167380
79168403
79169363
79170388
79171411
79172371
79173394
79174354
79175379
79176403
79177363
79178388
79179412
79180372
79181397
79182357
79183380
79184404
79185364
79186388
79187412
79188372
79189397
79190357
79191380
79192403
79193364
79194388
79195412
79196372
79197396
79198356
79199381
79200403
79201363
79202388
79203412
79204372
79205397
79206356
79207380
79208403
79209364
79210389
79211413
79212373
79213397
79214357
79215381
79216404
79217364
79218389
79219412
79220373
79221397
79222357
79223381
79224404
79225364
79226389
79227412
79228372
79229397
79230357
79231380
79232404
79233364
79234388
79235412
79236372
79237397
79238357
79239380
79240404
79241364
79242389
79243412
79244372
79245397
79246357
79247380
79248404
79249364
79250389
79251412
79252372
79253397
79254357
79255380
79256404
79257364
79258388
79259412
79260372
79261396
79262357
79263380
79264404
79265364
79266388
79267412
79268372
79269396
79270356
79271380
79272403
79273363
79274388
79275412
79276372
79277396
79278356
79279380
79280403
79281363
79282388
79283412
79284372
79285396
79286356
79287380
79288404
79289363
79290388
79291412
79292372
79293396
79294356
79295380
79296404
79297364
79298388
79299411
79300372
79301396
79302356
79303380
79304403
79305363
79306388
79307411
79308372
79309396
79310356
79311379
79312403
79313363
79314388
79315411
79316371
79317396
79318356
79319379
79320403
79321363
79322388
79323411
79324371
79325396
79326356
79327379
79328403
79329363
79330388
79331411
79332371
79333396
79334356
79335379
79336403
79337363
79338388
79339411
79340371
79341395
79342356
79343379
79344403
79345363
79346387
79347411
79348371
79349395
79350355
79351379
79352403
79353363
79354388
79355411
79356371
79357396
79358355
79359379
79360403
79361363
79362387
79363411
79364371
79365395
79366355
79367379
79368402
79369363
79370387
79371411
79372370
79373395
79374355
79375379
79376402
79377362
79378387
79379411
79380371
79381395
79382355
79383378
79384403
79385362
79386387
79387410
79388371
79389395
79390356
79391379
79392404
79393364
79394388
79395348
79396371
79397396
79398356
79399380
79400404
79401364
79402387
79403348
79404371
79405396
79406356
79407379
79408404
79409365
79410387
79411348
79412371
79413396
79414356
79415379
79416404
79417364
79418387
79419347
79420371
79421395
79422356
79423380
79424404
79425363
79426387
79427347
79428370
79429396
79430356
79431379
79432404
79433363
79434388
79435347
79436370
79437395
79438356
79439379
79440404
79441363
79442387
79443347
79444370
79445395
79446355
79447379
79448404
79449363
79450387
79451347
79452370
79453395
79454355
79455379
79456404
79457363
79458387
79459347
79460370
79461395
79462355
79463378
79464403
79465363
79466387
79467347
79468370
79469396
79470357
79471380
79472405
79473365
79474388
79475349
79476373
79477397
79478357
79479380
79480405
79481365
79482388
79483348
79484373
79485397
79486356
79487380
79488405
79489364
79490388
79491349
79492372
79493397
79494356
79495380
79496405
79497364
79498388
79499348
79500373
79501396
79502357
79503380
79504405
79505364
79506388
79507348
79508373
79509396
79510356
79511380
79512405
79513364
79514388
79515348
79516373
79517397
79518356
79519379
79520404
79521364
79522388
79523348
79524372
79525396
79526356
79527379
79528405
79529364
79530388
79531348
79532372
79533396
79534356
79535379
79536404
79537364
79538387
79539348
79540372
79541396
79542355
79543379
79544404
79545364
79546388
79547348
79548372
79549396
79550355
79551379
79552404
79553364
79554388
79555347
79556372
79557396
79558355
79559379
79560404
79561364
79562387
79563347
79564372
79565396
79566355
79567379
79568404
79569364
79570387
79571347
79572372
79573395
79574355
79575379
79576404
79577364
79578387
79579347
79580372
79581396
79582355
79583379
79584404
79585363
79586388
79587347
79588372
79589396
79590355
79591379
79592403
79593363
79594387
79595347
79596372
79597395
79598355
79599379
79600403
79601363
79602387
79603347
79604371
79605395
79606355
79607379
79608403
79609363
79610387
79611347
79612372
79613395
79614355
79615379
79616403
79617363
79618387
79619347
79620371
79621395
79622355
79623378
79624403
79625363
79626387
79627347
79628371
79629395
79630355
79631379
79632403
79633363
79634387
79635347
79636371
79637395
79638354
79639378
79640403
79641363
79642387
79643346
79644371
79645395
79646354
79647378
79648403
79649363
79650386
79651346
79652371
79653394
79654355
79655378
79656402
79657363
79658387
79659346
79660371
79661395
79662354
79663378
79664402
79665363
79666387
79667346
79668371
79669395
79670356
79671379
79672404
79673363
79674387
79675347
79676372
79677395
79678355
79679379
79680403
79681363
79682387
79683347
79684372
79685395
79686355
79687379
79688403
79689363
79690387
79691346
79692372
79693395
79694356
79695381
79696404
79697364
79698388
79699347
79700372
79701395
79702356
79703381
79704404
79705364
79706388
79707347
79708372
79709395
79710356
79711381
79712404
79713364
79714387
79715347
79716372
79717395
79718355
79719381
79720403
79721364
79722387
79723347
79724372
79725396
79726355
79727381
79728403
79729364
79730387
79731347
79732372
79733396
79734355
79735380
79736403
79737364
79738387
79739347
79740372
79741395
79742355
79743380
79744403
79745363
79746387
79747347
79748372
79749395
79750355
79751380
79752403
79753363
79754387
79755347
79756372
79757395
79758355
79759380
79760403
79761363
79762387
79763347
79764373
79765395
79766355
79767380
79768403
79769363
79770387
79771347
79772373
79773395
79774355
79775380
79776403
79777363
79778387
79779347
79780372
79781396
79782356
79783381
79784404
79785364
79786387
79787347
79788372
79789366
79790390
79791350
79792374
79793397
79794357
79795382
79796406
79797365
79798390
79799350
79800374
79801397
79802357
79803382
79804406
79805366
79806390
79807350
79808374
79809397
79810357
79811382
79812405
79813366
79814391
79815351
79816375
79817399
79818359
79819382
79820406
79821366
79822390
79823351
79824374
79825399
79826359
79827383
79828406
79829366
79830391
79831350
79832374
79833399
79834359
79835382
79836406
79837366
79838390
79839350
79840374
79841399
79842359
79843382
79844406
79845366
79846390
79847351
79848374
79849399
79850359
79851382
79852406
79853366
79854390
79855351
79856374
79857399
79858359
79859382
79860406
79861366
79862390
79863350
79864374
79865398
79866358
79867382
79868405
79869366
79870390
79871350
79872374
79873398
79874359
79875382
79876406
79877366
79878390
79879350
79880374
79881398
79882358
79883382
79884405
79885366
79886390
79887350
79888374
79889398
79890358
79891381
79892406
79893365
79894390
79895350
79896373
79897398
79898358
79899381
79900406
79901365
79902390
79903350
79904373
79905398
79906358
79907381
79908405
79909365
79910390
79911350
79912373
79913398
79914358
79915382
79916405
79917365
79918390
79919350
79920373
79921398
79922358
79923381
79924405
79925365
79926389
79927350
79928373
79929398
79930358
79931381
79932405
79933365
79934389
79935350
79936373
79937397
79938358
79939381
79940405
79941364
79942389
79943350
79944372
79945397
79946357
79947381
79948405
79949365
79950389
79951349
79952372
79953398
79954358
79955381
79956404
79957364
79958389
79959349
79960373
79961398
79962358
79963380
79964405
79965364
79966389
79967349
79968372
79969397
79970358
79971380
79972404
79973364
79974389
79975349
79976372
79977397
79978357
79979380
79980404
79981364
79982389
79983349
79984372
79985397
79986357
79987380
79988404
79989364
79990388
79991349
79992372
79993397
79994357
79995380
79996404
79997364
79998388
79999349
80000372
80001397
80002357
80003380
80004404
80005363
80006389
80007348
80008372
80009397
80010357
80011380
80012404
80013363
80014388
80015348
80016372
80017397
80018356
80019380
80020404
80021363
80022388
80023348
80024371
80025397
80026356
80027380
80028404
80029363
80030388
80031348
80032371
80033397
80034356
80035380
80036404
80037363
80038388
80039348
80040371
80041397
80042356
80043380
80044403
80045363
80046388
80047348
80048371
80049397
80050356
80051379
80052403
80053363
80054388
80055348
80056371
80057396
80058356
80059379
80060403
80061363
80062388
80063348
80064371
80065396
80066356
80067379
80068403
80069363
80070388
80071348
80072371
80073396
80074355
80075379
80076403
80077363
80078387
80079347
80080371
80081396
80082355
80083379
80084403
80085363
80086388
80087347
80088371
80089396
80090355
80091379
80092403
80093363
80094388
80095347
80096371
80097396
80098355
80099379
80100402
80101362
80102388
80103348
80104372
80105396
80106356
80107380
80108403
80109363
80110388
80111348
80112371
80113396
80114356
80115380
80116403
80117363
80118388
80119348
80120371
80121396
80122356
80123380
80124403
80125363
80126388
80127348
80128371
80129397
80130356
80131380
80132403
80133363
80134388
80135348
80136371
80137396
80138356
80139380
80140403
80141363
80142388
80143347
80144371
80145396
80146356
80147379
80148402
80149362
80150387
80151347
80152371
80153395
80154355
80155379
80156403
80157362
80158387
80159347
80160371
80161395
80162356
80163379
80164402
80165362
80166387
80167347
80168371
80169395
80170355
80171379
80172402
80173362
80174387
80175347
80176371
80177395
80178355
80179380
80180340
80181364
80182388
80183348
80184372
80185396
80186356
80187380
80188340
80189364
80190388
80191348
80192371
80193396
80194356
80195380
80196339
80197364
80198388
80199347
80200371
80201396
80202356
80203380
80204340
80205365
80206389
80207348
80208372
80209397
80210357
80211381
80212341
80213366
80214390
80215350
80216375
80217398
80218358
80219382
80220342
80221367
80222390
80223350
80224375
80225398
80226358
80227382
80228342
80229366
80230390
80231350
80232375
80233398
80234358
80235382
80236341
80237366
80238390
80239350
80240375
80241398
80242358
80243382
80244341
80245366
80246390
80247350
80248374
80249398
80250359
80251384
80252344
80253367
80254391
80255351
80256376
80257399
80258359
80259384
80260344
80261368
80262391
80263351
80264376
80265399
80266360
80267384
80268344
80269368
80270391
80271351
80272376
80273399
80274359
80275384
80276344
80277368
80278391
80279351
80280376
80281399
80282359
80283384
80284344
80285368
80286391
80287351
80288376
80289399
80290359
80291384
80292344
80293368
80294391
80295351
80296376
80297399
80298359
80299384
80300344
80301368
80302391
80303350
80304376
80305399
80306359
80307384
80308344
80309367
80310391
80311350
80312376
80313399
80314359
80315383
80316343
80317367
80318390
80319351
80320375
80321399
80322359
80323383
80324343
80325368
80326390
80327350
80328376
80329399
80330359
80331383
80332343
80333367
80334390
80335350
80336375
80337398
80338359
80339383
80340343
80341367
80342390
80343350
80344375
80345399
80346359
80347383
80348343
80349367
80350390
80351350
80352375
80353398
80354358
80355383
80356343
80357367
80358390
80359350
80360375
80361398
80362358
80363383
80364343
80365367
80366390
80367350
80368375
80369398
80370358
80371383
80372343
80373367
80374390
80375350
80376374
80377398
80378358
80379383
80380343
80381367
80382390
80383350
80384374
80385398
80386358
80387382
80388342
80389366
80390389
80391349
80392374
80393398
80394358
80395382
80396342
80397367
80398389
80399350
80400374
80401398
80402358
80403382
80404342
80405366
80406390
80407349
80408374
80409398
80410358
80411382
80412342
80413366
80414389
80415349
80416374
80417398
80418358
80419382
80420342
80421366
80422389
80423349
80424374
80425398
80426358
80427382
80428342
80429366
80430389
80431349
80432374
80433397
80434357
80435382
80436342
80437366
80438389
80439349
80440374
80441398
80442357
80443382
80444342
80445366
80446389
80447349
80448373
80449397
80450358
80451382
80452342
80453366
80454389
80455349
80456373
80457397
80458357
80459382
80460342
80461366
80462389
80463349
80464373
80465397
80466357
80467382
80468342
80469365
80470389
80471349
80472373
80473397
80474357
80475381
80476342
80477365
80478389
80479349
80480373
80481397
80482357
80483381
80484341
80485365
80486388
80487349
80488373
80489397
80490357
80491382
80492341
80493365
80494388
80495349
80496374
80497397
80498357
80499381
80500341
80501365
80502388
80503349
80504373
80505397
80506357
80507381
80508341
80509366
80510390
80511351
80512374
80513398
80514358
80515382
80516342
80517366
80518390
80519351
80520373
80521398
80522358
80523382
80524342
80525365
80526390
80527350
80528374
80529398
80530357
80531382
80532342
80533365
80534390
80535350
80536374
80537397
80538357
80539382
80540342
80541365
80542391
80543350
80544373
80545397
80546358
80547382
80548342
80549365
80550390
80551350
80552374
80553397
80554357
80555382
80556342
80557365
80558390
80559350
80560373
80561397
80562357
80563381
80564342
80565365
80566390
80567350
80568373
80569397
80570357
80571381
80572341
80573365
80574390
80575350
80576373
80577397
80578358
80579382
80580343
80581366
80582391
80583351
80584374
80585398
80586358
80587383
80588343
80589366
80590391
80591351
80592375
80593335
80594359
80595383
80596343
80597366
80598391
80599351
80600375
80601335
80602359
80603383
80604343
80605366
80606391
80607351
80608374
80609334
80610359
80611383
80612343
80613366
80614391
80615351
80616374
80617334
80618359
80619383
80620343
80621366
80622391
80623351
80624374
80625334
80626359
80627382
80628342
80629366
80630391
80631351
80632374
80633334
80634359
80635382
80636342
80637366
80638391
80639351
80640374
80641334
80642359
80643382
80644343
80645365
80646391
80647351
80648374
80649334
80650359
80651383
80652343
80653365
80654391
80655351
80656374
80657334
80658359
80659382
80660342
80661365
80662390
80663351
80664374
80665334
80666358
80667382
80668342
80669365
80670391
80671350
80672373
80673334
80674358
80675382
80676342
80677365
80678390
80679350
80680374
80681334
80682359
80683382
80684342
80685365
80686391
80687350
80688373
80689334
80690358
80691382
80692342
80693365
80694390
80695350
80696373
80697334
80698358
80699382
80700342
80701365
80702390
80703350
80704374
80705334
80706359
80707382
80708343
80709366
80710391
80711350
80712374
80713334
80714359
80715382
80716342
80717366
80718391
80719350
80720374
80721334
80722359
80723384
80724343
80725368
80726392
80727351
80728375
80729335
80730359
80731383
80732343
80733368
80734391
80735351
80736375
80737335
80738359
80739383
80740343
80741368
80742391
80743351
80744375
80745335
80746359
80747383
80748343
80749367
80750391
80751351
80752375
80753335
80754359
80755383
80756343
80757367
80758391
80759351
80760375
80761335
80762360
80763384
80764344
80765368
80766392
80767351
80768375
80769336
80770360
80771384
80772344
80773368
80774391
80775352
80776375
80777335
80778360
80779383
80780343
80781368
80782391
80783352
80784375
80785335
80786360
80787383
80788344
80789368
80790391
80791351
80792375
80793335
80794360
80795384
80796343
80797368
80798391
80799351
80800375
80801335
80802360
80803383
80804343
80805368
80806391
80807351
80808375
80809335
80810359
80811383
80812343
80813368
80814391
80815351
80816375
80817335
80818359
80819383
80820343
80821368
80822391
80823351
80824375
80825335
80826359
80827383
80828342
80829368
80830391
80831351
80832375
80833334
80834359
80835383
80836342
80837367
80838391
80839351
80840375
80841334
80842359
80843383
80844342
80845368
80846391
80847351
80848374
80849335
80850359
80851383
80852342
80853367
80854391
80855350
80856375
80857334
80858359
80859382
80860342
80861367
80862390
80863350
80864374
80865334
80866359
80867383
80868342
80869367
80870390
80871350
80872374
80873334
80874359
80875382
80876342
80877367
80878390
80879350
80880374
80881334
80882358
80883383
80884342
80885367
80886390
80887350
80888374
80889333
80890358
80891382
80892342
80893367
80894390
80895350
80896374
80897333
80898358
80899382
80900342
80901367
80902390
80903350
80904374
80905333
80906358
80907382
80908341
80909366
80910390
80911351
80912374
80913333
80914358
80915382
80916342
80917367
80918390
80919350
80920374
80921333
80922358
80923382
80924342
80925367
80926390
80927350
80928373
80929333
80930358
80931382
80932342
80933366
80934390
80935350
80936373
80937333
80938358
80939381
80940341
80941367
80942389
80943350
80944373
80945333
80946358
80947381
80948342
80949366
80950389
80951349
80952373
80953333
80954358
80955382
80956342
80957366
80958389
80959349
80960373
80961333
80962358
80963381
80964342
80965366
80966389
80967349
80968373
80969335
80970359
80971382
80972343
80973367
80974391
80975351
80976376
80977335
80978359
80979384
80980345
80981369
80982393
80983353
80984378
80985337
80986361
80987385
80988345
80989369
80990393
80991353
80992377
80993337
80994361
80995385
80996346
80997369
80998392
80999352
81000377
81001337
81002361
81003385
81004345
81005369
81006392
81007352
81008378
81009337
81010361
81011385
81012345
81013369
81014392
81015352
81016378
81017338
81018362
81019386
81020346
81021370
81022329
81023354
81024378
81025338
81026362
81027386
81028346
81029370
81030329
81031354
81032378
81033338
81034361
81035386
81036346
81037369
81038330
81039354
81040377
81041337
81042361
81043386
81044346
81045369
81046329
81047354
81048378
81049337
81050361
81051386
81052346
81053369
81054329
81055354
81056377
81057337
81058361
81059386
81060346
81061369
81062329
81063354
81064377
81065337
81066361
81067385
81068345
81069369
81070329
81071354
81072377
81073337
81074361
81075385
81076345
81077369
81078328
81079353
81080377
81081337
81082361
81083385
81084345
81085369
81086328
81087354
81088377
81089337
81090360
81091385
81092345
81093368
81094329
81095354
81096377
81097337
81098361
81099385
81100345
81101369
81102328
81103353
81104377
81105337
81106360
81107385
81108345
81109368
81110329
81111353
81112377
81113336
81114360
81115384
81116345
81117368
81118328
81119353
81120376
81121336
81122360
81123384
81124345
81125368
81126328
81127353
81128377
81129337
81130361
81131386
81132346
81133369
81134329
81135354
81136377
81137337
81138361
81139385
81140345
81141369
81142329
81143354
81144377
81145337
81146361
81147385
81148346
81149369
81150329
81151354
81152377
81153337
81154360
81155385
81156345
81157368
81158328
81159353
81160377
81161337
81162361
81163385
81164345
81165368
81166329
81167354
81168377
81169337
81170360
81171385
81172345
81173368
81174328
81175353
81176376
81177337
81178360
81179385
81180345
81181368
81182328
81183353
81184376
81185336
81186360
81187385
81188345
81189368
81190328
81191353
81192376
81193336
81194360
81195385
81196345
81197368
81198328
81199353
81200376
81201336
81202360
81203385
81204345
81205368
81206328
81207353
81208376
81209336
81210360
81211385
81212345
81213368
81214328
81215353
81216376
81217336
81218359
81219385
81220345
81221369
81222329
81223353
81224377
81225337
81226361
81227386
81228345
81229368
81230329
81231353
81232377
81233337
81234361
81235385
81236345
81237368
81238328
81239353
81240377
81241337
81242361
81243385
81244345
81245368
81246328
81247353
81248377
81249337
81250361
81251385
81252345
81253369
81254328
81255353
81256377
81257337
81258361
81259385
81260345
81261368
81262328
81263353
81264377
81265337
81266361
81267385
81268345
81269368
81270328
81271353
81272376
81273337
81274361
81275385
81276345
81277368
81278328
81279352
81280344
81281367
81282392
81283352
81284375
81285335
81286359
81287383
81288344
81289367
81290392
81291353
81292377
81293337
81294362
81295386
81296345
81297369
81298394
81299353
81300347
81301372
81302395
81303355
81304379
81305403
81306363
81307387
81308347
81309371
81310396
81311355
81312381
81313404
81314371
81315395
81316355
81317379
81318403
81319363
81320387
81321411
81322371
81323395
81324355
81325378
81326403
81327363
81328387
81329411
81330371
81331395
81332355
81333379
81334403
81335363
81336387
81337411
81338371
81339395
81340355
81341379
81342403
81343363
81344388
81345411
81346371
81347365
81348388
81349413
81350361
81351385
81352408
81353368
81354393
81355406
81356366
81357391
81358415
81359375
81360398
81361423
81362383
81363406
81364366
81365391
81366415
81367374
81368398
81369424
81370385
81371408
81372368
81373393
81374416
81375376
81376401
81377425
81378384
81379408
81380368
81381393
81382416
81383376
81384401
81385424
81386385
81387408
81388368
81389393
81390416
81391376
81392400
81393424
81394385
81395408
81396368
81397392
81398416
81399376
81400401
81401424
81402385
81403407
81404368
81405392
81406416
81407376
81408400
81409425
81410384
81411407
81412367
81413392
81414416
81415376
81416400
81417424
81418384
81419407
81420367
81421392
81422416
81423376
81424400
81425425
81426384
81427407
81428368
81429393
81430417
81431377
81432401
81433361
81434385
81435409
81436369
81437393
81438416
81439377
81440401
81441361
81442385
81443409
81444369
81445392
81446416
81447376
81448401
81449361
81450386
81451410
81452370
81453394
81454417
81455377
81456401
81457361
81458385
81459410
81460390
81461414
81462374
81463397
81464422
81465382
81466405
81467365
81468390
81469413
81470374
81471397
81472422
81473382
81474405
81475365
81476390
81477413
81478373
81479398
81480422
81481382
81482405
81483365
81484389
81485430
81486389
81487413
81488373
81489396
81490422
81491381
81492405
81493430
81494389
81495395
81496420
81497380
81498403
81499429
81500389
81501412
81502372
81503396
81504421
81505381
81506404
81507429
81508388
81509412
81510372
81511395
81512420
81513380
81514404
81515428
81516388
81517412
81518373
81519417
81520377
81521401
81522425
81523384
81524409
81525432
81526392
81527416
81528376
81529401
81530424
81531384
81532409
81533433
81534392
81535416
81536376
81537401
81538424
81539384
81540409
81541432
81542392
81543416
81544376
81545401
81546424
81547384
81548410
81549432
81550392
81551416
81552376
81553400
81554424
81555384
81556409
81557432
81558392
81559416
81560376
81561401
81562424
81563384
81564409
81565432
81566392
81567416
81568376
81569400
81570424
81571404
81572428
81573388
81574412
81575436
81576395
81577421
81578380
81579404
81580428
81581442
81582402
81583426
81584386
81585410
81586434
81587394
81588419
81589442
81590402
81591426
81592385
81593411
81594440
81595400
81596423
81597448
81598408
81599432
81600392
81601416
81602440
81603400
81604460
81605448
81606433
81607458
81608418
81609441
81610465
81611425
81612423
81613448
81614472
81615431
81616456
81617480
81618439
81619464
81620423
81621448
81622472
81623438
81624461
81625485
81626445
81627470
81628430
81629453
81630478
81631438
81632462
81633485
81634445
81635470
81636430
81637453
81638478
81639438
81640462
81641485
81642445
81643470
81644430
81645453
81646478
81647438
81648461
81649485
81650445
81651469
81652430
81653453
81654477
81655438
81656461
81657484
81658445
81659469
81660429
81661453
81662477
81663438
81664461
81665484
81666445
81667469
81668429
81669453
81670477
81671437
81672461
81673484
81674445
81675469
81676429
81677453
81678478
81679437
81680462
81681483
81682443
81683467
81684491
81685451
81686474
81687434
81688460
81689482
81690443
81691467
81692491
81693477
81694462
81695487
81696447
81697471
81698494
81699455
81700479
81701503
81702462
81703487
81704448
81705471
81706494
81707454
81708459
81709482
81710507
81711467
81712491
81713451
81714474
81715499
81716459
81717482
81718507
81719467
81720490
81721451
81722474
81723499
81724459
81725482
81726507
81727467
81728491
81729451
81730474
81731499
81732459
81733482
81734507
81735467
81736491
81737451
81738474
81739499
81740459
81741482
81742507
81743467
81744490
81745451
81746474
81747499
81748459
81749482
81750510
81751470
81752493
81753454
81754478
81755502
81756462
81757486
81758510
81759471
81760496
81761456
81762479
81763503
81764462
81765487
81766511
81767471
81768496
81769456
81770479
81771502
81772462
81773487
81774511
81775470
81776497
81777456
81778480
81779503
81780463
81781488
81782511
81783471
81784490
81785513
81786473
81787498
81788458
81789510
81790519
81791498
81792521
81793503
81794528
81795518
81796542
81797501
81798506
81799509
81800533
81801538
81802551
81803541
81804502
81805541
81806566
81807526
81808550
81809509
81810556
81811516
81812540
81813563
81814523
81815548
81816571
81817531
81818556
81819516
81820540
81821565
81822588
81823548
81824571
81825538
81826561
81827586
81828546
81829569
81830593
81831552
81832577
81833537
81834561
81835586
81836546
81837569
81838593
81839553
81840577
81841537
81842561
81843585
81844546
81845569
81846593
81847552
81848577
81849538
81850561
81851586
81852546
81853570
81854595
81855554
81856578
81857538
81858561
81859586
81860547
81861569
81862595
81863554
81864578
81865538
81866561
81867587
81868547
81869570
81870595
81871555
81872579
81873539
81874562
81875587
81876547
81877570
81878595
81879555
81880579
81881539
81882562
81883587
81884547
81885570
81886595
81887555
81888578
81889539
81890562
81891587
81892547
81893570
81894595
81895555
81896579
81897539
81898562
81899587
81900547
81901570
81902595
81903555
81904579
81905591
81906550
81907575
81908599
81909558
81910582
81911542
81912566
81913590
81914550
81915575
81916598
81917559
81918582
81919542
81920566
81921590
81922550
81923575
81924598
81925558
81926582
81927542
81928566
81929590
81930550
81931574
81932598
81933558
81934582
81935542
81936566
81937590
81938550
81939574
81940598
81941558
81942582
81943707
81944922
81946147
81947340
81948468
81949527
81950692
81951707
81952852
81953966
81955122
81956229
81957352
81958497
81959470
81960514
81961538
81962544
81963504
81964528
81965488
81966546
81967506
81968530
81969554
81970562
81971652
81972681
81973642
81974666
81975626
81976649
81977674
81978634
81979657
81980681
81981641
81982666
81983682
81984766
81985779
81986740
81987764
81988806
81989766
81990772
81991864
81992824
81993870
81994901
81995897
81996857
81997881
81998906
81999866
