-12.456001526
-13.268001526
-13.953001526
-16.205001526
-17.897001526
-20.362001526
-23.038001526
-23.797001526
-21.302001526
-19.716001526
-18.074001526
-16.444001526
-15.374001526
-17.824001526
-22.866001526
-16.780001526
-18.621001526
-17.022001526
-14.990001526
-13.343001526
-12.412001526
-11.417001526
-11.593001526
-12.486001526
-13.205001526
-14.102001526
-13.767001526
-13.886001526
-13.900001526
-14.126001526
-15.176001526
-17.363001526
-18.334001526
-18.797001526
-16.908001526
-18.263001526
-17.629001526
-16.873001526
-12.503001526
-13.796001526
-18.670001526
-21.176001526
-24.196001526
-20.541001526
-16.873001526
-17.161001526
-20.412001526
-22.058001526
-13.209001526
-7.8550015259
-5.4570015259
-4.7030015259
-5.7300015259
-9.3180015259
-15.964001526
-22.652001526
-19.575001526
-19.847001526
-22.683001526
-28.975001526
-25.214001526
-17.323001526
-11.719001526
-14.026001526
-15.297001526
-12.038001526
-13.252001526
-15.982001526
-19.717001526
-20.964001526
-24.215001526
-25.996001526
-25.937001526
-24.900001526
-20.891001526
-19.943001526
-19.966001526
-19.397001526
-21.329001526
-25.867001526
-28.425001526
-21.401001526
-13.999001526
-11.199001526
-9.8460015259
-9.1430015259
-8.9480015259
-9.4470015259
-13.906001526
-11.494001526
-3.8250015259
-0.47300152588
-0.024001525879
-2.1290015259
-4.2210015259
-4.1230015259
-3.8720015259
-4.2320015259
-5.1470015259
-5.7840015259
-6.1710015259
-7.3230015259
-7.5140015259
-6.9580015259
-6.3030015259
-6.1700015259
-6.0560015259
-6.1330015259
-6.6980015259
-7.2850015259
-7.4390015259
-6.8230015259
-6.2330015259
-5.4580015259
-4.4290015259
-4.2080015259
-4.0440015259
-4.0420015259
-5.0980015259
-6.5540015259
-7.6260015259
-8.3900015259
-7.7050015259
-7.5230015259
-8.0690015259
-7.5310015259
-5.9130015259
-4.2710015259
-3.3500015259
-3.5100015259
-4.5090015259
-5.3370015259
-5.6750015259
-6.1050015259
-5.9640015259
-5.6840015259
-5.1910015259
-4.3280015259
-4.1250015259
-3.8560015259
-3.4640015259
-3.8090015259
-3.5900015259
-3.5580015259
-4.2240015259
-5.1300015259
-6.1210015259
-6.6340015259
-6.0260015259
-5.6570015259
-6.0840015259
-6.7970015259
-7.1640015259
-6.8520015259
-6.4660015259
-6.6470015259
-6.5810015259
-6.1490015259
-6.1710015259
-6.1750015259
-6.1130015259
-5.8460015259
-5.7140015259
-5.9610015259
-6.6340015259
-7.4880015259
-8.5760015259
-8.9330015259
-9.0560015259
-9.4870015259
-9.3710015259
-8.4990015259
-7.5530015259
-7.9980015259
-8.7030015259
-9.0210015259
-7.9570015259
-6.7480015259
-5.7610015259
-5.1980015259
-4.4600015259
-3.9780015259
-4.1700015259
-4.5780015259
-5.3150015259
-5.5660015259
-5.9800015259
-6.5810015259
-7.1590015259
-7.9280015259
-7.6310015259
-6.4140015259
-5.6570015259
-5.5190015259
-5.3050015259
-5.1480015259
-5.3660015259
-5.4490015259
-5.2120015259
-5.3880015259
-6.0670015259
-5.7330015259
-5.3200015259
-4.8800015259
-5.1210015259
-5.1510015259
-5.2120015259
-5.2560015259
-5.4810015259
-6.0370015259
-6.4550015259
-6.9920015259
-7.3840015259
-7.4160015259
-7.1340015259
-7.1920015259
-7.4510015259
-7.8850015259
-8.4150015259
-8.6100015259
-9.1420015259
-8.9980015259
-8.4160015259
-7.8430015259
-7.5750015259
-7.3110015259
-7.0810015259
-7.0430015259
-6.7780015259
-6.7720015259
-7.1160015259
-7.1540015259
-6.9390015259
-7.0890015259
-7.5700015259
-7.2400015259
-7.6650015259
-7.9800015259
-8.1280015259
-8.1240015259
-7.9500015259
-8.1020015259
-8.1980015259
-7.5620015259
-6.5500015259
-6.0990015259
-5.4930015259
-4.9120015259
-4.5670015259
-4.6940015259
-5.1020015259
-6.3230015259
-7.0150015259
-7.4310015259
-6.8290015259
-6.3530015259
-5.4580015259
-5.0650015259
-5.4060015259
-6.0820015259
-5.9890015259
-5.6450015259
-5.9090015259
-6.6370015259
-7.8440015259
-8.3330015259
-7.8690015259
-7.2680015259
-7.4410015259
-8.0100015259
-8.7290015259
-9.4970015259
-10.153001526
-10.162001526
-9.3770015259
-8.4010015259
-7.1040015259
-7.4070015259
-8.4790015259
-9.2090015259
-9.4790015259
-8.8210015259
-9.0880015259
-9.7230015259
-9.3770015259
-8.9890015259
-8.4790015259
-7.2660015259
-6.7220015259
-6.6960015259
-6.5940015259
-6.2680015259
-6.7720015259
-7.0050015259
-7.6710015259
-9.5110015259
-10.273001526
-9.5650015259
-10.805001526
-8.8170015259
-9.3300015259
-11.064001526
-11.533001526
-9.3670015259
-8.4330015259
-7.7110015259
-6.6920015259
-5.5080015259
-5.3180015259
-5.5630015259
-7.5230015259
-9.2770015259
-9.7210015259
-9.9790015259
-13.733001526
-12.565001526
-8.1050015259
-12.273001526
-18.196001526
-17.983001526
-15.467001526
-9.0090015259
-6.6360015259
-7.2240015259
-7.9620015259
-6.7820015259
-4.4410015259
-3.0880015259
-3.8630015259
-3.9250015259
-4.7830015259
-2.2320015259
-2.1390015259
-7.0200015259
-16.422001526
-12.250001526
-6.0410015259
-10.204001526
-6.7200015259
-8.6510015259
-6.7760015259
-5.2370015259
-5.8350015259
-5.5640015259
-5.5280015259
-5.1070015259
-5.1180015259
-5.0490015259
-4.8040015259
-4.6900015259
-4.5910015259
-4.6360015259
-4.0340015259
-3.5300015259
-3.4460015259
-3.9270015259
-4.4710015259
-4.6460015259
-5.0910015259
-5.9010015259
-5.9290015259
-5.9370015259
-5.6870015259
-4.9840015259
-4.7770015259
-5.1390015259
-5.5000015259
-6.1470015259
-6.4960015259
-5.7510015259
-4.7860015259
-4.8640015259
-5.6090015259
-4.7460015259
-3.6450015259
-3.7970015259
-4.3470015259
-3.8520015259
-4.1930015259
-4.5990015259
-4.2890015259
-4.3020015259
-5.8340015259
-6.5020015259
-6.2970015259
-7.3450015259
-7.7500015259
-8.2760015259
-8.2320015259
-8.2390015259
-7.9210015259
-7.8270015259
-7.7140015259
-7.3270015259
-6.2910015259
-5.7230015259
-5.1350015259
-4.3310015259
-4.3400015259
-4.4280015259
-4.7080015259
-4.9210015259
-5.0790015259
-5.1450015259
-5.6750015259
-6.1060015259
-6.3510015259
-6.0930015259
-6.3870015259
-6.4100015259
-6.4910015259
-6.7510015259
-6.6680015259
-7.2840015259
-7.5200015259
-7.0220015259
-6.8530015259
-6.2490015259
-5.4060015259
-4.5840015259
-4.5460015259
-5.7690015259
-6.3300015259
-6.2460015259
-6.3180015259
-6.4130015259
-6.5230015259
-6.5990015259
-7.1250015259
-6.8100015259
-5.7410015259
-5.2960015259
-5.1240015259
-5.1480015259
-5.0730015259
-4.8230015259
-4.9550015259
-5.4640015259
-5.5400015259
-5.3220015259
-5.4420015259
-5.6790015259
-5.9350015259
-6.0190015259
-5.5440015259
-5.3220015259
-5.8310015259
-5.6560015259
-5.0180015259
-5.2600015259
-6.2150015259
-6.7590015259
-6.9830015259
-6.8460015259
-6.7000015259
-6.9520015259
-7.1940015259
-7.1050015259
-7.2060015259
-7.1350015259
-6.4010015259
-5.5860015259
-5.4960015259
-5.8940015259
-6.4650015259
-7.2610015259
-8.1380015259
-8.7050015259
-8.5050015259
-8.5050015259
-9.5890015259
-10.728001526
-10.442001526
-9.2040015259
-8.2140015259
-7.6300015259
-7.4730015259
-7.5820015259
-7.4960015259
-6.9470015259
-6.3150015259
-5.5500015259
-4.7690015259
-4.9190015259
-5.6690015259
-6.2920015259
-5.8270015259
-5.3740015259
-5.6900015259
-5.7730015259
-5.8370015259
-5.2060015259
-4.7750015259
-4.6570015259
-5.0940015259
-5.9750015259
-6.8490015259
-7.3590015259
-7.4930015259
-7.3440015259
-7.0190015259
-6.9700015259
-7.1590015259
-7.2600015259
-7.5110015259
-7.8510015259
-7.8850015259
-8.0550015259
-8.4370015259
-9.0410015259
-9.1850015259
-8.9780015259
-8.5690015259
-8.3310015259
-8.3490015259
-8.2790015259
-8.0150015259
-7.7320015259
-8.0490015259
-8.4050015259
-7.8930015259
-7.5160015259
-7.8650015259
-8.3070015259
-8.2460015259
-7.5950015259
-7.1520015259
-7.1390015259
-7.3740015259
-7.2630015259
-7.0910015259
-7.0840015259
-6.9020015259
-6.9830015259
-7.0310015259
-7.4670015259
-8.2280015259
-8.3050015259
-8.6700015259
-8.4090015259
-7.2950015259
-7.2040015259
-6.5810015259
-6.5360015259
-5.2280015259
-5.0510015259
-5.4590015259
-5.1630015259
-6.0350015259
-6.2980015259
-5.3440015259
-4.8180015259
-4.8590015259
-6.0620015259
-8.5550015259
-10.891001526
-13.142001526
-16.254001526
-19.222001526
-20.689001526
-20.520001526
-19.750001526
-20.901001526
-25.535001526
-28.822001526
-23.788001526
-25.096001526
-32.804001526
-25.038001526
-31.109001526
nan
nan
nan
nan
nan
nan
nan
nan
nan
nan
nan
nan
nan
nan
nan
nan
nan
nan
nan
nan
nan
nan
nan
nan
nan
nan
nan
nan
nan
nan
nan
nan
nan
nan
nan
nan
nan
nan
nan
nan
nan
nan
nan
nan
nan
nan
nan
nan
nan
nan
nan
nan
nan
nan
nan
nan
nan
nan
nan
nan
nan
nan
nan
nan
nan
nan
nan
nan
nan
nan
nan
nan
nan
nan
nan
nan
nan
nan
nan
nan
nan
nan
nan
nan
nan
nan
nan
nan
nan
nan
nan
nan
nan
nan
nan
nan
nan
nan
nan
nan
nan
nan
nan
nan
nan
nan
nan
nan
nan
nan
nan
nan
nan
nan
nan
nan
nan
nan
nan
nan
nan
nan
nan
nan
nan
nan
nan
nan
nan
nan
nan
nan
nan
nan
nan
nan
nan
nan
nan
nan
nan
nan
nan
nan
nan
nan
nan
nan
nan
nan
nan
nan
nan
nan
nan
nan
nan
nan
nan
nan
nan
nan
nan
nan
nan
nan
nan
nan
nan
nan
nan
nan
nan
nan
nan
nan
nan
nan
nan
nan
nan
nan
nan
nan
nan
nan
nan
nan
nan
nan
nan
nan
nan
nan
nan
nan
nan
nan
nan
nan
nan
nan
nan
nan
nan
nan
nan
nan
nan
nan
nan
nan
nan
nan
nan
nan
nan
nan
nan
nan
nan
nan
nan
nan
nan
nan
nan
nan
nan
nan
nan
nan
nan
nan
nan
nan
nan
nan
nan
nan
nan
nan
nan
nan
nan
nan
nan
nan
nan
nan
nan
nan
nan
nan
nan
nan
nan
nan
nan
nan
nan
nan
nan
nan
nan
nan
nan
nan
nan
nan
nan
nan
nan
nan
nan
nan
nan
nan
nan
nan
nan
nan
nan
nan
nan
nan
nan
nan
nan
nan
nan
nan
nan
nan
nan
nan
nan
nan
nan
nan
nan
nan
nan
nan
nan
nan
nan
nan
nan
nan
nan
nan
nan
nan
nan
nan
nan
nan
nan
nan
nan
nan
nan
nan
nan
nan
nan
nan
nan
nan
nan
nan
nan
nan
nan
nan
nan
nan
nan
nan
nan
nan
nan
nan
nan
nan
nan
nan
nan
nan
nan
nan
nan
nan
nan
nan
nan
nan
nan
nan
nan
nan
nan
nan
nan
nan
nan
nan
nan
nan
nan
nan
nan
nan
nan
nan
nan
nan
nan
nan
nan
nan
nan
nan
nan
nan
nan
nan
nan
nan
nan
nan
nan
nan
nan
nan
nan
nan
nan
nan
nan
nan
nan
nan
nan
nan
nan
nan
nan
nan
nan
nan
nan
nan
nan
nan
nan
nan
nan
nan
nan
nan
nan
nan
nan
nan
nan
nan
nan
nan
nan
nan
nan
nan
nan
nan
nan
nan
nan
nan
nan
nan
nan
nan
nan
nan
nan
nan
nan
nan
nan
nan
nan
nan
nan
nan
nan
nan
nan
nan
nan
nan
nan
nan
nan
nan
nan
nan
nan
nan
nan
nan
nan
nan
nan
nan
nan
nan
nan
nan
nan
nan
nan
-35.541001526
-34.284001526
-33.882001526
-34.409001526
-32.989001526
-30.898001526
-32.711001526
-31.145001526
-29.479001526
-29.132001526
-28.727001526
-25.914001526
-27.216001526
-25.718001526
-23.255001526
-20.607001526
-18.494001526
-16.136001526
-12.970001526
-10.034001526
-7.4260015259
-5.3370015259
-4.3640015259
-5.0970015259
-5.5290015259
-4.5490015259
-5.4720015259
-5.7400015259
-6.2050015259
-5.9590015259
-5.6170015259
-5.2020015259
-5.0880015259
-5.4860015259
-5.9280015259
-5.5150015259
-5.5940015259
-6.0910015259
-6.3810015259
-5.9700015259
-5.8170015259
-6.1420015259
-5.8680015259
-5.4620015259
-5.2380015259
-4.5850015259
-4.4920015259
-4.4260015259
-4.1340015259
-4.1670015259
-4.0040015259
-4.4880015259
-4.8920015259
-5.0780015259
-6.0100015259
-6.0510015259
-6.1360015259
-6.1640015259
-6.2830015259
-5.9570015259
-4.8520015259
-4.6130015259
-4.7570015259
-4.5800015259
-4.0940015259
-4.5370015259
-4.7750015259
-5.2580015259
-5.8690015259
-5.8390015259
-5.6180015259
-5.0300015259
-5.1370015259
-5.0980015259
-5.2140015259
-4.7060015259
-4.1710015259
-4.2590015259
-3.7430015259
-4.2850015259
-5.9840015259
-5.4470015259
-5.6770015259
-5.8740015259
-5.2990015259
-5.2610015259
-5.6460015259
-5.9130015259
-5.8100015259
-5.7080015259
-5.0610015259
-5.2900015259
-6.2360015259
-6.9620015259
-6.5260015259
-5.5520015259
-5.4030015259
-5.2440015259
-5.1290015259
-5.4030015259
-5.9590015259
-6.2400015259
-5.9730015259
-5.7280015259
-5.6850015259
-5.6300015259
-5.7250015259
-5.5570015259
-5.2980015259
-5.1760015259
-5.1000015259
-5.1920015259
-4.8390015259
-4.6970015259
-4.3780015259
-4.2140015259
-4.0980015259
-4.0150015259
-3.7090015259
-4.4210015259
-4.7140015259
-4.9180015259
-5.2550015259
-5.1140015259
-4.8230015259
-4.9490015259
-5.0090015259
-4.8160015259
-5.1680015259
-5.4820015259
-5.7590015259
-5.5160015259
-5.3830015259
-4.9350015259
-4.6130015259
-4.5570015259
-4.2850015259
-4.0980015259
-4.0020015259
-4.1640015259
-4.3570015259
-3.9430015259
-3.7130015259
-3.2170015259
-3.5430015259
-3.6420015259
-3.4010015259
-3.1790015259
-3.2130015259
-3.5430015259
-3.9960015259
-4.2280015259
-4.3420015259
-4.4230015259
-4.4410015259
-4.8590015259
-4.9460015259
-5.1040015259
-5.3240015259
-5.3570015259
-5.2560015259
-5.1400015259
-5.2990015259
-4.7130015259
-4.3560015259
-4.2450015259
-4.5810015259
-4.9120015259
-4.9710015259
-5.0940015259
-4.6960015259
-4.9010015259
-4.8300015259
-4.0700015259
-4.1990015259
-4.0340015259
-3.8520015259
-3.7420015259
-3.4500015259
-3.8500015259
-3.6220015259
-3.3570015259
-3.2010015259
-3.2010015259
-3.4380015259
-3.8420015259
-3.7360015259
-3.9090015259
-3.9250015259
-3.7940015259
-3.3680015259
-3.1650015259
-3.0890015259
-3.3120015259
-3.7410015259
-3.0660015259
-3.0010015259
-3.0650015259
-2.4430015259
-3.2730015259
-3.7800015259
-4.0070015259
-3.9450015259
-3.7260015259
-4.4600015259
-4.5980015259
-5.0630015259
-4.8490015259
-4.0850015259
-4.2690015259
-4.7930015259
-4.8680015259
-4.7070015259
-4.0890015259
-3.7600015259
-3.8000015259
-3.7060015259
-4.2000015259
-4.8250015259
-5.3190015259
-4.9790015259
-4.5270015259
-4.6810015259
-4.7230015259
-4.8180015259
-4.9880015259
-5.2990015259
-5.4400015259
-5.5100015259
-5.1670015259
-4.8200015259
-5.0710015259
-5.1320015259
-4.5530015259
-4.4220015259
-4.4230015259
-4.8970015259
-5.1290015259
-4.8110015259
-4.5800015259
-4.4860015259
-5.0910015259
-4.3340015259
-4.3690015259
-4.7630015259
-5.0020015259
-5.4760015259
-5.5080015259
-5.3760015259
-5.4650015259
-5.6180015259
-4.9120015259
-4.6750015259
-4.3320015259
-4.6150015259
-4.8580015259
-5.0860015259
-5.8790015259
-5.5750015259
-5.5960015259
-6.6380015259
-7.0000015259
-6.3630015259
-5.0200015259
-4.2590015259
-3.5090015259
-3.4940015259
-4.0080015259
-4.3220015259
-4.0000015259
-3.9620015259
-4.1920015259
-4.2760015259
-3.7700015259
-2.8600015259
-3.1760015259
-3.6060015259
-3.2150015259
-3.3420015259
-4.3710015259
-4.3840015259
-4.0980015259
-3.7910015259
-3.9150015259
-4.2250015259
-4.7430015259
-5.5100015259
-5.6670015259
-5.1720015259
-5.3050015259
-5.5740015259
-5.4820015259
-5.4400015259
-5.5840015259
-5.8640015259
-5.6180015259
-5.1830015259
-5.1640015259
-4.9130015259
-5.1630015259
-5.3540015259
-4.9300015259
-5.2060015259
-5.0300015259
-4.5870015259
-4.1180015259
-4.4780015259
-4.6390015259
-4.3810015259
-4.4190015259
-4.0980015259
-4.5250015259
-4.5850015259
-3.9570015259
-3.4950015259
-3.4270015259
-3.8160015259
-3.6940015259
-3.6060015259
-3.4090015259
-3.7810015259
-3.6390015259
-3.5230015259
-3.5190015259
-3.5620015259
-4.0700015259
-3.8250015259
-2.9370015259
-2.7340015259
-2.6730015259
-2.8430015259
-3.2850015259
-2.9970015259
-2.8690015259
-3.1870015259
-3.1270015259
-4.2980015259
-4.0020015259
-4.5050015259
-4.2650015259
-3.8220015259
-4.1730015259
-4.6200015259
-5.0100015259
-5.1230015259
-5.3580015259
-5.5570015259
-5.5090015259
-5.8280015259
-6.3900015259
-6.0000015259
-6.0100015259
-5.7020015259
-5.5180015259
-5.5440015259
-5.1120015259
-5.2500015259
-5.1950015259
-4.8570015259
-5.0670015259
-4.7640015259
-4.1750015259
-4.3980015259
-4.4290015259
-4.0470015259
-4.0230015259
-3.8390015259
-4.0500015259
-3.9080015259
-4.0260015259
-4.5610015259
-4.7590015259
-4.3520015259
-4.6580015259
-4.7200015259
-5.0510015259
-5.0390015259
-4.7620015259
-4.9730015259
-5.3150015259
-5.1670015259
-5.4420015259
-5.9330015259
-5.4920015259
-5.3410015259
-5.6580015259
-6.3860015259
-6.3620015259
-6.4700015259
-6.3530015259
-5.6730015259
-5.1650015259
-5.4400015259
-5.4130015259
-5.6250015259
-5.5680015259
-4.9130015259
-5.0890015259
-5.6240015259
-5.8770015259
-6.0090015259
-5.4710015259
-5.6700015259
-5.8830015259
-5.5050015259
-6.0240015259
-6.4620015259
-6.0060015259
-6.3510015259
-6.8890015259
-6.8740015259
-7.6100015259
-6.9850015259
-6.8530015259
-6.9760015259
-6.0270015259
-6.4440015259
-6.1750015259
-6.0350015259
-6.1290015259
-6.3210015259
-6.2400015259
-5.6880015259
-5.5120015259
-5.6940015259
-6.0930015259
-6.6710015259
-6.6650015259
-7.0300015259
-6.4880015259
-6.5860015259
-6.6010015259
-6.0270015259
-6.1640015259
-6.6490015259
-6.6980015259
-6.4100015259
-6.6010015259
-6.7530015259
-6.7010015259
-5.9150015259
-5.6110015259
-5.9040015259
-5.6230015259
-5.6030015259
-5.3520015259
-5.3430015259
-5.2310015259
-5.3110015259
-5.4160015259
-5.8450015259
-6.6990015259
-6.6250015259
-5.9000015259
-5.5350015259
-5.4690015259
-5.1050015259
-4.6070015259
-4.5370015259
-4.8640015259
-5.0890015259
-4.7500015259
-4.6000015259
-4.2770015259
-4.3450015259
-4.5310015259
-5.1240015259
-5.4360015259
-4.8870015259
-4.7840015259
-4.8290015259
-4.7480015259
-4.4560015259
-4.7190015259
-4.4650015259
-4.9110015259
-6.4290015259
-6.8870015259
-6.9750015259
-6.7950015259
-6.5300015259
-6.8260015259
-6.7770015259
-6.5500015259
-7.2360015259
-7.3140015259
-6.9730015259
-6.6500015259
-6.5280015259
-6.1350015259
-5.7390015259
-5.2640015259
-5.3420015259
-5.5420015259
-5.6350015259
-6.2700015259
-6.1550015259
-7.2700015259
-6.0740015259
-6.7830015259
-5.8810015259
-6.3720015259
-7.6750015259
-5.9370015259
-4.5920015259
-4.5720015259
-5.9950015259
-8.2290015259
-10.636001526
-12.956001526
-16.306001526
-19.025001526
-20.016001526
-20.392001526
-23.076001526
-26.388001526
-24.435001526
-26.983001526
-27.657001526
-28.185001526
-29.008001526
-31.269001526
-28.722001526
-31.470001526
-32.608001526
-31.024001526
-67.217001526
nan
nan
nan
nan
nan
nan
nan
nan
nan
nan
nan
nan
nan
nan
nan
nan
nan
nan
nan
nan
nan
nan
nan
nan
nan
nan
nan
nan
nan
nan
nan
nan
nan
nan
nan
nan
nan
nan
nan
nan
nan
nan
nan
nan
nan
nan
nan
nan
nan
nan
nan
nan
nan
nan
nan
nan
nan
nan
nan
nan
nan
nan
nan
nan
nan
nan
nan
nan
nan
nan
nan
nan
nan
nan
nan
nan
nan
nan
nan
nan
nan
nan
nan
nan
nan
nan
nan
nan
nan
nan
nan
nan
nan
nan
nan
nan
nan
nan
nan
nan
nan
nan
nan
nan
nan
nan
nan
nan
nan
nan
nan
nan
nan
nan
nan
nan
nan
nan
nan
nan
nan
nan
nan
nan
nan
nan
nan
nan
nan
nan
nan
nan
nan
nan
nan
nan
nan
nan
nan
nan
nan
nan
nan
nan
nan
nan
nan
nan
nan
nan
nan
nan
nan
nan
nan
nan
nan
nan
nan
nan
nan
nan
nan
nan
nan
nan
nan
nan
nan
nan
nan
nan
nan
nan
nan
nan
nan
nan
nan
nan
nan
nan
nan
nan
nan
nan
nan
nan
nan
nan
nan
nan
nan
nan
nan
nan
nan
nan
nan
nan
nan
nan
nan
nan
nan
nan
nan
nan
nan
nan
nan
nan
nan
nan
nan
nan
nan
nan
nan
nan
nan
nan
nan
nan
nan
nan
nan
nan
nan
nan
nan
nan
nan
nan
nan
nan
nan
nan
nan
nan
nan
nan
nan
nan
nan
nan
nan
nan
nan
nan
nan
nan
nan
nan
nan
nan
nan
nan
nan
nan
nan
nan
nan
nan
nan
nan
nan
nan
nan
nan
nan
nan
nan
nan
nan
nan
nan
nan
nan
nan
nan
nan
nan
nan
nan
nan
nan
nan
nan
nan
nan
nan
nan
nan
nan
nan
nan
nan
nan
nan
nan
nan
nan
nan
nan
nan
nan
nan
nan
nan
nan
nan
nan
nan
nan
nan
nan
nan
nan
nan
nan
nan
nan
nan
nan
nan
nan
nan
nan
nan
nan
nan
nan
nan
nan
nan
nan
nan
nan
nan
nan
nan
nan
nan
nan
nan
nan
nan
nan
nan
nan
nan
nan
nan
nan
nan
nan
nan
nan
nan
nan
nan
nan
nan
nan
nan
nan
nan
nan
nan
nan
nan
nan
nan
nan
nan
nan
nan
nan
nan
nan
nan
nan
nan
nan
nan
nan
nan
nan
nan
nan
nan
nan
nan
nan
nan
nan
nan
nan
nan
nan
nan
nan
nan
nan
nan
nan
nan
nan
nan
nan
nan
nan
nan
nan
nan
nan
nan
nan
nan
nan
nan
nan
nan
nan
nan
nan
nan
nan
nan
nan
nan
nan
nan
nan
nan
nan
nan
nan
nan
nan
nan
nan
nan
nan
nan
nan
nan
nan
nan
nan
nan
nan
nan
nan
nan
nan
nan
-30.381001526
-33.261001526
-28.763001526
-33.146001526
-27.610001526
-29.507001526
-27.690001526
-25.912001526
-29.064001526
-24.983001526
-24.854001526
-27.094001526
-23.349001526
-19.953001526
-19.392001526
-20.074001526
-18.885001526
-16.536001526
-14.015001526
-11.628001526
-9.1710015259
-7.1220015259
-5.8750015259
-5.4550015259
-5.9260015259
-7.2440015259
-8.1810015259
-7.1130015259
-6.1190015259
-6.6770015259
-6.7600015259
-5.6140015259
-6.2680015259
-6.7180015259
-6.4500015259
-7.2250015259
-6.9400015259
-7.1260015259
-6.5370015259
-6.1250015259
-5.8700015259
-5.9480015259
-5.6610015259
-5.7410015259
-5.7630015259
-5.7810015259
-6.3130015259
-6.1340015259
-6.6050015259
-6.5370015259
-6.3740015259
-6.1400015259
-5.1410015259
-4.3980015259
-3.8590015259
-4.1440015259
-4.5930015259
-5.2110015259
-5.8240015259
-5.9550015259
-5.5830015259
-5.5560015259
-5.4480015259
-5.9050015259
-5.1780015259
-4.8620015259
-4.6680015259
-5.0540015259
-5.5530015259
-5.6880015259
-5.5470015259
-5.7540015259
-5.9460015259
-5.8750015259
-5.7780015259
-5.6930015259
-5.6250015259
-5.5860015259
-5.7000015259
-5.9360015259
-6.5950015259
-7.2810015259
-7.5400015259
-7.5750015259
-7.7740015259
-8.0120015259
-8.4480015259
-8.7260015259
-8.8780015259
-9.3420015259
-9.6850015259
-9.8180015259
-9.5680015259
-9.4000015259
-9.2400015259
-8.7120015259
-8.1980015259
-8.1090015259
-7.9900015259
-7.7610015259
-7.5830015259
-7.4600015259
-7.1020015259
-6.3510015259
-5.6200015259
-5.7990015259
-6.0790015259
-6.0560015259
-6.3620015259
-6.5170015259
-6.5750015259
-6.3650015259
-6.1460015259
-6.4910015259
-7.1240015259
-8.1730015259
-9.1290015259
-9.0800015259
-9.2860015259
-9.0500015259
-8.7360015259
-8.4480015259
-8.3820015259
-9.0990015259
-9.2460015259
-8.9660015259
-8.8440015259
-8.0780015259
-7.5860015259
-7.2110015259
-7.3920015259
-7.4210015259
-7.2780015259
-7.0900015259
-7.0400015259
-6.6730015259
-6.0140015259
-5.0430015259
-4.6650015259
-5.4280015259
-6.1350015259
-6.8000015259
-7.1280015259
-6.6690015259
-6.3380015259
-6.6750015259
-6.8940015259
-7.1050015259
-6.5380015259
-6.5070015259
-6.8470015259
-6.9650015259
-6.9740015259
-7.1600015259
-7.5080015259
-7.5610015259
-7.5940015259
-7.9200015259
-8.0910015259
-8.4720015259
-9.0270015259
-9.2010015259
-8.7300015259
-8.1300015259
-7.5220015259
-7.3840015259
-7.2050015259
-7.4540015259
-7.5680015259
-7.1650015259
-6.8870015259
-6.8810015259
-6.8240015259
-6.8010015259
-6.6920015259
-6.4440015259
-6.4000015259
-6.0570015259
-5.7500015259
-5.5000015259
-5.6280015259
-6.1500015259
-6.9710015259
-7.2650015259
-7.3170015259
-7.3270015259
-7.7290015259
-8.0380015259
-8.4640015259
-8.3080015259
-8.3050015259
-8.1910015259
-7.8250015259
-7.2400015259
-7.0540015259
-7.5230015259
-7.9670015259
-8.5290015259
-8.6410015259
-8.6830015259
-8.5280015259
-8.2550015259
-8.2290015259
-8.3760015259
-8.9300015259
-9.4650015259
-9.5970015259
-9.3980015259
-9.2390015259
-9.2910015259
-9.2200015259
-9.0090015259
-8.8810015259
-9.0510015259
-9.5180015259
-9.5840015259
-9.3840015259
-9.4600015259
-10.100001526
-10.541001526
-10.247001526
-9.6410015259
-9.5950015259
-9.5160015259
-9.8530015259
-10.279001526
-10.440001526
-9.7460015259
-9.4190015259
-9.5940015259
-9.5320015259
-9.3710015259
-8.7360015259
-8.2630015259
-7.9370015259
-7.8820015259
-8.0740015259
-8.2800015259
-8.5110015259
-8.6750015259
-8.6470015259
-8.4250015259
-8.4850015259
-8.3870015259
-8.5760015259
-8.4760015259
-8.2920015259
-8.0320015259
-7.5120015259
-6.8950015259
-6.2420015259
-5.7760015259
-5.0660015259
-5.0130015259
-5.7780015259
-7.4210015259
-8.8630015259
-8.1010015259
-8.3380015259
-9.8040015259
-10.197001526
-9.9500015259
-8.8820015259
-8.5820015259
-8.5870015259
-8.1410015259
-7.6250015259
-7.4860015259
-7.3160015259
-7.1630015259
-7.0140015259
-6.6200015259
-6.2240015259
-6.0670015259
-6.3210015259
-6.7870015259
-7.1340015259
-7.5430015259
-8.4320015259
-8.6490015259
-8.1880015259
-7.4130015259
-6.7960015259
-6.3540015259
-6.4080015259
-6.4140015259
-6.0420015259
-5.9200015259
-5.7030015259
-5.5020015259
-5.7910015259
-6.0080015259
-5.7470015259
-5.9780015259
-6.0300015259
-6.3570015259
-6.4930015259
-6.7240015259
-6.9590015259
-6.6000015259
-5.7520015259
-5.1360015259
-4.7960015259
-5.0010015259
-5.1970015259
-5.5120015259
-5.9840015259
-5.9140015259
-5.7550015259
-5.2380015259
-4.9420015259
-4.7500015259
-4.7010015259
-5.0820015259
-4.8980015259
-4.4480015259
-4.7400015259
-5.4920015259
-6.0380015259
-7.0670015259
-7.1310015259
-6.9460015259
-7.3170015259
-7.3320015259
-7.0770015259
-7.3960015259
-7.6590015259
-7.7730015259
-7.4840015259
-7.3920015259
-7.3700015259
-7.4210015259
-7.3970015259
-7.1030015259
-7.0310015259
-7.4870015259
-7.5390015259
-7.5120015259
-7.4380015259
-7.7020015259
-8.1170015259
-8.0870015259
-7.9980015259
-8.2150015259
-8.6100015259
-8.8300015259
-8.5590015259
-8.4810015259
-8.5060015259
-8.4960015259
-7.9510015259
-7.6690015259
-7.7720015259
-7.5480015259
-7.1560015259
-6.7710015259
-6.7700015259
-6.9160015259
-7.4200015259
-7.3860015259
-7.5180015259
-8.1790015259
-8.6130015259
-8.7270015259
-8.6850015259
-8.4830015259
-7.9070015259
-7.6360015259
-7.2030015259
-6.3750015259
-6.3750015259
-6.5650015259
-6.3430015259
-6.2790015259
-6.3920015259
-6.5960015259
-7.2560015259
-7.6310015259
-6.8900015259
-7.1250015259
-7.4380015259
-7.0710015259
-6.7290015259
-6.6280015259
-6.9130015259
-6.9640015259
-7.2160015259
-7.3910015259
-7.9240015259
-8.1380015259
-8.5050015259
-8.6260015259
-8.2900015259
-8.0570015259
-7.8510015259
-7.3150015259
-7.1510015259
-6.7590015259
-6.0220015259
-6.4420015259
-6.9830015259
-7.1170015259
-6.8370015259
-6.4530015259
-6.7450015259
-7.3700015259
-8.2920015259
-8.2750015259
-7.8300015259
-7.5080015259
-7.6170015259
-7.7860015259
-8.3670015259
-8.0760015259
-7.4230015259
-6.9490015259
-6.9010015259
-6.8170015259
-6.7960015259
-6.4560015259
-5.7360015259
-5.2060015259
-5.2670015259
-5.8980015259
-6.6160015259
-7.5470015259
-7.5420015259
-7.1280015259
-7.0380015259
-7.3030015259
-7.4370015259
-7.5830015259
-7.6960015259
-7.7760015259
-7.9610015259
-7.5880015259
-7.7790015259
-7.9450015259
-7.9420015259
-7.6880015259
-7.3840015259
-7.3680015259
-7.8540015259
-8.3120015259
-8.4550015259
-8.1470015259
-7.9790015259
-7.8870015259
-8.1300015259
-8.5460015259
-8.5240015259
-8.8670015259
-9.0880015259
-8.9770015259
-8.8940015259
-9.2870015259
-9.2810015259
-9.4710015259
-9.2440015259
-8.3320015259
-7.8410015259
-7.6570015259
-7.2750015259
-7.0290015259
-7.1250015259
-7.3800015259
-7.2270015259
-6.8260015259
-7.1430015259
-7.3510015259
-7.2770015259
-7.3670015259
-7.5870015259
-6.9640015259
-6.3600015259
-6.5200015259
-6.7010015259
-6.5240015259
-6.5610015259
-6.8940015259
-7.6880015259
-8.1300015259
-7.6560015259
-7.3400015259
-6.9090015259
-6.6030015259
-6.6040015259
-6.5550015259
-6.8530015259
-7.4020015259
-7.1340015259
-7.3410015259
-7.9990015259
-7.9490015259
-7.5090015259
-6.9780015259
-6.5290015259
-5.9900015259
-6.3990015259
-5.5620015259
-5.4880015259
-5.7560015259
-5.2490015259
-6.0770015259
-7.1770015259
-7.0940015259
-6.4510015259
-6.4140015259
-7.7290015259
-9.1500015259
-10.837001526
-12.012001526
-14.478001526
-16.635001526
-18.468001526
-20.802001526
-21.937001526
-22.677001526
-24.875001526
-25.019001526
-25.041001526
-26.896001526
-30.017001526
-29.029001526
-27.153001526
-30.086001526
-30.848001526
-29.507001526
-34.388001526
-31.160001526
-35.486001526
-31.894001526
-35.546001526
-33.854001526
-34.200001526
-36.786001526
-33.531001526
-53.789001526
nan
nan
nan
nan
nan
nan
nan
nan
nan
nan
nan
nan
nan
nan
nan
nan
nan
nan
nan
nan
nan
nan
nan
nan
nan
nan
nan
nan
nan
nan
nan
nan
nan
nan
nan
nan
nan
nan
nan
nan
nan
nan
nan
nan
nan
nan
nan
nan
nan
nan
nan
nan
nan
nan
nan
nan
nan
nan
nan
nan
nan
nan
nan
nan
nan
nan
nan
nan
nan
nan
nan
nan
nan
nan
nan
nan
nan
nan
nan
nan
nan
nan
nan
nan
nan
nan
nan
nan
nan
nan
nan
nan
nan
nan
nan
nan
nan
nan
nan
nan
nan
nan
nan
nan
nan
nan
nan
nan
nan
nan
nan
nan
nan
nan
nan
nan
nan
nan
nan
nan
nan
nan
nan
nan
nan
nan
nan
nan
nan
nan
nan
nan
nan
nan
nan
nan
nan
nan
nan
nan
nan
nan
nan
nan
nan
nan
nan
nan
nan
nan
nan
nan
nan
nan
nan
nan
nan
nan
nan
nan
nan
nan
nan
nan
nan
nan
nan
nan
nan
nan
nan
nan
nan
nan
nan
nan
nan
nan
nan
nan
nan
nan
nan
nan
nan
nan
nan
nan
nan
nan
nan
nan
nan
nan
nan
nan
nan
nan
nan
nan
nan
nan
nan
nan
nan
nan
nan
nan
nan
nan
nan
nan
nan
nan
nan
nan
nan
nan
nan
nan
nan
nan
nan
nan
nan
nan
nan
nan
nan
nan
nan
nan
nan
nan
nan
nan
nan
nan
nan
nan
nan
nan
nan
nan
nan
nan
nan
nan
nan
nan
nan
nan
nan
nan
nan
nan
nan
nan
nan
nan
nan
nan
nan
nan
nan
nan
nan
nan
nan
nan
nan
nan
nan
nan
nan
nan
nan
nan
nan
nan
nan
nan
nan
nan
nan
nan
nan
nan
nan
nan
nan
nan
nan
nan
nan
nan
nan
nan
nan
nan
nan
nan
nan
nan
nan
nan
nan
nan
nan
nan
nan
nan
nan
nan
nan
nan
nan
nan
nan
nan
nan
nan
nan
nan
nan
nan
nan
nan
nan
nan
nan
nan
nan
nan
nan
nan
nan
nan
nan
nan
nan
nan
nan
nan
nan
nan
nan
nan
nan
nan
nan
nan
nan
nan
nan
nan
nan
nan
nan
nan
nan
nan
nan
nan
nan
nan
nan
nan
nan
nan
nan
nan
nan
nan
nan
nan
nan
nan
nan
nan
nan
nan
nan
nan
nan
nan
nan
nan
nan
nan
nan
nan
nan
nan
nan
nan
nan
nan
nan
nan
nan
nan
nan
nan
nan
nan
nan
nan
nan
nan
nan
nan
nan
nan
nan
nan
nan
nan
nan
nan
nan
nan
nan
nan
nan
nan
nan
nan
nan
nan
nan
nan
nan
nan
nan
nan
nan
nan
nan
nan
nan
nan
nan
nan
nan
nan
nan
nan
nan
nan
nan
nan
nan
nan
nan
nan
nan
nan
nan
-29.648001526
-28.738001526
-30.863001526
-26.557001526
-30.924001526
-25.435001526
-26.701001526
-26.954001526
-22.621001526
-22.470001526
-22.460001526
-19.374001526
-17.101001526
-16.058001526
-14.916001526
-13.109001526
-11.239001526
-9.8200015259
-8.5110015259
-7.5970015259
-7.5100015259
-8.8570015259
-10.163001526
-9.2000015259
-7.7480015259
-8.0090015259
-8.7110015259
-7.0770015259
-7.4580015259
-8.2410015259
-8.0380015259
-8.7310015259
-8.1530015259
-9.3350015259
-8.6170015259
-8.2890015259
-8.1020015259
-8.2520015259
-7.7080015259
-7.1910015259
-7.5730015259
-8.3400015259
-8.3450015259
-8.3310015259
-8.7660015259
-8.2150015259
-7.5890015259
-6.8400015259
-6.1810015259
-5.8990015259
-6.0650015259
-6.4190015259
-6.6040015259
-6.9440015259
-7.1140015259
-7.6380015259
-8.4780015259
-8.6480015259
-8.6570015259
-8.4910015259
-8.1130015259
-8.3670015259
-8.3080015259
-7.4920015259
-7.6510015259
-8.3390015259
-8.8980015259
-9.2460015259
-9.1350015259
-9.1610015259
-9.0310015259
-9.7080015259
-10.288001526
-10.891001526
-10.917001526
-9.8750015259
-10.300001526
-9.8350015259
-9.3250015259
-9.6280015259
-9.5460015259
-9.8880015259
-10.869001526
-11.446001526
-11.217001526
-11.229001526
-10.713001526
-11.638001526
-11.746001526
-12.256001526
-13.213001526
-13.499001526
-12.160001526
-12.249001526
-10.967001526
-9.6260015259
-10.223001526
-9.6830015259
-7.9590015259
-7.6250015259
-8.3380015259
-9.1710015259
-9.0800015259
-8.2730015259
-8.2370015259
-7.7970015259
-7.0520015259
-8.0360015259
-9.2920015259
-9.4670015259
-9.7220015259
-11.020001526
-12.407001526
-12.991001526
-12.302001526
-10.991001526
-11.005001526
-10.018001526
-8.4490015259
-7.4580015259
-7.4410015259
-8.4680015259
-7.4600015259
-7.8020015259
-6.0830015259
-6.0920015259
-6.8010015259
-7.6400015259
-7.3880015259
-7.4110015259
-7.7960015259
-7.3520015259
-7.4640015259
-7.6270015259
-7.6650015259
-7.3680015259
-7.6560015259
-7.8880015259
-7.6510015259
-7.8380015259
-8.0410015259
-8.4090015259
-8.4650015259
-9.1250015259
-9.0650015259
-8.4530015259
-7.9080015259
-8.3020015259
-7.9880015259
-8.1610015259
-8.2940015259
-8.6930015259
-9.0560015259
-8.3720015259
-8.0340015259
-7.2750015259
-6.9890015259
-6.6990015259
-6.4040015259
-6.5140015259
-6.6410015259
-6.9270015259
-6.3310015259
-6.1840015259
-6.3960015259
-6.9360015259
-7.0320015259
-6.9790015259
-6.8780015259
-7.1010015259
-6.6780015259
-6.1830015259
-5.7930015259
-6.2930015259
-6.3240015259
-7.1700015259
-8.2020015259
-8.2180015259
-8.2840015259
-9.0010015259
-9.1650015259
-9.7510015259
-10.381001526
-10.951001526
-11.055001526
-11.382001526
-11.731001526
-10.752001526
-9.7880015259
-9.1870015259
-8.9500015259
-8.4680015259
-8.3760015259
-8.3820015259
-8.4010015259
-9.0200015259
-9.0950015259
-8.5430015259
-8.3150015259
-8.4970015259
-8.4740015259
-8.0560015259
-7.7690015259
-7.7140015259
-7.7150015259
-8.1610015259
-9.0710015259
-9.6630015259
-10.157001526
-10.417001526
-10.753001526
-11.564001526
-12.141001526
-11.588001526
-11.462001526
-11.642001526
-11.285001526
-10.477001526
-9.4160015259
-8.9410015259
-8.4940015259
-7.7310015259
-7.4590015259
-7.3930015259
-7.3090015259
-7.1210015259
-6.8680015259
-6.6450015259
-6.2570015259
-6.0650015259
-6.4190015259
-6.7450015259
-7.3020015259
-7.5540015259
-7.6640015259
-7.5720015259
-7.2880015259
-7.3400015259
-7.7220015259
-7.4250015259
-6.5680015259
-6.2230015259
-6.5290015259
-6.8630015259
-6.7880015259
-7.2340015259
-7.5710015259
-7.9430015259
-7.1810015259
-5.9640015259
-4.9540015259
-4.5620015259
-4.8570015259
-5.7760015259
-5.9480015259
-6.1860015259
-6.0190015259
-5.9250015259
-6.5360015259
-8.5720015259
-8.7500015259
-7.6120015259
-8.0290015259
-9.2170015259
-9.3840015259
-9.7870015259
-9.1180015259
-8.9440015259
-8.9320015259
-8.9650015259
-8.8100015259
-8.2880015259
-8.4840015259
-8.8120015259
-8.5760015259
-8.7450015259
-9.1750015259
-9.3390015259
-9.1880015259
-9.2210015259
-8.9180015259
-8.8080015259
-9.0520015259
-8.1380015259
-7.6860015259
-7.9690015259
-8.3210015259
-8.0870015259
-7.9190015259
-8.4440015259
-8.7690015259
-8.9350015259
-8.9790015259
-9.1700015259
-9.1090015259
-8.0900015259
-7.7600015259
-8.4840015259
-8.1950015259
-8.0230015259
-8.6310015259
-8.6300015259
-8.5520015259
-8.9900015259
-9.5780015259
-10.018001526
-10.252001526
-9.9990015259
-9.9980015259
-9.9290015259
-10.338001526
-10.576001526
-10.783001526
-10.576001526
-10.568001526
-10.679001526
-10.973001526
-10.490001526
-10.070001526
-10.241001526
-10.759001526
-11.679001526
-11.699001526
-12.214001526
-11.804001526
-11.216001526
-9.6780015259
-9.6560015259
-8.9920015259
-9.6890015259
-9.6700015259
-10.243001526
-10.826001526
-9.7510015259
-8.5280015259
-7.3400015259
-6.5920015259
-6.4460015259
-6.7570015259
-6.8320015259
-7.2680015259
-7.9280015259
-7.7690015259
-7.6630015259
-7.3390015259
-7.7320015259
-7.2600015259
-6.8310015259
-7.8600015259
-7.1610015259
-7.1300015259
-6.4780015259
-6.0480015259
-4.9130015259
-4.6660015259
-5.0350015259
-5.7010015259
-7.0780015259
-8.7350015259
-7.6870015259
-7.7210015259
-7.8680015259
-8.8500015259
-9.1280015259
-10.453001526
-11.341001526
-11.975001526
-11.400001526
-11.976001526
-13.046001526
-14.079001526
-12.918001526
-12.873001526
-12.243001526
-10.942001526
-11.313001526
-11.351001526
-10.886001526
-10.836001526
-11.041001526
-10.422001526
-10.088001526
-10.002001526
-10.574001526
-10.873001526
-11.124001526
-11.615001526
-12.239001526
-11.774001526
-10.952001526
-11.006001526
-11.454001526
-11.489001526
-10.844001526
-10.428001526
-10.466001526
-10.453001526
-10.436001526
-9.9180015259
-8.9280015259
-7.7340015259
-6.9660015259
-6.8310015259
-6.7790015259
-6.6900015259
-7.0110015259
-7.7240015259
-7.7560015259
-8.3010015259
-9.2230015259
-9.2910015259
-9.5930015259
-10.074001526
-10.543001526
-10.509001526
-10.265001526
-10.895001526
-10.771001526
-11.252001526
-12.212001526
-12.820001526
-12.862001526
-13.809001526
-14.600001526
-14.041001526
-14.090001526
-13.832001526
-13.816001526
-13.882001526
-12.898001526
-12.631001526
-12.995001526
-13.036001526
-13.192001526
-12.268001526
-11.581001526
-10.637001526
-9.8020015259
-9.4390015259
-9.1040015259
-9.1420015259
-8.7710015259
-8.0440015259
-7.5380015259
-8.0420015259
-9.3580015259
-10.686001526
-12.310001526
-12.551001526
-12.785001526
-13.123001526
-13.104001526
-13.021001526
-13.049001526
-12.712001526
-12.352001526
-12.088001526
-11.628001526
-10.738001526
-10.450001526
-9.9030015259
-9.9810015259
-10.784001526
-11.712001526
-12.448001526
-12.442001526
-11.920001526
-11.550001526
-11.369001526
-10.890001526
-10.508001526
-10.171001526
-10.520001526
-10.454001526
-9.5550015259
-8.9750015259
-9.1260015259
-9.3560015259
-8.6630015259
-7.7070015259
-7.2950015259
-7.4690015259
-7.4770015259
-7.7300015259
-8.3030015259
-7.9710015259
-7.1630015259
-6.2750015259
-5.8460015259
-5.7260015259
-6.2930015259
-6.4880015259
-7.1800015259
-7.8150015259
-8.5950015259
-8.8950015259
-10.237001526
-10.233001526
-9.2650015259
-9.5120015259
-10.094001526
-10.278001526
-10.614001526
-10.788001526
-11.090001526
-10.338001526
-9.4490015259
-7.8900015259
-6.5410015259
-6.2670015259
-6.6470015259
-7.7060015259
-8.9500015259
-9.7630015259
-9.5810015259
-9.6050015259
-9.6230015259
-9.9940015259
-9.8010015259
-9.4710015259
-10.043001526
-10.308001526
-10.524001526
-11.379001526
-11.421001526
-11.252001526
-10.904001526
-10.662001526
-11.207001526
-11.353001526
-11.564001526
-10.682001526
-10.176001526
-10.044001526
-10.018001526
-10.454001526
-9.8240015259
-9.9080015259
-10.761001526
-9.2170015259
-9.3530015259
-9.2030015259
-8.4920015259
-9.5120015259
-10.891001526
-10.591001526
-9.8210015259
-9.5730015259
-9.3160015259
-9.7680015259
-11.365001526
-12.854001526
-13.870001526
-15.405001526
-17.348001526
-19.217001526
-22.041001526
-24.961001526
-24.219001526
-24.170001526
-28.865001526
-29.252001526
-25.956001526
-32.706001526
-30.079001526
-27.744001526
-42.377001526
-85.633001526
nan
nan
nan
nan
nan
nan
nan
nan
nan
nan
nan
nan
nan
nan
nan
nan
nan
nan
nan
nan
nan
nan
nan
nan
nan
nan
nan
nan
nan
nan
nan
nan
nan
nan
nan
nan
nan
nan
nan
nan
nan
nan
nan
nan
nan
nan
nan
nan
nan
nan
nan
nan
nan
nan
nan
nan
nan
nan
nan
nan
nan
nan
nan
nan
nan
nan
nan
nan
nan
nan
nan
nan
nan
nan
nan
nan
nan
nan
nan
nan
nan
nan
nan
nan
nan
nan
nan
nan
nan
nan
nan
nan
nan
nan
nan
nan
nan
nan
nan
nan
nan
nan
nan
nan
nan
nan
nan
nan
nan
nan
nan
nan
nan
nan
nan
nan
nan
nan
nan
nan
nan
nan
nan
nan
nan
nan
nan
nan
nan
nan
nan
nan
nan
nan
nan
nan
nan
nan
nan
nan
nan
nan
nan
nan
nan
nan
nan
nan
nan
nan
nan
nan
nan
nan
nan
nan
nan
nan
nan
nan
nan
nan
nan
nan
nan
nan
nan
nan
nan
nan
nan
nan
nan
nan
nan
nan
nan
nan
nan
nan
nan
nan
nan
nan
nan
nan
nan
nan
nan
nan
nan
nan
nan
nan
nan
nan
nan
nan
nan
nan
nan
nan
nan
nan
nan
nan
nan
nan
nan
nan
nan
nan
nan
nan
nan
nan
nan
nan
nan
nan
nan
nan
nan
nan
nan
nan
nan
nan
nan
nan
nan
nan
nan
nan
nan
nan
nan
nan
nan
nan
nan
nan
nan
nan
nan
nan
nan
nan
nan
nan
nan
nan
nan
nan
nan
nan
nan
nan
nan
nan
nan
nan
nan
nan
nan
nan
nan
nan
nan
nan
nan
nan
nan
nan
nan
nan
nan
nan
nan
nan
nan
nan
nan
nan
nan
nan
nan
nan
nan
nan
nan
nan
nan
nan
nan
nan
nan
nan
nan
nan
nan
nan
nan
nan
nan
nan
nan
nan
nan
nan
nan
nan
nan
nan
nan
nan
nan
nan
nan
nan
nan
nan
nan
nan
nan
nan
nan
nan
nan
nan
nan
nan
nan
nan
nan
nan
nan
nan
nan
nan
nan
nan
nan
nan
nan
nan
nan
nan
nan
nan
nan
nan
nan
nan
nan
nan
nan
nan
nan
nan
nan
nan
nan
nan
nan
nan
nan
nan
nan
nan
nan
nan
nan
nan
nan
nan
nan
nan
nan
nan
nan
nan
nan
nan
nan
nan
nan
nan
nan
nan
nan
nan
nan
nan
nan
nan
nan
nan
nan
nan
nan
nan
nan
nan
nan
nan
nan
nan
nan
nan
nan
nan
nan
nan
nan
nan
nan
nan
nan
nan
nan
nan
nan
nan
nan
nan
nan
nan
nan
nan
nan
-31.855001526
-33.318001526
-30.221001526
-32.913001526
-28.172001526
-31.663001526
-26.576001526
-30.535001526
-25.456001526
-25.622001526
-28.706001526
-24.329001526
-21.246001526
-20.003001526
-20.664001526
-21.587001526
-20.573001526
-17.758001526
-15.260001526
-13.591001526
-11.940001526
-10.015001526
-8.3360015259
-6.7110015259
-5.3070015259
-5.8610015259
-6.8520015259
-5.6230015259
-4.2970015259
-4.9630015259
-5.3780015259
-5.2930015259
-6.2480015259
-6.3750015259
-7.7750015259
-7.6500015259
-7.5430015259
-7.3460015259
-6.9310015259
-7.0200015259
-6.9380015259
-7.1980015259
-7.7190015259
-8.4390015259
-8.9870015259
-9.6740015259
-9.7050015259
-9.0180015259
-8.7440015259
-9.3840015259
-10.378001526
-10.986001526
-10.902001526
-10.452001526
-10.197001526
-9.3810015259
-8.8600015259
-9.0890015259
-9.4660015259
-8.9860015259
-8.6990015259
-8.7940015259
-8.6290015259
-7.9270015259
-7.2720015259
-7.1730015259
-8.1770015259
-8.1210015259
-7.7010015259
-6.9790015259
-5.9150015259
-5.9950015259
-6.5200015259
-6.7660015259
-6.0930015259
-5.6030015259
-5.3250015259
-5.4210015259
-5.8180015259
-6.1240015259
-5.5950015259
-5.0780015259
-4.7810015259
-4.5850015259
-5.0650015259
-6.0710015259
-6.1330015259
-5.8790015259
-6.6700015259
-6.3810015259
-5.5000015259
-5.1180015259
-4.3670015259
-4.2850015259
-4.9200015259
-5.4390015259
-6.6720015259
-7.0680015259
-7.0220015259
-5.7750015259
-5.6740015259
-6.1470015259
-5.5240015259
-5.2000015259
-5.6430015259
-5.8900015259
-5.5890015259
-5.7530015259
-6.3100015259
-6.3850015259
-6.1640015259
-6.8770015259
-7.3060015259
-7.2740015259
-7.6570015259
-7.3980015259
-6.8800015259
-6.2170015259
-6.0910015259
-5.8560015259
-5.7080015259
-5.0730015259
-4.8180015259
-5.7130015259
-6.2630015259
-7.0690015259
-7.3010015259
-7.3060015259
-7.0290015259
-6.6260015259
-6.8780015259
-7.0780015259
-6.9820015259
-8.1380015259
-7.8940015259
-8.3340015259
-8.5300015259
-7.9820015259
-8.7800015259
-8.3410015259
-8.0220015259
-8.3260015259
-8.4130015259
-7.2400015259
-6.0970015259
-6.4870015259
-6.4080015259
-7.2090015259
-6.2670015259
-4.4040015259
-4.2220015259
-4.8940015259
-7.9130015259
-9.4920015259
-10.203001526
-9.9510015259
-10.410001526
-9.2770015259
-10.423001526
-11.139001526
-12.620001526
-11.076001526
-10.720001526
-10.991001526
-11.436001526
-11.111001526
-10.529001526
-9.8250015259
-9.9250015259
-10.757001526
-11.233001526
-10.073001526
-9.4270015259
-9.4950015259
-9.9310015259
-9.6970015259
-9.4030015259
-9.8580015259
-9.9150015259
-9.9380015259
-10.588001526
-11.446001526
-11.241001526
-11.276001526
-10.784001526
-9.7580015259
-8.2370015259
-6.9420015259
-7.0040015259
-7.1660015259
-5.5470015259
-4.6790015259
-4.5720015259
-3.8320015259
-2.8640015259
-3.1910015259
-5.4310015259
-7.1270015259
-6.0830015259
-4.9030015259
-5.2070015259
-5.7410015259
-6.5890015259
-6.8030015259
-7.3920015259
-7.4410015259
-7.4120015259
-8.7960015259
-9.1240015259
-10.002001526
-10.565001526
-10.315001526
-10.018001526
-10.075001526
-10.563001526
-11.137001526
-10.650001526
-11.666001526
-12.010001526
-12.485001526
-12.007001526
-11.751001526
-10.666001526
-10.554001526
-10.114001526
-8.8180015259
-8.3930015259
-8.0310015259
-7.2920015259
-7.0380015259
-6.6980015259
-7.2270015259
-6.9880015259
-6.2940015259
-5.8370015259
-5.2420015259
-4.6030015259
-4.7160015259
-5.1620015259
-5.1640015259
-6.0830015259
-6.5650015259
-7.8640015259
-8.7110015259
-10.003001526
-10.382001526
-12.060001526
-13.211001526
-14.952001526
-16.686001526
-14.823001526
-14.304001526
-14.177001526
-14.075001526
-14.019001526
-14.225001526
-14.396001526
-14.854001526
-13.393001526
-11.326001526
-10.714001526
-10.603001526
-10.871001526
-10.822001526
-10.910001526
-11.129001526
-11.219001526
-11.904001526
-13.417001526
-13.422001526
-12.461001526
-12.049001526
-12.464001526
-12.268001526
-11.776001526
-11.374001526
-11.066001526
-11.304001526
-11.218001526
-11.275001526
-12.395001526
-14.145001526
-14.821001526
-16.501001526
-16.650001526
-18.017001526
-19.015001526
-20.145001526
-19.169001526
-19.262001526
-21.591001526
-21.809001526
-22.697001526
-23.520001526
-22.622001526
-22.940001526
-24.434001526
-25.241001526
-23.141001526
-23.536001526
-23.463001526
-23.852001526
-23.783001526
-24.013001526
-23.407001526
-22.956001526
-20.372001526
-18.551001526
-18.011001526
-17.736001526
-18.127001526
-19.440001526
-19.177001526
-20.452001526
-20.173001526
-21.673001526
-24.081001526
-25.790001526
-26.203001526
-29.416001526
-32.205001526
-33.161001526
-31.240001526
-31.850001526
-34.521001526
-34.198001526
-35.611001526
-36.092001526
-35.131001526
-35.542001526
-35.394001526
-38.308001526
-37.760001526
-35.418001526
-41.303001526
-38.625001526
-33.754001526
-32.808001526
-31.256001526
-30.882001526
-32.121001526
-32.475001526
-31.591001526
-32.441001526
-32.328001526
-29.875001526
-28.418001526
-36.929001526
-33.418001526
-29.665001526
-31.036001526
-32.225001526
-34.016001526
-28.222001526
-27.232001526
-25.789001526
-23.958001526
-21.250001526
-18.708001526
-17.204001526
-18.793001526
-19.543001526
-25.957001526
-30.505001526
-24.881001526
-16.817001526
-11.730001526
-10.982001526
-11.456001526
-10.124001526
-9.5700015259
-10.430001526
-12.501001526
-14.216001526
-16.086001526
-18.686001526
-21.906001526
-21.867001526
-20.451001526
-17.687001526
-15.868001526
-14.887001526
-13.913001526
-14.228001526
-14.549001526
-14.405001526
-14.622001526
-17.811001526
-18.739001526
-18.479001526
-20.211001526
-20.735001526
-23.784001526
-21.542001526
-22.416001526
-17.883001526
-14.576001526
-13.051001526
-11.670001526
-12.105001526
-13.171001526
-12.131001526
-9.1810015259
-5.8940015259
-3.1180015259
-1.4270015259
-0.24300152588
0.64399847412
1.3239984741
1.3279984741
0.84499847412
0.10399847412
-1.1430015259
-2.2550015259
-3.8430015259
-5.1360015259
-6.4660015259
-6.9260015259
-7.7060015259
-7.1640015259
-7.1640015259
-7.5390015259
-6.7300015259
-6.9060015259
-6.0110015259
-4.4140015259
-3.3130015259
-3.2920015259
-3.5830015259
-3.9840015259
-5.1330015259
-6.0180015259
-6.4000015259
-6.7370015259
-7.6360015259
-8.3700015259
-9.1240015259
-9.0870015259
-9.0120015259
-8.6650015259
-8.2730015259
-7.9800015259
-6.8450015259
-7.3410015259
-7.6870015259
-7.4610015259
-7.1920015259
-7.1980015259
-6.8590015259
-6.2490015259
-5.9020015259
-4.7740015259
-3.8080015259
-3.1470015259
-3.1410015259
-3.2290015259
-4.7050015259
-6.5620015259
-6.9310015259
-7.2940015259
-7.4140015259
-7.3460015259
-8.5060015259
-8.8700015259
-9.4110015259
-10.860001526
-10.662001526
-9.8980015259
-10.942001526
-9.9370015259
-8.7410015259
-8.9970015259
-8.7820015259
-9.1770015259
-10.446001526
-10.664001526
-10.613001526
-10.587001526
-11.028001526
-11.167001526
-10.908001526
-10.646001526
-10.469001526
-9.9340015259
-9.1800015259
-8.6230015259
-7.9260015259
-7.1730015259
-7.2060015259
-7.1850015259
-6.6460015259
-6.0060015259
-5.6420015259
-5.7560015259
-6.3990015259
-7.0030015259
-7.2350015259
-6.9380015259
-7.1450015259
-7.4810015259
-8.1130015259
-8.7670015259
-9.6140015259
-10.068001526
-10.323001526
-9.7630015259
-10.443001526
-9.5570015259
-9.1480015259
-10.146001526
-9.0490015259
-7.9400015259
-8.0260015259
-7.7470015259
-6.6880015259
-5.7860015259
-5.7110015259
-6.4690015259
-8.0430015259
-10.233001526
-12.363001526
-14.118001526
-15.376001526
-16.624001526
-18.368001526
-21.611001526
-28.046001526
-27.524001526
-22.291001526
-22.607001526
-31.074001526
-70.621001526
nan
nan
nan
nan
nan
nan
nan
nan
nan
nan
nan
nan
nan
nan
nan
nan
nan
nan
nan
nan
nan
nan
nan
nan
nan
nan
nan
nan
nan
nan
nan
nan
nan
nan
nan
nan
nan
nan
nan
nan
nan
nan
nan
nan
nan
nan
nan
nan
nan
nan
nan
nan
nan
nan
nan
nan
nan
nan
nan
nan
nan
nan
nan
nan
nan
nan
nan
nan
nan
nan
nan
nan
nan
nan
nan
nan
nan
nan
nan
nan
nan
nan
nan
nan
nan
nan
nan
nan
nan
nan
nan
nan
nan
nan
nan
nan
nan
nan
nan
nan
nan
nan
nan
nan
nan
nan
nan
nan
nan
nan
nan
nan
nan
nan
nan
nan
nan
nan
nan
nan
nan
nan
nan
nan
nan
nan
nan
nan
nan
nan
nan
nan
nan
nan
nan
nan
nan
nan
nan
nan
nan
nan
nan
nan
nan
nan
nan
nan
nan
nan
nan
nan
nan
nan
nan
nan
nan
nan
nan
nan
nan
nan
nan
nan
nan
nan
nan
nan
nan
nan
nan
nan
nan
nan
nan
nan
nan
nan
nan
nan
nan
nan
nan
nan
nan
nan
nan
nan
nan
nan
nan
nan
nan
nan
nan
nan
nan
nan
nan
nan
nan
nan
nan
nan
nan
nan
nan
nan
nan
nan
nan
nan
nan
nan
nan
nan
nan
nan
nan
nan
nan
nan
nan
nan
nan
nan
nan
nan
nan
nan
