5.1725999136e-06
5.1725999136e-06
5.1714234336e-06
5.1702469736e-06
5.1690704937e-06
5.1678940337e-06
5.1667175537e-06
5.1655410937e-06
5.1643646137e-06
5.1631881537e-06
5.1620116737e-06
5.1608352137e-06
5.1596587337e-06
5.1584822737e-06
5.1573057937e-06
5.1561293337e-06
5.1549528537e-06
5.1537763937e-06
5.1525999138e-06
5.1514234338e-06
5.1502469738e-06
5.1490704938e-06
5.1478940338e-06
5.1467175538e-06
5.1455410938e-06
5.1443646138e-06
5.1431881538e-06
5.1420116738e-06
5.1408352138e-06
5.1396587338e-06
5.1384822738e-06
5.1373057938e-06
5.1361293339e-06
5.1349528539e-06
5.1337763939e-06
5.1325999139e-06
5.1314234339e-06
5.1302469739e-06
5.1290704939e-06
5.1278940339e-06
5.1267175539e-06
5.1255410939e-06
5.1243646139e-06
5.1231881539e-06
5.1220116739e-06
5.1208352139e-06
5.119658734e-06
5.118482274e-06
5.117305794e-06
5.116129334e-06
5.114952854e-06
5.113776394e-06
5.112599914e-06
5.111423434e-06
5.110246974e-06
5.109070494e-06
5.107894034e-06
5.106717554e-06
5.105541094e-06
5.104364614e-06
5.1031881541e-06
5.1020116741e-06
5.1008352141e-06
5.0996587341e-06
5.0984822741e-06
5.0973057941e-06
5.0961293341e-06
5.0949528541e-06
5.0925999141e-06
5.0925999141e-06
5.0916782541e-06
5.0907565941e-06
5.0898349341e-06
5.0889132741e-06
5.0879916141e-06
5.0870699542e-06
5.0861482942e-06
5.0852266342e-06
5.0843049742e-06
5.0833833342e-06
5.0824616742e-06
5.0815400142e-06
5.0806183542e-06
5.0796966942e-06
5.0787750342e-06
5.0778533742e-06
5.0769317142e-06
5.0760100542e-06
5.0750883942e-06
5.0741667342e-06
5.0732450742e-06
5.0723234142e-06
5.0714017542e-06
5.0704800943e-06
5.0695584343e-06
5.0686367743e-06
5.0677151143e-06
5.0667934543e-06
5.0658717943e-06
5.0649501543e-06
5.0640284943e-06
5.0631068343e-06
5.0621851743e-06
5.0612635143e-06
5.0603418543e-06
5.0594201943e-06
5.0584985343e-06
5.0575768743e-06
5.0566552143e-06
5.0557335543e-06
5.0548118943e-06
5.0538902344e-06
5.0529685744e-06
5.0520469144e-06
5.0511252544e-06
5.0502035944e-06
5.0492819344e-06
5.0483602744e-06
5.0474386144e-06
5.0465169744e-06
5.0455953144e-06
5.0446736544e-06
5.0437519944e-06
5.0428303344e-06
5.0419086744e-06
5.0409870144e-06
5.0400653544e-06
5.0391436944e-06
5.0382220344e-06
5.0373003745e-06
5.0363787145e-06
5.0354570545e-06
5.0345353945e-06
5.0336137345e-06
5.0326920745e-06
5.0317704145e-06
5.0308487545e-06
5.0299270945e-06
5.0290054345e-06
5.0280837945e-06
5.0271621345e-06
5.0262404745e-06
5.0253188145e-06
5.0243971545e-06
5.0234754945e-06
5.0225538345e-06
5.0216321745e-06
5.0207105146e-06
5.0197888546e-06
5.0188671946e-06
5.0179455346e-06
5.0170238746e-06
5.0161022146e-06
5.0151805546e-06
5.0142588946e-06
5.0133372346e-06
5.0124155746e-06
5.0114939146e-06
5.0105722746e-06
5.0096506146e-06
5.0087289546e-06
5.0078072946e-06
5.0068856346e-06
5.0059639746e-06
5.0050423147e-06
5.0041206547e-06
5.0031989947e-06
5.0022773347e-06
5.0013556747e-06
5.0004340147e-06
4.9995123547e-06
4.9985906947e-06
4.9976690347e-06
4.9967473747e-06
4.9958257147e-06
4.9949040547e-06
4.9939823947e-06
4.9930607347e-06
4.9921390947e-06
4.9912174347e-06
4.9902957747e-06
4.9893741147e-06
4.9884524548e-06
4.9875307948e-06
4.9866091348e-06
4.9856874748e-06
4.9847658148e-06
4.9838441548e-06
4.9829224948e-06
4.9820008348e-06
4.9810791748e-06
4.9801575148e-06
4.9792358548e-06
4.9783141948e-06
4.9773925348e-06
4.9764708748e-06
4.9755492148e-06
4.9746275548e-06
4.9737059148e-06
4.9727842548e-06
4.9718625949e-06
4.9709409349e-06
4.9700192749e-06
4.9690976149e-06
4.9681759549e-06
4.9672542949e-06
4.9663326349e-06
4.9654109749e-06
4.9644893149e-06
4.9635676549e-06
4.9626459949e-06
4.9617243349e-06
4.9608026749e-06
4.9598810149e-06
4.9589593549e-06
4.9580376949e-06
4.9571160349e-06
4.9561943949e-06
4.955272735e-06
4.954351075e-06
4.953429415e-06
4.952507755e-06
4.951586095e-06
4.950664435e-06
4.949742775e-06
4.948821115e-06
4.947899455e-06
4.946977795e-06
4.946056135e-06
4.945134475e-06
4.944212815e-06
4.943291155e-06
4.942369495e-06
4.941447835e-06
4.940526175e-06
4.939604515e-06
4.9386828551e-06
4.9377612151e-06
4.9368395551e-06
4.9359178951e-06
4.9349962351e-06
4.9340745751e-06
4.9331529151e-06
4.9322312551e-06
4.9313095951e-06
4.9303879351e-06
4.9294662751e-06
4.9285446151e-06
4.9276229551e-06
4.9267012951e-06
4.9257796351e-06
4.9248579751e-06
4.9239363151e-06
4.9230146551e-06
4.9220929952e-06
4.9211713352e-06
4.9202496752e-06
4.9193280352e-06
4.9184063752e-06
4.9174847152e-06
4.9165630552e-06
4.9156413952e-06
4.9147197352e-06
4.9137980752e-06
4.9128764152e-06
4.9119547552e-06
4.9110330952e-06
4.9101114352e-06
4.9091897752e-06
4.9082681152e-06
4.9073464552e-06
4.9064247952e-06
4.9055031353e-06
4.9045814753e-06
4.9036598153e-06
4.9027381553e-06
4.9018164953e-06
4.9008948553e-06
4.8999731953e-06
4.8990515353e-06
4.8981298753e-06
4.8972082153e-06
4.8962865553e-06
4.8953648953e-06
4.8944432353e-06
4.8925999153e-06
4.8925999153e-06
4.8865999154e-06
4.8805999154e-06
4.8745999154e-06
4.8685999155e-06
4.8625999155e-06
4.8565999156e-06
4.8505999156e-06
4.8445999156e-06
4.8385999157e-06
4.8325999157e-06
4.8265999157e-06
4.8205999158e-06
4.8145999158e-06
4.8085999158e-06
4.8025999159e-06
4.7965999159e-06
4.790599916e-06
4.784599916e-06
4.778599916e-06
4.7725999161e-06
4.7665999161e-06
4.7605999161e-06
4.7545999162e-06
4.7485999162e-06
4.7425999162e-06
4.7365999163e-06
4.7305999163e-06
4.7245999164e-06
4.7125999164e-06
4.7125999164e-06
4.7122062164e-06
4.7118125164e-06
4.7114188164e-06
4.7110251164e-06
4.7106314164e-06
4.7102377164e-06
4.7098440164e-06
4.7094503164e-06
4.7090566164e-06
4.7086629165e-06
4.7082692165e-06
4.7078755165e-06
4.7074817965e-06
4.7070880965e-06
4.7066943965e-06
4.7063006965e-06
4.7059069965e-06
4.7055132965e-06
4.7051195965e-06
4.7047258965e-06
4.7043321965e-06
4.7039384965e-06
4.7035447965e-06
4.7031510965e-06
4.7027573965e-06
4.7023636965e-06
4.7019699965e-06
4.7015762965e-06
4.7011825965e-06
4.7007888965e-06
4.7003951965e-06
4.7000014965e-06
4.6996077965e-06
4.6992140965e-06
4.6988203965e-06
4.6984266965e-06
4.6980329965e-06
4.6976392965e-06
4.6972455765e-06
4.6968518765e-06
4.6964581765e-06
4.6960644765e-06
4.6956707765e-06
4.6952770765e-06
4.6948833765e-06
4.6944896765e-06
4.6940959765e-06
4.6937022765e-06
4.6933085765e-06
4.6929148765e-06
4.6925211765e-06
4.6921274766e-06
4.6917337766e-06
4.6913400766e-06
4.6909463766e-06
4.6905526766e-06
4.6901589766e-06
4.6897652766e-06
4.6893715766e-06
4.6889778766e-06
4.6885841766e-06
4.6881904766e-06
4.6877967766e-06
4.6874030566e-06
4.6870093566e-06
4.6866156566e-06
4.6862219566e-06
4.6858282566e-06
4.6854345566e-06
4.6850408566e-06
4.6846471566e-06
4.6842534566e-06
4.6838597566e-06
4.6834660566e-06
4.6830723566e-06
4.6826786566e-06
4.6822849566e-06
4.6818912566e-06
4.6814975566e-06
4.6811038566e-06
4.6807101566e-06
4.6803164566e-06
4.6799227566e-06
4.6795290566e-06
4.6791353566e-06
4.6787416566e-06
4.6783479566e-06
4.6779542566e-06
4.6775605366e-06
4.6771668366e-06
4.6767731366e-06
4.6763794366e-06
4.6759857367e-06
4.6755920367e-06
4.6751983367e-06
4.6748046367e-06
4.6744109367e-06
4.6740172367e-06
4.6736235367e-06
4.6732298367e-06
4.6728361367e-06
4.6724424367e-06
4.6720487367e-06
4.6716550367e-06
4.6712613367e-06
4.6708676367e-06
4.6704739367e-06
4.6700802367e-06
4.6696865367e-06
4.6692928367e-06
4.6688991367e-06
4.6685054367e-06
4.6681117367e-06
4.6677180367e-06
4.6673243167e-06
4.6669306167e-06
4.6665369167e-06
4.6661432167e-06
4.6657495167e-06
4.6653558167e-06
4.6649621167e-06
4.6645684167e-06
4.6641747167e-06
4.6637810167e-06
4.6633873167e-06
4.6629936167e-06
4.6625999167e-06
4.6622062167e-06
4.6618125167e-06
4.6614188167e-06
4.6610251167e-06
4.6606314167e-06
4.6602377167e-06
4.6598440167e-06
4.6594503168e-06
4.6590566168e-06
4.6586629168e-06
4.6582692168e-06
4.6578755168e-06
4.6574817968e-06
4.6570880968e-06
4.6566943968e-06
4.6563006968e-06
4.6559069968e-06
4.6555132968e-06
4.6551195968e-06
4.6547258968e-06
4.6543321968e-06
4.6539384968e-06
4.6535447968e-06
4.6531510968e-06
4.6527573968e-06
4.6523636968e-06
4.6519699968e-06
4.6515762968e-06
4.6511825968e-06
4.6507888968e-06
4.6503951968e-06
4.6500014968e-06
4.6496077968e-06
4.6492140968e-06
4.6488203968e-06
4.6484266968e-06
4.6480329968e-06
4.6476392968e-06
4.6472455768e-06
4.6468518768e-06
4.6464581768e-06
4.6460644768e-06
4.6456707768e-06
4.6452770768e-06
4.6448833768e-06
4.6444896768e-06
4.6440959768e-06
4.6437022768e-06
4.6433085768e-06
4.6429148769e-06
4.6425211769e-06
4.6421274769e-06
4.6417337769e-06
4.6413400769e-06
4.6409463769e-06
4.6405526769e-06
4.6401589769e-06
4.6397652769e-06
4.6393715769e-06
4.6389778769e-06
4.6385841769e-06
4.6381904769e-06
4.6377967769e-06
4.6374030569e-06
4.6370093569e-06
4.6366156569e-06
4.6362219569e-06
4.6358282569e-06
4.6354345569e-06
4.6350408569e-06
4.6346471569e-06
4.6342534569e-06
4.6338597569e-06
4.6334660569e-06
4.6330723569e-06
4.6326786569e-06
4.6322849569e-06
4.6318912569e-06
4.6314975569e-06
4.6311038569e-06
4.6307101569e-06
4.6303164569e-06
4.6299227569e-06
4.6295290569e-06
4.6291353569e-06
4.6287416569e-06
4.6283479569e-06
4.6279542569e-06
4.6275605369e-06
4.6271668369e-06
4.6267731369e-06
4.626379437e-06
4.625985737e-06
4.625592037e-06
4.625198337e-06
4.624804637e-06
4.624410937e-06
4.624017237e-06
4.623623537e-06
4.623229837e-06
4.622836137e-06
4.622442437e-06
4.622048737e-06
4.621655037e-06
4.621261337e-06
4.620867637e-06
4.620473937e-06
4.620080237e-06
4.619686537e-06
4.619292837e-06
4.618899137e-06
4.618505437e-06
4.618111737e-06
4.617718037e-06
4.617324317e-06
4.616930617e-06
4.616536917e-06
4.616143217e-06
4.615749517e-06
4.615355817e-06
4.614962117e-06
4.614568417e-06
4.614174717e-06
4.613781017e-06
4.613387317e-06
4.612599917e-06
4.8925999153e-06
4.8925999153e-06
4.8907741953e-06
4.8889484554e-06
4.8871227354e-06
4.8852970154e-06
4.8834712754e-06
4.8816455554e-06
4.8798198354e-06
4.8779941154e-06
4.8761683754e-06
4.8743426554e-06
4.8725169355e-06
4.8706911955e-06
4.8688654755e-06
4.8670397555e-06
4.8652140155e-06
4.8633882955e-06
4.8615625755e-06
4.8597368355e-06
4.8579111155e-06
4.8560853956e-06
4.8542596756e-06
4.8524339356e-06
4.8506082156e-06
4.8487824956e-06
4.8469567556e-06
4.8451310356e-06
4.8433053156e-06
4.8414795756e-06
4.8396538557e-06
4.8378281357e-06
4.8360023957e-06
4.8341766757e-06
4.8323509557e-06
4.8305252357e-06
4.8286994957e-06
4.8268737757e-06
4.8250480557e-06
4.8232223158e-06
4.8213965958e-06
4.8195708758e-06
4.8177451358e-06
4.8159194158e-06
4.8140936958e-06
4.8122679558e-06
4.8104422358e-06
4.8086165158e-06
4.8067907959e-06
4.8049650559e-06
4.8031393359e-06
4.8013136159e-06
4.7994878759e-06
4.7976621559e-06
4.7958364359e-06
4.7940106959e-06
4.7921849759e-06
4.790359256e-06
4.788533516e-06
4.786707796e-06
4.784882076e-06
4.783056356e-06
4.781230616e-06
4.779404896e-06
4.777579176e-06
4.775753436e-06
4.7739277161e-06
4.7721019961e-06
4.7702762561e-06
4.7684505361e-06
4.7666248161e-06
4.7647990961e-06
4.7629733561e-06
4.7611476361e-06
4.7593219161e-06
4.7574961762e-06
4.7556704562e-06
4.7538447362e-06
4.7520189962e-06
4.7501932762e-06
4.7483675562e-06
4.7465418162e-06
4.7447160962e-06
4.7428903762e-06
4.7410646563e-06
4.7392389163e-06
4.7374131963e-06
4.7355874763e-06
4.7337617363e-06
4.7319360163e-06
4.7301102963e-06
4.7282845563e-06
4.7264588363e-06
4.7246331164e-06
4.7228073764e-06
4.7209816564e-06
4.7191559364e-06
4.7173302164e-06
4.7155044764e-06
4.7136787564e-06
4.7118530364e-06
4.7100272964e-06
4.7082015765e-06
4.7063758565e-06
4.7045501165e-06
4.7027243965e-06
4.7008986765e-06
4.6990729365e-06
4.6972472165e-06
4.6954214965e-06
4.6935957765e-06
4.6917700366e-06
4.6899443166e-06
4.6881185966e-06
4.6862928566e-06
4.6844671366e-06
4.6826414166e-06
4.6808156766e-06
4.6789899566e-06
4.6771642366e-06
4.6753384967e-06
4.6735127767e-06
4.6716870567e-06
4.6698613367e-06
4.6680355967e-06
4.6662098767e-06
4.6643841567e-06
4.6625584167e-06
4.6607326967e-06
4.6589069768e-06
4.6570812368e-06
4.6552555168e-06
4.6534297968e-06
4.6516040568e-06
4.6497783368e-06
4.6479526168e-06
4.6461268968e-06
4.6443011568e-06
4.6424754369e-06
4.6406497169e-06
4.6388239769e-06
4.6369982569e-06
4.6351725369e-06
4.6333467969e-06
4.6315210769e-06
4.6296953569e-06
4.6278696169e-06
4.626043897e-06
4.624218177e-06
4.622392457e-06
4.620566717e-06
4.618740997e-06
4.616915277e-06
4.615089537e-06
4.613263817e-06
4.611438097e-06
4.6096123571e-06
4.6077866371e-06
4.6059609171e-06
4.6041351771e-06
4.6023094571e-06
4.6004837371e-06
4.5986580171e-06
4.5968322771e-06
4.5950065571e-06
4.5931808372e-06
4.5913550972e-06
4.5895293772e-06
4.5877036572e-06
4.5858779172e-06
4.5840521972e-06
4.5822264772e-06
4.5804007372e-06
4.5785750172e-06
4.5767492973e-06
4.5749235773e-06
4.5730978373e-06
4.5712721173e-06
4.5694463973e-06
4.5676206573e-06
4.5657949373e-06
4.5639692173e-06
4.5621434773e-06
4.5603177574e-06
4.5584920374e-06
4.5566663174e-06
4.5548405774e-06
4.5530148574e-06
4.5511891374e-06
4.5493633974e-06
4.5475376774e-06
4.5457119574e-06
4.5438862175e-06
4.5420604975e-06
4.5402347775e-06
4.5384090375e-06
4.5365833175e-06
4.5347575975e-06
4.5329318775e-06
4.5311061375e-06
4.5292804175e-06
4.5274546976e-06
4.5256289576e-06
4.5238032376e-06
4.5219775176e-06
4.5201517776e-06
4.5183260576e-06
4.5165003376e-06
4.5146745976e-06
4.5128488776e-06
4.5110231577e-06
4.5091974377e-06
4.5073716977e-06
4.5055459777e-06
4.5037202577e-06
4.5018945177e-06
4.5000687977e-06
4.4982430777e-06
4.4964173377e-06
4.4945916178e-06
4.4927658978e-06
4.4909401578e-06
4.4891144378e-06
4.4872887178e-06
4.4854629978e-06
4.4836372578e-06
4.4818115378e-06
4.4799858178e-06
4.4781600779e-06
4.4763343579e-06
4.4745086379e-06
4.4726828979e-06
4.4708571779e-06
4.4690314579e-06
4.4672057179e-06
4.4653799979e-06
4.4635542779e-06
4.461728558e-06
4.459902818e-06
4.458077098e-06
4.456251378e-06
4.454425638e-06
4.452599918e-06
4.450774198e-06
4.448948458e-06
4.447122738e-06
4.4452970181e-06
4.4434712781e-06
4.4416455581e-06
4.4398198381e-06
4.4379941181e-06
4.4361683781e-06
4.4343426581e-06
4.4325169381e-06
4.4306911981e-06
4.4288654782e-06
4.4270397582e-06
4.4252140182e-06
4.4233882982e-06
4.4215625782e-06
4.4197368382e-06
4.4179111182e-06
4.4160853982e-06
4.4142596782e-06
4.4124339383e-06
4.4106082183e-06
4.4087824983e-06
4.4069567583e-06
4.4051310383e-06
4.4033053183e-06
4.4014795783e-06
4.3996538583e-06
4.3978281383e-06
4.3960023984e-06
4.3941766784e-06
4.3923509584e-06
4.3905252384e-06
4.3886994984e-06
4.3868737784e-06
4.3850480584e-06
4.3832223184e-06
4.3813965984e-06
4.3795708785e-06
4.3777451385e-06
4.3759194185e-06
4.3740936985e-06
4.3722679585e-06
4.3704422385e-06
4.3686165185e-06
4.3667907985e-06
4.3649650585e-06
4.3631393386e-06
4.3613136186e-06
4.3594878786e-06
4.3576621586e-06
4.3558364386e-06
4.3540106986e-06
4.3521849786e-06
4.3503592586e-06
4.3485335186e-06
4.3467077987e-06
4.3448820787e-06
4.3430563587e-06
4.3412306187e-06
4.3394048987e-06
4.3375791787e-06
4.3357534387e-06
4.3339277187e-06
4.3321019987e-06
4.3302762588e-06
4.3284505388e-06
4.3266248188e-06
4.3247990988e-06
4.3229733588e-06
4.3211476388e-06
4.3193219188e-06
4.3174961788e-06
4.3156704588e-06
4.3138447389e-06
4.3120189989e-06
4.3101932789e-06
4.3083675589e-06
4.3065418189e-06
4.3047160989e-06
4.3028903789e-06
4.3010646589e-06
4.2992389189e-06
4.297413199e-06
4.295587479e-06
4.293761739e-06
4.291936019e-06
4.290110299e-06
4.288284559e-06
4.286458839e-06
4.284633119e-06
4.282807379e-06
4.2809816591e-06
4.2791559391e-06
4.2773302191e-06
4.2755044791e-06
4.2736787591e-06
4.2718530391e-06
4.2700272991e-06
4.2682015791e-06
4.2663758591e-06
4.2645501192e-06
4.2627243992e-06
4.2608986792e-06
4.2590729392e-06
4.2572472192e-06
4.2554214992e-06
4.2535957792e-06
4.2517700392e-06
4.2499443192e-06
4.2481185993e-06
4.2462928593e-06
4.2444671393e-06
4.2426414193e-06
4.2408156793e-06
4.2389899593e-06
4.2371642393e-06
4.2353384993e-06
4.2335127793e-06
4.2316870594e-06
4.2298613394e-06
4.2280355994e-06
4.2262098794e-06
4.2243841594e-06
4.2225584194e-06
4.2207326994e-06
4.2189069794e-06
4.2170812394e-06
4.2152555195e-06
4.2134297995e-06
4.2116040595e-06
4.2097783395e-06
4.2079526195e-06
4.2061268995e-06
4.2043011595e-06
4.2024754395e-06
4.2006497195e-06
4.1988239796e-06
4.1969982596e-06
4.1951725396e-06
4.1933467996e-06
4.1915210796e-06
4.1896953596e-06
4.1878696196e-06
4.1860438996e-06
4.1842181796e-06
4.1823924596e-06
4.1805667197e-06
4.1787409997e-06
4.1769152797e-06
4.1750895397e-06
4.1732638197e-06
4.1714380997e-06
4.1696123597e-06
4.1677866397e-06
4.1659609197e-06
4.1641351798e-06
4.1623094598e-06
4.1604837398e-06
4.1586580198e-06
4.1568322798e-06
4.1550065598e-06
4.1531808398e-06
4.1513550998e-06
4.1495293798e-06
4.1477036599e-06
4.1458779199e-06
4.1440521999e-06
4.1422264799e-06
4.1404007399e-06
4.1385750199e-06
4.1367492999e-06
4.1349235799e-06
4.1330978399e-06
4.13127212e-06
4.1294464e-06
4.12762066e-06
4.12579494e-06
4.12396922e-06
4.12214348e-06
4.12031776e-06
4.11849204e-06
4.11666632e-06
4.1148405801e-06
4.1130148601e-06
4.1111891401e-06
4.1093634001e-06
4.1075376801e-06
4.1057119601e-06
4.1038862201e-06
4.1020605001e-06
4.1002347801e-06
4.0984090402e-06
4.0965833202e-06
4.0947576002e-06
4.0929318802e-06
4.0911061402e-06
4.0892804202e-06
4.0874547002e-06
4.0856289602e-06
4.0838032402e-06
4.0819775203e-06
4.0801517803e-06
4.0783260603e-06
4.0765003403e-06
4.0746746003e-06
4.0728488803e-06
4.0710231603e-06
4.0691974403e-06
4.0673717003e-06
4.0655459804e-06
4.0637202604e-06
4.0618945204e-06
4.0600688004e-06
4.0582430804e-06
4.0564173404e-06
4.0545916204e-06
4.0527659004e-06
4.0509401604e-06
4.0491144405e-06
4.0472887205e-06
4.0454630005e-06
4.0436372605e-06
4.0418115405e-06
4.0399858205e-06
4.0381600805e-06
4.0363343605e-06
4.0345086405e-06
4.0326829006e-06
4.0308571806e-06
4.0290314606e-06
4.0272057206e-06
4.0253800006e-06
4.0235542806e-06
4.0217285606e-06
4.0199028206e-06
4.0180771006e-06
4.0162513807e-06
4.0125999207e-06
3.7325999224e-06
3.7325999224e-06
3.7292665824e-06
3.7259332624e-06
3.7225999224e-06
3.7192665825e-06
3.7159332625e-06
3.7125999225e-06
3.7092665825e-06
3.7059332625e-06
3.7025999226e-06
3.6992665826e-06
3.6959332626e-06
3.6925999226e-06
3.6892665826e-06
3.6859332627e-06
3.6825999227e-06
3.6792665827e-06
3.6759332627e-06
3.6725999227e-06
3.6692665828e-06
3.6659332628e-06
3.6625999228e-06
3.6592665828e-06
3.6559332628e-06
3.6525999229e-06
3.6492665829e-06
3.6459332629e-06
3.6425999229e-06
3.639266583e-06
3.635933263e-06
3.632599923e-06
3.629266583e-06
3.625933263e-06
3.6225999231e-06
3.6192665831e-06
3.6159332631e-06
3.6125999231e-06
3.6092665831e-06
3.6059332632e-06
3.6025999232e-06
3.5992665832e-06
3.5959332632e-06
3.5925999232e-06
3.5892665833e-06
3.5859332633e-06
3.5825999233e-06
3.5792665833e-06
3.5759332633e-06
3.5725999234e-06
3.5692665834e-06
3.5659332634e-06
3.5625999234e-06
3.5592665834e-06
3.5559332635e-06
3.5525999235e-06
3.5492665835e-06
3.5459332635e-06
3.5425999235e-06
3.5392665836e-06
3.5359332636e-06
3.5325999236e-06
3.5292665836e-06
3.5259332636e-06
3.5225999237e-06
3.5192665837e-06
3.5159332637e-06
3.5125999237e-06
3.5092665837e-06
3.5059332638e-06
3.5025999238e-06
3.4992665838e-06
3.4959332638e-06
3.4925999238e-06
3.4892665839e-06
3.4859332639e-06
3.4825999239e-06
3.4792665839e-06
3.4759332639e-06
3.472599924e-06
3.469266584e-06
3.465933264e-06
3.462599924e-06
3.459266584e-06
3.4559332641e-06
3.4525999241e-06
3.4492665841e-06
3.4459332641e-06
3.4425999241e-06
3.4392665842e-06
3.4359332642e-06
3.4325999242e-06
3.4292665842e-06
3.4259332642e-06
3.4225999243e-06
3.4192665843e-06
3.4159332643e-06
3.4125999243e-06
3.4092665843e-06
3.4059332644e-06
3.4025999244e-06
3.3992665844e-06
3.3959332644e-06
3.3925999244e-06
3.3892665845e-06
3.3859332645e-06
3.3825999245e-06
3.3792665845e-06
3.3759332646e-06
3.3725999246e-06
3.3692665846e-06
3.3659332646e-06
3.3625999246e-06
3.3592665847e-06
3.3559332647e-06
3.3525999247e-06
3.3492665847e-06
3.3459332647e-06
3.3425999248e-06
3.3392665848e-06
3.3359332648e-06
3.3325999248e-06
3.3292665848e-06
3.3259332649e-06
3.3225999249e-06
3.3192665849e-06
3.3159332649e-06
3.3125999249e-06
3.309266585e-06
3.305933265e-06
3.302599925e-06
3.299266585e-06
3.295933265e-06
3.2925999251e-06
3.2892665851e-06
3.2859332651e-06
3.2825999251e-06
3.2792665851e-06
3.2759332652e-06
3.2725999252e-06
3.2692665852e-06
3.2659332652e-06
3.2625999252e-06
3.2592665853e-06
3.2559332653e-06
3.2525999253e-06
3.2492665853e-06
3.2459332653e-06
3.2425999254e-06
3.2392665854e-06
3.2359332654e-06
3.2325999254e-06
3.2292665854e-06
3.2259332655e-06
3.2225999255e-06
3.2192665855e-06
3.2159332655e-06
3.2125999255e-06
3.2092665856e-06
3.2059332656e-06
3.2025999256e-06
3.1992665856e-06
3.1959332656e-06
3.1925999257e-06
3.1892665857e-06
3.1859332657e-06
3.1825999257e-06
3.1792665857e-06
3.1759332658e-06
3.1725999258e-06
3.1692665858e-06
3.1659332658e-06
3.1625999258e-06
3.1592665859e-06
3.1559332659e-06
3.1525999259e-06
3.1492665859e-06
3.1459332659e-06
3.142599926e-06
3.139266586e-06
3.135933266e-06
3.132599926e-06
3.1292665861e-06
3.1259332661e-06
3.1225999261e-06
3.1192665861e-06
3.1159332661e-06
3.1125999262e-06
3.1092665862e-06
3.1059332662e-06
3.1025999262e-06
3.0992665862e-06
3.0959332663e-06
3.0925999263e-06
3.0892665863e-06
3.0859332663e-06
3.0825999263e-06
3.0792665864e-06
3.0759332664e-06
3.0725999264e-06
3.0692665864e-06
3.0659332664e-06
3.0625999265e-06
3.0592665865e-06
3.0559332665e-06
3.0525999265e-06
3.0492665865e-06
3.0459332666e-06
3.0425999266e-06
3.0392665866e-06
3.0359332666e-06
3.0325999266e-06
3.0292665867e-06
3.0259332667e-06
3.0225999267e-06
3.0192665867e-06
3.0159332667e-06
3.0125999268e-06
3.0092665868e-06
3.0059332668e-06
3.0025999268e-06
2.9992665868e-06
2.9925999269e-06
2.9925999269e-06
2.9947709869e-06
2.9969420269e-06
2.9991130868e-06
3.0012841468e-06
3.0034551868e-06
3.0056262468e-06
3.0077972868e-06
3.0099683468e-06
3.0121394068e-06
3.0143104467e-06
3.0164815067e-06
3.0186525667e-06
3.0208236067e-06
3.0229946667e-06
3.0251657067e-06
3.0273367667e-06
3.0295078267e-06
3.0316788666e-06
3.0338499266e-06
3.0360209866e-06
3.0381920266e-06
3.0403630866e-06
3.0425341466e-06
3.0447051866e-06
3.0468762466e-06
3.0490472865e-06
3.0512183465e-06
3.0533894065e-06
3.0555604465e-06
3.0577315065e-06
3.0599025665e-06
3.0620736065e-06
3.0642446664e-06
3.0664157064e-06
3.0685867664e-06
3.0707578264e-06
3.0729288664e-06
3.0750999264e-06
3.0772709864e-06
3.0794420264e-06
3.0816130863e-06
3.0837841463e-06
3.0859551863e-06
3.0881262463e-06
3.0902972863e-06
3.0924683463e-06
3.0946394063e-06
3.0968104462e-06
3.0989815062e-06
3.1011525662e-06
3.1033236062e-06
3.1054946662e-06
3.1076657062e-06
3.1098367662e-06
3.1120078262e-06
3.1141788661e-06
3.1163499261e-06
3.1185209861e-06
3.1206920261e-06
3.1228630861e-06
3.1250341461e-06
3.1272051861e-06
3.129376246e-06
3.131547286e-06
3.133718346e-06
3.135889406e-06
3.138060446e-06
3.140231506e-06
3.142402566e-06
3.144573606e-06
3.1467446659e-06
3.1489157059e-06
3.1510867659e-06
3.1532578259e-06
3.1554288659e-06
3.1575999259e-06
3.1597709859e-06
3.1619420259e-06
3.1641130858e-06
3.1662841458e-06
3.1684551858e-06
3.1706262458e-06
3.1727972858e-06
3.1749683458e-06
3.1771394058e-06
3.1793104457e-06
3.1814815057e-06
3.1836525657e-06
3.1858236057e-06
3.1879946657e-06
3.1901657057e-06
3.1923367657e-06
3.1945078257e-06
3.1966788656e-06
3.1988499256e-06
3.2010209856e-06
3.2031920256e-06
3.2053630856e-06
3.2075341456e-06
3.2097051856e-06
3.2118762455e-06
3.2140472855e-06
3.2162183455e-06
3.2183894055e-06
3.2205604455e-06
3.2227315055e-06
3.2249025655e-06
3.2270736055e-06
3.2292446654e-06
3.2314157054e-06
3.2335867654e-06
3.2357578254e-06
3.2379288654e-06
3.2400999254e-06
3.2422709854e-06
3.2444420254e-06
3.2466130853e-06
3.2487841453e-06
3.2509551853e-06
3.2531262453e-06
3.2552972853e-06
3.2574683453e-06
3.2596394053e-06
3.2618104452e-06
3.2639815052e-06
3.2661525652e-06
3.2683236052e-06
3.2704946652e-06
3.2726657052e-06
3.2748367652e-06
3.2770078252e-06
3.2791788651e-06
3.2813499251e-06
3.2835209851e-06
3.2856920251e-06
3.2878630851e-06
3.2900341451e-06
3.2922051851e-06
3.294376245e-06
3.296547285e-06
3.298718345e-06
3.300889405e-06
3.303060445e-06
3.305231505e-06
3.307402565e-06
3.309573605e-06
3.3117446649e-06
3.3139157049e-06
3.3160867649e-06
3.3182578249e-06
3.3204288649e-06
3.3225999249e-06
3.3247709849e-06
3.3269420248e-06
3.3291130848e-06
3.3312841448e-06
3.3334551848e-06
3.3356262448e-06
3.3377972848e-06
3.3399683448e-06
3.3421394048e-06
3.3443104447e-06
3.3464815047e-06
3.3486525647e-06
3.3508236047e-06
3.3529946647e-06
3.3551657047e-06
3.3573367647e-06
3.3595078247e-06
3.3616788646e-06
3.3638499246e-06
3.3660209846e-06
3.3681920246e-06
3.3703630846e-06
3.3725341446e-06
3.3747051846e-06
3.3768762445e-06
3.3790472845e-06
3.3812183445e-06
3.3833894045e-06
3.3855604445e-06
3.3877315045e-06
3.3899025645e-06
3.3920736045e-06
3.3942446644e-06
3.3964157044e-06
3.3985867644e-06
3.4007578244e-06
3.4029288644e-06
3.4050999244e-06
3.4072709844e-06
3.4094420243e-06
3.4116130843e-06
3.4137841443e-06
3.4159551843e-06
3.4181262443e-06
3.4202972843e-06
3.4224683443e-06
3.4246394043e-06
3.4268104442e-06
3.4289815042e-06
3.4311525642e-06
3.4333236042e-06
3.4354946642e-06
3.4376657042e-06
3.4398367642e-06
3.4420078241e-06
3.4441788641e-06
3.4463499241e-06
3.4485209841e-06
3.4506920241e-06
3.4528630841e-06
3.4550341441e-06
3.4572051841e-06
3.459376244e-06
3.461547284e-06
3.463718344e-06
3.465889404e-06
3.468060444e-06
3.470231504e-06
3.472402564e-06
3.474573604e-06
3.4767446639e-06
3.4789157039e-06
3.4810867639e-06
3.4832578239e-06
3.4854288639e-06
3.4875999239e-06
3.4897709839e-06
3.4919420238e-06
3.4941130838e-06
3.4962841438e-06
3.4984551838e-06
3.5006262438e-06
3.5027972838e-06
3.5049683438e-06
3.5071394038e-06
3.5093104437e-06
3.5114815037e-06
3.5136525637e-06
3.5158236037e-06
3.5179946637e-06
3.5201657037e-06
3.5223367637e-06
3.5245078236e-06
3.5266788636e-06
3.5288499236e-06
3.5310209836e-06
3.5331920236e-06
3.5353630836e-06
3.5375341436e-06
3.5397051836e-06
3.5418762435e-06
3.5440472835e-06
3.5462183435e-06
3.5483894035e-06
3.5505604435e-06
3.5527315035e-06
3.5549025635e-06
3.5570736035e-06
3.5592446634e-06
3.5614157034e-06
3.5635867634e-06
3.5657578234e-06
3.5679288634e-06
3.5700999234e-06
3.5722709834e-06
3.5744420233e-06
3.5766130833e-06
3.5787841433e-06
3.5809551833e-06
3.5831262433e-06
3.5852972833e-06
3.5874683433e-06
3.5896394033e-06
3.5918104432e-06
3.5939815032e-06
3.5961525632e-06
3.5983236032e-06
3.6004946632e-06
3.6026657032e-06
3.6048367632e-06
3.6070078231e-06
3.6091788631e-06
3.6113499231e-06
3.6135209831e-06
3.6156920231e-06
3.6178630831e-06
3.6200341431e-06
3.6222051831e-06
3.624376243e-06
3.626547283e-06
3.628718343e-06
3.630889403e-06
3.633060443e-06
3.635231503e-06
3.637402563e-06
3.6395736029e-06
3.6417446629e-06
3.6439157029e-06
3.6460867629e-06
3.6482578229e-06
3.6525999229e-06
3.9325999212e-06
3.9325999212e-06
3.9338690612e-06
3.9351382212e-06
3.9364073611e-06
3.9376765011e-06
3.9389456611e-06
3.9402148011e-06
3.9414839411e-06
3.9427531011e-06
3.9440222411e-06
3.9452913811e-06
3.9465605411e-06
3.9478296811e-06
3.9490988211e-06
3.9503679811e-06
3.9516371211e-06
3.952906261e-06
3.954175421e-06
3.955444561e-06
3.956713701e-06
3.957982861e-06
3.959252001e-06
3.960521141e-06
3.961790301e-06
3.963059441e-06
3.964328581e-06
3.965597741e-06
3.966866881e-06
3.968136021e-06
3.9694051809e-06
3.9706743209e-06
3.9719434609e-06
3.9732126209e-06
3.9744817609e-06
3.9757509009e-06
3.9770200609e-06
3.9782892009e-06
3.9795583409e-06
3.9808275009e-06
3.9820966409e-06
3.9833657809e-06
3.9846349409e-06
3.9859040808e-06
3.9871732208e-06
3.9884423808e-06
3.9897115208e-06
3.9909806608e-06
3.9922498208e-06
3.9935189608e-06
3.9947881008e-06
3.9960572608e-06
3.9973264008e-06
3.9985955408e-06
3.9998647008e-06
4.0011338408e-06
4.0024029807e-06
4.0036721407e-06
4.0049412807e-06
4.0062104207e-06
4.0074795607e-06
4.0087487207e-06
4.0100178607e-06
4.0112870007e-06
4.0125561607e-06
4.0138253007e-06
4.0150944407e-06
4.0163636007e-06
4.0176327407e-06
4.0189018806e-06
4.0201710406e-06
4.0214401806e-06
4.0227093206e-06
4.0239784806e-06
4.0252476206e-06
4.0265167606e-06
4.0277859206e-06
4.0290550606e-06
4.0303242006e-06
4.0315933606e-06
4.0328625006e-06
4.0341316406e-06
4.0354008005e-06
4.0366699405e-06
4.0379390805e-06
4.0392082405e-06
4.0404773805e-06
4.0417465205e-06
4.0430156805e-06
4.0442848205e-06
4.0455539605e-06
4.0468231205e-06
4.0480922605e-06
4.0493614005e-06
4.0506305605e-06
4.0518997004e-06
4.0531688404e-06
4.0544380004e-06
4.0557071404e-06
4.0569762804e-06
4.0582454404e-06
4.0595145804e-06
4.0607837204e-06
4.0620528804e-06
4.0633220204e-06
4.0645911604e-06
4.0658603204e-06
4.0671294604e-06
4.0683986003e-06
4.0696677603e-06
4.0709369003e-06
4.0722060403e-06
4.0734752003e-06
4.0747443403e-06
4.0760134803e-06
4.0772826403e-06
4.0785517803e-06
4.0798209203e-06
4.0810900803e-06
4.0823592203e-06
4.0836283603e-06
4.0848975202e-06
4.0861666602e-06
4.0874358002e-06
4.0887049602e-06
4.0899741002e-06
4.0912432402e-06
4.0925124002e-06
4.0937815402e-06
4.0950506802e-06
4.0963198402e-06
4.0975889802e-06
4.0988581202e-06
4.1001272801e-06
4.1013964201e-06
4.1026655601e-06
4.1039347201e-06
4.1052038601e-06
4.1064730001e-06
4.1077421601e-06
4.1090113001e-06
4.1102804401e-06
4.1115496001e-06
4.1128187401e-06
4.1140878801e-06
4.1153570401e-06
4.11662618e-06
4.11789532e-06
4.11916448e-06
4.12043362e-06
4.12170276e-06
4.12297192e-06
4.12424106e-06
4.1255102e-06
4.12677936e-06
4.1280485e-06
4.12931764e-06
4.1305868e-06
4.13185594e-06
4.1331250799e-06
4.1343942399e-06
4.1356633799e-06
4.1369325199e-06
4.1382016799e-06
4.1394708199e-06
4.1407399599e-06
4.1420091199e-06
4.1432782599e-06
4.1445473999e-06
4.1458165599e-06
4.1470856999e-06
4.1483548399e-06
4.1496239998e-06
4.1508931398e-06
4.1521622798e-06
4.1534314198e-06
4.1547005798e-06
4.1559697198e-06
4.1572388598e-06
4.1585080198e-06
4.1597771598e-06
4.1610462998e-06
4.1623154598e-06
4.1635845998e-06
4.1648537398e-06
4.1661228997e-06
4.1673920397e-06
4.1686611797e-06
4.1699303397e-06
4.1711994797e-06
4.1724686197e-06
4.1737377797e-06
4.1750069197e-06
4.1762760597e-06
4.1775452197e-06
4.1788143597e-06
4.1800834997e-06
4.1813526597e-06
4.1826217996e-06
4.1838909396e-06
4.1851600996e-06
4.1864292396e-06
4.1876983796e-06
4.1889675396e-06
4.1902366796e-06
4.1915058196e-06
4.1927749796e-06
4.1940441196e-06
4.1953132596e-06
4.1965824196e-06
4.1978515596e-06
4.1991206995e-06
4.2003898595e-06
4.2016589995e-06
4.2029281395e-06
4.2041972995e-06
4.2054664395e-06
4.2067355795e-06
4.2080047395e-06
4.2092738795e-06
4.2105430195e-06
4.2118121795e-06
4.2130813195e-06
4.2143504595e-06
4.2156196194e-06
4.2168887594e-06
4.2181578994e-06
4.2194270594e-06
4.2206961994e-06
4.2219653394e-06
4.2232344994e-06
4.2245036394e-06
4.2257727794e-06
4.2270419394e-06
4.2283110794e-06
4.2295802194e-06
4.2308493794e-06
4.2321185193e-06
4.2333876593e-06
4.2346568193e-06
4.2359259593e-06
4.2371950993e-06
4.2384642593e-06
4.2397333993e-06
4.2410025393e-06
4.2422716993e-06
4.2435408393e-06
4.2448099793e-06
4.2460791393e-06
4.2473482793e-06
4.2486174192e-06
4.2498865792e-06
4.2511557192e-06
4.2524248592e-06
4.2536940192e-06
4.2549631592e-06
4.2562322992e-06
4.2575014592e-06
4.2587705992e-06
4.2600397392e-06
4.2613088992e-06
4.2625780392e-06
4.2638471792e-06
4.2651163391e-06
4.2663854791e-06
4.2676546191e-06
4.2689237791e-06
4.2701929191e-06
4.2714620591e-06
4.2727312191e-06
4.2740003591e-06
4.2752694991e-06
4.2765386591e-06
4.2778077991e-06
4.2790769391e-06
4.2803460991e-06
4.281615239e-06
4.282884379e-06
4.284153539e-06
4.285422679e-06
4.286691819e-06
4.287960979e-06
4.289230119e-06
4.290499259e-06
4.291768419e-06
4.293037559e-06
4.294306699e-06
4.295575839e-06
4.296844999e-06
4.2981141389e-06
4.2993832789e-06
4.3006524389e-06
4.3019215789e-06
4.3031907189e-06
4.3044598789e-06
4.3057290189e-06
4.3069981589e-06
4.3082673189e-06
4.3095364589e-06
4.3108055989e-06
4.3120747589e-06
4.3133438989e-06
4.3146130388e-06
4.3158821988e-06
4.3171513388e-06
4.3184204788e-06
4.3196896388e-06
4.3209587788e-06
4.3222279188e-06
4.3234970788e-06
4.3247662188e-06
4.3260353588e-06
4.3273045188e-06
4.3285736588e-06
4.3298427988e-06
4.3311119587e-06
4.3323810987e-06
4.3336502387e-06
4.3349193987e-06
4.3361885387e-06
4.3374576787e-06
4.3387268387e-06
4.3399959787e-06
4.3412651187e-06
4.3425342787e-06
4.3438034187e-06
4.3450725587e-06
4.3463417187e-06
4.3476108586e-06
4.3488799986e-06
4.3501491586e-06
4.3514182986e-06
4.3526874386e-06
4.3539565986e-06
4.3552257386e-06
4.3564948786e-06
4.3577640386e-06
4.3590331786e-06
4.3603023186e-06
4.3615714786e-06
4.3628406186e-06
4.3641097585e-06
4.3653789185e-06
4.3666480585e-06
4.3679171985e-06
4.3691863585e-06
4.3704554985e-06
4.3717246385e-06
4.3729937985e-06
4.3742629385e-06
4.3755320785e-06
4.3768012385e-06
4.3780703785e-06
4.3793395185e-06
4.3806086784e-06
4.3818778184e-06
4.3831469584e-06
4.3844161184e-06
4.3856852584e-06
4.3869543984e-06
4.3882235584e-06
4.3894926984e-06
4.3907618384e-06
4.3920309984e-06
4.3933001384e-06
4.3945692784e-06
4.3958384384e-06
4.3971075783e-06
4.3983767183e-06
4.3996458783e-06
4.4009150183e-06
4.4021841583e-06
4.4034533183e-06
4.4047224583e-06
4.4059915983e-06
4.4072607583e-06
4.4085298983e-06
4.4097990383e-06
4.4110681983e-06
4.4123373383e-06
4.4136064782e-06
4.4148756382e-06
4.4161447782e-06
4.4174139182e-06
4.4186830782e-06
4.4199522182e-06
4.4212213582e-06
4.4224905182e-06
4.4237596582e-06
4.4250287982e-06
4.4262979582e-06
4.4275670982e-06
4.4288362382e-06
4.4301053981e-06
4.4313745381e-06
4.4326436781e-06
4.4339128381e-06
4.4351819781e-06
4.4364511181e-06
4.4377202781e-06
4.4389894181e-06
4.4402585581e-06
4.4415276981e-06
4.4427968581e-06
4.4440659981e-06
4.4453351381e-06
4.446604298e-06
4.447873438e-06
4.449142578e-06
4.450411738e-06
4.451680878e-06
4.452950018e-06
4.454219178e-06
4.455488318e-06
4.456757458e-06
4.458026618e-06
4.459295758e-06
4.460564898e-06
4.461834058e-06
4.4631031979e-06
4.4643723379e-06
4.4656414979e-06
4.4669106379e-06
4.4681797779e-06
4.4694489379e-06
4.4707180779e-06
4.4719872179e-06
4.4732563779e-06
4.4745255179e-06
4.4757946579e-06
4.4770638179e-06
4.4783329579e-06
4.4796020978e-06
4.4808712578e-06
4.4821403978e-06
4.4834095378e-06
4.4846786978e-06
4.4859478378e-06
4.4872169778e-06
4.4884861378e-06
4.4897552778e-06
4.4910244178e-06
4.4922935778e-06
4.4935627178e-06
4.4948318578e-06
4.4961010177e-06
4.4973701577e-06
4.4986392977e-06
4.4999084577e-06
4.5011775977e-06
4.5024467377e-06
4.5037158977e-06
4.5049850377e-06
4.5062541777e-06
4.5075233377e-06
4.5087924777e-06
4.5100616177e-06
4.5125999176e-06
4.2325999193e-06
4.2325999193e-06
4.2333075593e-06
4.2340151993e-06
4.2347228193e-06
4.2354304593e-06
4.2361380993e-06
4.2368457393e-06
4.2375533593e-06
4.2382609993e-06
4.2389686393e-06
4.2396762793e-06
4.2403838993e-06
4.2410915393e-06
4.2417991793e-06
4.2425068193e-06
4.2432144393e-06
4.2439220793e-06
4.2446297193e-06
4.2453373593e-06
4.2460449793e-06
4.2467526193e-06
4.2474602593e-06
4.2481678993e-06
4.2488755192e-06
4.2495831592e-06
4.2502907992e-06
4.2509984392e-06
4.2517060592e-06
4.2524136992e-06
4.2531213392e-06
4.2538289792e-06
4.2545365992e-06
4.2552442392e-06
4.2559518792e-06
4.2566595192e-06
4.2573671392e-06
4.2580747792e-06
4.2587824192e-06
4.2594900592e-06
4.2601976792e-06
4.2609053192e-06
4.2616129592e-06
4.2623205992e-06
4.2630282192e-06
4.2637358592e-06
4.2644434992e-06
4.2651511391e-06
4.2658587591e-06
4.2665663991e-06
4.2672740391e-06
4.2679816791e-06
4.2686892991e-06
4.2693969391e-06
4.2701045791e-06
4.2708122191e-06
4.2715198391e-06
4.2722274791e-06
4.2729351191e-06
4.2736427591e-06
4.2743503791e-06
4.2750580191e-06
4.2757656591e-06
4.2764732991e-06
4.2771809191e-06
4.2778885591e-06
4.2785961991e-06
4.2793038391e-06
4.2800114591e-06
4.2807190991e-06
4.281426739e-06
4.282134379e-06
4.282841999e-06
4.283549639e-06
4.284257279e-06
4.284964919e-06
4.285672539e-06
4.286380179e-06
4.287087819e-06
4.287795459e-06
4.288503079e-06
4.289210719e-06
4.289918359e-06
4.290625999e-06
4.291333619e-06
4.292041259e-06
4.292748899e-06
4.293456539e-06
4.294164159e-06
4.294871799e-06
4.295579439e-06
4.296287079e-06
4.296994699e-06
4.2977023389e-06
4.2984099789e-06
4.2991176189e-06
4.2998252389e-06
4.3005328789e-06
4.3012405189e-06
4.3019481589e-06
4.3026557789e-06
4.3033634189e-06
4.3040710589e-06
4.3047786989e-06
4.3054863189e-06
4.3061939589e-06
4.3069015989e-06
4.3076092389e-06
4.3083168589e-06
4.3090244989e-06
4.3097321389e-06
4.3104397789e-06
4.3111473989e-06
4.3118550389e-06
4.3125626789e-06
4.3132703189e-06
4.3139779389e-06
4.3146855788e-06
4.3153932188e-06
4.3161008588e-06
4.3168084788e-06
4.3175161188e-06
4.3182237588e-06
4.3189313988e-06
4.3196390188e-06
4.3203466588e-06
4.3210542988e-06
4.3217619388e-06
4.3224695588e-06
4.3231771988e-06
4.3238848388e-06
4.3245924788e-06
4.3253000988e-06
4.3260077388e-06
4.3267153788e-06
4.3274230188e-06
4.3281306388e-06
4.3288382788e-06
4.3295459188e-06
4.3302535588e-06
4.3309611787e-06
4.3316688187e-06
4.3323764587e-06
4.3330840987e-06
4.3337917187e-06
4.3344993587e-06
4.3352069987e-06
4.3359146387e-06
4.3366222587e-06
4.3373298987e-06
4.3380375387e-06
4.3387451787e-06
4.3394527987e-06
4.3401604387e-06
4.3408680787e-06
4.3415757187e-06
4.3422833387e-06
4.3429909787e-06
4.3436986187e-06
4.3444062587e-06
4.3451138787e-06
4.3458215187e-06
4.3465291587e-06
4.3472367986e-06
4.3479444186e-06
4.3486520586e-06
4.3493596986e-06
4.3500673386e-06
4.3507749586e-06
4.3514825986e-06
4.3521902386e-06
4.3528978786e-06
4.3536054986e-06
4.3543131386e-06
4.3550207786e-06
4.3557284186e-06
4.3564360386e-06
4.3571436786e-06
4.3578513186e-06
4.3585589586e-06
4.3592665786e-06
4.3599742186e-06
4.3606818586e-06
4.3613894986e-06
4.3620971186e-06
4.3628047586e-06
4.3635123985e-06
4.3642200385e-06
4.3649276585e-06
4.3656352985e-06
4.3663429385e-06
4.3670505785e-06
4.3677581985e-06
4.3684658385e-06
4.3691734785e-06
4.3698811185e-06
4.3705887385e-06
4.3712963785e-06
4.3720040185e-06
4.3727116585e-06
4.3734192785e-06
4.3741269185e-06
4.3748345585e-06
4.3755421985e-06
4.3762498185e-06
4.3769574585e-06
4.3776650985e-06
4.3783727385e-06
4.3790803585e-06
4.3797879985e-06
4.3804956384e-06
4.3812032784e-06
4.3819108984e-06
4.3826185384e-06
4.3833261784e-06
4.3840338184e-06
4.3847414384e-06
4.3854490784e-06
4.3861567184e-06
4.3868643584e-06
4.3875719784e-06
4.3882796184e-06
4.3889872584e-06
4.3896948984e-06
4.3904025184e-06
4.3911101584e-06
4.3918177984e-06
4.3925254384e-06
4.3932330584e-06
4.3939406984e-06
4.3946483384e-06
4.3953559784e-06
4.3960635984e-06
4.3967712383e-06
4.3974788783e-06
4.3981865183e-06
4.3988941383e-06
4.3996017783e-06
4.4003094183e-06
4.4010170583e-06
4.4017246783e-06
4.4024323183e-06
4.4031399583e-06
4.4038475983e-06
4.4045552183e-06
4.4052628583e-06
4.4059704983e-06
4.4066781383e-06
4.4073857583e-06
4.4080933983e-06
4.4088010383e-06
4.4095086783e-06
4.4102162983e-06
4.4109239383e-06
4.4116315783e-06
4.4123392183e-06
4.4130468382e-06
4.4137544782e-06
4.4144621182e-06
4.4151697582e-06
4.4158773782e-06
4.4165850182e-06
4.4172926582e-06
4.4180002982e-06
4.4187079182e-06
4.4194155582e-06
4.4201231982e-06
4.4208308382e-06
4.4215384582e-06
4.4222460982e-06
4.4229537382e-06
4.4236613782e-06
4.4243689982e-06
4.4250766382e-06
4.4257842782e-06
4.4264919182e-06
4.4271995382e-06
4.4279071782e-06
4.4286148182e-06
4.4293224581e-06
4.4300300781e-06
4.4307377181e-06
4.4314453581e-06
4.4321529981e-06
4.4328606181e-06
4.4335682581e-06
4.4342758981e-06
4.4349835381e-06
4.4356911581e-06
4.4363987981e-06
4.4371064381e-06
4.4378140781e-06
4.4385216981e-06
4.4392293381e-06
4.4399369781e-06
4.4406446181e-06
4.4413522381e-06
4.4420598781e-06
4.4427675181e-06
4.4434751581e-06
4.4441827781e-06
4.4448904181e-06
4.4455980581e-06
4.446305698e-06
4.447013318e-06
4.447720958e-06
4.448428598e-06
4.449136238e-06
4.449843858e-06
4.450551498e-06
4.451259138e-06
4.451966778e-06
4.452674398e-06
4.453382038e-06
4.454089678e-06
4.454797318e-06
4.455504938e-06
4.456212578e-06
4.456920218e-06
4.457627858e-06
4.458335478e-06
4.459043118e-06
4.459750758e-06
4.460458398e-06
4.461166018e-06
4.461873658e-06
4.4625812979e-06
4.4632889379e-06
4.4639965579e-06
4.4647041979e-06
4.4654118379e-06
4.4661194779e-06
4.4668270979e-06
4.4675347379e-06
4.4682423779e-06
4.4689500179e-06
4.4696576379e-06
4.4703652779e-06
4.4710729179e-06
4.4717805579e-06
4.4724881779e-06
4.4731958179e-06
4.4739034579e-06
4.4746110979e-06
4.4753187179e-06
4.4760263579e-06
4.4767339979e-06
4.4774416379e-06
4.4781492579e-06
4.4788568978e-06
4.4795645378e-06
4.4802721778e-06
4.4809797978e-06
4.4816874378e-06
4.4823950778e-06
4.4831027178e-06
4.4838103378e-06
4.4845179778e-06
4.4852256178e-06
4.4859332578e-06
4.4866408778e-06
4.4873485178e-06
4.4880561578e-06
4.4887637978e-06
4.4894714178e-06
4.4901790578e-06
4.4908866978e-06
4.4915943378e-06
4.4923019578e-06
4.4930095978e-06
4.4937172378e-06
4.4944248778e-06
4.4951324977e-06
4.4958401377e-06
4.4965477777e-06
4.4972554177e-06
4.4979630377e-06
4.4986706777e-06
4.4993783177e-06
4.5000859577e-06
4.5007935777e-06
4.5015012177e-06
4.5022088577e-06
4.5029164977e-06
4.5036241177e-06
4.5043317577e-06
4.5050393977e-06
4.5057470377e-06
4.5064546577e-06
4.5071622977e-06
4.5078699377e-06
4.5085775777e-06
4.5092851977e-06
4.5099928377e-06
4.5107004777e-06
4.5114081177e-06
4.5121157376e-06
4.5128233776e-06
4.5135310176e-06
4.5142386576e-06
4.5149462776e-06
4.5156539176e-06
4.5163615576e-06
4.5170691976e-06
4.5177768176e-06
4.5184844576e-06
4.5191920976e-06
4.5198997376e-06
4.5206073576e-06
4.5213149976e-06
4.5220226376e-06
4.5227302776e-06
4.5234378976e-06
4.5241455376e-06
4.5248531776e-06
4.5255608176e-06
4.5262684376e-06
4.5269760776e-06
4.5276837176e-06
4.5283913575e-06
4.5290989775e-06
4.5298066175e-06
4.5305142575e-06
4.5312218975e-06
4.5319295175e-06
4.5326371575e-06
4.5333447975e-06
4.5340524375e-06
4.5347600575e-06
4.5354676975e-06
4.5361753375e-06
4.5368829775e-06
4.5375905975e-06
4.5382982375e-06
4.5390058775e-06
4.5397135175e-06
4.5404211375e-06
4.5411287775e-06
4.5418364175e-06
4.5425440575e-06
4.5432516775e-06
4.5439593175e-06
4.5446669574e-06
4.5453745974e-06
4.5460822174e-06
4.5467898574e-06
4.5474974974e-06
4.5482051374e-06
4.5489127574e-06
4.5496203974e-06
4.5503280374e-06
4.5510356774e-06
4.5517432974e-06
4.5524509374e-06
4.5531585774e-06
4.5538662174e-06
4.5545738374e-06
4.5552814774e-06
4.5559891174e-06
4.5566967574e-06
4.5574043774e-06
4.5581120174e-06
4.5588196574e-06
4.5595272974e-06
4.5602349174e-06
4.5609425573e-06
4.5616501973e-06
4.5623578373e-06
4.5630654573e-06
4.5637730973e-06
4.5644807373e-06
4.5651883773e-06
4.5658959973e-06
4.5666036373e-06
4.5673112773e-06
4.5680189173e-06
4.5687265373e-06
4.5694341773e-06
4.5701418173e-06
4.5708494573e-06
4.5715570773e-06
4.5722647173e-06
4.5729723573e-06
4.5736799973e-06
4.5743876173e-06
4.5750952573e-06
4.5758028973e-06
4.5765105373e-06
4.5772181573e-06
4.5779257972e-06
4.5786334372e-06
4.5793410772e-06
4.5800486972e-06
4.5807563372e-06
4.5814639772e-06
4.5821716172e-06
4.5828792372e-06
4.5835868772e-06
4.5842945172e-06
4.5850021572e-06
4.5857097772e-06
4.5864174172e-06
4.5871250572e-06
4.5878326972e-06
4.5885403172e-06
4.5892479572e-06
4.5899555972e-06
4.5906632372e-06
4.5913708572e-06
4.5920784972e-06
4.5927861372e-06
4.5934937772e-06
4.5942013971e-06
4.5949090371e-06
4.5956166771e-06
4.5963243171e-06
4.5970319371e-06
4.5977395771e-06
4.5984472171e-06
4.5991548571e-06
4.5998624771e-06
4.6005701171e-06
4.6012777571e-06
4.6019853971e-06
4.6026930171e-06
4.6034006571e-06
4.6041082971e-06
4.6048159371e-06
4.6055235571e-06
4.6062311971e-06
4.6069388371e-06
4.6076464771e-06
4.6083540971e-06
4.6090617371e-06
4.6097693771e-06
4.610477017e-06
4.611184637e-06
4.612599917e-06
4.9125999152e-06
4.9125999152e-06
4.9130375552e-06
4.9134751952e-06
4.9139128352e-06
4.9143504552e-06
4.9147880952e-06
4.9152257352e-06
4.9156633752e-06
4.9161010152e-06
4.9165386552e-06
4.9169762752e-06
4.9174139152e-06
4.9178515552e-06
4.9182891952e-06
4.9187268352e-06
4.9191644752e-06
4.9196020952e-06
4.9200397352e-06
4.9204773752e-06
4.9209150152e-06
4.9213526552e-06
4.9217902952e-06
4.9222279152e-06
4.9226655552e-06
4.9231031951e-06
4.9235408351e-06
4.9239784751e-06
4.9244161151e-06
4.9248537351e-06
4.9252913751e-06
4.9257290151e-06
4.9261666551e-06
4.9266042951e-06
4.9270419351e-06
4.9274795551e-06
4.9279171951e-06
4.9283548351e-06
4.9287924751e-06
4.9292301151e-06
4.9296677551e-06
4.9301053951e-06
4.9305430151e-06
4.9309806551e-06
4.9314182951e-06
4.9318559351e-06
4.9322935751e-06
4.9327312151e-06
4.9331688351e-06
4.9336064751e-06
4.9340441151e-06
4.9344817551e-06
4.9349193951e-06
4.9353570351e-06
4.9357946551e-06
4.9362322951e-06
4.9366699351e-06
4.9371075751e-06
4.9375452151e-06
4.9379828551e-06
4.9384204751e-06
4.9388581151e-06
4.939295755e-06
4.939733395e-06
4.940171035e-06
4.940608675e-06
4.941046295e-06
4.941483935e-06
4.941921575e-06
4.942359215e-06
4.942796855e-06
4.943234495e-06
4.943672135e-06
4.944109755e-06
4.944547395e-06
4.944985035e-06
4.945422675e-06
4.945860315e-06
4.946297955e-06
4.946735575e-06
4.947173215e-06
4.947610855e-06
4.948048495e-06
4.948486135e-06
4.948923775e-06
4.949361395e-06
4.949799035e-06
4.950236675e-06
4.950674315e-06
4.951111955e-06
4.951549595e-06
4.951987215e-06
4.952424855e-06
4.952862495e-06
4.953300135e-06
4.953737775e-06
4.954175415e-06
4.954613035e-06
4.955050675e-06
4.955488315e-06
4.9559259549e-06
4.9563635949e-06
4.9568012349e-06
4.9572388549e-06
4.9576764949e-06
4.9581141349e-06
4.9585517749e-06
4.9589894149e-06
4.9594270549e-06
4.9598646949e-06
4.9603023149e-06
4.9607399549e-06
4.9611775949e-06
4.9616152349e-06
4.9620528749e-06
4.9624905149e-06
4.9629281349e-06
4.9633657749e-06
4.9638034149e-06
4.9642410549e-06
4.9646786949e-06
4.9651163349e-06
4.9655539549e-06
4.9659915949e-06
4.9664292349e-06
4.9668668749e-06
4.9673045149e-06
4.9677421549e-06
4.9681797749e-06
4.9686174149e-06
4.9690550549e-06
4.9694926949e-06
4.9699303349e-06
4.9703679749e-06
4.9708055949e-06
4.9712432349e-06
4.9716808749e-06
4.9721185149e-06
4.9725561548e-06
4.9729937948e-06
4.9734314148e-06
4.9738690548e-06
4.9743066948e-06
4.9747443348e-06
4.9751819748e-06
4.9756196148e-06
4.9760572548e-06
4.9764948748e-06
4.9769325148e-06
4.9773701548e-06
4.9778077948e-06
4.9782454348e-06
4.9786830748e-06
4.9791206948e-06
4.9795583348e-06
4.9799959748e-06
4.9804336148e-06
4.9808712548e-06
4.9813088948e-06
4.9817465148e-06
4.9821841548e-06
4.9826217948e-06
4.9830594348e-06
4.9834970748e-06
4.9839347148e-06
4.9843723348e-06
4.9848099748e-06
4.9852476148e-06
4.9856852548e-06
4.9861228948e-06
4.9865605348e-06
4.9869981548e-06
4.9874357948e-06
4.9878734348e-06
4.9883110748e-06
4.9887487147e-06
4.9891863547e-06
4.9896239947e-06
4.9900616147e-06
4.9904992547e-06
4.9909368947e-06
4.9913745347e-06
4.9918121747e-06
4.9922498147e-06
4.9926874347e-06
4.9931250747e-06
4.9935627147e-06
4.9940003547e-06
4.9944379947e-06
4.9948756347e-06
4.9953132547e-06
4.9957508947e-06
4.9961885347e-06
4.9966261747e-06
4.9970638147e-06
4.9975014547e-06
4.9979390747e-06
4.9983767147e-06
4.9988143547e-06
4.9992519947e-06
4.9996896347e-06
5.0001272747e-06
5.0005648947e-06
5.0010025347e-06
5.0014401747e-06
5.0018778147e-06
5.0023154547e-06
5.0027530947e-06
5.0031907147e-06
5.0036283547e-06
5.0040659947e-06
5.0045036347e-06
5.0049412747e-06
5.0053789146e-06
5.0058165546e-06
5.0062541746e-06
5.0066918146e-06
5.0071294546e-06
5.0075670946e-06
5.0080047346e-06
5.0084423746e-06
5.0088799946e-06
5.0093176346e-06
5.0097552746e-06
5.0101929146e-06
5.0106305546e-06
5.0110681946e-06
5.0115058146e-06
5.0119434546e-06
5.0123810946e-06
5.0128187346e-06
5.0132563746e-06
5.0136940146e-06
5.0141316346e-06
5.0145692746e-06
5.0150069146e-06
5.0154445546e-06
5.0158821946e-06
5.0163198346e-06
5.0167574546e-06
5.0171950946e-06
5.0176327346e-06
5.0180703746e-06
5.0185080146e-06
5.0189456546e-06
5.0193832746e-06
5.0198209146e-06
5.0202585546e-06
5.0206961946e-06
5.0211338346e-06
5.0215714745e-06
5.0220091145e-06
5.0224467345e-06
5.0228843745e-06
5.0233220145e-06
5.0237596545e-06
5.0241972945e-06
5.0246349345e-06
5.0250725545e-06
5.0255101945e-06
5.0259478345e-06
5.0263854745e-06
5.0268231145e-06
5.0272607545e-06
5.0276983745e-06
5.0281360145e-06
5.0285736545e-06
5.0290112945e-06
5.0294489345e-06
5.0298865745e-06
5.0303241945e-06
5.0307618345e-06
5.0311994745e-06
5.0316371145e-06
5.0320747545e-06
5.0325123945e-06
5.0329500145e-06
5.0333876545e-06
5.0338252945e-06
5.0342629345e-06
5.0347005745e-06
5.0351382145e-06
5.0355758345e-06
5.0360134745e-06
5.0364511145e-06
5.0368887545e-06
5.0373263945e-06
5.0377640345e-06
5.0382016744e-06
5.0386392944e-06
5.0390769344e-06
5.0395145744e-06
5.0399522144e-06
5.0403898544e-06
5.0408274944e-06
5.0412651144e-06
5.0417027544e-06
5.0421403944e-06
5.0425780344e-06
5.0430156744e-06
5.0434533144e-06
5.0438909344e-06
5.0443285744e-06
5.0447662144e-06
5.0452038544e-06
5.0456414944e-06
5.0460791344e-06
5.0465167544e-06
5.0469543944e-06
5.0473920344e-06
5.0478296744e-06
5.0482673144e-06
5.0487049544e-06
5.0491425744e-06
5.0495802144e-06
5.0500178544e-06
5.0504554944e-06
5.0508931344e-06
5.0513307744e-06
5.0517684144e-06
5.0522060344e-06
5.0526436744e-06
5.0530813144e-06
5.0535189544e-06
5.0539565944e-06
5.0543942344e-06
5.0548318543e-06
5.0552694943e-06
5.0557071343e-06
5.0561447743e-06
5.0565824143e-06
5.0570200543e-06
5.0574576743e-06
5.0578953143e-06
5.0583329543e-06
5.0587705943e-06
5.0592082343e-06
5.0596458743e-06
5.0600834943e-06
5.0605211343e-06
5.0609587743e-06
5.0613964143e-06
5.0618340543e-06
5.0622716943e-06
5.0627093143e-06
5.0631469543e-06
5.0635845943e-06
5.0640222343e-06
5.0644598743e-06
5.0648975143e-06
5.0653351343e-06
5.0657727743e-06
5.0662104143e-06
5.0666480543e-06
5.0670856943e-06
5.0675233343e-06
5.0679609743e-06
5.0683985943e-06
5.0688362343e-06
5.0692738743e-06
5.0697115143e-06
5.0701491543e-06
5.0705867943e-06
5.0710244142e-06
5.0714620542e-06
5.0718996942e-06
5.0723373342e-06
5.0727749742e-06
5.0732126142e-06
5.0736502342e-06
5.0740878742e-06
5.0745255142e-06
5.0749631542e-06
5.0754007942e-06
5.0758384342e-06
5.0762760542e-06
5.0767136942e-06
5.0771513342e-06
5.0775889742e-06
5.0780266142e-06
5.0784642542e-06
5.0789018742e-06
5.0793395142e-06
5.0797771542e-06
5.0802147942e-06
5.0806524342e-06
5.0810900742e-06
5.0815276942e-06
5.0819653342e-06
5.0824029742e-06
5.0828406142e-06
5.0832782542e-06
5.0837158942e-06
5.0841535342e-06
5.0845911542e-06
5.0850287942e-06
5.0854664342e-06
5.0859040742e-06
5.0863417142e-06
5.0867793542e-06
5.0872169742e-06
5.0876546141e-06
5.0880922541e-06
5.0885298941e-06
5.0889675341e-06
5.0894051741e-06
5.0898427941e-06
5.0902804341e-06
5.0907180741e-06
5.0911557141e-06
5.0915933541e-06
5.0920309941e-06
5.0924686141e-06
5.0929062541e-06
5.0933438941e-06
5.0937815341e-06
5.0942191741e-06
5.0946568141e-06
5.0950944341e-06
5.0955320741e-06
5.0959697141e-06
5.0964073541e-06
5.0968449941e-06
5.0972826341e-06
5.0977202741e-06
5.0981578941e-06
5.0985955341e-06
5.0990331741e-06
5.0994708141e-06
5.0999084541e-06
5.1003460941e-06
5.1007837141e-06
5.1012213541e-06
5.1016589941e-06
5.1020966341e-06
5.1025342741e-06
5.1029719141e-06
5.1034095341e-06
5.103847174e-06
5.104284814e-06
5.104722454e-06
5.105160094e-06
5.105597734e-06
5.106035354e-06
5.106472994e-06
5.106910634e-06
5.107348274e-06
5.107785914e-06
5.108223554e-06
5.108661174e-06
5.109098814e-06
5.109536454e-06
5.109974094e-06
5.110411734e-06
5.110849374e-06
5.111286994e-06
5.111724634e-06
5.112599914e-06
5.1325999139e-06
4.8125999158e-06
4.8125999158e-06
4.8117976158e-06
4.8109953358e-06
4.8101930358e-06
4.8093907558e-06
4.8085884558e-06
4.8077861558e-06
4.8069838759e-06
4.8061815759e-06
4.8053792759e-06
4.8045769959e-06
4.8037746959e-06
4.8029724159e-06
4.8021701159e-06
4.8013678159e-06
4.8005655359e-06
4.7997632359e-06
4.7989609559e-06
4.7981586559e-06
4.7973563559e-06
4.7965540759e-06
4.7957517759e-06
4.7949494959e-06
4.7941471959e-06
4.7933448959e-06
4.7925426159e-06
4.7917403159e-06
4.790938016e-06
4.790135736e-06
4.789333436e-06
4.788531156e-06
4.787728856e-06
4.786926556e-06
4.786124276e-06
4.785321976e-06
4.784519696e-06
4.783717396e-06
4.782915096e-06
4.782112816e-06
4.781310516e-06
4.780508216e-06
4.779705936e-06
4.778903636e-06
4.778101356e-06
4.777299056e-06
4.776496756e-06
4.775694476e-06
4.774892176e-06
4.7740898961e-06
4.7732875961e-06
4.7724852961e-06
4.7716830161e-06
4.7708807161e-06
4.7700784361e-06
4.7692761361e-06
4.7684738361e-06
4.7676715561e-06
4.7668692561e-06
4.7660669561e-06
4.7652646761e-06
4.7644623761e-06
4.7636600961e-06
4.7628577961e-06
4.7620554961e-06
4.7612532161e-06
4.7604509161e-06
4.7596486361e-06
4.7588463361e-06
4.7580440362e-06
4.7572417562e-06
4.7564394562e-06
4.7556371562e-06
4.7548348762e-06
4.7540325762e-06
4.7532302962e-06
4.7524279962e-06
4.7516256962e-06
4.7508234162e-06
4.7500211162e-06
4.7492188362e-06
4.7484165362e-06
4.7476142362e-06
4.7468119562e-06
4.7460096562e-06
4.7452073562e-06
4.7444050762e-06
4.7436027762e-06
4.7428004962e-06
4.7419981962e-06
4.7411958963e-06
4.7403936163e-06
4.7395913163e-06
4.7387890363e-06
4.7379867363e-06
4.7371844363e-06
4.7363821563e-06
4.7355798563e-06
4.7347775763e-06
4.7339752763e-06
4.7331729763e-06
4.7323706963e-06
4.7315683963e-06
4.7307660963e-06
4.7299638163e-06
4.7291615163e-06
4.7283592363e-06
4.7275569363e-06
4.7267546363e-06
4.7259523563e-06
4.7251500564e-06
4.7243477764e-06
4.7235454764e-06
4.7227431764e-06
4.7219408964e-06
4.7211385964e-06
4.7203362964e-06
4.7195340164e-06
4.7187317164e-06
4.7179294364e-06
4.7171271364e-06
4.7163248364e-06
4.7155225564e-06
4.7147202564e-06
4.7139179764e-06
4.7131156764e-06
4.7123133764e-06
4.7115110964e-06
4.7107087964e-06
4.7099065164e-06
4.7091042164e-06
4.7083019165e-06
4.7074996365e-06
4.7066973365e-06
4.7058950365e-06
4.7050927565e-06
4.7042904565e-06
4.7034881765e-06
4.7026858765e-06
4.7018835765e-06
4.7010812965e-06
4.7002789965e-06
4.6994767165e-06
4.6986744165e-06
4.6978721165e-06
4.6970698365e-06
4.6962675365e-06
4.6954652365e-06
4.6946629565e-06
4.6938606565e-06
4.6930583765e-06
4.6922560766e-06
4.6914537766e-06
4.6906514966e-06
4.6898491966e-06
4.6890469166e-06
4.6882446166e-06
4.6874423166e-06
4.6866400366e-06
4.6858377366e-06
4.6850354566e-06
4.6842331566e-06
4.6834308566e-06
4.6826285766e-06
4.6818262766e-06
4.6810239766e-06
4.6802216966e-06
4.6794193966e-06
4.6786171166e-06
4.6778148166e-06
4.6770125166e-06
4.6762102366e-06
4.6754079367e-06
4.6746056567e-06
4.6738033567e-06
4.6730010567e-06
4.6721987767e-06
4.6713964767e-06
4.6705941767e-06
4.6697918967e-06
4.6689895967e-06
4.6681873167e-06
4.6673850167e-06
4.6665827167e-06
4.6657804367e-06
4.6649781367e-06
4.6641758567e-06
4.6633735567e-06
4.6625712567e-06
4.6617689767e-06
4.6609666767e-06
4.6601643767e-06
4.6593620968e-06
4.6585597968e-06
4.6577575168e-06
4.6569552168e-06
4.6561529168e-06
4.6553506368e-06
4.6545483368e-06
4.6537460568e-06
4.6529437568e-06
4.6521414568e-06
4.6513391768e-06
4.6505368768e-06
4.6497345968e-06
4.6489322968e-06
4.6481299968e-06
4.6473277168e-06
4.6465254168e-06
4.6457231168e-06
4.6449208368e-06
4.6441185368e-06
4.6433162568e-06
4.6425139569e-06
4.6417116569e-06
4.6409093769e-06
4.6401070769e-06
4.6393047969e-06
4.6385024969e-06
4.6377001969e-06
4.6368979169e-06
4.6360956169e-06
4.6352933169e-06
4.6344910369e-06
4.6336887369e-06
4.6328864569e-06
4.6320841569e-06
4.6312818569e-06
4.6304795769e-06
4.6296772769e-06
4.6288749969e-06
4.6280726969e-06
4.6272703969e-06
4.626468117e-06
4.625665817e-06
4.624863537e-06
4.624061237e-06
4.623258937e-06
4.622456657e-06
4.621654357e-06
4.620852057e-06
4.620049777e-06
4.619247477e-06
4.618445197e-06
4.617642897e-06
4.616840597e-06
4.616038317e-06
4.615236017e-06
4.614433737e-06
4.613631437e-06
4.612829137e-06
4.612026857e-06
4.611224557e-06
4.610422257e-06
4.6096199771e-06
4.6088176771e-06
4.6080153971e-06
4.6072130971e-06
4.6064107971e-06
4.6056085171e-06
4.6048062171e-06
4.6040039371e-06
4.6032016371e-06
4.6023993371e-06
4.6015970571e-06
4.6007947571e-06
4.5999924771e-06
4.5991901771e-06
4.5983878771e-06
4.5975855971e-06
4.5967832971e-06
4.5959809971e-06
4.5951787171e-06
4.5943764171e-06
4.5935741372e-06
4.5927718372e-06
4.5919695372e-06
4.5911672572e-06
4.5903649572e-06
4.5895626772e-06
4.5887603772e-06
4.5879580772e-06
4.5871557972e-06
4.5863534972e-06
4.5855511972e-06
4.5847489172e-06
4.5839466172e-06
4.5831443372e-06
4.5823420372e-06
4.5815397372e-06
4.5807374572e-06
4.5799351572e-06
4.5791328772e-06
4.5783305772e-06
4.5775282772e-06
4.5767259973e-06
4.5759236973e-06
4.5751213973e-06
4.5743191173e-06
4.5735168173e-06
4.5727145373e-06
4.5719122373e-06
4.5711099373e-06
4.5703076573e-06
4.5695053573e-06
4.5687030773e-06
4.5679007773e-06
4.5670984773e-06
4.5662961973e-06
4.5654938973e-06
4.5646916173e-06
4.5638893173e-06
4.5630870173e-06
4.5622847373e-06
4.5614824373e-06
4.5606801374e-06
4.5598778574e-06
4.5590755574e-06
4.5582732774e-06
4.5574709774e-06
4.5566686774e-06
4.5558663974e-06
4.5550640974e-06
4.5542618174e-06
4.5534595174e-06
4.5526572174e-06
4.5518549374e-06
4.5510526374e-06
4.5502503374e-06
4.5494480574e-06
4.5486457574e-06
4.5478434774e-06
4.5470411774e-06
4.5462388774e-06
4.5454365974e-06
4.5446342974e-06
4.5438320175e-06
4.5430297175e-06
4.5422274175e-06
4.5414251375e-06
4.5406228375e-06
4.5398205575e-06
4.5390182575e-06
4.5382159575e-06
4.5374136775e-06
4.5366113775e-06
4.5358090775e-06
4.5350067975e-06
4.5342044975e-06
4.5325999175e-06
4.5325999175e-06
4.5341667375e-06
4.5357335575e-06
4.5373003775e-06
4.5388671975e-06
4.5404340175e-06
4.5420008375e-06
4.5435676575e-06
4.5451344774e-06
4.5467012974e-06
4.5482681174e-06
4.5498349374e-06
4.5514017574e-06
4.5529685774e-06
4.5545353974e-06
4.5561022174e-06
4.5576690374e-06
4.5592358574e-06
4.5608026774e-06
4.5623694973e-06
4.5639363173e-06
4.5655031373e-06
4.5670699573e-06
4.5686367773e-06
4.5702035973e-06
4.5717704173e-06
4.5733372373e-06
4.5749040573e-06
4.5764708773e-06
4.5780376972e-06
4.5796045172e-06
4.5811713372e-06
4.5827381572e-06
4.5843049772e-06
4.5858717972e-06
4.5874386172e-06
4.5890054372e-06
4.5905722772e-06
4.5921390972e-06
4.5937059172e-06
4.5952727371e-06
4.5968395571e-06
4.5984063771e-06
4.5999731971e-06
4.6015400171e-06
4.6031068371e-06
4.6046736571e-06
4.6062404771e-06
4.6078072971e-06
4.6093741171e-06
4.610940937e-06
4.612507757e-06
4.614074577e-06
4.615641397e-06
4.617208217e-06
4.618775037e-06
4.620341857e-06
4.621908677e-06
4.623475497e-06
4.625042317e-06
4.626609137e-06
4.6281759569e-06
4.6297427769e-06
4.6313095969e-06
4.6328764169e-06
4.6344432369e-06
4.6360100569e-06
4.6375768769e-06
4.6391436969e-06
4.6407105169e-06
4.6422773369e-06
4.6438441568e-06
4.6454109768e-06
4.6469777968e-06
4.6485446168e-06
4.6501114368e-06
4.6516782568e-06
4.6532450768e-06
4.6548118968e-06
4.6563787168e-06
4.6579455368e-06
4.6595123568e-06
4.6610791767e-06
4.6626459967e-06
4.6642128167e-06
4.6657796367e-06
4.6673464567e-06
4.6689132767e-06
4.6704800967e-06
4.6720469167e-06
4.6736137367e-06
4.6751805567e-06
4.6767473766e-06
4.6783141966e-06
4.6798810166e-06
4.6814478366e-06
4.6830146566e-06
4.6845814766e-06
4.6861482966e-06
4.6877151166e-06
4.6892819366e-06
4.6908487566e-06
4.6924155766e-06
4.6939823965e-06
4.6955492165e-06
4.6971160365e-06
4.6986828565e-06
4.7002496765e-06
4.7018164965e-06
4.7033833365e-06
4.7049501565e-06
4.7065169765e-06
4.7080837965e-06
4.7096506164e-06
4.7112174364e-06
4.7127842564e-06
4.7143510764e-06
4.7159178964e-06
4.7174847164e-06
4.7190515364e-06
4.7206183564e-06
4.7221851764e-06
4.7237519964e-06
4.7253188164e-06
4.7268856363e-06
4.7284524563e-06
4.7300192763e-06
4.7315860963e-06
4.7331529163e-06
4.7347197363e-06
4.7362865563e-06
4.7378533763e-06
4.7394201963e-06
4.7409870163e-06
4.7425538362e-06
4.7441206562e-06
4.7456874762e-06
4.7472542962e-06
4.7488211162e-06
4.7503879362e-06
4.7519547562e-06
4.7535215762e-06
4.7550883962e-06
4.7566552162e-06
4.7582220362e-06
4.7597888561e-06
4.7613556761e-06
4.7629224961e-06
4.7644893161e-06
4.7660561361e-06
4.7676229561e-06
4.7691897761e-06
4.7707565961e-06
4.7723234161e-06
4.7738902361e-06
4.775457056e-06
4.777023876e-06
4.778590696e-06
4.780157516e-06
4.781724336e-06
4.783291156e-06
4.784857976e-06
4.786424796e-06
4.787991616e-06
4.789558436e-06
4.791125256e-06
4.7926920759e-06
4.7942588959e-06
4.7958257159e-06
4.7973925359e-06
4.7989593559e-06
4.8005261759e-06
4.8020929959e-06
4.8036598159e-06
4.8052266359e-06
4.8067934559e-06
4.8083602758e-06
4.8099270958e-06
4.8114939158e-06
4.8130607358e-06
4.8146275558e-06
4.8161943958e-06
4.8177612158e-06
4.8193280358e-06
4.8208948558e-06
4.8224616758e-06
4.8240284958e-06
4.8255953157e-06
4.8271621357e-06
4.8287289557e-06
4.8302957757e-06
4.8318625957e-06
4.8334294157e-06
4.8349962357e-06
4.8365630557e-06
4.8381298757e-06
4.8396966957e-06
4.8412635156e-06
4.8428303356e-06
4.8443971556e-06
4.8459639756e-06
4.8475307956e-06
4.8490976156e-06
4.8506644356e-06
4.8522312556e-06
4.8537980756e-06
4.8553648956e-06
4.8569317156e-06
4.8584985355e-06
4.8600653555e-06
4.8616321755e-06
4.8631989955e-06
4.8647658155e-06
4.8663326355e-06
4.8678994555e-06
4.8694662755e-06
4.8725999155e-06
4.8525999156e-06
5.1325999139e-06
5.1325999139e-06
5.1317161939e-06
5.1308324739e-06
5.1299487539e-06
5.1290650339e-06
5.1281813139e-06
5.1272975939e-06
5.1264138739e-06
5.1255301539e-06
5.1246464339e-06
5.1237627139e-06
5.1228789739e-06
5.1219952539e-06
5.1211115339e-06
5.120227814e-06
5.119344094e-06
5.118460374e-06
5.117576654e-06
5.116692934e-06
5.115809214e-06
5.114925494e-06
5.114041774e-06
5.113158054e-06
5.112274334e-06
5.111390614e-06
5.110506894e-06
5.109623174e-06
5.108739454e-06
5.107855734e-06
5.106972014e-06
5.106088294e-06
5.105204574e-06
5.104320854e-06
5.1034371141e-06
5.1025533941e-06
5.1016696741e-06
5.1007859541e-06
5.0999022341e-06
5.0990185141e-06
5.0981347941e-06
5.0972510741e-06
5.0963673541e-06
5.0954836341e-06
5.0945999141e-06
5.0937161941e-06
5.0928324741e-06
5.0919487541e-06
5.0910650341e-06
5.0901813141e-06
5.0892975941e-06
5.0884138741e-06
5.0875301541e-06
5.0866464342e-06
5.0857627142e-06
5.0848789742e-06
5.0839952542e-06
5.0831115342e-06
5.0822278142e-06
5.0813440942e-06
5.0804603742e-06
5.0795766542e-06
5.0786929342e-06
5.0778092142e-06
5.0769254942e-06
5.0760417742e-06
5.0751580542e-06
5.0742743342e-06
5.0733906142e-06
5.0725068942e-06
5.0716231742e-06
5.0707394543e-06
5.0698557343e-06
5.0689720143e-06
5.0680882943e-06
5.0672045743e-06
5.0663208543e-06
5.0654371143e-06
5.0645533943e-06
5.0636696743e-06
5.0627859543e-06
5.0619022343e-06
5.0610185143e-06
5.0601347943e-06
5.0592510743e-06
5.0583673543e-06
5.0574836343e-06
5.0565999143e-06
5.0557161943e-06
5.0548324743e-06
5.0539487544e-06
5.0530650344e-06
5.0521813144e-06
5.0512975944e-06
5.0504138744e-06
5.0495301544e-06
5.0486464344e-06
5.0477627144e-06
5.0468789744e-06
5.0459952544e-06
5.0451115344e-06
5.0442278144e-06
5.0433440944e-06
5.0424603744e-06
5.0415766544e-06
5.0406929344e-06
5.0398092144e-06
5.0389254944e-06
5.0380417744e-06
5.0371580545e-06
5.0362743345e-06
5.0353906145e-06
5.0345068945e-06
5.0336231745e-06
5.0327394545e-06
5.0318557345e-06
5.0309720145e-06
5.0300882945e-06
5.0292045745e-06
5.0283208545e-06
5.0274371145e-06
5.0265533945e-06
5.0256696745e-06
5.0247859545e-06
5.0239022345e-06
5.0230185145e-06
5.0221347945e-06
5.0212510746e-06
5.0203673546e-06
5.0194836346e-06
5.0185999146e-06
5.0177161946e-06
5.0168324746e-06
5.0159487546e-06
5.0150650346e-06
5.0141813146e-06
5.0132975946e-06
5.0124138746e-06
5.0115301546e-06
5.0106464346e-06
5.0097627146e-06
5.0088789746e-06
5.0079952546e-06
5.0071115346e-06
5.0062278146e-06
5.0053440946e-06
5.0044603747e-06
5.0035766547e-06
5.0026929347e-06
5.0018092147e-06
5.0009254947e-06
5.0000417747e-06
4.9991580547e-06
4.9982743347e-06
4.9973906147e-06
4.9965068947e-06
4.9956231747e-06
4.9947394547e-06
4.9938557347e-06
4.9929720147e-06
4.9920882947e-06
4.9912045747e-06
4.9903208547e-06
4.9894371147e-06
4.9885533948e-06
4.9876696748e-06
4.9867859548e-06
4.9859022348e-06
4.9850185148e-06
4.9841347948e-06
4.9832510748e-06
4.9823673548e-06
4.9814836348e-06
4.9805999148e-06
4.9797161948e-06
4.9788324748e-06
4.9779487548e-06
4.9770650348e-06
4.9761813148e-06
4.9752975948e-06
4.9744138748e-06
4.9735301548e-06
4.9726464348e-06
4.9717627149e-06
4.9708789749e-06
4.9699952549e-06
4.9691115349e-06
4.9682278149e-06
4.9673440949e-06
4.9664603749e-06
4.9655766549e-06
4.9646929349e-06
4.9638092149e-06
4.9629254949e-06
4.9620417749e-06
4.9611580549e-06
4.9602743349e-06
4.9593906149e-06
4.9585068949e-06
4.9576231749e-06
4.9567394549e-06
4.9558557349e-06
4.954972015e-06
4.954088295e-06
4.953204575e-06
4.952320855e-06
4.951437115e-06
4.950553395e-06
4.949669675e-06
4.948785955e-06
4.947902235e-06
4.947018515e-06
4.946134795e-06
4.945251075e-06
4.944367355e-06
4.943483635e-06
4.942599915e-06
4.941716195e-06
4.940832475e-06
4.939948755e-06
4.9390650351e-06
4.9381813151e-06
4.9372975951e-06
4.9364138751e-06
4.9355301551e-06
4.9346464351e-06
4.9337627151e-06
4.9328789751e-06
4.9319952551e-06
4.9311115351e-06
4.9302278151e-06
4.9293440951e-06
4.9284603751e-06
4.9275766551e-06
4.9266929351e-06
4.9258092151e-06
4.9249254951e-06
4.9240417751e-06
4.9231580551e-06
4.9222743352e-06
4.9213906152e-06
4.9205068952e-06
4.9196231752e-06
4.9187394552e-06
4.9178557352e-06
4.9169720152e-06
4.9160882952e-06
4.9152045752e-06
4.9143208552e-06
4.9134371152e-06
4.9125533952e-06
4.9116696752e-06
4.9107859552e-06
4.9099022352e-06
4.9090185152e-06
4.9081347952e-06
4.9072510752e-06
4.9063673553e-06
4.9054836353e-06
4.9045999153e-06
4.9037161953e-06
4.9028324753e-06
4.9019487553e-06
4.9010650353e-06
4.9001813153e-06
4.8992975953e-06
4.8984138753e-06
4.8975301553e-06
4.8966464353e-06
4.8957627153e-06
4.8948789753e-06
4.8939952553e-06
4.8931115353e-06
4.8922278153e-06
4.8913440953e-06
4.8904603753e-06
4.8895766554e-06
4.8886929354e-06
4.8878092154e-06
4.8869254954e-06
4.8860417754e-06
4.8851580554e-06
4.8842743354e-06
4.8833906154e-06
4.8825068954e-06
4.8816231754e-06
4.8807394554e-06
4.8798557354e-06
4.8789720154e-06
4.8780882954e-06
4.8772045754e-06
4.8763208554e-06
4.8754371154e-06
4.8745533954e-06
4.8736696754e-06
4.8727859555e-06
4.8719022355e-06
4.8710185155e-06
4.8701347955e-06
4.8692510755e-06
4.8683673555e-06
4.8674836355e-06
4.8665999155e-06
4.8657161955e-06
4.8648324755e-06
4.8639487555e-06
4.8630650355e-06
4.8621813155e-06
4.8612975955e-06
4.8604138755e-06
4.8595301555e-06
4.8586464355e-06
4.8577627155e-06
4.8568789756e-06
4.8559952556e-06
4.8551115356e-06
4.8542278156e-06
4.8533440956e-06
4.8524603756e-06
4.8515766556e-06
4.8506929356e-06
4.8498092156e-06
4.8489254956e-06
4.8480417756e-06
4.8471580556e-06
4.8462743356e-06
4.8453906156e-06
4.8445068956e-06
4.8436231756e-06
4.8427394556e-06
4.8418557356e-06
4.8409720156e-06
4.8400882957e-06
4.8392045757e-06
4.8383208557e-06
4.8374371157e-06
4.8365533957e-06
4.8356696757e-06
4.8347859557e-06
4.8339022357e-06
4.8330185157e-06
4.8321347957e-06
4.8312510757e-06
4.8303673557e-06
4.8294836357e-06
4.8285999157e-06
4.8277161957e-06
4.8268324757e-06
4.8259487557e-06
4.8250650357e-06
4.8241813157e-06
4.8232975958e-06
4.8224138758e-06
4.8215301558e-06
4.8206464358e-06
4.8197627158e-06
4.8188789758e-06
4.8179952558e-06
4.8171115358e-06
4.8162278158e-06
4.8153440958e-06
4.8144603758e-06
4.8135766558e-06
4.8126929358e-06
4.8118092158e-06
4.8109254958e-06
4.8100417758e-06
4.8091580558e-06
4.8082743358e-06
4.8073906159e-06
4.8065068959e-06
4.8056231759e-06
4.8047394559e-06
4.8038557359e-06
4.8029720159e-06
4.8020882959e-06
4.8012045759e-06
4.8003208559e-06
4.7994371159e-06
4.7985533959e-06
4.7976696759e-06
4.7967859559e-06
4.7959022359e-06
4.7950185159e-06
4.7941347959e-06
4.7932510759e-06
4.7923673559e-06
4.7914836359e-06
4.790599916e-06
4.789716196e-06
4.788832476e-06
4.787948756e-06
4.787065036e-06
4.786181316e-06
4.785297596e-06
4.784413876e-06
4.783530156e-06
4.782646436e-06
4.781762716e-06
4.780878976e-06
4.779995256e-06
4.779111536e-06
4.778227816e-06
4.777344096e-06
4.776460376e-06
4.775576656e-06
4.7746929361e-06
4.7738092161e-06
4.7729254961e-06
4.7720417761e-06
4.7711580561e-06
4.7702743361e-06
4.7693906161e-06
4.7685068961e-06
4.7676231761e-06
4.7667394561e-06
4.7658557361e-06
4.7649720161e-06
4.7640882961e-06
4.7632045761e-06
4.7623208561e-06
4.7614371161e-06
4.7605533961e-06
4.7596696761e-06
4.7587859561e-06
4.7579022362e-06
4.7570185162e-06
4.7561347962e-06
4.7552510762e-06
4.7543673562e-06
4.7525999162e-06
4.4725999179e-06
4.4725999179e-06
4.4708607779e-06
4.4691216579e-06
4.4673825179e-06
4.4656433979e-06
4.4639042579e-06
4.4621651379e-06
4.460425998e-06
4.458686878e-06
4.456947738e-06
4.455208618e-06
4.453469478e-06
4.451730358e-06
4.449991218e-06
4.448252098e-06
4.446512958e-06
4.4447738381e-06
4.4430346981e-06
4.4412955781e-06
4.4395564381e-06
4.4378173181e-06
4.4360781781e-06
4.4343390581e-06
4.4325999181e-06
4.4308607781e-06
4.4291216582e-06
4.4273825182e-06
4.4256433982e-06
4.4239042582e-06
4.4221651382e-06
4.4204259982e-06
4.4186868782e-06
4.4169477382e-06
4.4152086182e-06
4.4134694782e-06
4.4117303583e-06
4.4099912183e-06
4.4082520983e-06
4.4065129583e-06
4.4047738383e-06
4.4030346983e-06
4.4012955783e-06
4.3995564383e-06
4.3978173183e-06
4.3960781784e-06
4.3943390584e-06
4.3925999184e-06
4.3908607784e-06
4.3891216584e-06
4.3873825184e-06
4.3856433984e-06
4.3839042584e-06
4.3821651384e-06
4.3804259984e-06
4.3786868785e-06
4.3769477385e-06
4.3752086185e-06
4.3734694785e-06
4.3717303585e-06
4.3699912185e-06
4.3682520985e-06
4.3665129585e-06
4.3647738385e-06
4.3630346986e-06
4.3612955786e-06
4.3595564386e-06
4.3578173186e-06
4.3560781786e-06
4.3543390586e-06
4.3525999186e-06
4.3508607786e-06
4.3491216586e-06
4.3473825186e-06
4.3456433987e-06
4.3439042587e-06
4.3421651387e-06
4.3404259987e-06
4.3386868787e-06
4.3369477387e-06
4.3352086187e-06
4.3334694787e-06
4.3317303587e-06
4.3299912188e-06
4.3282520988e-06
4.3265129588e-06
4.3247738388e-06
4.3230346988e-06
4.3212955788e-06
4.3195564388e-06
4.3178173188e-06
4.3160781788e-06
4.3125999189e-06
4.3125999189e-06
4.3153375588e-06
4.3180751988e-06
4.3208128388e-06
4.3235504988e-06
4.3262881388e-06
4.3290257788e-06
4.3317634187e-06
4.3345010587e-06
4.3372386987e-06
4.3399763387e-06
4.3427139787e-06
4.3454516387e-06
4.3481892786e-06
4.3509269186e-06
4.3536645586e-06
4.3564021986e-06
4.3591398386e-06
4.3618774786e-06
4.3646151185e-06
4.3673527785e-06
4.3700904185e-06
4.3728280585e-06
4.3755656985e-06
4.3783033385e-06
4.3810409784e-06
4.3837786184e-06
4.3865162584e-06
4.3892539184e-06
4.3919915584e-06
4.3947291984e-06
4.3974668383e-06
4.4002044783e-06
4.4029421183e-06
4.4056797583e-06
4.4084174183e-06
4.4111550583e-06
4.4138926982e-06
4.4166303382e-06
4.4193679782e-06
4.4221056182e-06
4.4248432582e-06
4.4275808982e-06
4.4303185581e-06
4.4330561981e-06
4.4357938381e-06
4.4385314781e-06
4.4412691181e-06
4.4440067581e-06
4.446744398e-06
4.449482038e-06
4.452219698e-06
4.454957338e-06
4.457694978e-06
4.460432618e-06
4.4631702579e-06
4.4659078979e-06
4.4686455379e-06
4.4713831779e-06
4.4741208379e-06
4.4768584779e-06
4.4795961178e-06
4.4823337578e-06
4.4850713978e-06
4.4878090378e-06
4.4905466778e-06
4.4932843378e-06
4.4960219777e-06
4.4987596177e-06
4.5014972577e-06
4.5042348977e-06
4.5069725377e-06
4.5097101777e-06
4.5124478176e-06
4.5151854776e-06
4.5179231176e-06
4.5206607576e-06
4.5233983976e-06
4.5261360376e-06
4.5288736775e-06
4.5316113175e-06
4.5343489575e-06
4.5370866175e-06
4.5398242575e-06
4.5425618975e-06
4.5452995374e-06
4.5480371774e-06
4.5507748174e-06
4.5535124574e-06
4.5562501174e-06
4.5589877574e-06
4.5617253973e-06
4.5644630373e-06
4.5672006773e-06
4.5699383173e-06
4.5726759573e-06
4.5754135973e-06
4.5781512572e-06
4.5808888972e-06
4.5836265372e-06
4.5863641772e-06
4.5891018172e-06
4.5918394572e-06
4.5945770971e-06
4.5973147371e-06
4.6000523971e-06
4.6027900371e-06
4.6055276771e-06
4.6082653171e-06
4.611002957e-06
4.613740597e-06
4.616478237e-06
4.619215877e-06
4.621953537e-06
4.624691177e-06
4.6274288169e-06
4.6301664569e-06
4.6329040969e-06
4.6356417369e-06
4.6383793769e-06
4.6411170369e-06
4.6438546768e-06
4.6465923168e-06
4.6493299568e-06
4.6520675968e-06
4.6548052368e-06
4.6575428768e-06
4.6602805167e-06
4.6630181767e-06
4.6657558167e-06
4.6684934567e-06
4.6712310967e-06
4.6739687367e-06
4.6767063766e-06
4.6794440166e-06
4.6821816566e-06
4.6849193166e-06
4.6876569566e-06
4.6903945966e-06
4.6931322365e-06
4.6958698765e-06
4.6986075165e-06
4.7013451565e-06
4.7040827965e-06
4.7068204565e-06
4.7095580964e-06
4.7122957364e-06
4.7150333764e-06
4.7177710164e-06
4.7205086564e-06
4.7232462964e-06
4.7259839563e-06
4.7287215963e-06
4.7314592363e-06
4.7341968763e-06
4.7369345163e-06
4.7396721563e-06
4.7424097962e-06
4.7451474362e-06
4.7478850962e-06
4.7506227362e-06
4.7533603762e-06
4.7560980162e-06
4.7588356561e-06
4.7615732961e-06
4.7643109361e-06
4.7670485761e-06
4.7697862361e-06
4.7725238761e-06
4.775261516e-06
4.777999156e-06
4.780736796e-06
4.783474436e-06
4.786212076e-06
4.788949716e-06
4.7916873759e-06
4.7944250159e-06
4.7971626559e-06
4.7999002959e-06
4.8026379359e-06
4.8053755759e-06
4.8081132158e-06
4.8108508758e-06
4.8135885158e-06
4.8163261558e-06
4.8190637958e-06
4.8218014358e-06
4.8245390757e-06
4.8272767157e-06
4.8300143557e-06
4.8327520157e-06
4.8354896557e-06
4.8382272957e-06
4.8409649356e-06
4.8437025756e-06
4.8464402156e-06
4.8491778556e-06
4.8519154956e-06
4.8546531556e-06
4.8573907955e-06
4.8601284355e-06
4.8628660755e-06
4.8656037155e-06
4.8683413555e-06
4.8710789955e-06
4.8738166554e-06
4.8765542954e-06
4.8792919354e-06
4.8820295754e-06
4.8847672154e-06
4.8875048554e-06
4.8902424953e-06
4.8929801353e-06
4.8957177953e-06
4.8984554353e-06
4.9011930753e-06
4.9039307153e-06
4.9066683552e-06
4.9094059952e-06
4.9121436352e-06
4.9148812752e-06
4.9176189352e-06
4.9203565752e-06
4.9230942151e-06
4.9258318551e-06
4.9285694951e-06
4.9313071351e-06
4.9340447751e-06
4.9367824151e-06
4.939520075e-06
4.942257715e-06
4.944995355e-06
4.947732995e-06
4.950470635e-06
4.953208275e-06
4.9559459149e-06
4.9586835749e-06
4.9614212149e-06
4.9641588549e-06
4.9668964949e-06
4.9696341349e-06
4.9723717748e-06
4.9751094148e-06
4.9778470548e-06
4.9805847148e-06
4.9833223548e-06
4.9860599948e-06
4.9887976347e-06
4.9915352747e-06
4.9942729147e-06
4.9970105547e-06
4.9997481947e-06
5.0024858547e-06
5.0052234946e-06
5.0079611346e-06
5.0106987746e-06
5.0134364146e-06
5.0161740546e-06
5.0189116946e-06
5.0216493345e-06
5.0243869945e-06
5.0271246345e-06
5.0325999145e-06
5.0325999145e-06
5.1225999139e-06
5.2125999134e-06
5.3025999128e-06
5.3925999123e-06
5.4825999117e-06
5.5725999112e-06
5.7525999101e-06
5.7525999101e-06
5.7368856302e-06
5.7211713303e-06
5.7054570504e-06
5.6897427705e-06
5.6740284906e-06
5.6583141907e-06
5.6425999108e-06
5.6268856309e-06
5.611171331e-06
5.5954570511e-06
5.5797427712e-06
5.5640284913e-06
5.5483141913e-06
5.5325999114e-06
5.5168856315e-06
5.5011713316e-06
5.4854570517e-06
5.4697427718e-06
5.4540284919e-06
5.438314192e-06
5.4225999121e-06
5.4068856322e-06
5.3911713323e-06
5.3754570524e-06
5.3597427725e-06
5.3440284926e-06
5.3283141927e-06
5.3125999128e-06
5.2968856329e-06
5.281171333e-06
5.2654570531e-06
5.2497427732e-06
5.2340284933e-06
5.2183141934e-06
5.2025999134e-06
5.1868856335e-06
5.1711713336e-06
5.1554570537e-06
5.1397427738e-06
5.1240284939e-06
5.0925999141e-06
5.0925999141e-06
5.0940284941e-06
5.0954570541e-06
5.0968856341e-06
5.0983141941e-06
5.0997427741e-06
5.1011713341e-06
5.1025999141e-06
5.104028494e-06
5.105457054e-06
5.106885634e-06
5.108314194e-06
5.109742774e-06
5.111171334e-06
5.112599914e-06
5.114028494e-06
5.115457054e-06
5.116885634e-06
5.118314194e-06
5.119742774e-06
5.1211713339e-06
5.1225999139e-06
5.1240284939e-06
5.1254570539e-06
5.1268856339e-06
5.1283141939e-06
5.1297427739e-06
5.1311713339e-06
5.1325999139e-06
5.1340284939e-06
5.1354570539e-06
5.1368856338e-06
5.1383141938e-06
5.1397427738e-06
5.1411713338e-06
5.1425999138e-06
5.1440284938e-06
5.1454570538e-06
5.1468856338e-06
5.1483141938e-06
5.1497427738e-06
5.1511713338e-06
5.1525999138e-06
5.1540284937e-06
5.1554570537e-06
5.1568856337e-06
5.1583141937e-06
5.1597427737e-06
5.1611713337e-06
5.1625999137e-06
5.1640284937e-06
5.1654570537e-06
5.1668856337e-06
5.1683141937e-06
5.1697427736e-06
5.1711713336e-06
5.1725999136e-06
5.1740284936e-06
5.1754570536e-06
5.1768856336e-06
5.1783141936e-06
5.1797427736e-06
5.1811713336e-06
5.1825999136e-06
5.1840284936e-06
5.1854570536e-06
5.1868856335e-06
5.1883141935e-06
5.1897427735e-06
5.1911713335e-06
5.1925999135e-06
5.1940284935e-06
5.1954570535e-06
5.1968856335e-06
5.1983141935e-06
5.1997427735e-06
5.2011713335e-06
5.2025999134e-06
5.2040284934e-06
5.2054570534e-06
5.2068856334e-06
5.2083141934e-06
5.2097427734e-06
5.2111713334e-06
5.2125999134e-06
5.2140284934e-06
5.2154570534e-06
5.2168856334e-06
5.2183141934e-06
5.2197427733e-06
5.2211713333e-06
5.2225999133e-06
5.2240284933e-06
5.2254570533e-06
5.2268856333e-06
5.2283141933e-06
5.2297427733e-06
5.2311713333e-06
5.2325999133e-06
5.2340284933e-06
5.2354570533e-06
5.2368856332e-06
5.2383141932e-06
5.2397427732e-06
5.2411713332e-06
5.2425999132e-06
5.2440284932e-06
5.2454570532e-06
5.2468856332e-06
5.2483141932e-06
5.2497427732e-06
5.2511713332e-06
5.2525999131e-06
5.2540284931e-06
5.2554570531e-06
5.2568856331e-06
5.2583141931e-06
5.2597427731e-06
5.2611713331e-06
5.2625999131e-06
5.2640284931e-06
5.2654570531e-06
5.2668856331e-06
5.2683141931e-06
5.269742773e-06
5.272599913e-06
5.5525999113e-06
5.5525999113e-06
5.5515518713e-06
5.5505038513e-06
5.5494558113e-06
5.5484077713e-06
5.5473597314e-06
5.5463117114e-06
5.5452636714e-06
5.5442156314e-06
5.5431675914e-06
5.5421195714e-06
5.5410715314e-06
5.5400234914e-06
5.5389754514e-06
5.5379274314e-06
5.5368793914e-06
5.5358313514e-06
5.5347833114e-06
5.5337352914e-06
5.5326872514e-06
5.5316392114e-06
5.5305911715e-06
5.5295431515e-06
5.5284951115e-06
5.5274470715e-06
5.5263990315e-06
5.5253510115e-06
5.5243029715e-06
5.5232549315e-06
5.5222068915e-06
5.5211588715e-06
5.5201108315e-06
5.5190627915e-06
5.5180147515e-06
5.5169667315e-06
5.5159186915e-06
5.5148706516e-06
5.5138226116e-06
5.5127745916e-06
5.5117265516e-06
5.5106785116e-06
5.5096304716e-06
5.5085824516e-06
5.5075344116e-06
5.5064863716e-06
5.5054383316e-06
5.5043903116e-06
5.5033422716e-06
5.5022942316e-06
5.5012461916e-06
5.5001981716e-06
5.4991501316e-06
5.4981020917e-06
5.4970540517e-06
5.4960060317e-06
5.4949579917e-06
5.4939099517e-06
5.4928619117e-06
5.4918138917e-06
5.4907658517e-06
5.4897178117e-06
5.4886697717e-06
5.4876217517e-06
5.4865737117e-06
5.4855256717e-06
5.4844776317e-06
5.4834296117e-06
5.4823815717e-06
5.4813335318e-06
5.4802854918e-06
5.4792374718e-06
5.4781894318e-06
5.4771413918e-06
5.4760933518e-06
5.4750453318e-06
5.4739972918e-06
5.4729492518e-06
5.4719012318e-06
5.4708531918e-06
5.4698051518e-06
5.4687571118e-06
5.4677090918e-06
5.4666610518e-06
5.4656130119e-06
5.4645649719e-06
5.4635169519e-06
5.4624689119e-06
5.4614208719e-06
5.4603728319e-06
5.4593248119e-06
5.4582767719e-06
5.4572287319e-06
5.4561806919e-06
5.4551326719e-06
5.4540846319e-06
5.4530365919e-06
5.4519885519e-06
5.4509405319e-06
5.4498924919e-06
5.448844452e-06
5.447796412e-06
5.446748392e-06
5.445700352e-06
5.444652312e-06
5.443604272e-06
5.442556252e-06
5.441508212e-06
5.440460172e-06
5.439412132e-06
5.438364112e-06
5.437316072e-06
5.436268032e-06
5.435219992e-06
5.434171972e-06
5.433123932e-06
5.4320758921e-06
5.4310278521e-06
5.4299798321e-06
5.4289317921e-06
5.4278837521e-06
5.4268357121e-06
5.4257876921e-06
5.4247396521e-06
5.4236916121e-06
5.4226435721e-06
5.4215955521e-06
5.4205475121e-06
5.4194994721e-06
5.4184514321e-06
5.4174034121e-06
5.4163553722e-06
5.4153073322e-06
5.4142592922e-06
5.4132112722e-06
5.4121632322e-06
5.4111151922e-06
5.4100671522e-06
5.4090191322e-06
5.4079710922e-06
5.4069230522e-06
5.4058750122e-06
5.4048269922e-06
5.4037789522e-06
5.4027309122e-06
5.4016828722e-06
5.4006348522e-06
5.3995868123e-06
5.3985387723e-06
5.3974907323e-06
5.3964427123e-06
5.3953946723e-06
5.3943466323e-06
5.3932985923e-06
5.3922505723e-06
5.3912025323e-06
5.3901544923e-06
5.3891064723e-06
5.3880584323e-06
5.3870103923e-06
5.3859623523e-06
5.3849143323e-06
5.3838662923e-06
5.3828182524e-06
5.3817702124e-06
5.3807221924e-06
5.3796741524e-06
5.3786261124e-06
5.3775780724e-06
5.3765300524e-06
5.3754820124e-06
5.3744339724e-06
5.3733859324e-06
5.3723379124e-06
5.3712898724e-06
5.3702418324e-06
5.3691937924e-06
5.3681457724e-06
5.3670977324e-06
5.3660496925e-06
5.3650016525e-06
5.3639536325e-06
5.3629055925e-06
5.3618575525e-06
5.3608095125e-06
5.3597614925e-06
5.3587134525e-06
5.3576654125e-06
5.3566173725e-06
5.3555693525e-06
5.3545213125e-06
5.3534732725e-06
5.3524252325e-06
5.3513772125e-06
5.3503291726e-06
5.3492811326e-06
5.3482330926e-06
5.3471850726e-06
5.3461370326e-06
5.3450889926e-06
5.3440409526e-06
5.3429929326e-06
5.3419448926e-06
5.3408968526e-06
5.3398488126e-06
5.3388007926e-06
5.3377527526e-06
5.3367047126e-06
5.3356566726e-06
5.3346086526e-06
5.3335606127e-06
5.3325125727e-06
5.3314645327e-06
5.3304165127e-06
5.3293684727e-06
5.3283204327e-06
5.3272723927e-06
5.3262243727e-06
5.3251763327e-06
5.3241282927e-06
5.3230802527e-06
5.3220322327e-06
5.3209841927e-06
5.3199361527e-06
5.3188881127e-06
5.3178400927e-06
5.3167920528e-06
5.3157440128e-06
5.3146959728e-06
5.3125999128e-06
