5.6525999107e-06
5.6525999107e-06
5.6359332508e-06
5.6192665709e-06
5.602599911e-06
5.5859332511e-06
5.5525999113e-06
5.5525999113e-06
5.5668856312e-06
5.5811713311e-06
5.5954570511e-06
5.609742771e-06
5.6240284909e-06
5.6525999107e-06
5.6525999107e-06
5.6520443507e-06
5.6514887907e-06
5.6509332507e-06
5.6503776907e-06
5.6498221307e-06
5.6492665707e-06
5.6487110307e-06
5.6481554707e-06
5.6475999107e-06
5.6470443507e-06
5.6464887908e-06
5.6459332508e-06
5.6453776908e-06
5.6448221308e-06
5.6442665708e-06
5.6437110308e-06
5.6431554708e-06
5.6425999108e-06
5.6420443508e-06
5.6414887908e-06
5.6409332508e-06
5.6403776908e-06
5.6398221308e-06
5.6392665708e-06
5.6387110308e-06
5.6381554708e-06
5.6375999108e-06
5.6370443508e-06
5.6364887908e-06
5.6359332508e-06
5.6353776908e-06
5.6348221308e-06
5.6342665708e-06
5.6337110308e-06
5.6325999108e-06
5.6325999108e-06
5.6205999109e-06
5.608599911e-06
5.5965999111e-06
5.5725999112e-06
5.4925999117e-06
5.6325999108e-06
5.6325999108e-06
5.6325999108e-06
5.6325999108e-06
5.6325999108e-06
5.6325999108e-06
5.6325999108e-06
5.6325999108e-06
5.6325999108e-06
5.6325999108e-06
5.6325999108e-06
5.6325999108e-06
5.6325999108e-06
5.6392665708e-06
5.6525999107e-06
5.5525999113e-06
5.6525999107e-06
5.6525999107e-06
5.6325999108e-06
5.6325999108e-06
5.6312665708e-06
5.6299332509e-06
5.6285999109e-06
5.6272665709e-06
5.6259332509e-06
5.6245999109e-06
5.6232665709e-06
5.6219332509e-06
5.6205999109e-06
5.6192665709e-06
5.6179332509e-06
5.6165999109e-06
5.6152665709e-06
5.6139332509e-06
5.612599911e-06
5.611266571e-06
5.609933251e-06
5.608599911e-06
5.607266571e-06
5.605933251e-06
5.604599911e-06
5.603266571e-06
5.601933251e-06
5.600599911e-06
5.599266571e-06
5.597933251e-06
5.5965999111e-06
5.5952665711e-06
5.5939332511e-06
5.5925999111e-06
5.5912665711e-06
5.5899332511e-06
5.5885999111e-06
5.5872665711e-06
5.5859332511e-06
5.5845999111e-06
5.5832665711e-06
5.5819332511e-06
5.5805999112e-06
5.5792665712e-06
5.5779332512e-06
5.5765999112e-06
5.5752665712e-06
5.5739332512e-06
5.5725999112e-06
5.5712665712e-06
5.5699332512e-06
5.5685999112e-06
5.5672665712e-06
5.5659332512e-06
5.5645999112e-06
5.5632665713e-06
5.5619332513e-06
5.5605999113e-06
5.5592665713e-06
5.5579332513e-06
5.5565999113e-06
5.5552665713e-06
5.5539332513e-06
5.5525999113e-06
5.5512665713e-06
5.5499332513e-06
5.5485999113e-06
5.5472665714e-06
5.5459332514e-06
5.5445999114e-06
5.5432665714e-06
5.5419332514e-06
5.5405999114e-06
5.5392665714e-06
5.5379332514e-06
5.5365999114e-06
5.5352665714e-06
5.5339332514e-06
5.5325999114e-06
5.5312665715e-06
5.5299332515e-06
5.5285999115e-06
5.5272665715e-06
5.5259332515e-06
5.5245999115e-06
5.5232665715e-06
5.5219332515e-06
5.5205999115e-06
5.5192665715e-06
5.5179332515e-06
5.5165999115e-06
5.5152665715e-06
5.5139332516e-06
5.5125999116e-06
5.5112665716e-06
5.5099332516e-06
5.5085999116e-06
5.5072665716e-06
5.5059332516e-06
5.5045999116e-06
5.5032665716e-06
5.5019332516e-06
5.5005999116e-06
5.4992665716e-06
5.4979332517e-06
5.4965999117e-06
5.4952665717e-06
5.4939332517e-06
5.4925999117e-06
5.4912665717e-06
5.4899332517e-06
5.4885999117e-06
5.4872665717e-06
5.4859332517e-06
5.4845999117e-06
5.4832665717e-06
5.4819332518e-06
5.4805999118e-06
5.4792665718e-06
5.4779332518e-06
5.4765999118e-06
5.4752665718e-06
5.4739332518e-06
5.4725999118e-06
5.4712665718e-06
5.4699332518e-06
5.4685999118e-06
5.4672665718e-06
5.4659332518e-06
5.4645999119e-06
5.4632665719e-06
5.4619332519e-06
5.4605999119e-06
5.4592665719e-06
5.4579332519e-06
5.4565999119e-06
5.4552665719e-06
5.4539332519e-06
5.4525999119e-06
5.4512665719e-06
5.4499332519e-06
5.448599912e-06
5.447266572e-06
5.445933252e-06
5.444599912e-06
5.443266572e-06
5.441933252e-06
5.440599912e-06
5.439266572e-06
5.437933252e-06
5.436599912e-06
5.435266572e-06
5.433933252e-06
5.4325999121e-06
5.4312665721e-06
5.4299332521e-06
5.4285999121e-06
5.4272665721e-06
5.4259332521e-06
5.4245999121e-06
5.4232665721e-06
5.4219332521e-06
5.4205999121e-06
5.4192665721e-06
5.4179332521e-06
5.4165999121e-06
5.4152665722e-06
5.4139332522e-06
5.4125999122e-06
5.4112665722e-06
5.4099332522e-06
5.4085999122e-06
5.4072665722e-06
5.4059332522e-06
5.4045999122e-06
5.4032665722e-06
5.4019332522e-06
5.4005999122e-06
5.3992665723e-06
5.3979332523e-06
5.3965999123e-06
5.3952665723e-06
5.3939332523e-06
5.3925999123e-06
5.3912665723e-06
5.3899332523e-06
5.3885999123e-06
5.3872665723e-06
5.3859332523e-06
5.3845999123e-06
5.3832665724e-06
5.3819332524e-06
5.3805999124e-06
5.3792665724e-06
5.3779332524e-06
5.3765999124e-06
5.3752665724e-06
5.3739332524e-06
5.3725999124e-06
5.3712665724e-06
5.3699332524e-06
5.3685999124e-06
5.3672665724e-06
5.3659332525e-06
5.3645999125e-06
5.3632665725e-06
5.3619332525e-06
5.3605999125e-06
5.3592665725e-06
5.3579332525e-06
5.3565999125e-06
5.3552665725e-06
5.3539332525e-06
5.3525999125e-06
5.3512665725e-06
5.3499332526e-06
5.3485999126e-06
5.3472665726e-06
5.3459332526e-06
5.3445999126e-06
5.3432665726e-06
5.3419332526e-06
5.3405999126e-06
5.3392665726e-06
5.3379332526e-06
5.3365999126e-06
5.3352665726e-06
5.3339332527e-06
5.3325999127e-06
5.3312665727e-06
5.3299332527e-06
5.3285999127e-06
5.3272665727e-06
5.3259332527e-06
5.3245999127e-06
5.3232665727e-06
5.3219332527e-06
5.3205999127e-06
5.3192665727e-06
5.3179332527e-06
5.3165999128e-06
5.3152665728e-06
5.3139332528e-06
5.3125999128e-06
5.3112665728e-06
5.3099332528e-06
5.3085999128e-06
5.3072665728e-06
5.3059332528e-06
5.3045999128e-06
5.3032665728e-06
5.3019332528e-06
5.3005999129e-06
5.2992665729e-06
5.2979332529e-06
5.2965999129e-06
5.2952665729e-06
5.2939332529e-06
5.2925999129e-06
5.2912665729e-06
5.2899332529e-06
5.2885999129e-06
5.2872665729e-06
5.2859332529e-06
5.284599913e-06
5.283266573e-06
5.281933253e-06
5.280599913e-06
5.279266573e-06
5.277933253e-06
5.276599913e-06
5.275266573e-06
5.273933253e-06
5.272599913e-06
5.271266573e-06
5.269933253e-06
5.268599913e-06
5.2672665731e-06
5.2659332531e-06
5.2645999131e-06
5.2632665731e-06
5.2619332531e-06
5.2605999131e-06
5.2592665731e-06
5.2579332531e-06
5.2565999131e-06
5.2552665731e-06
5.2539332531e-06
5.2525999131e-06
5.2512665732e-06
5.2499332532e-06
5.2485999132e-06
5.2472665732e-06
5.2459332532e-06
5.2445999132e-06
5.2432665732e-06
5.2419332532e-06
5.2405999132e-06
5.2392665732e-06
5.2379332532e-06
5.2365999132e-06
5.2352665733e-06
5.2339332533e-06
5.2325999133e-06
5.2312665733e-06
5.2299332533e-06
5.2285999133e-06
5.2272665733e-06
5.2259332533e-06
5.2245999133e-06
5.2232665733e-06
5.2219332533e-06
5.2205999133e-06
5.2192665733e-06
5.2179332534e-06
5.2165999134e-06
5.2152665734e-06
5.2139332534e-06
5.2125999134e-06
5.2112665734e-06
5.2099332534e-06
5.2085999134e-06
5.2072665734e-06
5.2059332534e-06
5.2045999134e-06
5.2032665734e-06
5.2019332535e-06
5.2005999135e-06
5.1992665735e-06
5.1979332535e-06
5.1965999135e-06
5.1952665735e-06
5.1939332535e-06
5.1925999135e-06
5.1912665735e-06
5.1899332535e-06
5.1885999135e-06
5.1872665735e-06
5.1859332536e-06
5.1845999136e-06
5.1832665736e-06
5.1819332536e-06
5.1805999136e-06
5.1792665736e-06
5.1779332536e-06
5.1765999136e-06
5.1752665736e-06
5.1739332536e-06
5.1725999136e-06
5.1712665736e-06
5.1699332536e-06
5.1685999137e-06
5.1672665737e-06
5.1659332537e-06
5.1645999137e-06
5.1632665737e-06
5.1619332537e-06
5.1605999137e-06
5.1592665737e-06
5.1579332537e-06
5.1565999137e-06
5.1552665737e-06
5.1539332537e-06
5.1525999138e-06
5.1512665738e-06
5.1499332538e-06
5.1485999138e-06
5.1472665738e-06
5.1459332538e-06
5.1445999138e-06
5.1432665738e-06
5.1419332538e-06
5.1405999138e-06
5.1392665738e-06
5.1379332538e-06
5.1365999139e-06
5.1352665739e-06
5.1339332539e-06
5.1325999139e-06
5.1312665739e-06
5.1299332539e-06
5.1285999139e-06
5.1272665739e-06
5.1259332539e-06
5.1245999139e-06
5.1232665739e-06
5.1219332539e-06
5.1205999139e-06
5.119266574e-06
5.117933254e-06
5.116599914e-06
5.115266574e-06
5.113933254e-06
5.112599914e-06
5.111266574e-06
5.109933254e-06
5.108599914e-06
5.107266574e-06
5.105933254e-06
5.104599914e-06
5.1032665741e-06
5.1019332541e-06
5.1005999141e-06
5.0992665741e-06
5.0979332541e-06
5.0965999141e-06
5.0952665741e-06
5.0939332541e-06
5.0925999141e-06
5.0912665741e-06
5.0899332541e-06
5.0885999141e-06
5.0872665742e-06
5.0859332542e-06
5.0845999142e-06
5.0832665742e-06
5.0819332542e-06
5.0805999142e-06
5.0792665742e-06
5.0779332542e-06
5.0765999142e-06
5.0752665742e-06
5.0739332542e-06
5.0725999142e-06
5.0712665742e-06
5.0699332543e-06
5.0685999143e-06
5.0672665743e-06
5.0659332543e-06
5.0645999143e-06
5.0632665743e-06
5.0619332543e-06
5.0605999143e-06
5.0592665743e-06
5.0579332543e-06
5.0565999143e-06
5.0552665743e-06
5.0539332544e-06
5.0525999144e-06
5.0512665744e-06
5.0499332544e-06
5.0485999144e-06
5.0472665744e-06
5.0459332544e-06
5.0445999144e-06
5.0432665744e-06
5.0419332544e-06
5.0405999144e-06
5.0392665744e-06
5.0379332545e-06
5.0365999145e-06
5.0352665745e-06
5.0339332545e-06
5.0325999145e-06
5.0312665745e-06
5.0299332545e-06
5.0285999145e-06
5.0272665745e-06
5.0259332545e-06
5.0245999145e-06
5.0232665745e-06
5.0219332545e-06
5.0205999146e-06
5.0192665746e-06
5.0179332546e-06
5.0165999146e-06
5.0152665746e-06
5.0139332546e-06
5.0125999146e-06
5.0112665746e-06
5.0099332546e-06
5.0085999146e-06
5.0072665746e-06
5.0059332546e-06
5.0045999147e-06
5.0032665747e-06
5.0019332547e-06
5.0005999147e-06
4.9992665747e-06
4.9979332547e-06
4.9965999147e-06
4.9952665747e-06
4.9939332547e-06
4.9925999147e-06
4.9912665747e-06
4.9899332547e-06
4.9885999148e-06
4.9872665748e-06
4.9859332548e-06
4.9845999148e-06
4.9832665748e-06
4.9819332548e-06
4.9805999148e-06
4.9792665748e-06
4.9779332548e-06
4.9765999148e-06
4.9752665748e-06
4.9725999148e-06
4.6925999165e-06
4.6925999165e-06
4.6907741966e-06
4.6889484566e-06
4.6871227366e-06
4.6852970166e-06
4.6834712766e-06
4.6816455566e-06
4.6798198366e-06
4.6779941166e-06
4.6761683766e-06
4.6743426567e-06
4.6725169367e-06
4.6706911967e-06
4.6688654767e-06
4.6670397567e-06
4.6652140167e-06
4.6633882967e-06
4.6615625767e-06
4.6597368367e-06
4.6579111168e-06
4.6560853968e-06
4.6542596768e-06
4.6524339368e-06
4.6506082168e-06
4.6487824968e-06
4.6469567568e-06
4.6451310368e-06
4.6433053168e-06
4.6414795769e-06
4.6396538569e-06
4.6378281369e-06
4.6360023969e-06
4.6341766769e-06
4.6323509569e-06
4.6305252369e-06
4.6286994969e-06
4.6268737769e-06
4.625048057e-06
4.623222317e-06
4.621396597e-06
4.619570877e-06
4.617745137e-06
4.615919417e-06
4.614093697e-06
4.612267957e-06
4.610442237e-06
4.6086165171e-06
4.6067907971e-06
4.6049650571e-06
4.6031393371e-06
4.6013136171e-06
4.5994878771e-06
4.5976621571e-06
4.5958364371e-06
4.5940106971e-06
4.5921849772e-06
4.5903592572e-06
4.5885335172e-06
4.5867077972e-06
4.5848820772e-06
4.5830563572e-06
4.5812306172e-06
4.5794048972e-06
4.5775791772e-06
4.5757534373e-06
4.5739277173e-06
4.5721019973e-06
4.5702762573e-06
4.5684505373e-06
4.5666248173e-06
4.5647990973e-06
4.5629733573e-06
4.5611476373e-06
4.5593219174e-06
4.5574961774e-06
4.5556704574e-06
4.5538447374e-06
4.5520189974e-06
4.5501932774e-06
4.5483675574e-06
4.5465418174e-06
4.5447160974e-06
4.5428903775e-06
4.5410646575e-06
4.5392389175e-06
4.5374131975e-06
4.5355874775e-06
4.5337617375e-06
4.5319360175e-06
4.5301102975e-06
4.5282845575e-06
4.5264588376e-06
4.5246331176e-06
4.5228073776e-06
4.5209816576e-06
4.5191559376e-06
4.5173302176e-06
4.5155044776e-06
4.5136787576e-06
4.5118530376e-06
4.5100272977e-06
4.5082015777e-06
4.5063758577e-06
4.5045501177e-06
4.5027243977e-06
4.5008986777e-06
4.4990729377e-06
4.4972472177e-06
4.4954214977e-06
4.4935957778e-06
4.4917700378e-06
4.4899443178e-06
4.4881185978e-06
4.4862928578e-06
4.4844671378e-06
4.4826414178e-06
4.4808156778e-06
4.4789899578e-06
4.4771642379e-06
4.4753384979e-06
4.4735127779e-06
4.4716870579e-06
4.4698613379e-06
4.4680355979e-06
4.4662098779e-06
4.4643841579e-06
4.4625584179e-06
4.460732698e-06
4.458906978e-06
4.457081238e-06
4.455255518e-06
4.453429798e-06
4.451604058e-06
4.449778338e-06
4.447952618e-06
4.446126898e-06
4.4443011581e-06
4.4424754381e-06
4.4406497181e-06
4.4388239781e-06
4.4369982581e-06
4.4351725381e-06
4.4333467981e-06
4.4315210781e-06
4.4296953581e-06
4.4278696182e-06
4.4260438982e-06
4.4242181782e-06
4.4223924582e-06
4.4205667182e-06
4.4187409982e-06
4.4169152782e-06
4.4150895382e-06
4.4132638182e-06
4.4114380983e-06
4.4096123583e-06
4.4077866383e-06
4.4059609183e-06
4.4041351783e-06
4.4023094583e-06
4.4004837383e-06
4.3986580183e-06
4.3968322783e-06
4.3950065584e-06
4.3931808384e-06
4.3913550984e-06
4.3895293784e-06
4.3877036584e-06
4.3858779184e-06
4.3840521984e-06
4.3822264784e-06
4.3804007384e-06
4.3785750185e-06
4.3767492985e-06
4.3749235785e-06
4.3730978385e-06
4.3712721185e-06
4.3694463985e-06
4.3676206585e-06
4.3657949385e-06
4.3639692185e-06
4.3621434786e-06
4.3603177586e-06
4.3584920386e-06
4.3566663186e-06
4.3548405786e-06
4.3530148586e-06
4.3511891386e-06
4.3493633986e-06
4.3475376786e-06
4.3457119587e-06
4.3438862187e-06
4.3420604987e-06
4.3402347787e-06
4.3384090387e-06
4.3365833187e-06
4.3347575987e-06
4.3329318787e-06
4.3311061387e-06
4.3292804188e-06
4.3274546988e-06
4.3256289588e-06
4.3238032388e-06
4.3219775188e-06
4.3201517788e-06
4.3183260588e-06
4.3165003388e-06
4.3146745988e-06
4.3128488789e-06
4.3110231589e-06
4.3091974389e-06
4.3073716989e-06
4.3055459789e-06
4.3037202589e-06
4.3018945189e-06
4.3000687989e-06
4.2982430789e-06
4.296417339e-06
4.294591619e-06
4.292765899e-06
4.290940159e-06
4.289114439e-06
4.287288719e-06
4.285462999e-06
4.283637259e-06
4.281811539e-06
4.2799858191e-06
4.2781600791e-06
4.2763343591e-06
4.2745086391e-06
4.2726828991e-06
4.2708571791e-06
4.2690314591e-06
4.2672057191e-06
4.2653799991e-06
4.2635542792e-06
4.2617285592e-06
4.2599028192e-06
4.2580770992e-06
4.2562513792e-06
4.2544256392e-06
4.2525999192e-06
4.2507741992e-06
4.2489484592e-06
4.2471227393e-06
4.2452970193e-06
4.2434712793e-06
4.2416455593e-06
4.2398198393e-06
4.2379941193e-06
4.2361683793e-06
4.2343426593e-06
4.2325169393e-06
4.2306911994e-06
4.2288654794e-06
4.2270397594e-06
4.2252140194e-06
4.2233882994e-06
4.2215625794e-06
4.2197368394e-06
4.2179111194e-06
4.2160853994e-06
4.2142596795e-06
4.2124339395e-06
4.2106082195e-06
4.2087824995e-06
4.2069567595e-06
4.2051310395e-06
4.2033053195e-06
4.2014795795e-06
4.1996538595e-06
4.1978281396e-06
4.1960023996e-06
4.1941766796e-06
4.1923509596e-06
4.1905252396e-06
4.1886994996e-06
4.1868737796e-06
4.1850480596e-06
4.1832223196e-06
4.1813965997e-06
4.1795708797e-06
4.1777451397e-06
4.1759194197e-06
4.1740936997e-06
4.1722679597e-06
4.1704422397e-06
4.1686165197e-06
4.1667907997e-06
4.1649650598e-06
4.1631393398e-06
4.1613136198e-06
4.1594878798e-06
4.1576621598e-06
4.1558364398e-06
4.1540106998e-06
4.1521849798e-06
4.1503592598e-06
4.1485335199e-06
4.1467077999e-06
4.1448820799e-06
4.1430563599e-06
4.1412306199e-06
4.1394048999e-06
4.1375791799e-06
4.1357534399e-06
4.1339277199e-06
4.132102e-06
4.13027626e-06
4.12845054e-06
4.12662482e-06
4.1247991e-06
4.12297336e-06
4.12114764e-06
4.11932192e-06
4.11749618e-06
4.1156704601e-06
4.1138447401e-06
4.1120190001e-06
4.1101932801e-06
4.1083675601e-06
4.1065418201e-06
4.1047161001e-06
4.1028903801e-06
4.1010646601e-06
4.0992389202e-06
4.0974132002e-06
4.0955874802e-06
4.0937617402e-06
4.0919360202e-06
4.0901103002e-06
4.0882845602e-06
4.0864588402e-06
4.0846331202e-06
4.0828073803e-06
4.0809816603e-06
4.0791559403e-06
4.0773302203e-06
4.0755044803e-06
4.0736787603e-06
4.0718530403e-06
4.0700273003e-06
4.0682015803e-06
4.0663758604e-06
4.0645501204e-06
4.0627244004e-06
4.0608986804e-06
4.0590729404e-06
4.0572472204e-06
4.0554215004e-06
4.0535957804e-06
4.0517700404e-06
4.0499443205e-06
4.0481186005e-06
4.0462928605e-06
4.0444671405e-06
4.0426414205e-06
4.0408156805e-06
4.0389899605e-06
4.0371642405e-06
4.0353385005e-06
4.0335127806e-06
4.0316870606e-06
4.0298613406e-06
4.0280356006e-06
4.0262098806e-06
4.0243841606e-06
4.0225584206e-06
4.0207327006e-06
4.0189069806e-06
4.0170812407e-06
4.0152555207e-06
4.0134298007e-06
4.0116040607e-06
4.0097783407e-06
4.0079526207e-06
4.0061269007e-06
4.0043011607e-06
4.0024754407e-06
4.0006497208e-06
3.9988239808e-06
3.9969982608e-06
3.9951725408e-06
3.9933468008e-06
3.9915210808e-06
3.9896953608e-06
3.9878696208e-06
3.9860439008e-06
3.9842181809e-06
3.9823924609e-06
3.9805667209e-06
3.9787410009e-06
3.9769152809e-06
3.9750895409e-06
3.9732638209e-06
3.9714381009e-06
3.9696123609e-06
3.967786641e-06
3.965960921e-06
3.964135181e-06
3.962309461e-06
3.960483741e-06
3.958658021e-06
3.956832281e-06
3.955006561e-06
3.953180841e-06
3.9513551011e-06
3.9495293811e-06
3.9477036611e-06
3.9458779211e-06
3.9440522011e-06
3.9422264811e-06
3.9404007411e-06
3.9385750211e-06
3.9367493011e-06
3.9349235812e-06
3.9330978412e-06
3.9312721212e-06
3.9294464012e-06
3.9276206612e-06
3.9257949412e-06
3.9239692212e-06
3.9221434812e-06
3.9203177612e-06
3.9184920413e-06
3.9166663213e-06
3.9148405813e-06
3.9130148613e-06
3.9111891413e-06
3.9093634013e-06
3.9075376813e-06
3.9057119613e-06
3.9038862213e-06
3.9020605014e-06
3.9002347814e-06
3.8984090414e-06
3.8965833214e-06
3.8947576014e-06
3.8929318814e-06
3.8911061414e-06
3.8892804214e-06
3.8874547014e-06
3.8856289615e-06
3.8838032415e-06
3.8819775215e-06
3.8801517815e-06
3.8783260615e-06
3.8765003415e-06
3.8746746015e-06
3.8728488815e-06
3.8710231615e-06
3.8691974416e-06
3.8673717016e-06
3.8655459816e-06
3.8637202616e-06
3.8618945216e-06
3.8600688016e-06
3.8582430816e-06
3.8564173416e-06
3.8545916216e-06
3.8527659017e-06
3.8509401617e-06
3.8491144417e-06
3.8472887217e-06
3.8454630017e-06
3.8436372617e-06
3.8418115417e-06
3.8399858217e-06
3.8381600817e-06
3.8363343618e-06
3.8345086418e-06
3.8326829018e-06
3.8308571818e-06
3.8290314618e-06
3.8272057218e-06
3.8253800018e-06
3.8235542818e-06
3.8217285618e-06
3.8199028219e-06
3.8180771019e-06
3.8162513819e-06
3.8125999219e-06
4.0925999202e-06
4.0925999202e-06
4.0924478202e-06
4.0922957402e-06
4.0921436402e-06
4.0919915602e-06
4.0918394602e-06
4.0916873802e-06
4.0915352802e-06
4.0913831802e-06
4.0912311002e-06
4.0910790002e-06
4.0909269202e-06
4.0907748202e-06
4.0906227402e-06
4.0904706402e-06
4.0903185602e-06
4.0901664602e-06
4.0900143602e-06
4.0898622802e-06
4.0897101802e-06
4.0895581002e-06
4.0894060002e-06
4.0892539202e-06
4.0891018202e-06
4.0889497202e-06
4.0887976402e-06
4.0886455402e-06
4.0884934602e-06
4.0883413602e-06
4.0881892802e-06
4.0880371802e-06
4.0878851002e-06
4.0877330002e-06
4.0875809002e-06
4.0874288202e-06
4.0872767202e-06
4.0871246402e-06
4.0869725402e-06
4.0868204602e-06
4.0866683602e-06
4.0865162602e-06
4.0863641802e-06
4.0862120802e-06
4.0860600002e-06
4.0859079002e-06
4.0857558202e-06
4.0856037202e-06
4.0854516402e-06
4.0852995402e-06
4.0851474402e-06
4.0849953602e-06
4.0848432602e-06
4.0846911802e-06
4.0845390802e-06
4.0843870002e-06
4.0842349002e-06
4.0840828002e-06
4.0839307202e-06
4.0837786202e-06
4.0836265403e-06
4.0834744403e-06
4.0833223603e-06
4.0831702603e-06
4.0830181803e-06
4.0828660803e-06
4.0827139803e-06
4.0825619003e-06
4.0824098003e-06
4.0822577203e-06
4.0821056203e-06
4.0819535403e-06
4.0818014403e-06
4.0816493403e-06
4.0814972603e-06
4.0813451603e-06
4.0811930803e-06
4.0810409803e-06
4.0808889003e-06
4.0807368003e-06
4.0805847203e-06
4.0804326203e-06
4.0802805203e-06
4.0801284403e-06
4.0799763403e-06
4.0798242603e-06
4.0796721603e-06
4.0795200803e-06
4.0793679803e-06
4.0792158803e-06
4.0790638003e-06
4.0789117003e-06
4.0787596203e-06
4.0786075203e-06
4.0784554403e-06
4.0783033403e-06
4.0781512603e-06
4.0779991603e-06
4.0778470603e-06
4.0776949803e-06
4.0775428803e-06
4.0773908003e-06
4.0772387003e-06
4.0770866203e-06
4.0769345203e-06
4.0767824203e-06
4.0766303403e-06
4.0764782403e-06
4.0763261603e-06
4.0761740603e-06
4.0760219803e-06
4.0758698803e-06
4.0757178003e-06
4.0755657003e-06
4.0754136003e-06
4.0752615203e-06
4.0751094203e-06
4.0749573403e-06
4.0748052403e-06
4.0746531603e-06
4.0745010603e-06
4.0743489603e-06
4.0741968803e-06
4.0740447803e-06
4.0738927003e-06
4.0737406003e-06
4.0735885203e-06
4.0734364203e-06
4.0732843403e-06
4.0731322403e-06
4.0729801403e-06
4.0728280603e-06
4.0726759603e-06
4.0725238803e-06
4.0723717803e-06
4.0722197003e-06
4.0720676003e-06
4.0719155003e-06
4.0717634203e-06
4.0716113203e-06
4.0714592403e-06
4.0713071403e-06
4.0711550603e-06
4.0710029603e-06
4.0708508803e-06
4.0706987803e-06
4.0705466803e-06
4.0703946003e-06
4.0702425003e-06
4.0700904203e-06
4.0699383203e-06
4.0697862403e-06
4.0696341403e-06
4.0694820403e-06
4.0693299603e-06
4.0691778603e-06
4.0690257803e-06
4.0688736803e-06
4.0687216003e-06
4.0685695003e-06
4.0684174203e-06
4.0682653203e-06
4.0681132203e-06
4.0679611403e-06
4.0678090403e-06
4.0676569603e-06
4.0675048603e-06
4.0673527803e-06
4.0672006804e-06
4.0670485804e-06
4.0668965004e-06
4.0667444004e-06
4.0665923204e-06
4.0664402204e-06
4.0662881404e-06
4.0661360404e-06
4.0659839604e-06
4.0658318604e-06
4.0656797604e-06
4.0655276804e-06
4.0653755804e-06
4.0652235004e-06
4.0650714004e-06
4.0649193204e-06
4.0647672204e-06
4.0646151204e-06
4.0644630404e-06
4.0643109404e-06
4.0641588604e-06
4.0640067604e-06
4.0638546804e-06
4.0637025804e-06
4.0635505004e-06
4.0633984004e-06
4.0632463004e-06
4.0630942204e-06
4.0629421204e-06
4.0627900404e-06
4.0626379404e-06
4.0624858604e-06
4.0623337604e-06
4.0621816604e-06
4.0620295804e-06
4.0618774804e-06
4.0617254004e-06
4.0615733004e-06
4.0614212204e-06
4.0612691204e-06
4.0611170404e-06
4.0609649404e-06
4.0608128404e-06
4.0606607604e-06
4.0605086604e-06
4.0603565804e-06
4.0602044804e-06
4.0600524004e-06
4.0599003004e-06
4.0597482004e-06
4.0595961204e-06
4.0594440204e-06
4.0592919404e-06
4.0591398404e-06
4.0589877604e-06
4.0588356604e-06
4.0586835804e-06
4.0585314804e-06
4.0583793804e-06
4.0582273004e-06
4.0580752004e-06
4.0579231204e-06
4.0577710204e-06
4.0576189404e-06
4.0574668404e-06
4.0573147404e-06
4.0571626604e-06
4.0570105604e-06
4.0568584804e-06
4.0567063804e-06
4.0565543004e-06
4.0564022004e-06
4.0562501204e-06
4.0560980204e-06
4.0559459204e-06
4.0557938404e-06
4.0556417404e-06
4.0554896604e-06
4.0553375604e-06
4.0551854804e-06
4.0550333804e-06
4.0548812804e-06
4.0547292004e-06
4.0545771004e-06
4.0544250204e-06
4.0542729204e-06
4.0541208404e-06
4.0539687404e-06
4.0538166604e-06
4.0536645604e-06
4.0535124604e-06
4.0533603804e-06
4.0532082804e-06
4.0530562004e-06
4.0529041004e-06
4.0527520204e-06
4.0525999204e-06
4.0524478204e-06
4.0522957404e-06
4.0521436404e-06
4.0519915604e-06
4.0518394604e-06
4.0516873804e-06
4.0515352804e-06
4.0513831804e-06
4.0512311004e-06
4.0510790004e-06
4.0509269204e-06
4.0507748204e-06
4.0506227405e-06
4.0504706405e-06
4.0503185605e-06
4.0501664605e-06
4.0500143605e-06
4.0498622805e-06
4.0497101805e-06
4.0495581005e-06
4.0494060005e-06
4.0492539205e-06
4.0491018205e-06
4.0489497205e-06
4.0487976405e-06
4.0486455405e-06
4.0484934605e-06
4.0483413605e-06
4.0481892805e-06
4.0480371805e-06
4.0478851005e-06
4.0477330005e-06
4.0475809005e-06
4.0474288205e-06
4.0472767205e-06
4.0471246405e-06
4.0469725405e-06
4.0468204605e-06
4.0466683605e-06
4.0465162605e-06
4.0463641805e-06
4.0462120805e-06
4.0460600005e-06
4.0459079005e-06
4.0457558205e-06
4.0456037205e-06
4.0454516405e-06
4.0452995405e-06
4.0451474405e-06
4.0449953605e-06
4.0448432605e-06
4.0446911805e-06
4.0445390805e-06
4.0443870005e-06
4.0442349005e-06
4.0440828005e-06
4.0439307205e-06
4.0437786205e-06
4.0436265405e-06
4.0434744405e-06
4.0433223605e-06
4.0431702605e-06
4.0430181805e-06
4.0428660805e-06
4.0427139805e-06
4.0425619005e-06
4.0424098005e-06
4.0422577205e-06
4.0421056205e-06
4.0419535405e-06
4.0418014405e-06
4.0416493405e-06
4.0414972605e-06
4.0413451605e-06
4.0411930805e-06
4.0410409805e-06
4.0408889005e-06
4.0407368005e-06
4.0405847205e-06
4.0404326205e-06
4.0402805205e-06
4.0401284405e-06
4.0399763405e-06
4.0398242605e-06
4.0396721605e-06
4.0395200805e-06
4.0393679805e-06
4.0392158805e-06
4.0390638005e-06
4.0389117005e-06
4.0387596205e-06
4.0386075205e-06
4.0384554405e-06
4.0383033405e-06
4.0381512605e-06
4.0379991605e-06
4.0378470605e-06
4.0376949805e-06
4.0375428805e-06
4.0373908005e-06
4.0372387005e-06
4.0370866205e-06
4.0369345205e-06
4.0367824205e-06
4.0366303405e-06
4.0364782405e-06
4.0363261605e-06
4.0361740605e-06
4.0360219805e-06
4.0358698805e-06
4.0357178005e-06
4.0355657005e-06
4.0354136005e-06
4.0352615205e-06
4.0351094205e-06
4.0349573405e-06
4.0348052405e-06
4.0346531605e-06
4.0345010605e-06
4.0343489605e-06
4.0341968806e-06
4.0340447806e-06
4.0338927006e-06
4.0337406006e-06
4.0335885206e-06
4.0334364206e-06
4.0332843406e-06
4.0331322406e-06
4.0329801406e-06
4.0328280606e-06
4.0326759606e-06
4.0325238806e-06
4.0323717806e-06
4.0322197006e-06
4.0320676006e-06
4.0319155006e-06
4.0317634206e-06
4.0316113206e-06
4.0314592406e-06
4.0313071406e-06
4.0311550606e-06
4.0310029606e-06
4.0308508806e-06
4.0306987806e-06
4.0305466806e-06
4.0303946006e-06
4.0302425006e-06
4.0300904206e-06
4.0299383206e-06
4.0297862406e-06
4.0296341406e-06
4.0294820406e-06
4.0293299606e-06
4.0291778606e-06
4.0290257806e-06
4.0288736806e-06
4.0287216006e-06
4.0285695006e-06
4.0284174206e-06
4.0282653206e-06
4.0281132206e-06
4.0279611406e-06
4.0278090406e-06
4.0276569606e-06
4.0275048606e-06
4.0273527806e-06
4.0272006806e-06
4.0270485806e-06
4.0268965006e-06
4.0267444006e-06
4.0265923206e-06
4.0264402206e-06
4.0262881406e-06
4.0261360406e-06
4.0259839606e-06
4.0258318606e-06
4.0256797606e-06
4.0255276806e-06
4.0253755806e-06
4.0252235006e-06
4.0250714006e-06
4.0249193206e-06
4.0247672206e-06
4.0246151206e-06
4.0244630406e-06
4.0243109406e-06
4.0241588606e-06
4.0240067606e-06
4.0238546806e-06
4.0237025806e-06
4.0235505006e-06
4.0233984006e-06
4.0232463006e-06
4.0230942206e-06
4.0229421206e-06
4.0227900406e-06
4.0226379406e-06
4.0224858606e-06
4.0223337606e-06
4.0221816606e-06
4.0220295806e-06
4.0218774806e-06
4.0217254006e-06
4.0215733006e-06
4.0214212206e-06
4.0212691206e-06
4.0211170406e-06
4.0209649406e-06
4.0208128406e-06
4.0206607606e-06
4.0205086606e-06
4.0203565806e-06
4.0202044806e-06
4.0200524006e-06
4.0199003006e-06
4.0197482006e-06
4.0195961206e-06
4.0194440206e-06
4.0192919406e-06
4.0191398406e-06
4.0189877606e-06
4.0188356606e-06
4.0186835806e-06
4.0185314806e-06
4.0183793806e-06
4.0182273006e-06
4.0180752006e-06
4.0179231206e-06
4.0177710207e-06
4.0176189407e-06
4.0174668407e-06
4.0173147407e-06
4.0171626607e-06
4.0170105607e-06
4.0168584807e-06
4.0167063807e-06
4.0165543007e-06
4.0164022007e-06
4.0162501207e-06
4.0160980207e-06
4.0159459207e-06
4.0157938407e-06
4.0156417407e-06
4.0154896607e-06
4.0153375607e-06
4.0151854807e-06
4.0150333807e-06
4.0148812807e-06
4.0147292007e-06
4.0145771007e-06
4.0144250207e-06
4.0142729207e-06
4.0141208407e-06
4.0139687407e-06
4.0138166607e-06
4.0136645607e-06
4.0135124607e-06
4.0133603807e-06
4.0132082807e-06
4.0130562007e-06
4.0129041007e-06
4.0125999207e-06
3.7325999224e-06
3.7325999224e-06
3.7338690624e-06
3.7351382224e-06
3.7364073624e-06
3.7376765024e-06
3.7389456623e-06
3.7402148023e-06
3.7414839423e-06
3.7427531023e-06
3.7440222423e-06
3.7452913823e-06
3.7465605423e-06
3.7478296823e-06
3.7490988223e-06
3.7503679823e-06
3.7516371223e-06
3.7529062623e-06
3.7541754223e-06
3.7554445622e-06
3.7567137022e-06
3.7579828622e-06
3.7592520022e-06
3.7605211422e-06
3.7617903022e-06
3.7630594422e-06
3.7643285822e-06
3.7655977422e-06
3.7668668822e-06
3.7681360222e-06
3.7694051822e-06
3.7706743222e-06
3.7719434621e-06
3.7732126221e-06
3.7744817621e-06
3.7757509021e-06
3.7770200621e-06
3.7782892021e-06
3.7795583421e-06
3.7808275021e-06
3.7820966421e-06
3.7833657821e-06
3.7846349421e-06
3.7859040821e-06
3.7871732221e-06
3.788442382e-06
3.789711522e-06
3.790980662e-06
3.792249822e-06
3.793518962e-06
3.794788102e-06
3.796057262e-06
3.797326402e-06
3.798595542e-06
3.799864702e-06
3.801133842e-06
3.802402982e-06
3.803672142e-06
3.8049412819e-06
3.8062104219e-06
3.8074795619e-06
3.8087487219e-06
3.8100178619e-06
3.8112870019e-06
3.8125561619e-06
3.8138253019e-06
3.8150944419e-06
3.8163636019e-06
3.8176327419e-06
3.8189018819e-06
3.8201710419e-06
3.8214401818e-06
3.8227093218e-06
3.8239784818e-06
3.8252476218e-06
3.8265167618e-06
3.8277859218e-06
3.8290550618e-06
3.8303242018e-06
3.8315933618e-06
3.8328625018e-06
3.8341316418e-06
3.8354008018e-06
3.8366699418e-06
3.8379390817e-06
3.8392082417e-06
3.8404773817e-06
3.8417465217e-06
3.8430156817e-06
3.8442848217e-06
3.8455539617e-06
3.8468231217e-06
3.8480922617e-06
3.8493614017e-06
3.8506305617e-06
3.8518997017e-06
3.8531688417e-06
3.8544380016e-06
3.8557071416e-06
3.8569762816e-06
3.8582454416e-06
3.8595145816e-06
3.8607837216e-06
3.8620528816e-06
3.8633220216e-06
3.8645911616e-06
3.8658603216e-06
3.8671294616e-06
3.8683986016e-06
3.8696677616e-06
3.8709369015e-06
3.8722060415e-06
3.8734752015e-06
3.8747443415e-06
3.8760134815e-06
3.8772826415e-06
3.8785517815e-06
3.8798209215e-06
3.8810900815e-06
3.8823592215e-06
3.8836283615e-06
3.8848975215e-06
3.8861666615e-06
3.8874358014e-06
3.8887049614e-06
3.8899741014e-06
3.8912432414e-06
3.8925124014e-06
3.8937815414e-06
3.8950506814e-06
3.8963198414e-06
3.8975889814e-06
3.8988581214e-06
3.9001272814e-06
3.9013964214e-06
3.9026655614e-06
3.9039347213e-06
3.9052038613e-06
3.9064730013e-06
3.9077421613e-06
3.9090113013e-06
3.9102804413e-06
3.9115496013e-06
3.9128187413e-06
3.9140878813e-06
3.9153570413e-06
3.9166261813e-06
3.9178953213e-06
3.9191644812e-06
3.9204336212e-06
3.9217027612e-06
3.9229719212e-06
3.9242410612e-06
3.9255102012e-06
3.9267793612e-06
3.9280485012e-06
3.9293176412e-06
3.9305868012e-06
3.9318559412e-06
3.9331250812e-06
3.9343942412e-06
3.9356633811e-06
3.9369325211e-06
3.9382016811e-06
3.9394708211e-06
3.9407399611e-06
3.9420091211e-06
3.9432782611e-06
3.9445474011e-06
3.9458165611e-06
3.9470857011e-06
3.9483548411e-06
3.9496240011e-06
3.9508931411e-06
3.952162281e-06
3.953431421e-06
3.954700581e-06
3.955969721e-06
3.957238861e-06
3.958508021e-06
3.959777161e-06
3.961046301e-06
3.962315461e-06
3.963584601e-06
3.964853741e-06
3.966122901e-06
3.967392041e-06
3.9686611809e-06
3.9699303409e-06
3.9711994809e-06
3.9724686209e-06
3.9737377809e-06
3.9750069209e-06
3.9762760609e-06
3.9775452209e-06
3.9788143609e-06
3.9800835009e-06
3.9813526609e-06
3.9826218009e-06
3.9838909409e-06
3.9851601008e-06
3.9864292408e-06
3.9876983808e-06
3.9889675408e-06
3.9902366808e-06
3.9915058208e-06
3.9927749808e-06
3.9940441208e-06
3.9953132608e-06
3.9965824208e-06
3.9978515608e-06
3.9991207008e-06
4.0003898608e-06
4.0016590007e-06
4.0029281407e-06
4.0041973007e-06
4.0054664407e-06
4.0067355807e-06
4.0080047407e-06
4.0092738807e-06
4.0105430207e-06
4.0118121807e-06
4.0130813207e-06
4.0143504607e-06
4.0156196207e-06
4.0168887607e-06
4.0181579006e-06
4.0194270606e-06
4.0206962006e-06
4.0219653406e-06
4.0232345006e-06
4.0245036406e-06
4.0257727806e-06
4.0270419406e-06
4.0283110806e-06
4.0295802206e-06
4.0308493806e-06
4.0321185206e-06
4.0333876606e-06
4.0346568205e-06
4.0359259605e-06
4.0371951005e-06
4.0384642605e-06
4.0397334005e-06
4.0410025405e-06
4.0422717005e-06
4.0435408405e-06
4.0448099805e-06
4.0460791405e-06
4.0473482805e-06
4.0486174205e-06
4.0498865805e-06
4.0511557204e-06
4.0524248604e-06
4.0536940204e-06
4.0549631604e-06
4.0562323004e-06
4.0575014604e-06
4.0587706004e-06
4.0600397404e-06
4.0613089004e-06
4.0625780404e-06
4.0638471804e-06
4.0651163404e-06
4.0663854804e-06
4.0676546203e-06
4.0689237803e-06
4.0701929203e-06
4.0714620603e-06
4.0727312203e-06
4.0740003603e-06
4.0752695003e-06
4.0765386603e-06
4.0778078003e-06
4.0790769403e-06
4.0803461003e-06
4.0816152403e-06
4.0828843803e-06
4.0841535402e-06
4.0854226802e-06
4.0866918202e-06
4.0879609802e-06
4.0892301202e-06
4.0904992602e-06
4.0917684202e-06
4.0930375602e-06
4.0943067002e-06
4.0955758402e-06
4.0968450002e-06
4.0981141402e-06
4.0993832802e-06
4.1006524401e-06
4.1019215801e-06
4.1031907201e-06
4.1044598801e-06
4.1057290201e-06
4.1069981601e-06
4.1082673201e-06
4.1095364601e-06
4.1108056001e-06
4.1120747601e-06
4.1133439001e-06
4.1146130401e-06
4.1158822001e-06
4.11715134e-06
4.11842048e-06
4.11968964e-06
4.12095878e-06
4.12222792e-06
4.12349708e-06
4.12476622e-06
4.12603536e-06
4.12730452e-06
4.12857366e-06
4.1298428e-06
4.13111196e-06
4.1323811e-06
4.1336502399e-06
4.1349193999e-06
4.1361885399e-06
4.1374576799e-06
4.1387268399e-06
4.1399959799e-06
4.1412651199e-06
4.1425342799e-06
4.1438034199e-06
4.1450725599e-06
4.1463417199e-06
4.1476108599e-06
4.1488799999e-06
4.1501491598e-06
4.1514182998e-06
4.1526874398e-06
4.1539565998e-06
4.1552257398e-06
4.1564948798e-06
4.1577640398e-06
4.1590331798e-06
4.1603023198e-06
4.1615714798e-06
4.1628406198e-06
4.1641097598e-06
4.1653789198e-06
4.1666480597e-06
4.1679171997e-06
4.1691863597e-06
4.1704554997e-06
4.1717246397e-06
4.1729937997e-06
4.1742629397e-06
4.1755320797e-06
4.1768012397e-06
4.1780703797e-06
4.1793395197e-06
4.1806086797e-06
4.1818778197e-06
4.1831469596e-06
4.1844161196e-06
4.1856852596e-06
4.1869543996e-06
4.1882235596e-06
4.1894926996e-06
4.1907618396e-06
4.1920309996e-06
4.1933001396e-06
4.1945692796e-06
4.1958384396e-06
4.1971075796e-06
4.1983767196e-06
4.1996458795e-06
4.2009150195e-06
4.2021841595e-06
4.2034533195e-06
4.2047224595e-06
4.2059915995e-06
4.2072607595e-06
4.2085298995e-06
4.2097990395e-06
4.2110681995e-06
4.2123373395e-06
4.2136064795e-06
4.2148756395e-06
4.2161447794e-06
4.2174139194e-06
4.2186830794e-06
4.2199522194e-06
4.2212213594e-06
4.2224905194e-06
4.2237596594e-06
4.2250287994e-06
4.2262979594e-06
4.2275670994e-06
4.2288362394e-06
4.2301053994e-06
4.2313745394e-06
4.2326436793e-06
4.2339128393e-06
4.2351819793e-06
4.2364511193e-06
4.2377202793e-06
4.2389894193e-06
4.2402585593e-06
4.2415276993e-06
4.2427968593e-06
4.2440659993e-06
4.2453351393e-06
4.2466042993e-06
4.2478734393e-06
4.2491425792e-06
4.2504117392e-06
4.2516808792e-06
4.2529500192e-06
4.2542191792e-06
4.2554883192e-06
4.2567574592e-06
4.2580266192e-06
4.2592957592e-06
4.2605648992e-06
4.2618340592e-06
4.2631031992e-06
4.2643723392e-06
4.2656414991e-06
4.2669106391e-06
4.2681797791e-06
4.2694489391e-06
4.2707180791e-06
4.2719872191e-06
4.2732563791e-06
4.2745255191e-06
4.2757946591e-06
4.2770638191e-06
4.2783329591e-06
4.2796020991e-06
4.2808712591e-06
4.282140399e-06
4.283409539e-06
4.284678699e-06
4.285947839e-06
4.287216979e-06
4.288486139e-06
4.289755279e-06
4.291024419e-06
4.292293579e-06
4.293562719e-06
4.294831859e-06
4.296101019e-06
4.297370159e-06
4.2986392989e-06
4.2999084589e-06
4.3011775989e-06
4.3024467389e-06
4.3037158989e-06
4.3049850389e-06
4.3062541789e-06
4.3075233389e-06
4.3087924789e-06
4.3100616189e-06
4.3125999189e-06
4.5925999172e-06
4.5925999172e-06
4.5940069571e-06
4.5954139971e-06
4.5968210171e-06
4.5982280571e-06
4.5996350971e-06
4.6010421371e-06
4.6024491571e-06
4.6038561971e-06
4.6052632371e-06
4.6066702771e-06
4.6080772971e-06
4.6094843371e-06
4.610891377e-06
4.612298417e-06
4.613705437e-06
4.615112477e-06
4.616519517e-06
4.617926557e-06
4.619333577e-06
4.620740617e-06
4.622147657e-06
4.623554697e-06
4.624961717e-06
4.626368757e-06
4.6277757969e-06
4.6291828369e-06
4.6305898569e-06
4.6319968969e-06
4.6334039369e-06
4.6348109769e-06
4.6362180169e-06
4.6376250369e-06
4.6390320769e-06
4.6404391169e-06
4.6418461569e-06
4.6432531768e-06
4.6446602168e-06
4.6460672568e-06
4.6474742968e-06
4.6488813168e-06
4.6502883568e-06
4.6516953968e-06
4.6531024368e-06
4.6545094568e-06
4.6559164968e-06
4.6573235368e-06
4.6587305768e-06
4.6601375967e-06
4.6615446367e-06
4.6629516767e-06
4.6643587167e-06
4.6657657367e-06
4.6671727767e-06
4.6685798167e-06
4.6699868567e-06
4.6713938767e-06
4.6728009167e-06
4.6742079567e-06
4.6756149967e-06
4.6770220366e-06
4.6784290566e-06
4.6798360966e-06
4.6812431366e-06
4.6826501766e-06
4.6840571966e-06
4.6854642366e-06
4.6868712766e-06
4.6882783166e-06
4.6896853366e-06
4.6910923766e-06
4.6924994165e-06
4.6939064565e-06
4.6953134765e-06
4.6967205165e-06
4.6981275565e-06
4.6995345965e-06
4.7009416165e-06
4.7023486565e-06
4.7037556965e-06
4.7051627365e-06
4.7065697565e-06
4.7079767965e-06
4.7093838364e-06
4.7107908764e-06
4.7121978964e-06
4.7136049364e-06
4.7150119764e-06
4.7164190164e-06
4.7178260564e-06
4.7192330764e-06
4.7206401164e-06
4.7220471564e-06
4.7234541964e-06
4.7248612164e-06
4.7262682563e-06
4.7276752963e-06
4.7290823363e-06
4.7304893563e-06
4.7318963963e-06
4.7333034363e-06
4.7347104763e-06
4.7361174963e-06
4.7375245363e-06
4.7389315763e-06
4.7403386163e-06
4.7417456363e-06
4.7431526762e-06
4.7445597162e-06
4.7459667562e-06
4.7473737762e-06
4.7487808162e-06
4.7501878562e-06
4.7515948962e-06
4.7530019362e-06
4.7544089562e-06
4.7558159962e-06
4.7572230362e-06
4.7586300761e-06
4.7600370961e-06
4.7614441361e-06
4.7628511761e-06
4.7642582161e-06
4.7656652361e-06
4.7670722761e-06
4.7684793161e-06
4.7698863561e-06
4.7712933761e-06
4.7727004161e-06
4.7741074561e-06
4.775514496e-06
4.776921516e-06
4.778328556e-06
4.779735596e-06
4.781142636e-06
4.782549656e-06
4.783956696e-06
4.785363736e-06
4.786770776e-06
4.788177796e-06
4.789584836e-06
4.790991876e-06
4.7923989159e-06
4.7938059559e-06
4.7952129759e-06
4.7966200159e-06
4.7980270559e-06
4.7994340959e-06
4.8008411159e-06
4.8022481559e-06
4.8036551959e-06
4.8050622359e-06
4.8064692559e-06
4.8078762958e-06
4.8092833358e-06
4.8106903758e-06
4.8120973958e-06
4.8135044358e-06
4.8149114758e-06
4.8163185158e-06
4.8177255358e-06
4.8191325758e-06
4.8205396158e-06
4.8219466558e-06
4.8233536758e-06
4.8247607157e-06
4.8261677557e-06
4.8275747957e-06
4.8289818157e-06
4.8303888557e-06
4.8317958957e-06
4.8332029357e-06
4.8346099757e-06
4.8360169957e-06
4.8374240357e-06
4.8388310757e-06
4.8402381157e-06
4.8416451356e-06
4.8430521756e-06
4.8444592156e-06
4.8458662556e-06
4.8472732756e-06
4.8486803156e-06
4.8500873556e-06
4.8514943956e-06
4.8529014156e-06
4.8543084556e-06
4.8557154956e-06
4.8571225355e-06
4.8585295555e-06
4.8599365955e-06
4.8613436355e-06
4.8627506755e-06
4.8641576955e-06
4.8655647355e-06
4.8669717755e-06
4.8683788155e-06
4.8697858355e-06
4.8725999155e-06
4.8725999155e-06
4.8728957755e-06
4.8731916355e-06
4.8734874954e-06
4.8737833554e-06
4.8740791954e-06
4.8743750554e-06
4.8746709154e-06
4.8749667754e-06
4.8752626354e-06
4.8755584954e-06
4.8758543554e-06
4.8761502154e-06
4.8764460754e-06
4.8767419354e-06
4.8770377754e-06
4.8773336354e-06
4.8776294954e-06
4.8779253554e-06
4.8782212154e-06
4.8785170754e-06
4.8788129354e-06
4.8791087954e-06
4.8794046554e-06
4.8797005154e-06
4.8799963554e-06
4.8802922154e-06
4.8805880754e-06
4.8808839354e-06
4.8811797954e-06
4.8814756554e-06
4.8817715154e-06
4.8820673754e-06
4.8823632354e-06
4.8826590954e-06
4.8829549354e-06
4.8832507954e-06
4.8835466554e-06
4.8838425154e-06
4.8841383754e-06
4.8844342354e-06
4.8847300954e-06
4.8850259554e-06
4.8853218154e-06
4.8856176754e-06
4.8859135154e-06
4.8862093754e-06
4.8865052354e-06
4.8868010954e-06
4.8870969554e-06
4.8873928154e-06
4.8876886754e-06
4.8879845354e-06
4.8882803954e-06
4.8885762554e-06
4.8888720954e-06
4.8891679554e-06
4.8894638154e-06
4.8897596754e-06
4.8900555353e-06
4.8903513953e-06
4.8906472553e-06
4.8909431153e-06
4.8912389753e-06
4.8915348353e-06
4.8918306753e-06
4.8921265353e-06
4.8924223953e-06
4.8927182553e-06
4.8930141153e-06
4.8933099753e-06
4.8936058353e-06
4.8939016953e-06
4.8941975553e-06
4.8944934153e-06
4.8947892553e-06
4.8950851153e-06
4.8953809753e-06
4.8956768353e-06
4.8959726953e-06
4.8962685553e-06
4.8965644153e-06
4.8968602753e-06
4.8971561353e-06
4.8974519953e-06
4.8977478353e-06
4.8980436953e-06
4.8983395553e-06
4.8986354153e-06
4.8989312753e-06
4.8992271353e-06
4.8995229953e-06
4.8998188553e-06
4.9001147153e-06
4.9004105753e-06
4.9007064153e-06
4.9010022753e-06
4.9012981353e-06
4.9015939953e-06
4.9018898553e-06
4.9021857153e-06
4.9024815753e-06
4.9027774353e-06
4.9030732953e-06
4.9033691553e-06
4.9036649953e-06
4.9039608553e-06
4.9042567153e-06
4.9045525753e-06
4.9048484353e-06
4.9051442953e-06
4.9054401553e-06
4.9057360153e-06
4.9060318753e-06
4.9063277353e-06
4.9066235752e-06
4.9069194352e-06
4.9072152952e-06
4.9075111552e-06
4.9078070152e-06
4.9081028752e-06
4.9083987352e-06
4.9086945952e-06
4.9089904552e-06
4.9092863152e-06
4.9095821552e-06
4.9098780152e-06
4.9101738752e-06
4.9104697352e-06
4.9107655952e-06
4.9110614552e-06
4.9113573152e-06
4.9116531752e-06
4.9119490352e-06
4.9122448952e-06
4.9125407352e-06
4.9128365952e-06
4.9131324552e-06
4.9134283152e-06
4.9137241752e-06
4.9140200352e-06
4.9143158952e-06
4.9146117552e-06
4.9149076152e-06
4.9152034752e-06
4.9154993152e-06
4.9157951752e-06
4.9160910352e-06
4.9163868952e-06
4.9166827552e-06
4.9169786152e-06
4.9172744752e-06
4.9175703352e-06
4.9178661952e-06
4.9181620552e-06
4.9184578952e-06
4.9187537552e-06
4.9190496152e-06
4.9193454752e-06
4.9196413352e-06
4.9199371952e-06
4.9202330552e-06
4.9205289152e-06
4.9208247752e-06
4.9211206352e-06
4.9214164752e-06
4.9217123352e-06
4.9220081952e-06
4.9223040552e-06
4.9225999152e-06
4.9228957751e-06
4.9231916351e-06
4.9234874951e-06
4.9237833551e-06
4.9240791951e-06
4.9243750551e-06
4.9246709151e-06
4.9249667751e-06
4.9252626351e-06
4.9255584951e-06
4.9258543551e-06
4.9261502151e-06
4.9264460751e-06
4.9267419351e-06
4.9270377751e-06
4.9273336351e-06
4.9276294951e-06
4.9279253551e-06
4.9282212151e-06
4.9285170751e-06
4.9288129351e-06
4.9291087951e-06
4.9294046551e-06
4.9297005151e-06
4.9299963551e-06
4.9302922151e-06
4.9305880751e-06
4.9308839351e-06
4.9311797951e-06
4.9314756551e-06
4.9317715151e-06
4.9320673751e-06
4.9323632351e-06
4.9326590951e-06
4.9329549351e-06
4.9332507951e-06
4.9335466551e-06
4.9338425151e-06
4.9341383751e-06
4.9344342351e-06
4.9347300951e-06
4.9350259551e-06
4.9353218151e-06
4.9356176751e-06
4.9359135151e-06
4.9362093751e-06
4.9365052351e-06
4.9368010951e-06
4.9370969551e-06
4.9373928151e-06
4.9376886751e-06
4.9379845351e-06
4.9382803951e-06
4.9385762551e-06
4.9388720951e-06
4.9391679551e-06
4.939463815e-06
4.939759675e-06
4.940055535e-06
4.940351395e-06
4.940647255e-06
4.940943115e-06
4.941238975e-06
4.941534835e-06
4.941830675e-06
4.942126535e-06
4.942422395e-06
4.942718255e-06
4.943014115e-06
4.943309975e-06
4.943605835e-06
4.943901695e-06
4.944197555e-06
4.944493415e-06
4.944789255e-06
4.945085115e-06
4.945380975e-06
4.945676835e-06
4.945972695e-06
4.946268555e-06
4.946564415e-06
4.946860275e-06
4.947156135e-06
4.947451995e-06
4.947747835e-06
4.948043695e-06
4.948339555e-06
4.948635415e-06
4.948931275e-06
4.949227135e-06
4.949522995e-06
4.949818855e-06
4.950114715e-06
4.950410575e-06
4.950706415e-06
4.951002275e-06
4.951298135e-06
4.951593995e-06
4.951889855e-06
4.952185715e-06
4.952481575e-06
4.952777435e-06
4.953073295e-06
4.953369155e-06
4.953664995e-06
4.953960855e-06
4.954256715e-06
4.954552575e-06
4.954848435e-06
4.955144295e-06
4.955440155e-06
4.955736015e-06
4.9560318749e-06
4.9563277349e-06
4.9566235749e-06
4.9569194349e-06
4.9572152949e-06
4.9575111549e-06
4.9578070149e-06
4.9581028749e-06
4.9583987349e-06
4.9586945949e-06
4.9589904549e-06
4.9592863149e-06
4.9595821549e-06
4.9598780149e-06
4.9601738749e-06
4.9604697349e-06
4.9607655949e-06
4.9610614549e-06
4.9613573149e-06
4.9616531749e-06
4.9619490349e-06
4.9622448949e-06
4.9625407349e-06
4.9628365949e-06
4.9631324549e-06
4.9634283149e-06
4.9637241749e-06
4.9640200349e-06
4.9643158949e-06
4.9646117549e-06
4.9649076149e-06
4.9652034749e-06
4.9654993149e-06
4.9657951749e-06
4.9660910349e-06
4.9663868949e-06
4.9666827549e-06
4.9669786149e-06
4.9672744749e-06
4.9675703349e-06
4.9678661949e-06
4.9681620549e-06
4.9684578949e-06
4.9687537549e-06
4.9690496149e-06
4.9693454749e-06
4.9696413349e-06
4.9699371949e-06
4.9702330549e-06
4.9705289149e-06
4.9708247749e-06
4.9711206349e-06
4.9714164749e-06
4.9717123349e-06
4.9720081949e-06
4.9725999148e-06
4.7125999164e-06
4.7125999164e-06
4.7130375564e-06
4.7134751964e-06
4.7139128364e-06
4.7143504564e-06
4.7147880964e-06
4.7152257364e-06
4.7156633764e-06
4.7161010164e-06
4.7165386564e-06
4.7169762764e-06
4.7174139164e-06
4.7178515564e-06
4.7182891964e-06
4.7187268364e-06
4.7191644764e-06
4.7196020964e-06
4.7200397364e-06
4.7204773764e-06
4.7209150164e-06
4.7213526564e-06
4.7217902964e-06
4.7222279164e-06
4.7226655564e-06
4.7231031964e-06
4.7235408364e-06
4.7239784764e-06
4.7244161164e-06
4.7248537364e-06
4.7252913764e-06
4.7257290163e-06
4.7261666563e-06
4.7266042963e-06
4.7270419363e-06
4.7274795563e-06
4.7279171963e-06
4.7283548363e-06
4.7287924763e-06
4.7292301163e-06
4.7296677563e-06
4.7301053963e-06
4.7305430163e-06
4.7309806563e-06
4.7314182963e-06
4.7318559363e-06
4.7322935763e-06
4.7327312163e-06
4.7331688363e-06
4.7336064763e-06
4.7340441163e-06
4.7344817563e-06
4.7349193963e-06
4.7353570363e-06
4.7357946563e-06
4.7362322963e-06
4.7366699363e-06
4.7371075763e-06
4.7375452163e-06
4.7379828563e-06
4.7384204763e-06
4.7388581163e-06
4.7392957563e-06
4.7397333963e-06
4.7401710363e-06
4.7406086763e-06
4.7410462963e-06
4.7414839363e-06
4.7419215762e-06
4.7423592162e-06
4.7427968562e-06
4.7432344962e-06
4.7436721362e-06
4.7441097562e-06
4.7445473962e-06
4.7449850362e-06
4.7454226762e-06
4.7458603162e-06
4.7462979562e-06
4.7467355762e-06
4.7471732162e-06
4.7476108562e-06
4.7480484962e-06
4.7484861362e-06
4.7489237762e-06
4.7493613962e-06
4.7497990362e-06
4.7502366762e-06
4.7506743162e-06
4.7511119562e-06
4.7515495962e-06
4.7519872162e-06
4.7524248562e-06
4.7528624962e-06
4.7533001362e-06
4.7537377762e-06
4.7541754162e-06
4.7546130362e-06
4.7550506762e-06
4.7554883162e-06
4.7559259562e-06
4.7563635962e-06
4.7568012362e-06
4.7572388562e-06
4.7576764962e-06
4.7581141362e-06
4.7585517761e-06
4.7589894161e-06
4.7594270561e-06
4.7598646961e-06
4.7603023161e-06
4.7607399561e-06
4.7611775961e-06
4.7616152361e-06
4.7620528761e-06
4.7624905161e-06
4.7629281361e-06
4.7633657761e-06
4.7638034161e-06
4.7642410561e-06
4.7646786961e-06
4.7651163361e-06
4.7655539561e-06
4.7659915961e-06
4.7664292361e-06
4.7668668761e-06
4.7673045161e-06
4.7677421561e-06
4.7681797761e-06
4.7686174161e-06
4.7690550561e-06
4.7694926961e-06
4.7699303361e-06
4.7703679761e-06
4.7708055961e-06
4.7712432361e-06
4.7716808761e-06
4.7721185161e-06
4.7725561561e-06
4.7729937961e-06
4.7734314161e-06
4.7738690561e-06
4.7743066961e-06
4.774744336e-06
4.775181976e-06
4.775619616e-06
4.776057256e-06
4.776494876e-06
4.776932516e-06
4.777370156e-06
4.777807796e-06
4.778245436e-06
4.778683076e-06
4.779120696e-06
4.779558336e-06
4.779995976e-06
4.780433616e-06
4.780871256e-06
4.781308896e-06
4.781746516e-06
4.782184156e-06
4.782621796e-06
4.783059436e-06
4.783497076e-06
4.783934716e-06
4.784372336e-06
4.784809976e-06
4.785247616e-06
4.785685256e-06
4.786122896e-06
4.786560536e-06
4.786998156e-06
4.787435796e-06
4.787873436e-06
4.788311076e-06
4.788748716e-06
4.789186356e-06
4.789623996e-06
4.790061616e-06
4.790499256e-06
4.790936896e-06
4.7913745359e-06
4.7918121759e-06
4.7922498159e-06
4.7926874359e-06
4.7931250759e-06
4.7935627159e-06
4.7940003559e-06
4.7944379959e-06
4.7948756359e-06
4.7953132559e-06
4.7957508959e-06
4.7961885359e-06
4.7966261759e-06
4.7970638159e-06
4.7975014559e-06
4.7979390759e-06
4.7983767159e-06
4.7988143559e-06
4.7992519959e-06
4.7996896359e-06
4.8001272759e-06
4.8005648959e-06
4.8010025359e-06
4.8014401759e-06
4.8018778159e-06
4.8023154559e-06
4.8027530959e-06
4.8031907159e-06
4.8036283559e-06
4.8040659959e-06
4.8045036359e-06
4.8049412759e-06
4.8053789159e-06
4.8058165559e-06
4.8062541759e-06
4.8066918159e-06
4.8071294559e-06
4.8075670959e-06
4.8080047358e-06
4.8084423758e-06
4.8088799958e-06
4.8093176358e-06
4.8097552758e-06
4.8101929158e-06
4.8106305558e-06
4.8110681958e-06
4.8115058158e-06
4.8119434558e-06
4.8123810958e-06
4.8128187358e-06
4.8132563758e-06
4.8136940158e-06
4.8141316358e-06
4.8145692758e-06
4.8150069158e-06
4.8154445558e-06
4.8158821958e-06
4.8163198358e-06
4.8167574558e-06
4.8171950958e-06
4.8176327358e-06
4.8180703758e-06
4.8185080158e-06
4.8189456558e-06
4.8193832758e-06
4.8198209158e-06
4.8202585558e-06
4.8206961958e-06
4.8211338358e-06
4.8215714758e-06
4.8220091158e-06
4.8224467358e-06
4.8228843758e-06
4.8233220158e-06
4.8237596558e-06
4.8241972957e-06
4.8246349357e-06
4.8250725557e-06
4.8255101957e-06
4.8259478357e-06
4.8263854757e-06
4.8268231157e-06
4.8272607557e-06
4.8276983757e-06
4.8281360157e-06
4.8285736557e-06
4.8290112957e-06
4.8294489357e-06
4.8298865757e-06
4.8303241957e-06
4.8307618357e-06
4.8311994757e-06
4.8316371157e-06
4.8320747557e-06
4.8325123957e-06
4.8329500157e-06
4.8333876557e-06
4.8338252957e-06
4.8342629357e-06
4.8347005757e-06
4.8351382157e-06
4.8355758357e-06
4.8360134757e-06
4.8364511157e-06
4.8368887557e-06
4.8373263957e-06
4.8377640357e-06
4.8382016757e-06
4.8386392957e-06
4.8390769357e-06
4.8395145757e-06
4.8399522157e-06
4.8403898557e-06
4.8408274956e-06
4.8412651156e-06
4.8417027556e-06
4.8421403956e-06
4.8425780356e-06
4.8430156756e-06
4.8434533156e-06
4.8438909356e-06
4.8443285756e-06
4.8447662156e-06
4.8452038556e-06
4.8456414956e-06
4.8460791356e-06
4.8465167556e-06
4.8469543956e-06
4.8473920356e-06
4.8478296756e-06
4.8482673156e-06
4.8487049556e-06
4.8491425756e-06
4.8495802156e-06
4.8500178556e-06
4.8504554956e-06
4.8508931356e-06
4.8513307756e-06
4.8517684156e-06
4.8522060356e-06
4.8526436756e-06
4.8530813156e-06
4.8535189556e-06
4.8539565956e-06
4.8543942356e-06
4.8548318556e-06
4.8552694956e-06
4.8557071356e-06
4.8561447756e-06
4.8565824156e-06
4.8570200555e-06
4.8574576755e-06
4.8578953155e-06
4.8583329555e-06
4.8587705955e-06
4.8592082355e-06
4.8596458755e-06
4.8600834955e-06
4.8605211355e-06
4.8609587755e-06
4.8613964155e-06
4.8618340555e-06
4.8622716955e-06
4.8627093155e-06
4.8631469555e-06
4.8635845955e-06
4.8640222355e-06
4.8644598755e-06
4.8648975155e-06
4.8653351355e-06
4.8657727755e-06
4.8662104155e-06
4.8666480555e-06
4.8670856955e-06
4.8675233355e-06
4.8679609755e-06
4.8683985955e-06
4.8688362355e-06
4.8692738755e-06
4.8697115155e-06
4.8701491555e-06
4.8705867955e-06
4.8710244155e-06
4.8714620555e-06
4.8718996955e-06
4.8723373355e-06
4.8727749755e-06
4.8732126155e-06
4.8736502354e-06
4.8740878754e-06
4.8745255154e-06
4.8749631554e-06
4.8754007954e-06
4.8758384354e-06
4.8762760554e-06
4.8767136954e-06
4.8771513354e-06
4.8775889754e-06
4.8780266154e-06
4.8784642554e-06
4.8789018754e-06
4.8793395154e-06
4.8797771554e-06
4.8802147954e-06
4.8806524354e-06
4.8810900754e-06
4.8815276954e-06
4.8819653354e-06
4.8824029754e-06
4.8828406154e-06
4.8832782554e-06
4.8837158954e-06
4.8841535354e-06
4.8845911554e-06
4.8850287954e-06
4.8854664354e-06
4.8859040754e-06
4.8863417154e-06
4.8867793554e-06
4.8872169754e-06
4.8876546154e-06
4.8880922554e-06
4.8885298954e-06
4.8889675354e-06
4.8894051754e-06
4.8898427954e-06
4.8902804353e-06
4.8907180753e-06
4.8911557153e-06
4.8915933553e-06
4.8920309953e-06
4.8924686153e-06
4.8929062553e-06
4.8933438953e-06
4.8937815353e-06
4.8942191753e-06
4.8946568153e-06
4.8950944353e-06
4.8955320753e-06
4.8959697153e-06
4.8964073553e-06
4.8968449953e-06
4.8972826353e-06
4.8977202753e-06
4.8981578953e-06
4.8985955353e-06
4.8990331753e-06
4.8994708153e-06
4.8999084553e-06
4.9003460953e-06
4.9007837153e-06
4.9012213553e-06
4.9016589953e-06
4.9020966353e-06
4.9025342753e-06
4.9029719153e-06
4.9034095353e-06
4.9038471753e-06
4.9042848153e-06
4.9047224553e-06
4.9051600953e-06
4.9055977353e-06
4.9060353553e-06
4.9064729952e-06
4.9069106352e-06
4.9073482752e-06
4.9077859152e-06
4.9082235552e-06
4.9086611752e-06
4.9090988152e-06
4.9095364552e-06
4.9099740952e-06
4.9104117352e-06
4.9108493752e-06
4.9112869952e-06
4.9117246352e-06
4.9125999152e-06
4.9325999151e-06
5.1725999136e-06
5.1725999136e-06
5.1740172336e-06
5.1754345536e-06
5.1768518736e-06
5.1782692136e-06
5.1796865336e-06
5.1811038536e-06
5.1825211736e-06
5.1839384936e-06
5.1853558136e-06
5.1867731335e-06
5.1881904735e-06
5.1896077935e-06
5.1910251135e-06
5.1924424335e-06
5.1938597535e-06
5.1952770735e-06
5.1966943935e-06
5.1981117335e-06
5.1995290535e-06
5.2009463735e-06
5.2023636935e-06
5.2037810134e-06
5.2051983334e-06
5.2066156534e-06
5.2080329934e-06
5.2094503134e-06
5.2108676334e-06
5.2122849534e-06
5.2137022734e-06
5.2151195934e-06
5.2165369134e-06
5.2179542534e-06
5.2193715733e-06
5.2207888933e-06
5.2222062133e-06
5.2236235333e-06
5.2250408533e-06
5.2264581733e-06
5.2278755133e-06
5.2292928333e-06
5.2307101533e-06
5.2321274733e-06
5.2335447933e-06
5.2349621133e-06
5.2363794332e-06
5.2377967732e-06
5.2392140932e-06
5.2406314132e-06
5.2420487332e-06
5.2434660532e-06
5.2448833732e-06
5.2463006932e-06
5.2477180332e-06
5.2491353532e-06
5.2505526732e-06
5.2519699931e-06
5.2533873131e-06
5.2548046331e-06
5.2562219531e-06
5.2576392931e-06
5.2590566131e-06
5.2604739331e-06
5.2618912531e-06
5.2633085731e-06
5.2647258931e-06
5.2661432131e-06
5.2675605331e-06
5.268977873e-06
5.270395193e-06
5.271812513e-06
5.273229833e-06
5.274647153e-06
5.276064473e-06
5.277481793e-06
5.278899133e-06
5.280316453e-06
5.281733773e-06
5.283151093e-06
5.284568413e-06
5.2859857329e-06
5.2874030529e-06
5.2888203929e-06
5.2902377129e-06
5.2916550329e-06
5.2930723529e-06
5.2944896729e-06
5.2959069929e-06
5.2973243129e-06
5.2987416529e-06
5.3001589729e-06
5.3015762928e-06
5.3029936128e-06
5.3044109328e-06
5.3058282528e-06
5.3072455728e-06
5.3086629128e-06
5.3100802328e-06
5.3114975528e-06
5.3129148728e-06
5.3143321928e-06
5.3157495128e-06
5.3171668328e-06
5.3185841727e-06
5.3200014927e-06
5.3214188127e-06
5.3228361327e-06
5.3242534527e-06
5.3256707727e-06
5.3270880927e-06
5.3285054327e-06
5.3299227527e-06
5.3313400727e-06
5.3327573927e-06
5.3341747127e-06
5.3355920326e-06
5.3370093526e-06
5.3384266926e-06
5.3398440126e-06
5.3412613326e-06
5.3426786526e-06
5.3440959726e-06
5.3455132926e-06
5.3469306126e-06
5.3483479526e-06
5.3497652726e-06
5.3525999125e-06
5.3525999125e-06
5.3523265725e-06
5.3520532125e-06
5.3517798725e-06
5.3515065125e-06
5.3512331725e-06
5.3509598125e-06
5.3506864725e-06
5.3504131326e-06
5.3501397726e-06
5.3498664326e-06
5.3495930726e-06
5.3493197326e-06
5.3490463726e-06
5.3487730326e-06
5.3484996926e-06
5.3482263326e-06
5.3479529926e-06
5.3476796326e-06
5.3474062926e-06
5.3471329326e-06
5.3468595926e-06
5.3465862526e-06
5.3463128926e-06
5.3460395526e-06
5.3457661926e-06
5.3454928526e-06
5.3452194926e-06
5.3449461526e-06
5.3446728126e-06
5.3443994526e-06
5.3441261126e-06
5.3438527526e-06
5.3435794126e-06
5.3433060726e-06
5.3430327126e-06
5.3427593726e-06
5.3424860126e-06
5.3422126726e-06
5.3419393126e-06
5.3416659726e-06
5.3413926326e-06
5.3411192726e-06
5.3408459326e-06
5.3405725726e-06
5.3402992326e-06
5.3400258726e-06
5.3397525326e-06
5.3394791926e-06
5.3392058326e-06
5.3389324926e-06
5.3386591326e-06
5.3383857926e-06
5.3381124326e-06
5.3378390926e-06
5.3375657526e-06
5.3372923926e-06
5.3370190526e-06
5.3367456926e-06
5.3364723526e-06
5.3361989926e-06
5.3359256526e-06
5.3356523126e-06
5.3353789526e-06
5.3351056126e-06
5.3348322526e-06
5.3345589126e-06
5.3342855526e-06
5.3340122127e-06
5.3337388727e-06
5.3334655127e-06
5.3331921727e-06
5.3329188127e-06
5.3326454727e-06
5.3323721127e-06
5.3320987727e-06
5.3318254327e-06
5.3315520727e-06
5.3312787327e-06
5.3310053727e-06
5.3307320327e-06
5.3304586727e-06
5.3301853327e-06
5.3299119927e-06
5.3296386327e-06
5.3293652927e-06
5.3290919327e-06
5.3288185927e-06
5.3285452527e-06
5.3282718927e-06
5.3279985527e-06
5.3277251927e-06
5.3274518527e-06
5.3271784927e-06
5.3269051527e-06
5.3266318127e-06
5.3263584527e-06
5.3260851127e-06
5.3258117527e-06
5.3255384127e-06
5.3252650527e-06
5.3249917127e-06
5.3247183727e-06
5.3244450127e-06
5.3241716727e-06
5.3238983127e-06
5.3236249727e-06
5.3233516127e-06
5.3230782727e-06
5.3228049327e-06
5.3225315727e-06
5.3222582327e-06
5.3219848727e-06
5.3217115327e-06
5.3214381727e-06
5.3211648327e-06
5.3208914927e-06
5.3206181327e-06
5.3203447927e-06
5.3200714327e-06
5.3197980927e-06
5.3195247327e-06
5.3192513927e-06
5.3189780527e-06
5.3187046927e-06
5.3184313527e-06
5.3181579927e-06
5.3178846527e-06
5.3176112928e-06
5.3173379528e-06
5.3170646128e-06
5.3167912528e-06
5.3165179128e-06
5.3162445528e-06
5.3159712128e-06
5.3156978528e-06
5.3154245128e-06
5.3151511728e-06
5.3148778128e-06
5.3146044728e-06
5.3143311128e-06
5.3140577728e-06
5.3137844328e-06
5.3135110728e-06
5.3132377328e-06
5.3129643728e-06
5.3126910328e-06
5.3124176728e-06
5.3121443328e-06
5.3118709928e-06
5.3115976328e-06
5.3113242928e-06
5.3110509328e-06
5.3107775928e-06
5.3105042328e-06
5.3102308928e-06
5.3099575528e-06
5.3096841928e-06
5.3094108528e-06
5.3091374928e-06
5.3088641528e-06
5.3085907928e-06
5.3083174528e-06
5.3080441128e-06
5.3077707528e-06
5.3074974128e-06
5.3072240528e-06
5.3069507128e-06
5.3066773528e-06
5.3064040128e-06
5.3061306728e-06
5.3058573128e-06
5.3055839728e-06
5.3053106128e-06
5.3050372728e-06
5.3047639128e-06
5.3044905728e-06
5.3042172328e-06
5.3039438728e-06
5.3036705328e-06
5.3033971728e-06
5.3031238328e-06
5.3028504728e-06
5.3025771328e-06
5.3023037928e-06
5.3020304328e-06
5.3017570928e-06
5.3014837328e-06
5.3012103929e-06
5.3009370329e-06
5.3006636929e-06
5.3003903529e-06
5.3001169929e-06
5.2998436529e-06
5.2995702929e-06
5.2992969529e-06
5.2990236129e-06
5.2987502529e-06
5.2984769129e-06
5.2982035529e-06
5.2979302129e-06
5.2976568529e-06
5.2973835129e-06
5.2971101729e-06
5.2968368129e-06
5.2965634729e-06
5.2962901129e-06
5.2960167729e-06
5.2957434129e-06
5.2954700729e-06
5.2951967329e-06
5.2949233729e-06
5.2946500329e-06
5.2943766729e-06
5.2941033329e-06
5.2938299729e-06
5.2935566329e-06
5.2932832929e-06
5.2930099329e-06
5.2927365929e-06
5.2924632329e-06
5.2921898929e-06
5.2919165329e-06
5.2916431929e-06
5.2913698529e-06
5.2910964929e-06
5.2908231529e-06
5.2905497929e-06
5.2902764529e-06
5.2900030929e-06
5.2897297529e-06
5.2894564129e-06
5.2891830529e-06
5.2889097129e-06
5.2886363529e-06
5.2883630129e-06
5.2880896529e-06
5.2878163129e-06
5.2875429729e-06
5.2872696129e-06
5.2869962729e-06
5.2867229129e-06
5.2864495729e-06
5.2861762129e-06
5.2859028729e-06
5.2856295329e-06
5.2853561729e-06
5.2850828329e-06
5.284809473e-06
5.284536133e-06
5.284262793e-06
5.283989433e-06
5.283716093e-06
5.283442733e-06
5.283169393e-06
5.282896033e-06
5.282622693e-06
5.282349353e-06
5.282075993e-06
5.281802653e-06
5.281529293e-06
5.281255953e-06
5.280982593e-06
5.280709253e-06
5.280435913e-06
5.280162553e-06
5.279889213e-06
5.279615853e-06
5.279342513e-06
5.279069153e-06
5.278795813e-06
5.278522473e-06
5.278249113e-06
5.277975773e-06
5.277702413e-06
5.277429073e-06
5.277155713e-06
5.276882373e-06
5.276609033e-06
5.276335673e-06
5.276062333e-06
5.275788973e-06
5.275515633e-06
5.275242273e-06
5.274968933e-06
5.274695593e-06
5.274422233e-06
5.274148893e-06
5.273875533e-06
5.273602193e-06
5.273328833e-06
5.273055493e-06
5.272782153e-06
5.272508793e-06
5.272235453e-06
5.271962093e-06
5.271688753e-06
5.271415393e-06
5.271142053e-06
5.270868713e-06
5.270595353e-06
5.270322013e-06
5.270048653e-06
5.269775313e-06
5.269501973e-06
5.269228613e-06
5.268955273e-06
5.268681913e-06
5.268408573e-06
5.2681352131e-06
5.2678618731e-06
5.2675885331e-06
5.2673151731e-06
5.2670418331e-06
5.2667684731e-06
5.2664951331e-06
5.2662217731e-06
5.2659484331e-06
5.2656750931e-06
5.2654017331e-06
5.2651283931e-06
5.2648550331e-06
5.2645816931e-06
5.2643083331e-06
5.2640349931e-06
5.2637616531e-06
5.2634882931e-06
5.2632149531e-06
5.2629415931e-06
5.2626682531e-06
5.2623948931e-06
5.2621215531e-06
5.2618482131e-06
5.2615748531e-06
5.2613015131e-06
5.2610281531e-06
5.2607548131e-06
5.2604814531e-06
5.2602081131e-06
5.2599347731e-06
5.2596614131e-06
5.2593880731e-06
5.2591147131e-06
5.2588413731e-06
5.2585680131e-06
5.2582946731e-06
5.2580213331e-06
5.2577479731e-06
5.2574746331e-06
5.2572012731e-06
5.2569279331e-06
5.2566545731e-06
5.2563812331e-06
5.2561078931e-06
5.2558345331e-06
5.2555611931e-06
5.2552878331e-06
5.2550144931e-06
5.2547411531e-06
5.2544677931e-06
5.2541944531e-06
5.2539210931e-06
5.2536477531e-06
5.2533743931e-06
5.2531010531e-06
5.2528277131e-06
5.2525543531e-06
5.2522810131e-06
5.2520076531e-06
5.2517343132e-06
5.2514609532e-06
5.2511876132e-06
5.2509142732e-06
5.2506409132e-06
5.2503675732e-06
5.2500942132e-06
5.2498208732e-06
5.2495475132e-06
5.2492741732e-06
5.2490008332e-06
5.2487274732e-06
5.2484541332e-06
5.2481807732e-06
5.2479074332e-06
5.2476340732e-06
5.2473607332e-06
5.2470873932e-06
5.2468140332e-06
5.2465406932e-06
5.2462673332e-06
5.2459939932e-06
5.2457206332e-06
5.2454472932e-06
5.2451739532e-06
5.2449005932e-06
5.2446272532e-06
5.2443538932e-06
5.2440805532e-06
5.2438071932e-06
5.2435338532e-06
5.2432605132e-06
5.2429871532e-06
5.2427138132e-06
5.2424404532e-06
5.2421671132e-06
5.2418937532e-06
5.2416204132e-06
5.2413470732e-06
5.2410737132e-06
5.2408003732e-06
5.2405270132e-06
5.2402536732e-06
5.2399803332e-06
5.2397069732e-06
5.2394336332e-06
5.2391602732e-06
5.2388869332e-06
5.2386135732e-06
5.2383402332e-06
5.2380668932e-06
5.2377935332e-06
5.2375201932e-06
5.2372468332e-06
5.2369734932e-06
5.2367001332e-06
5.2364267932e-06
5.2361534532e-06
5.2358800932e-06
5.2356067532e-06
5.2353333933e-06
5.2350600533e-06
5.2347866933e-06
5.2345133533e-06
5.2342400133e-06
5.2339666533e-06
5.2336933133e-06
5.2334199533e-06
5.2331466133e-06
5.2325999133e-06
5.2125999134e-06
4.9325999151e-06
4.9325999151e-06
4.9317161951e-06
4.9308324751e-06
4.9299487551e-06
4.9290650351e-06
4.9281813151e-06
4.9272975951e-06
4.9264138751e-06
4.9255301551e-06
4.9246464351e-06
4.9237627151e-06
4.9228789751e-06
4.9219952552e-06
4.9211115352e-06
4.9202278152e-06
4.9193440952e-06
4.9184603752e-06
4.9175766552e-06
4.9166929352e-06
4.9158092152e-06
4.9149254952e-06
4.9140417752e-06
4.9131580552e-06
4.9122743352e-06
4.9113906152e-06
4.9105068952e-06
4.9096231752e-06
4.9087394552e-06
4.9078557352e-06
4.9069720152e-06
4.9060882953e-06
4.9052045753e-06
4.9043208553e-06
4.9034371153e-06
4.9025533953e-06
4.9016696753e-06
4.9007859553e-06
4.8999022353e-06
4.8990185153e-06
4.8981347953e-06
4.8972510753e-06
4.8963673553e-06
4.8954836353e-06
4.8945999153e-06
4.8937161953e-06
4.8928324753e-06
4.8919487553e-06
4.8910650353e-06
4.8901813153e-06
4.8892975954e-06
4.8884138754e-06
4.8875301554e-06
4.8866464354e-06
4.8857627154e-06
4.8848789754e-06
4.8839952554e-06
4.8831115354e-06
4.8822278154e-06
4.8813440954e-06
4.8804603754e-06
4.8795766554e-06
4.8786929354e-06
4.8778092154e-06
4.8769254954e-06
4.8760417754e-06
4.8751580554e-06
4.8742743354e-06
4.8733906155e-06
4.8725068955e-06
4.8716231755e-06
4.8707394555e-06
4.8698557355e-06
4.8689720155e-06
4.8680882955e-06
4.8672045755e-06
4.8663208555e-06
4.8654371155e-06
4.8645533955e-06
4.8636696755e-06
4.8627859555e-06
4.8619022355e-06
4.8610185155e-06
4.8601347955e-06
4.8592510755e-06
4.8583673555e-06
4.8574836355e-06
4.8565999156e-06
4.8557161956e-06
4.8548324756e-06
4.8539487556e-06
4.8530650356e-06
4.8521813156e-06
4.8512975956e-06
4.8504138756e-06
4.8495301556e-06
4.8486464356e-06
4.8477627156e-06
4.8468789756e-06
4.8459952556e-06
4.8451115356e-06
4.8442278156e-06
4.8433440956e-06
4.8424603756e-06
4.8415766556e-06
4.8406929356e-06
4.8398092157e-06
4.8389254957e-06
4.8380417757e-06
4.8371580557e-06
4.8362743357e-06
4.8353906157e-06
4.8345068957e-06
4.8336231757e-06
4.8327394557e-06
4.8318557357e-06
4.8309720157e-06
4.8300882957e-06
4.8292045757e-06
4.8283208557e-06
4.8274371157e-06
4.8265533957e-06
4.8256696757e-06
4.8247859557e-06
4.8239022358e-06
4.8230185158e-06
4.8221347958e-06
4.8212510758e-06
4.8203673558e-06
4.8194836358e-06
4.8185999158e-06
4.8177161958e-06
4.8168324758e-06
4.8159487558e-06
4.8150650358e-06
4.8141813158e-06
4.8132975958e-06
4.8124138758e-06
4.8115301558e-06
4.8106464358e-06
4.8097627158e-06
4.8088789758e-06
4.8079952558e-06
4.8071115359e-06
4.8062278159e-06
4.8053440959e-06
4.8044603759e-06
4.8035766559e-06
4.8026929359e-06
4.8018092159e-06
4.8009254959e-06
4.8000417759e-06
4.7991580559e-06
4.7982743359e-06
4.7973906159e-06
4.7965068959e-06
4.7956231759e-06
4.7947394559e-06
4.7938557359e-06
4.7929720159e-06
4.7920882959e-06
4.7912045759e-06
4.790320856e-06
4.789437116e-06
4.788553396e-06
4.787669676e-06
4.786785956e-06
4.785902236e-06
4.785018516e-06
4.784134796e-06
4.783251076e-06
4.782367356e-06
4.781483636e-06
4.780599916e-06
4.779716196e-06
4.778832476e-06
4.777948756e-06
4.777065036e-06
4.776181316e-06
4.775297596e-06
4.7744138761e-06
4.7735301561e-06
4.7726464361e-06
4.7717627161e-06
4.7708789761e-06
4.7699952561e-06
4.7691115361e-06
4.7682278161e-06
4.7673440961e-06
4.7664603761e-06
4.7655766561e-06
4.7646929361e-06
4.7638092161e-06
4.7629254961e-06
4.7620417761e-06
4.7611580561e-06
4.7602743361e-06
4.7593906161e-06
4.7585068961e-06
4.7576231762e-06
4.7567394562e-06
4.7558557362e-06
4.7549720162e-06
4.7540882962e-06
4.7532045762e-06
4.7523208562e-06
4.7514371162e-06
4.7505533962e-06
4.7496696762e-06
4.7487859562e-06
4.7479022362e-06
4.7470185162e-06
4.7461347962e-06
4.7452510762e-06
4.7443673562e-06
4.7434836362e-06
4.7425999162e-06
4.7417161963e-06
4.7408324763e-06
4.7399487563e-06
4.7390650363e-06
4.7381813163e-06
4.7372975963e-06
4.7364138763e-06
4.7355301563e-06
4.7346464363e-06
4.7337627163e-06
4.7328789763e-06
4.7319952563e-06
4.7311115363e-06
4.7302278163e-06
4.7293440963e-06
4.7284603763e-06
4.7275766563e-06
4.7266929363e-06
4.7258092163e-06
4.7249254964e-06
4.7240417764e-06
4.7231580564e-06
4.7222743364e-06
4.7213906164e-06
4.7205068964e-06
4.7196231764e-06
4.7187394564e-06
4.7178557364e-06
4.7169720164e-06
4.7160882964e-06
4.7152045764e-06
4.7143208564e-06
4.7134371164e-06
4.7125533964e-06
4.7116696764e-06
4.7107859564e-06
4.7099022364e-06
4.7090185164e-06
4.7081347965e-06
4.7072510765e-06
4.7063673565e-06
4.7054836365e-06
4.7045999165e-06
4.7037161965e-06
4.7028324765e-06
4.7019487565e-06
4.7010650365e-06
4.7001813165e-06
4.6992975965e-06
4.6984138765e-06
4.6975301565e-06
4.6966464365e-06
4.6957627165e-06
4.6948789765e-06
4.6939952565e-06
4.6931115365e-06
4.6922278166e-06
4.6913440966e-06
4.6904603766e-06
4.6895766566e-06
4.6886929366e-06
4.6878092166e-06
4.6869254966e-06
4.6860417766e-06
4.6851580566e-06
4.6842743366e-06
4.6833906166e-06
4.6825068966e-06
4.6816231766e-06
4.6807394566e-06
4.6798557366e-06
4.6789720166e-06
4.6780882966e-06
4.6772045766e-06
4.6763208566e-06
4.6754371167e-06
4.6745533967e-06
4.6736696767e-06
4.6727859567e-06
4.6719022367e-06
4.6710185167e-06
4.6701347967e-06
4.6692510767e-06
4.6683673567e-06
4.6674836367e-06
4.6665999167e-06
4.6657161967e-06
4.6648324767e-06
4.6639487567e-06
4.6630650367e-06
4.6621813167e-06
4.6612975967e-06
4.6604138767e-06
4.6595301568e-06
4.6586464368e-06
4.6577627168e-06
4.6568789768e-06
4.6559952568e-06
4.6551115368e-06
4.6542278168e-06
4.6533440968e-06
4.6524603768e-06
4.6515766568e-06
4.6506929368e-06
4.6498092168e-06
4.6489254968e-06
4.6480417768e-06
4.6471580568e-06
4.6462743368e-06
4.6453906168e-06
4.6445068968e-06
4.6436231768e-06
4.6427394569e-06
4.6418557369e-06
4.6409720169e-06
4.6400882969e-06
4.6392045769e-06
4.6383208569e-06
4.6374371169e-06
4.6365533969e-06
4.6356696769e-06
4.6347859569e-06
4.6339022369e-06
4.6330185169e-06
4.6321347969e-06
4.6312510769e-06
4.6303673569e-06
4.6294836369e-06
4.6285999169e-06
4.6277161969e-06
4.6268324769e-06
4.625948757e-06
4.625065037e-06
4.624181317e-06
4.623297597e-06
4.622413877e-06
4.621530157e-06
4.620646437e-06
4.619762717e-06
4.618878977e-06
4.617995257e-06
4.617111537e-06
4.616227817e-06
4.615344097e-06
4.614460377e-06
4.613576657e-06
4.612692937e-06
4.611809217e-06
4.610925497e-06
4.6100417771e-06
4.6091580571e-06
4.6082743371e-06
4.6073906171e-06
4.6065068971e-06
4.6056231771e-06
4.6047394571e-06
4.6038557371e-06
4.6029720171e-06
4.6020882971e-06
4.6012045771e-06
4.6003208571e-06
4.5994371171e-06
4.5985533971e-06
4.5976696771e-06
4.5967859571e-06
4.5959022371e-06
4.5950185171e-06
4.5941347971e-06
4.5932510772e-06
4.5923673572e-06
4.5914836372e-06
4.5905999172e-06
4.5897161972e-06
4.5888324772e-06
4.5879487572e-06
4.5870650372e-06
4.5861813172e-06
4.5852975972e-06
4.5844138772e-06
4.5835301572e-06
4.5826464372e-06
4.5817627172e-06
4.5808789772e-06
4.5799952572e-06
4.5791115372e-06
4.5782278172e-06
4.5773440972e-06
4.5764603773e-06
4.5755766573e-06
4.5746929373e-06
4.5738092173e-06
4.5729254973e-06
4.5720417773e-06
4.5711580573e-06
4.5702743373e-06
4.5693906173e-06
4.5685068973e-06
4.5676231773e-06
4.5667394573e-06
4.5658557373e-06
4.5649720173e-06
4.5640882973e-06
4.5632045773e-06
4.5623208573e-06
4.5614371173e-06
4.5605533974e-06
4.5596696774e-06
4.5587859574e-06
4.5579022374e-06
4.5570185174e-06
4.5561347974e-06
4.5552510774e-06
4.5543673574e-06
4.5525999174e-06
4.8325999157e-06
4.8325999157e-06
4.8362189557e-06
4.8398380157e-06
4.8434570556e-06
4.8470761156e-06
4.8506951556e-06
4.8543141956e-06
4.8579332555e-06
4.8615522955e-06
4.8651713355e-06
4.8687903955e-06
4.8724094355e-06
4.8760284954e-06
4.8796475354e-06
4.8832665754e-06
4.8868856354e-06
4.8905046753e-06
4.8941237153e-06
4.8977427753e-06
4.9013618153e-06
4.9049808753e-06
4.9085999152e-06
4.9122189552e-06
4.9158380152e-06
4.9194570552e-06
4.9230761151e-06
4.9266951551e-06
4.9303141951e-06
4.9339332551e-06
4.9375522951e-06
4.941171335e-06
4.944790395e-06
4.948409435e-06
4.952028495e-06
4.955647535e-06
4.9592665749e-06
4.9628856349e-06
4.9665046749e-06
4.9701237149e-06
4.9737427748e-06
4.9773618148e-06
4.9809808748e-06
4.9845999148e-06
4.9882189548e-06
4.9918380147e-06
4.9954570547e-06
4.9990761147e-06
5.0026951547e-06
5.0063141946e-06
5.0099332546e-06
5.0135522946e-06
5.0171713346e-06
5.0207903946e-06
5.0244094345e-06
5.0280284945e-06
5.0316475345e-06
5.0352665745e-06
5.0388856344e-06
5.0425046744e-06
5.0461237144e-06
5.0497427744e-06
5.0533618144e-06
5.0569808743e-06
5.0605999143e-06
5.0642189543e-06
5.0678380143e-06
5.0714570542e-06
5.0750761142e-06
5.0786951542e-06
5.0823141942e-06
5.0859332542e-06
5.0895522941e-06
5.0931713341e-06
5.0967903941e-06
5.1004094341e-06
5.104028494e-06
5.107647534e-06
5.111266574e-06
5.114885634e-06
5.118504674e-06
5.1221237139e-06
5.1257427739e-06
5.1293618139e-06
5.1329808739e-06
5.1365999139e-06
5.1402189538e-06
5.1438380138e-06
5.1474570538e-06
5.1510761138e-06
5.1546951537e-06
5.1583141937e-06
5.1619332537e-06
5.1655522937e-06
5.1691713337e-06
5.1727903936e-06
5.1764094336e-06
5.1800284936e-06
5.1836475336e-06
5.1872665735e-06
5.1908856335e-06
5.1945046735e-06
5.1981237135e-06
5.2017427735e-06
5.2053618134e-06
5.2089808734e-06
5.2125999134e-06
5.2162189534e-06
5.2198380133e-06
5.2234570533e-06
5.2270761133e-06
5.2306951533e-06
5.2343141933e-06
5.2379332532e-06
5.2415522932e-06
5.2451713332e-06
5.2487903932e-06
5.2524094331e-06
5.2560284931e-06
5.2596475331e-06
5.2632665731e-06
5.2668856331e-06
5.270504673e-06
5.274123713e-06
5.277742773e-06
5.281361813e-06
5.2849808729e-06
5.2885999129e-06
5.2922189529e-06
5.2958380129e-06
5.2994570529e-06
5.3030761128e-06
5.3066951528e-06
5.3103141928e-06
5.3139332528e-06
5.3175522928e-06
5.3211713327e-06
5.3247903927e-06
5.3284094327e-06
5.3320284927e-06
5.3356475326e-06
5.3392665726e-06
5.3428856326e-06
5.3465046726e-06
5.3501237126e-06
5.3537427725e-06
5.3573618125e-06
5.3609808725e-06
5.3645999125e-06
5.3682189524e-06
5.3718380124e-06
5.3754570524e-06
5.3790761124e-06
5.3826951524e-06
5.3863141923e-06
5.3899332523e-06
5.3935522923e-06
5.3971713323e-06
5.4007903922e-06
5.4044094322e-06
5.4080284922e-06
5.4116475322e-06
5.4152665722e-06
5.4188856321e-06
5.4225046721e-06
5.4261237121e-06
5.4297427721e-06
5.433361812e-06
5.436980872e-06
5.440599912e-06
5.444218952e-06
5.447838012e-06
5.4514570519e-06
5.4550761119e-06
5.4586951519e-06
5.4623141919e-06
5.4659332518e-06
5.4695522918e-06
5.4731713318e-06
5.4767903918e-06
5.4804094318e-06
5.4840284917e-06
5.4876475317e-06
5.4912665717e-06
5.4948856317e-06
5.4985046717e-06
5.5021237116e-06
5.5057427716e-06
5.5093618116e-06
5.5129808716e-06
5.5165999115e-06
5.5202189515e-06
5.5238380115e-06
5.5274570515e-06
5.5310761115e-06
5.5346951514e-06
5.5383141914e-06
5.5419332514e-06
5.5455522914e-06
5.5491713313e-06
5.5527903913e-06
5.5564094313e-06
5.5600284913e-06
5.5636475313e-06
5.5672665712e-06
5.5708856312e-06
5.5745046712e-06
5.5781237112e-06
5.5817427711e-06
5.5853618111e-06
5.5889808711e-06
5.5925999111e-06
5.5962189511e-06
5.599838011e-06
5.603457051e-06
5.607076111e-06
5.610695151e-06
5.6143141909e-06
5.6179332509e-06
5.6215522909e-06
5.6251713309e-06
5.6287903909e-06
5.6324094308e-06
5.6360284908e-06
5.6396475308e-06
5.6432665708e-06
5.6468856307e-06
5.6505046707e-06
5.6541237107e-06
5.6577427707e-06
5.6613618107e-06
5.6649808706e-06
5.6685999106e-06
5.6722189506e-06
5.6758380106e-06
5.6794570506e-06
5.6830761105e-06
5.6866951505e-06
5.6903141905e-06
5.6939332505e-06
5.6975522904e-06
5.7011713304e-06
5.7047903904e-06
5.7084094304e-06
5.7120284904e-06
5.7156475303e-06
5.7192665703e-06
5.7228856303e-06
5.7265046703e-06
5.7301237102e-06
5.7337427702e-06
5.7373618102e-06
5.7409808702e-06
5.7445999102e-06
5.7482189501e-06
5.7518380101e-06
5.7554570501e-06
5.7590761101e-06
5.76269515e-06
5.76631419e-06
5.76993325e-06
5.77355229e-06
5.77717133e-06
5.7807903899e-06
5.7844094299e-06
5.7880284899e-06
5.7916475299e-06
5.7952665698e-06
5.7988856298e-06
5.8025046698e-06
5.8061237098e-06
5.8097427698e-06
5.8133618097e-06
5.8169808697e-06
5.8205999097e-06
5.8242189497e-06
5.8278380096e-06
5.8314570496e-06
5.8350761096e-06
5.8386951496e-06
5.8423141896e-06
5.8459332495e-06
5.8495522895e-06
5.8531713295e-06
5.8567903895e-06
5.8604094295e-06
5.8640284894e-06
5.8676475294e-06
5.8712665694e-06
5.8748856294e-06
5.8785046693e-06
5.8821237093e-06
5.8857427693e-06
5.8893618093e-06
5.8929808693e-06
5.8965999092e-06
5.9002189492e-06
5.9038380092e-06
5.9074570492e-06
5.9110761091e-06
5.9146951491e-06
5.9183141891e-06
5.9219332491e-06
5.9255522891e-06
5.929171329e-06
5.932790389e-06
5.936409429e-06
5.940028489e-06
5.9436475289e-06
5.9472665689e-06
5.9508856289e-06
5.9545046689e-06
5.9581237089e-06
5.9617427688e-06
5.9653618088e-06
5.9725999088e-06
5.9725999088e-06
5.9437110289e-06
5.9148221291e-06
5.8859332493e-06
5.8570443495e-06
5.8281554696e-06
5.7992665698e-06
5.77037769e-06
5.7125999104e-06
5.7125999104e-06
5.7140284903e-06
5.7154570503e-06
5.7168856303e-06
5.7183141903e-06
5.7197427703e-06
5.7211713303e-06
5.7225999103e-06
5.7240284903e-06
5.7254570503e-06
5.7268856303e-06
5.7283141903e-06
5.7297427702e-06
5.7325999102e-06
5.7325999102e-06
6.0125999085e-06
6.0125999085e-06
6.0225999085e-06
6.0325999084e-06
6.0525999083e-06
6.0525999083e-06
6.0503539283e-06
6.0481079283e-06
6.0458619483e-06
6.0436159483e-06
6.0413699684e-06
6.0391239684e-06
6.0368779884e-06
6.0346319884e-06
6.0323860084e-06
6.0301400084e-06
6.0278940284e-06
6.0256480284e-06
6.0234020485e-06
6.0211560485e-06
6.0189100685e-06
6.0166640885e-06
6.0144180885e-06
6.0121721085e-06
6.0099261085e-06
6.0076801286e-06
6.0054341286e-06
6.0031881486e-06
6.0009421486e-06
5.9986961686e-06
5.9964501686e-06
5.9942041886e-06
5.9919581887e-06
5.9897122087e-06
5.9874662287e-06
5.9852202287e-06
5.9829742487e-06
5.9807282487e-06
5.9784822687e-06
5.9762362687e-06
5.9739902888e-06
5.9717442888e-06
5.9694983088e-06
5.9672523088e-06
5.9650063288e-06
5.9627603288e-06
5.9605143488e-06
5.9582683489e-06
5.9560223689e-06
5.9537763889e-06
5.9515303889e-06
5.9492844089e-06
5.9470384089e-06
5.9447924289e-06
5.942546429e-06
5.940300449e-06
5.938054449e-06
5.935808469e-06
5.933562469e-06
5.931316489e-06
5.929070489e-06
5.926824509e-06
5.9245785091e-06
5.9223325291e-06
5.9200865491e-06
5.9178405491e-06
5.9155945691e-06
5.9133485691e-06
5.9111025891e-06
5.9088565892e-06
5.9066106092e-06
5.9043646092e-06
5.9021186292e-06
5.8998726292e-06
5.8976266492e-06
5.8953806492e-06
5.8931346693e-06
5.8908886893e-06
5.8886426893e-06
5.8863967093e-06
5.8841507093e-06
5.8819047293e-06
5.8796587293e-06
5.8774127493e-06
5.8751667494e-06
5.8729207694e-06
5.8706747694e-06
5.8684287894e-06
5.8661827894e-06
5.8639368094e-06
5.8616908094e-06
5.8594448295e-06
5.8571988495e-06
5.8549528495e-06
5.8527068695e-06
5.8504608695e-06
5.8482148895e-06
5.8459688895e-06
5.8437229096e-06
5.8414769096e-06
5.8392309296e-06
5.8369849296e-06
5.8347389496e-06
5.8324929496e-06
5.8302469696e-06
5.8280009696e-06
5.8257549897e-06
5.8235090097e-06
5.8212630097e-06
5.8190170297e-06
5.8167710297e-06
5.8145250497e-06
5.8122790497e-06
5.8100330698e-06
5.8077870698e-06
5.8055410898e-06
5.8032950898e-06
5.8010491098e-06
5.7988031098e-06
5.7965571298e-06
5.7943111299e-06
5.7920651499e-06
5.7898191699e-06
5.7875731699e-06
5.7853271899e-06
5.7830811899e-06
5.7808352099e-06
5.7785892099e-06
5.77634323e-06
5.77409723e-06
5.77185125e-06
5.76960525e-06
5.76735927e-06
5.76511327e-06
5.76286729e-06
5.7606213101e-06
5.7583753101e-06
5.7561293301e-06
5.7538833301e-06
5.7516373501e-06
5.7493913501e-06
5.7471453701e-06
5.7448993702e-06
5.7426533902e-06
5.7404073902e-06
5.7381614102e-06
5.7359154102e-06
5.7336694302e-06
5.7314234302e-06
5.7291774502e-06
5.7269314703e-06
5.7246854703e-06
5.7224394903e-06
5.7201934903e-06
5.7179475103e-06
5.7157015103e-06
5.7134555303e-06
5.7112095304e-06
5.7089635504e-06
5.7067175504e-06
5.7044715704e-06
5.7022255704e-06
5.6999795904e-06
5.6977335904e-06
5.6954876105e-06
5.6932416305e-06
5.6909956305e-06
5.6887496505e-06
5.6865036505e-06
5.6842576705e-06
5.6820116705e-06
5.6797656905e-06
5.6775196906e-06
5.6752737106e-06
5.6730277106e-06
5.6707817306e-06
5.6685357306e-06
5.6662897506e-06
5.6640437706e-06
5.6617977707e-06
5.6595517907e-06
5.6573057907e-06
5.6550598107e-06
5.6528138107e-06
5.6505678307e-06
5.6483218307e-06
5.6460758508e-06
5.6438298508e-06
5.6415838708e-06
5.6393378708e-06
5.6370918908e-06
5.6325999108e-06
5.3525999125e-06
5.3525999125e-06
5.3515518725e-06
5.3505038526e-06
5.3494558126e-06
5.3484077726e-06
5.3473597326e-06
5.3463117126e-06
5.3452636726e-06
5.3442156326e-06
5.3431675926e-06
5.3421195726e-06
5.3410715326e-06
5.3400234926e-06
5.3389754526e-06
5.3379274326e-06
5.3368793926e-06
5.3358313526e-06
5.3347833126e-06
5.3337352927e-06
5.3326872527e-06
5.3316392127e-06
5.3305911727e-06
5.3295431527e-06
5.3284951127e-06
5.3274470727e-06
5.3263990327e-06
5.3253510127e-06
5.3243029727e-06
5.3232549327e-06
5.3222068927e-06
5.3211588727e-06
5.3201108327e-06
5.3190627927e-06
5.3180147527e-06
5.3169667328e-06
5.3159186928e-06
5.3148706528e-06
5.3138226128e-06
5.3127745928e-06
5.3117265528e-06
5.3106785128e-06
5.3096304728e-06
5.3085824528e-06
5.3075344128e-06
5.3064863728e-06
5.3054383328e-06
5.3043903128e-06
5.3033422728e-06
5.3022942328e-06
5.3012461929e-06
5.3001981729e-06
5.2991501329e-06
5.2981020929e-06
5.2970540529e-06
5.2960060329e-06
5.2949579929e-06
5.2939099529e-06
5.2928619129e-06
5.2918138929e-06
5.2907658529e-06
5.2897178129e-06
5.2886697729e-06
5.2876217529e-06
5.2865737129e-06
5.2855256729e-06
5.284477633e-06
5.283429613e-06
5.282381573e-06
5.281333533e-06
5.280285493e-06
5.279237473e-06
5.278189433e-06
5.277141393e-06
5.276093353e-06
5.275045333e-06
5.273997293e-06
5.272949253e-06
5.271901233e-06
5.270853193e-06
5.269805153e-06
5.268757113e-06
5.2677090931e-06
5.2666610531e-06
5.2656130131e-06
5.2645649731e-06
5.2635169531e-06
5.2624689131e-06
5.2614208731e-06
5.2603728331e-06
5.2593248131e-06
5.2582767731e-06
5.2572287331e-06
5.2561806931e-06
5.2551326731e-06
5.2540846331e-06
5.2530365931e-06
5.2519885531e-06
5.2509405332e-06
5.2498924932e-06
5.2488444532e-06
5.2477964132e-06
5.2467483932e-06
5.2457003532e-06
5.2446523132e-06
5.2436042732e-06
5.2425562532e-06
5.2415082132e-06
5.2404601732e-06
5.2394121332e-06
5.2383641132e-06
5.2373160732e-06
5.2362680332e-06
5.2352199933e-06
5.2341719733e-06
5.2331239333e-06
5.2320758933e-06
5.2310278533e-06
5.2299798333e-06
5.2289317933e-06
5.2278837533e-06
5.2268357133e-06
5.2257876933e-06
5.2247396533e-06
5.2236916133e-06
5.2226435733e-06
5.2215955533e-06
5.2205475133e-06
5.2194994733e-06
5.2184514334e-06
5.2174034134e-06
5.2163553734e-06
5.2153073334e-06
5.2142592934e-06
5.2132112734e-06
5.2121632334e-06
5.2111151934e-06
5.2100671534e-06
5.2090191334e-06
5.2079710934e-06
5.2069230534e-06
5.2058750134e-06
5.2048269934e-06
5.2037789534e-06
5.2027309134e-06
5.2016828735e-06
5.2006348535e-06
5.1995868135e-06
5.1985387735e-06
5.1974907335e-06
5.1964427135e-06
5.1953946735e-06
5.1943466335e-06
5.1932985935e-06
5.1922505735e-06
5.1912025335e-06
5.1901544935e-06
5.1891064735e-06
5.1880584335e-06
5.1870103935e-06
5.1859623536e-06
5.1849143336e-06
5.1838662936e-06
5.1828182536e-06
5.1817702136e-06
5.1807221936e-06
5.1796741536e-06
5.1786261136e-06
5.1775780736e-06
5.1765300536e-06
5.1754820136e-06
5.1744339736e-06
5.1733859336e-06
5.1723379136e-06
5.1712898736e-06
5.1702418336e-06
5.1691937937e-06
5.1681457737e-06
5.1670977337e-06
5.1660496937e-06
5.1650016537e-06
5.1639536337e-06
5.1629055937e-06
5.1618575537e-06
5.1608095137e-06
5.1597614937e-06
5.1587134537e-06
5.1576654137e-06
5.1566173737e-06
5.1555693537e-06
5.1545213137e-06
5.1534732737e-06
5.1524252338e-06
5.1513772138e-06
5.1503291738e-06
5.1492811338e-06
5.1482330938e-06
5.1471850738e-06
5.1461370338e-06
5.1450889938e-06
5.1440409538e-06
5.1429929338e-06
5.1419448938e-06
5.1408968538e-06
5.1398488138e-06
5.1388007938e-06
5.1377527538e-06
5.1367047139e-06
5.1356566739e-06
5.1346086539e-06
5.1335606139e-06
5.1325125739e-06
5.1314645339e-06
5.1304165139e-06
5.1293684739e-06
5.1283204339e-06
5.1272723939e-06
5.1262243739e-06
5.1251763339e-06
5.1241282939e-06
5.1230802539e-06
5.1220322339e-06
5.1209841939e-06
5.119936154e-06
5.118888114e-06
5.117840094e-06
5.116792054e-06
5.115744014e-06
5.114695974e-06
5.112599914e-06
