-12.310776313
-13.247012828
-13.953158718
-16.178855243
-17.830500595
-20.187549488
-23.045399305
-23.748046087
-21.200002119
-19.697507434
-18.042522575
-16.355605162
-15.361447874
-17.819999911
-22.770434841
-16.746482724
-18.568943041
-17.02873238
-14.994439743
-13.308617572
-12.389421106
-11.355237617
-11.481143715
-12.376610285
-13.126193622
-13.952044942
-13.718775511
-13.786814523
-13.7881416
-14.031988046
-15.16232393
-17.277276496
-18.324600742
-18.73013272
-16.865772887
-18.269218472
-17.644491352
-16.841229673
-12.317726046
-13.772628929
-18.628937899
-21.21075843
-23.806693369
-20.5159274
-16.771396437
-17.142352212
-20.380075373
-21.830988242
-13.104241493
-7.8378056899
-5.3876568609
-4.5731440119
-5.5736954529
-9.2860879759
-15.854180238
-22.603897636
-19.528497589
-19.837694044
-22.670104979
-29.001774438
-25.157820791
-17.262153005
-11.619210293
-14.009860805
-15.281417351
-11.946730102
-13.198107553
-15.952552154
-19.681758588
-20.900846532
nan
-25.813658826
-25.891856214
-24.82762237
-20.798536378
-19.912163493
-19.796766637
-19.335171455
-21.308832952
-25.790341557
-28.157279353
-21.357267083
-13.987291053
-11.107120273
-9.7195898259
-9.0300543509
-8.8762495959
-9.4304606509
-13.873630041
-11.41068057
-3.7223883349
-0.31829067788
0.069600459121
-1.9911842839
-4.1849964759
-4.1033580159
-3.7929533359
-4.2025402169
-5.1284289669
-5.7725045309
-6.1549056719
-7.2688781199
-7.4024576779
-6.8815960689
-6.2676196949
-6.1051902159
-5.9734763069
-6.0712961519
-6.5797527469
-7.0658710949
-7.2992425929
-6.8049076579
-6.2183651169
-5.4325093949
-4.4094339839
-4.1933783389
-4.0251753419
-4.0284200589
-5.0774422279
-6.4819029469
-7.5548922749
-8.1667593719
-7.5126959169
-7.4175891719
-7.9363959809
-7.3517548589
-5.7730196969
-4.1288992209
-3.1994603239
-3.3235668329
-4.4551090889
-5.3054959869
-5.5988127099
-5.9655076899
-5.7967379159
-5.5196949339
-5.0684345039
-4.2285409529
-4.0758005979
-3.8274417149
-3.4472288469
-3.7747155239
-3.5746613609
-3.5389221389
-4.1957128209
-5.0844412519
-6.0800571949
-6.5713367159
-6.0108947569
-5.5954703179
-6.0443969159
-6.7797537249
-7.1384816009
-6.7943705699
-6.4419461349
-6.6336449759
-6.5580642819
-6.1336154049
-6.1513287159
-6.1617695119
-6.0845916259
-5.7574951749
-5.5970668419
-5.8084247059
-6.4579110469
-7.3690931429
-8.5157318289
-8.8848812619
-8.9790268509
-9.4320923149
-9.2930479379
-8.4294945149
-7.5058369959
-7.9743479859
-8.5627803269
-8.8561498669
-7.8729279469
-6.6092200209
-5.6024504479
-5.0520262879
-4.3293896739
-3.8660829009
-4.1155512779
-4.5557552419
-5.2977706899
-5.5339539389
-5.9263661309
-6.5020105169
-6.9951042889
-7.8830487199
-7.6038647289
-6.3244870409
-5.5173182709
-5.4385172749
-5.2314931129
-5.0684087599
-5.3274534459
-5.4335738139
-5.1982116119
-5.3438889789
-5.8638042789
-5.5704415499
-5.1126696699
-4.7580244619
-4.9574884129
-5.0443212629
-5.1597572159
-5.2359589469
-5.4665655839
-6.0151646459
-6.4069629119
-6.8855925079
-7.2272150199
-7.2747128459
-7.0743140279
-7.1755292939
-7.4255753669
-7.8358590469
-8.2813548489
-8.5279004069
-9.1254970779
-8.9417968359
-8.2833423509
-7.6422038279
-7.4566809369
-7.2662941469
-7.0544734259
-7.0252384319
-6.7373956539
-6.6782291449
-6.9279764579
-7.0647208919
-6.9133230549
-7.0722514019
-7.5341933349
-7.1978617759
-7.5105411209
-7.9444147159
-8.0824287459
-7.9551598419
-7.8111277799
-8.0759414659
-8.1496266599
-7.5211735169
-6.5191325479
-6.0696276049
-5.4784683829
-4.8993463639
-4.5517787749
-4.6328438119
-4.9574599909
-6.2399233489
-6.9947110429
-7.2943663189
-6.7385694209
-6.2308349269
-5.3372533249
-5.0073723679
-5.3927110279
-5.9111836049
-5.9313752469
-5.6270523039
-5.8875217759
-6.5887628289
-7.7086134579
-8.2601330999
-7.8157114109
-7.1924632039
-7.4050937609
-7.9911724189
-8.5750733609
-9.4753084659
-10.083534699
-10.120143913
-9.3247525029
-8.3261429659
-7.0648747209
-7.3143441009
-8.4615433199
-9.1311121679
-9.2979597169
-8.6515800829
-8.9320252189
-9.6711537849
-9.3562541829
-8.8919674629
-8.2736797179
-7.1193588159
-6.6940620259
-6.6778254049
-6.5796594419
-6.1791132859
-6.7097311649
-6.9642011089
-7.6492498909
-9.4708065119
-10.247724788
-9.5447953599
-10.722304949
-8.7636617069
-9.2871484689
-11.007691626
-11.513038187
-9.3459573939
-8.3429277009
-7.6419721609
-6.5575841829
-5.3956629679
-5.2042442069
-5.5480541519
-7.4939064049
-9.1405973569
-9.6989240869
-9.9583074499
-13.599246975
-12.541538631
-8.0385231039
-12.259297819
-18.179801519
-17.991248555
-15.359011724
-8.9898290709
-6.6057543129
-7.1291492989
-7.8744910109
-6.7161827969
-4.4199127679
-2.9961660309
-3.7003595449
-3.7844070589
-4.7546300549
-2.1958576729
-2.1254019389
-6.8833194699
-16.324488044
-12.230024327
-6.0097751739
-10.066076392
-6.5250057979
-8.6311115029
-6.7377662379
-5.0927063239
-5.6686797359
-5.3944336419
-5.3736348679
-4.9363421099
-4.9708856389
-4.8397021309
-4.6475566429
-4.5800588319
-4.5019888999
-4.5511422399
-4.0006940919
-3.5108652099
-3.4255752799
-3.8836744119
-4.4517845059
-4.6222105749
-5.0339264839
-5.7069256809
-5.7947332739
-5.7224384099
-5.5542123009
-4.9405927159
-4.7574073659
-5.1248346139
-5.4722910199
-6.0439807969
-6.3120492189
-5.5213963089
-4.6712089489
-4.7980636959
-5.5599988599
-4.6927418889
-3.6114040729
-3.7808007919
-4.3243532039
-3.8300207409
-4.1359921189
-4.5615144479
-4.2742676089
-4.2848783599
-5.8050566479
-6.4840816919
-6.2467599129
-7.2553513219
-7.6128687419
-8.1693026909
-8.1106085789
-8.1534635629
-7.8378356729
-7.7365486689
-7.5597258079
-7.1523103339
-6.2457677999
-5.6685979089
-5.0427942469
-4.2878120959
-4.2773957649
-4.3684673999
-4.6410631689
-4.8806305429
-5.0419551499
-5.1117752649
-5.5828438359
-5.9939803609
-6.2777526199
-6.0709448769
-6.3263939159
-6.3493338279
-6.4599272229
-6.7352122399
-6.6363511509
-7.2675325169
-7.4987244079
-7.0044974469
-6.8333543939
-6.1610174059
-5.2605492579
-4.4172181989
-4.4427255929
-5.6008503029
-6.1710265679
-6.1422757599
-6.2093423699
-6.3190968159
-6.4569595379
-6.5566355529
-7.0844086049
-6.7831175599
-5.7134853349
-5.2525884779
-5.0875567509
-5.1210458429
-5.0316659649
-4.7328893949
-4.7818608409
-5.2994341049
-5.3504261189
-5.1956118099
-5.3359843349
-5.5907819929
-5.8387654859
-5.9080908239
-5.4839232329
-5.2959298869
-5.7926389329
-5.6357190929
-4.9775845919
-5.1827729049
-6.1435164979
-6.7321941049
-6.9668546409
-6.8257668329
-6.6801691509
-6.9361131299
-7.1661301549
-7.0868866469
-7.1914611779
-7.1180699389
-6.3850930139
-5.5699802709
-5.4663432029
-5.8313527729
-6.4313834109
-7.2306567509
-8.0991479149
-8.6811143759
-8.4875381599
-8.4890558739
-9.5394475109
-10.532039384
-10.249886442
-9.0984993319
-8.0425823069
-7.4951264309
-7.3553726139
-7.4927936479
-7.4349996649
-6.8481288879
-6.2420770379
-5.4706768299
-4.6711275899
-4.8252067969
-5.6153931139
-6.2669857279
-5.8043625569
-5.3542887949
-5.6744578109
-5.7460050859
-5.7081251519
-5.1043115439
-4.7148207459
-4.5336747529
-4.9355051339
-5.8829524659
-6.7827635179
-7.3182238929
-7.4703010229
-7.3294914939
-7.0046322979
-6.9396376789
-7.0978554959
-7.2055301479
-7.4468365899
-7.7198002499
-7.7324149929
-7.8764914509
-8.2957424979
-8.9670696769
-9.1384868579
-8.9399564059
-8.5090802579
-8.2836538879
-8.3288563899
-8.2590465699
-7.9891804159
-7.7074788769
-7.9760050529
-8.2343800299
-7.7484105399
-7.3867210049
-7.6871712659
-8.1977012939
-8.1728602539
-7.5085037319
-7.0861710529
-7.1198674939
-7.3373370649
-7.2006296789
-7.0263640769
-6.9151263549
-6.7718616499
-6.8486503549
-6.9714818559
-7.4397677619
-8.1998081039
-8.2678724119
-8.5795914339
-8.3215190969
-7.1453493289
-7.0801388889
-6.4516879529
-6.3610113019
-5.1762951949
-5.0262252919
-5.4302591139
-4.9714397159
-5.8993560269
-6.2229134469
-5.3197837189
-4.7410882079
-4.7960352269
-5.9728862109
-8.3357201199
-10.790733721
-13.07020006
-16.211071655
-19.199020902
-20.672099441
-20.366125784
-19.708906171
-20.843047864
-25.522668054
nan
-23.685377619
-25.023478933
-32.7640761
-25.000199775
-31.014586857
nan
nan
nan
nan
nan
nan
nan
nan
nan
nan
nan
nan
nan
nan
nan
nan
nan
nan
nan
nan
nan
nan
nan
nan
nan
nan
nan
nan
nan
nan
nan
nan
nan
nan
nan
nan
nan
nan
nan
nan
nan
nan
nan
nan
nan
nan
nan
nan
nan
nan
nan
nan
nan
nan
nan
nan
nan
nan
nan
nan
nan
nan
nan
nan
nan
nan
nan
nan
nan
nan
nan
nan
nan
nan
nan
nan
nan
nan
nan
nan
nan
nan
nan
nan
nan
nan
nan
nan
nan
nan
nan
nan
nan
nan
nan
nan
nan
nan
nan
nan
nan
nan
nan
nan
nan
nan
nan
nan
nan
nan
nan
nan
nan
nan
nan
nan
nan
nan
nan
nan
nan
nan
nan
nan
nan
nan
nan
nan
nan
nan
nan
nan
nan
nan
nan
nan
nan
nan
nan
nan
nan
nan
nan
nan
nan
nan
nan
nan
nan
nan
nan
nan
nan
nan
nan
nan
nan
nan
nan
nan
nan
nan
nan
nan
nan
nan
nan
nan
nan
nan
nan
nan
nan
nan
nan
nan
nan
nan
nan
nan
nan
nan
nan
nan
nan
nan
nan
nan
nan
nan
nan
nan
nan
nan
nan
nan
nan
nan
nan
nan
nan
nan
nan
nan
nan
nan
nan
nan
nan
nan
nan
nan
nan
nan
nan
nan
nan
nan
nan
nan
nan
nan
nan
nan
nan
nan
nan
nan
nan
nan
nan
nan
nan
nan
nan
nan
nan
nan
nan
nan
nan
nan
nan
nan
nan
nan
nan
nan
nan
nan
nan
nan
nan
nan
nan
nan
nan
nan
nan
nan
nan
nan
nan
nan
nan
nan
nan
nan
nan
nan
nan
nan
nan
nan
nan
nan
nan
nan
nan
nan
nan
nan
nan
nan
nan
nan
nan
nan
nan
nan
nan
nan
nan
nan
nan
nan
nan
nan
nan
nan
nan
nan
nan
nan
nan
nan
nan
nan
nan
nan
nan
nan
nan
nan
nan
nan
nan
nan
nan
nan
nan
nan
nan
nan
nan
nan
nan
nan
nan
nan
nan
nan
nan
nan
nan
nan
nan
nan
nan
nan
nan
nan
nan
nan
nan
nan
nan
nan
nan
nan
nan
nan
nan
nan
nan
nan
nan
nan
nan
nan
nan
nan
nan
nan
nan
nan
nan
nan
nan
nan
nan
nan
nan
nan
nan
nan
nan
nan
nan
nan
nan
nan
nan
nan
nan
nan
nan
nan
nan
nan
nan
nan
nan
nan
nan
nan
nan
nan
nan
nan
nan
nan
nan
nan
nan
nan
nan
nan
nan
nan
nan
nan
nan
nan
nan
nan
nan
nan
nan
nan
nan
nan
nan
nan
nan
nan
nan
nan
nan
nan
nan
nan
nan
nan
nan
nan
nan
nan
nan
nan
nan
nan
nan
nan
nan
nan
nan
nan
nan
nan
nan
nan
nan
nan
nan
nan
nan
nan
nan
nan
nan
nan
nan
nan
nan
nan
nan
nan
nan
nan
nan
nan
nan
nan
nan
nan
nan
nan
nan
nan
nan
nan
nan
-35.519190317
-34.26805404
-33.868889154
-34.395930959
-32.97441811
-30.854015739
-32.700440357
-30.957264838
-29.357801232
-29.071169965
-28.701230004
-25.80663131
-27.175937298
-25.646188344
-23.212990273
-20.561604766
-18.453240729
-16.106445651
-12.929428156
-10.00503328
-7.4114498589
-5.3169237579
-4.3243537769
-4.9619572669
-5.4510415519
-4.4959311409
-5.4457426139
-5.7275670609
-6.1847016029
-5.9163084099
-5.5692713699
-5.1534486859
-5.0031671119
-5.3243270479
-5.8132751989
-5.4359312019
-5.5524182399
-6.0751470999
-6.3520351639
-5.9271197699
-5.7424479999
-5.9587462169
-5.7058302559
-5.3916176869
-5.2091353629
-4.5651309569
-4.4759174759
-4.4078044589
-4.1127979649
-4.0954092089
-3.8925538979
-4.3311382719
-4.7971361609
-5.0241651669
-5.9939693189
-6.0274537709
-6.0802756229
-6.0186405599
-6.1368457189
-5.9088162279
-4.7903151349
-4.5646947289
-4.7341865349
-4.5636884649
-4.0781611049
-4.5155178569
-4.6663875119
-5.0797595519
-5.7537019669
-5.6755944219
-5.5397882119
-4.9723933909
-5.1062664639
-5.0789757949
-5.1970569469
-4.6717000499
-4.1486087279
-4.1742217739
-3.6956143229
-4.2353507859
-5.8670843099
-5.3035124679
-5.5440516929
-5.8345830469
-5.2309253849
-5.2338937409
-5.6197837309
-5.8695908809
-5.7587089879
-5.6214714689
-4.9448405779
-5.2070883569
-6.1047873799
-6.9392682239
-6.5105488319
-5.5369247299
-5.3721668999
-5.1904293189
-5.0520957279
-5.2948868939
-5.7612160899
-6.1737927349
-5.9252386289
-5.7134551039
-5.5784923039
-5.4718455399
-5.6735080559
-5.5293594119
-5.2801791549
-5.1555857089
-5.0449769949
-5.0330987109
-4.6527990329
-4.6193216049
-4.3541881799
-4.1951563339
-4.0610513749
-3.9504304109
-3.6113710209
-4.2781708319
-4.6374531189
-4.9013020759
-5.1993719439
-5.0322055239
-4.6511558149
-4.8899913479
-4.9833143769
-4.8003238849
-5.1236460749
-5.3566739729
-5.5628749289
-5.4426300519
-5.3599683179
-4.9127242359
-4.5605955209
-4.4285412979
-4.1118153819
-4.0284569919
-3.9841219989
-4.1400941039
-4.2885047969
-3.7869891919
-3.5819980259
-3.1571887579
-3.5256996329
-3.6113298109
-3.3198315599
-2.9890100879
-3.0692851519
-3.4816441669
-3.9784046169
-4.2056615579
-4.2522596809
-4.2753321369
-4.3549858899
-4.8376414339
-4.9169656689
-5.0411295179
-5.1456046029
-5.2331445999
-5.2224270289
-5.1205223989
-5.2468977919
-4.6290639039
-4.1504988059
-4.1390528499
-4.5433625569
-4.8881019599
-4.9447991019
-5.0370964659
-4.6345597859
-4.7829179919
-4.6248946729
-3.9065389129
-4.1340845169
-3.9889756889
-3.8267444049
-3.7299886529
-3.4079750329
-3.7188046729
-3.4522515229
-3.2786642049
-3.1788992199
-3.1830529099
-3.3646916529
-3.6746629199
-3.6103947329
-3.8513032949
-3.9029744069
-3.7766657919
-3.3485353899
-3.1336344049
-3.0190911029
-3.1894224589
-3.5857633249
-2.9244638799
-2.9005223619
-3.0150079109
-2.3535655699
-3.2212113169
-3.7480459359
-3.9914011469
-3.9267287979
-3.7097101249
-4.4135120689
-4.5142823319
-4.8989965429
-4.7204120279
-3.9498579919
-4.1485502249
-4.6710199539
-4.7791401279
-4.6258410129
-3.9516869349
-3.6103263489
-3.7220239879
-3.6425639229
-4.1545609539
-4.7918181519
-5.2984531659
-4.9331739859
-4.4779019089
-4.6580406009
-4.7036670499
-4.7987806479
-4.9627642879
-5.2587609829
-5.4091147609
-5.4927419489
-5.1523461379
-4.8030842439
-5.0535103259
-5.1136949109
-4.5372373469
-4.3987149039
-4.3941350169
-4.8643146129
-5.0821667599
-4.7594993559
-4.4911372269
-4.4268428329
-4.9465719379
-4.2583810499
-4.2943534589
-4.6832015239
-4.9440815919
-5.4289626239
-5.4897311579
-5.3409715619
-5.3927103699
-5.5572542679
-4.8322658209
-4.5643978879
-4.1749828799
-4.4481055719
-4.6881731909
-4.9529789969
-5.7172530759
-5.4209732519
-5.4237997819
-6.3753004249
-6.8076203849
-6.2521255709
-5.0026821049
-4.2459443529
-3.4540716989
-3.3792349579
-3.8440578449
-4.1637786879
-3.8815331339
-3.8538131489
-4.1143144309
-4.2155871169
-3.7314367549
-2.8413651099
-3.1533140749
-3.5531568359
-3.0304625859
-3.2505925999
-4.2912367879
-4.3322825709
-4.0447595289
-3.7560661189
-3.8707179689
-4.1974656339
-4.7217863619
-5.4919947579
-5.6456451809
-5.1549321669
-5.2842761479
-5.5492682189
-5.4355700339
-5.3355290419
-5.4620138489
-5.6577731919
-5.5180700159
-5.1555093989
-5.1459807099
-4.8948941699
-5.1205785109
-5.2885672579
-4.7919200289
-5.0764640939
-4.8761499659
-4.5224904959
-4.1046176779
-4.4622293579
-4.6115272009
-4.3337273529
-4.3494231069
-3.9479161859
-4.3762545169
-4.3972831079
-3.8536807249
-3.4429165889
-3.4052629709
-3.7970269109
-3.6536038119
-3.5241967239
-3.2398866089
-3.6517181709
-3.5867915599
-3.5023345939
-3.4942793739
-3.4918766249
-3.9609162259
-3.6965265299
-2.9017935099
-2.7232980629
-2.6586929679
-2.7925582389
-3.1989003729
-2.8587741009
-2.7388993709
-3.0854329769
-3.0715167059
-4.2406631999
-3.9785355239
-4.4789944119
-4.2492285239
-3.7971501439
-4.1307228099
-4.5410505199
-4.8358602799
-4.9464063999
-5.2097064359
-5.4958914509
-5.4909155799
-5.7988236129
-6.3026745599
-5.8106807739
-5.8540557549
-5.6409737769
-5.5002833169
-5.5247334739
-5.0486657229
-5.1537446469
-5.0509747959
-4.7349791259
-5.0043990539
-4.7383544719
-4.1460354729
-4.3361065709
-4.3202156929
-3.9598849469
-3.9959771449
-3.8298852739
-4.0400375589
-3.8778036759
-3.9991303499
-4.5340287799
-4.6963587469
-4.2245167429
-4.5616913999
-4.6091701799
-4.9886276129
-4.9566635619
-4.6059112759
-4.7106120239
-5.0796146379
-5.0374950849
-5.3248818509
-5.8216500439
-5.4608571389
-5.3210232069
-5.6299678219
-6.3490632299
-6.3069920289
-6.3943517669
-6.2341363139
-5.5214725729
-5.0531288089
-5.3328988759
-5.3109624419
-5.5184549789
-5.4828084929
-4.8811009339
-5.0650522479
-5.5924859819
-5.8585600269
-5.9798954209
-5.4542869529
-5.6530870799
-5.8645397559
-5.4868766489
-6.0078366359
-6.4442173589
-5.9784507999
-6.3273413699
-6.8605327039
-6.8224112639
-7.5824780059
-6.9174109159
-6.7557720879
-6.8741674059
-5.8822691139
-6.2765494759
-6.0519836689
-5.9322121489
-6.0170201609
-6.2336022999
-6.1668196559
-5.6412926459
-5.4802856979
-5.6775678059
-6.0787380939
-6.6555321929
-6.6445515089
-7.0137377319
-6.4482987429
-6.5320566459
-6.5359095359
-5.9177030729
-6.0576749589
-6.5284121679
-6.5131461139
-6.3069604639
-6.4782239159
-6.6292242079
-6.5796440999
-5.8783937479
-5.5804403849
-5.8614807459
-5.6090142149
-5.5868068379
-5.3273758019
-5.3097992629
-5.1595247579
-5.2289446279
-5.3095333329
-5.7353039979
-6.6020169269
-6.4502512039
-5.7932914629
-5.4204271839
-5.3966048149
-5.0549449159
-4.5826147449
-4.5189064039
-4.8482248039
-5.0729739309
-4.7240067839
-4.5548913629
-4.1786193109
-4.2366297429
-4.3833441899
-4.9619293919
-5.2785847539
-4.7816691229
-4.7188285599
-4.7955161349
-4.7267144059
-4.4347110419
-4.6960439059
-4.4011622339
-4.8000015259
-6.3381127039
-6.7358946569
-6.7582508319
-6.6817849979
-6.4854935319
-6.7982226339
-6.7564031789
-6.5056213359
-7.2006849379
-7.2617241049
-6.8920691119
-6.5477082269
-6.3000011559
-5.9600841759
-5.5899623289
-5.1786097799
-5.2806963239
-5.4865910729
-5.6044305669
-6.2527313239
-6.1362149259
-7.2366212339
-6.0557420879
-6.7609584879
-5.8439793479
-6.3364526799
-7.6396020869
-5.8305885699
-4.4173814969
-4.4373150709
-5.8758348149
-8.1018469909
-10.545200734
-12.909036447
-16.215941173
-19.008272236
-19.993838641
-20.379425037
-23.066785456
-26.378971246
-24.406126176
-26.972646322
-27.64649661
-28.146548019
-28.916071277
-31.220074647
-28.683030056
-31.448207307
-32.591198371
-30.998803498
-67.208458467
nan
nan
nan
nan
nan
nan
nan
nan
nan
nan
nan
nan
nan
nan
nan
nan
nan
nan
nan
nan
nan
nan
nan
nan
nan
nan
nan
nan
nan
nan
nan
nan
nan
nan
nan
nan
nan
nan
nan
nan
nan
nan
nan
nan
nan
nan
nan
nan
nan
nan
nan
nan
nan
nan
nan
nan
nan
nan
nan
nan
nan
nan
nan
nan
nan
nan
nan
nan
nan
nan
nan
nan
nan
nan
nan
nan
nan
nan
nan
nan
nan
nan
nan
nan
nan
nan
nan
nan
nan
nan
nan
nan
nan
nan
nan
nan
nan
nan
nan
nan
nan
nan
nan
nan
nan
nan
nan
nan
nan
nan
nan
nan
nan
nan
nan
nan
nan
nan
nan
nan
nan
nan
nan
nan
nan
nan
nan
nan
nan
nan
nan
nan
nan
nan
nan
nan
nan
nan
nan
nan
nan
nan
nan
nan
nan
nan
nan
nan
nan
nan
nan
nan
nan
nan
nan
nan
nan
nan
nan
nan
nan
nan
nan
nan
nan
nan
nan
nan
nan
nan
nan
nan
nan
nan
nan
nan
nan
nan
nan
nan
nan
nan
nan
nan
nan
nan
nan
nan
nan
nan
nan
nan
nan
nan
nan
nan
nan
nan
nan
nan
nan
nan
nan
nan
nan
nan
nan
nan
nan
nan
nan
nan
nan
nan
nan
nan
nan
nan
nan
nan
nan
nan
nan
nan
nan
nan
nan
nan
nan
nan
nan
nan
nan
nan
nan
nan
nan
nan
nan
nan
nan
nan
nan
nan
nan
nan
nan
nan
nan
nan
nan
nan
nan
nan
nan
nan
nan
nan
nan
nan
nan
nan
nan
nan
nan
nan
nan
nan
nan
nan
nan
nan
nan
nan
nan
nan
nan
nan
nan
nan
nan
nan
nan
nan
nan
nan
nan
nan
nan
nan
nan
nan
nan
nan
nan
nan
nan
nan
nan
nan
nan
nan
nan
nan
nan
nan
nan
nan
nan
nan
nan
nan
nan
nan
nan
nan
nan
nan
nan
nan
nan
nan
nan
nan
nan
nan
nan
nan
nan
nan
nan
nan
nan
nan
nan
nan
nan
nan
nan
nan
nan
nan
nan
nan
nan
nan
nan
nan
nan
nan
nan
nan
nan
nan
nan
nan
nan
nan
nan
nan
nan
nan
nan
nan
nan
nan
nan
nan
nan
nan
nan
nan
nan
nan
nan
nan
nan
nan
nan
nan
nan
nan
nan
nan
nan
nan
nan
nan
nan
nan
nan
nan
nan
nan
nan
nan
nan
nan
nan
nan
nan
nan
nan
nan
nan
nan
nan
nan
nan
nan
nan
nan
nan
nan
nan
nan
nan
nan
nan
nan
nan
nan
nan
nan
nan
nan
nan
nan
nan
nan
nan
nan
nan
nan
nan
nan
nan
nan
nan
nan
nan
nan
nan
nan
nan
nan
nan
nan
nan
nan
nan
nan
nan
nan
nan
nan
nan
nan
-30.356028568
-33.107517776
-28.640076427
-33.108527358
-27.483646437
-29.495499107
-27.522149137
-25.869389188
-29.027650037
-24.917800135
-24.83493274
-26.930547954
-23.311850323
-19.934213828
-19.381362069
-19.91221792
-18.855073095
-16.466056918
-13.896956696
-11.529094699
-9.0581376029
-6.9810774289
-5.7690283159
-5.3452931409
-5.8177430879
-7.1323053609
-8.0573472199
-6.9875045959
-6.0164350689
-6.5429162139
-6.5912588149
-5.4766163399
-6.1096867439
-6.5849609889
-6.3160337419
-7.1020396639
-6.8657396469
-6.9592373259
-6.3727915339
-5.9560189419
-5.6926075069
-5.7870094639
-5.5417279499
-5.5746199669
-5.5701021509
-5.6545980909
-6.2196908759
-6.0915990349
-6.5473023939
-6.4894279619
-6.3423739989
-6.1199573939
-5.1235815639
-4.3820038029
-3.8430024769
-4.1271607439
-4.5539638079
-5.1418398569
-5.7009566899
-5.7910123279
-5.4048846019
-5.3880445749
-5.2894593869
-5.7335473239
-5.0452233739
-4.7020991319
-4.5692644949
-4.9479742709
-5.4272212759
-5.5792279549
-5.4810047229
-5.7040681289
-5.9101611389
-5.8533913569
-5.7670861099
-5.6795708269
-5.6107595139
-5.5698191559
-5.6756129539
-5.8955357359
-6.5550384849
-7.2544849749
-7.5182412929
-7.5360777659
-7.6836215019
-7.8473281959
-8.2822427259
-8.5573127069
-8.7091210059
-9.1871885539
-9.5093791089
-9.6494641969
-9.4782421569
-9.3448389739
-9.2051580099
-8.6905839429
-8.1734504199
-8.0718629189
-7.9477339519
-7.7031859149
-7.4958149359
-7.3583915139
-6.9795315269
-6.1452021559
-5.4990774769
-5.6622213819
-5.9707518469
-6.0023215689
-6.3159753919
-6.4894571159
-6.5400414429
-6.3251078619
-6.1264672189
-6.4678041069
-7.1021221379
-8.1342141599
-9.0891531139
-9.0660739179
-9.2734834409
-9.0287761809
-8.6894249159
-8.3455453859
-8.2380322599
-8.9943764239
-9.1492574719
-8.8506592899
-8.7229298949
-7.9001761359
-7.4258786639
-7.1327757329
-7.3199099299
-7.3825383569
-7.2556147099
-7.0724608799
-7.0284495359
-6.6500878909
-5.9635638829
-4.9200550949
-4.4996034659
-5.2311568149
-5.9278943509
-6.5970501919
-6.9550308699
-6.5980416429
-6.3170985479
-6.6332580059
-6.7861535369
-6.9696793759
-6.5247630469
-6.4822207129
-6.7730256019
-6.7782618469
-6.8937014609
-7.0778693669
-7.4559351349
-7.5386944809
-7.5258805119
-7.7847138239
-8.0756815159
-8.4162648569
-8.8933678629
-9.0736684809
-8.6902082189
-8.1174835169
-7.4420823109
-7.2328095219
-7.1469361749
-7.4279921909
-7.5466298969
-7.0628713219
-6.7563766169
-6.8485291179
-6.8059362959
-6.7530260159
-6.4773324029
-6.3910738469
-6.3853892759
-6.0081953029
-5.6485389709
-5.3392568789
-5.5520259729
-6.1172680359
-6.9362038199
-7.2386444419
-7.2443428809
-7.1693327319
-7.6256297519
-7.9815380019
-8.4403844809
-8.2904061799
-8.2846951689
-8.1457050179
-7.7311130999
-7.0578818389
-6.9462811609
-7.4488692149
-7.9422933509
-8.5143942969
-8.6141788859
-8.5957726359
-8.4559537409
-8.1864284029
-8.1792477859
-8.3217263389
-8.8616146909
-9.3690253219
-9.4428049169
-9.2397956369
-9.0974968729
-9.1505247609
-9.0538663779
-8.7896150679
-8.7581739779
-8.9481122249
-9.4356640679
-9.4589173129
-9.2643956399
-9.4035905869
-10.07846026
-10.519482311
-10.224971838
-9.6136750719
-9.5746402059
-9.4930277359
-9.8353760899
-10.266316707
-10.424422191
-9.7336493859
-9.3936725039
-9.5263280689
-9.3998290219
-9.2964723639
-8.6893899669
-8.2426312819
-7.8969652749
-7.7722067609
-7.8375214409
-8.1828585909
-8.4690078039
-8.6545866179
-8.6144808469
-8.3514518119
-8.2954039459
-8.2685151459
-8.4729755539
-8.3799284969
-8.2433944299
-8.0109765399
-7.4881694229
-6.8332012409
-6.0974395609
-5.6945459039
-5.0406379539
-5.0008190279
-5.7670142319
-7.4031170739
-8.7339444649
-8.0496648149
-8.2822150519
-9.6434947829
-10.062373912
-9.8389852369
-8.8319853949
-8.4971334949
-8.4458668629
-8.0349964009
-7.5552040229
-7.3967164929
-7.1986284439
-7.0390636739
-6.9006472829
-6.4508160509
-6.0633136159
-5.9321026299
-6.2263157029
-6.7059441259
-7.0429052279
-7.3908654869
-8.2641992789
-8.4620230009
-8.0157872189
-7.2219963229
-6.6245364779
-6.2406582849
-6.2940352069
-6.2723296049
-5.9158073629
-5.7629207829
-5.5301867569
-5.3046454439
-5.5936417759
-5.8557614889
-5.5603754719
-5.8177881199
-5.8429996989
-6.1820211229
-6.2978428169
-6.5391889599
-6.8286588249
-6.4952722869
-5.6107840679
-5.0038087419
-4.6588383929
-4.9176759449
-5.1334602429
-5.4501256899
-5.9264453379
-5.8488827529
-5.7183225379
-5.2044727749
-4.9139323329
-4.7285072259
-4.6741152689
-5.0634405019
-4.8802639979
-4.4290426839
-4.7203379229
-5.4591821769
-6.0194858089
-7.0435878179
-7.1072980129
-6.9015575539
-7.2632285389
-7.2554183409
-6.9558818829
-7.2728498759
-7.5195793049
-7.6376375669
-7.2633739679
-7.1889957199
-7.2296355179
-7.2986531489
-7.2852559659
-7.0213317469
-6.9723897319
-7.4279483829
-7.4723035979
-7.4450136209
-7.4081717199
-7.6716419729
-8.0777245999
-8.0630838359
-7.9775122369
-8.1945974839
-8.5845565539
-8.8068305709
-8.5269427279
-8.4409152759
-8.4251422719
-8.4247152819
-7.8670972559
-7.5907805959
-7.6907784639
-7.4584537969
-7.0405619899
-6.5946859469
-6.5826404679
-6.7736890639
-7.2533284899
-7.2663507149
-7.4079330439
-8.0265056259
-8.4189546799
-8.5404509959
-8.5352640199
-8.3082787809
-7.7957198449
-7.5417385269
-7.0891931459
-6.2980387059
-6.2853602559
-6.4377546989
-6.2633558659
-6.1997562069
-6.2953505729
-6.5145157149
-7.1510297189
-7.5074876279
-6.8532227889
-7.0843684729
-7.3897155649
-7.0486279689
-6.7095371379
-6.5996243689
-6.8801549709
-6.9097368519
-7.1416633739
-7.2625787709
-7.8066153169
-7.9958850649
-8.3723168139
-8.4530988589
-8.1193897249
-7.9287018909
-7.7144195759
-7.1991590799
-7.0217973239
-6.6715652149
-5.9980020279
-6.4154890429
-6.9638089759
-7.1020192389
-6.8132135309
-6.3987524809
-6.6751508229
-7.2606186779
-8.1912829089
-8.1107795739
-7.7169744309
-7.4572795789
-7.5613185599
-7.7581981429
-8.3429828719
-8.0630081749
-7.3863991249
-6.9054634149
-6.8528142159
-6.7343327669
-6.6997438589
-6.3243151979
-5.5636682899
-5.0386301519
-5.1532062339
-5.8144828789
-6.5323292129
-7.4450192009
-7.4985987059
-7.1124290449
-7.0198345039
-7.2787259289
-7.4055335789
-7.5426541239
-7.6246130599
-7.6709198319
-7.7978792289
-7.4637971469
-7.5844462369
-7.7672953309
-7.7952873709
-7.6095868069
-7.3543774109
-7.3546219759
-7.8330758919
-8.2951915879
-8.4412804749
-8.1167552169
-7.9194157219
-7.7446307899
-7.9608925849
-8.3763138949
-8.4481261279
-8.7896608739
-9.0443475829
-8.9539401729
-8.8815477089
-9.2655878529
-9.2604466259
-9.4487640469
-9.2283888979
-8.3066480959
-7.8015822839
-7.6181461159
-7.2061832009
-6.9354754459
-7.0195227599
-7.2461409229
-7.0562643249
-6.6940274859
-7.0232757259
-7.2417285119
-7.1897455419
-7.2910418699
-7.4938315209
-6.9220787809
-6.3463654929
-6.5030605669
-6.6858251479
-6.5082682769
-6.5359320609
-6.8625035689
-7.6655096839
-8.1065141149
-7.5939195119
-7.2224309899
-6.7251783959
-6.4676437829
-6.4734233699
-6.4697627929
-6.7916424629
-7.3333427429
-7.0951547619
-7.2913501849
-7.9332158109
-7.9094168879
-7.4888877719
-6.9358013629
-6.3826231169
-5.9235237729
-6.2454131119
-5.4919472919
-5.4543145579
-5.7362600529
-5.2324818729
-6.0611387989
-7.1597468979
-7.0641982879
-6.3674709569
-6.2542395789
-7.5074723839
-9.0551743379
-10.821312395
-11.95669301
-14.421357728
-16.507447798
-18.372988749
-20.720317236
-21.739525345
-22.59707447
-24.857820346
-25.004752466
-25.028165294
-26.862592389
-29.828014896
-28.973402368
-27.124918261
-30.070890158
-30.751072321
-29.458372157
-34.355983346
-30.921713061
-35.464599986
-31.781730688
-35.523979271
-33.803041753
-34.139231985
-36.755144914
-33.510599282
-53.696994291
nan
nan
nan
nan
nan
nan
nan
nan
nan
nan
nan
nan
nan
nan
nan
nan
nan
nan
nan
nan
nan
nan
nan
nan
nan
nan
nan
nan
nan
nan
nan
nan
nan
nan
nan
nan
nan
nan
nan
nan
nan
nan
nan
nan
nan
nan
nan
nan
nan
nan
nan
nan
nan
nan
nan
nan
nan
nan
nan
nan
nan
nan
nan
nan
nan
nan
nan
nan
nan
nan
nan
nan
nan
nan
nan
nan
nan
nan
nan
nan
nan
nan
nan
nan
nan
nan
nan
nan
nan
nan
nan
nan
nan
nan
nan
nan
nan
nan
nan
nan
nan
nan
nan
nan
nan
nan
nan
nan
nan
nan
nan
nan
nan
nan
nan
nan
nan
nan
nan
nan
nan
nan
nan
nan
nan
nan
nan
nan
nan
nan
nan
nan
nan
nan
nan
nan
nan
nan
nan
nan
nan
nan
nan
nan
nan
nan
nan
nan
nan
nan
nan
nan
nan
nan
nan
nan
nan
nan
nan
nan
nan
nan
nan
nan
nan
nan
nan
nan
nan
nan
nan
nan
nan
nan
nan
nan
nan
nan
nan
nan
nan
nan
nan
nan
nan
nan
nan
nan
nan
nan
nan
nan
nan
nan
nan
nan
nan
nan
nan
nan
nan
nan
nan
nan
nan
nan
nan
nan
nan
nan
nan
nan
nan
nan
nan
nan
nan
nan
nan
nan
nan
nan
nan
nan
nan
nan
nan
nan
nan
nan
nan
nan
nan
nan
nan
nan
nan
nan
nan
nan
nan
nan
nan
nan
nan
nan
nan
nan
nan
nan
nan
nan
nan
nan
nan
nan
nan
nan
nan
nan
nan
nan
nan
nan
nan
nan
nan
nan
nan
nan
nan
nan
nan
nan
nan
nan
nan
nan
nan
nan
nan
nan
nan
nan
nan
nan
nan
nan
nan
nan
nan
nan
nan
nan
nan
nan
nan
nan
nan
nan
nan
nan
nan
nan
nan
nan
nan
nan
nan
nan
nan
nan
nan
nan
nan
nan
nan
nan
nan
nan
nan
nan
nan
nan
nan
nan
nan
nan
nan
nan
nan
nan
nan
nan
nan
nan
nan
nan
nan
nan
nan
nan
nan
nan
nan
nan
nan
nan
nan
nan
nan
nan
nan
nan
nan
nan
nan
nan
nan
nan
nan
nan
nan
nan
nan
nan
nan
nan
nan
nan
nan
nan
nan
nan
nan
nan
nan
nan
nan
nan
nan
nan
nan
nan
nan
nan
nan
nan
nan
nan
nan
nan
nan
nan
nan
nan
nan
nan
nan
nan
nan
nan
nan
nan
nan
nan
nan
nan
nan
nan
nan
nan
nan
nan
nan
nan
nan
nan
nan
nan
nan
nan
nan
nan
nan
nan
nan
nan
nan
nan
nan
nan
nan
nan
nan
nan
nan
nan
nan
nan
nan
nan
nan
nan
nan
nan
nan
nan
nan
nan
nan
nan
nan
nan
nan
nan
nan
nan
nan
-29.604599564
-28.619616608
-30.738873012
-26.493558027
-30.798842909
-25.251369786
-26.538791276
-26.804697259
-22.532228532
-22.453058835
-22.442429407
-19.356556274
-17.082365584
-16.02946565
-14.803152068
-13.031783561
-11.166406636
-9.6488222939
-8.3883328759
-7.5194530669
-7.4147532049
-8.7741879409
-10.08432488
-9.0693203099
-7.6004801179
-7.8930019349
-8.6533933989
-6.9115260769
-7.3160741939
-8.1580808349
-7.9425044229
-8.6484811679
-8.0698216129
-9.3059971249
-8.5462630889
-8.2044055409
-8.0281820939
-8.2119415969
-7.6795616039
-7.1633018069
-7.5475568869
-8.3094362949
-8.3251036339
-8.3003027749
-8.7330626839
-8.1539734279
-7.5328027029
-6.7554299459
-6.0698860219
-5.8313170779
-6.0154954659
-6.3992999339
-6.5839386169
-6.9224073919
-7.0903983239
-7.6047676299
-8.4381512299
-8.5635165899
-8.5168703419
-8.3739933929
-8.0421385309
-8.2879808109
-8.2436211059
-7.4639463629
-7.6012205089
-8.2078346749
-8.7087482009
-9.0951852749
-8.9580547219
-8.9796701539
-8.8690414289
-9.5353467159
-10.179915252
-10.861450417
-10.902314755
-9.8083486709
-10.238337511
-9.7911185599
-9.2779537259
-9.5945462339
-9.5099985019
-9.8577973479
-10.821706148
-11.356460481
-11.058193955
-11.152715953
-10.702781197
-11.582379885
-11.729218179
-12.177489188
-13.007591346
-13.375780528
-12.104022071
-12.218071591
-10.937983322
-9.5452213989
-10.109690454
-9.5655314959
-7.9429757119
-7.6033596139
-8.3189051739
-9.1561690909
-9.0634897419
-8.2004376389
-8.0731522889
-7.7365421539
-7.0400517749
-8.0211324599
-9.2613152339
-9.3551496809
-9.5713316919
-10.974649317
-12.379690662
-12.929282076
-12.141437802
-10.952245022
-10.986146707
-9.9272174299
-8.3219120349
-7.4283383219
-7.3895218199
-8.3524728809
-7.4273915869
-7.6558022549
-6.0710902369
-6.0736593809
-6.7835216199
-7.5989227979
-7.3584501509
-7.3863196559
-7.7716485139
-7.3349370039
-7.4393645459
-7.5647438409
-7.5217798579
-7.1591843489
-7.5029684489
-7.8252317719
-7.6105671489
-7.8126533319
-8.0220592999
-8.3891885259
-8.4288645939
-9.0592942399
-8.9772782779
-8.3695050359
-7.8449115149
-8.2070382929
-7.8766665539
-8.0235935849
-8.1324369359
-8.5462930989
-8.9721303439
-8.3098866039
-7.9791451599
-7.2288746999
-6.9393365439
-6.6645202779
-6.3818073169
-6.4882215319
-6.5956149139
-6.8718007799
-6.2342590899
-6.0423337369
-6.2666604149
-6.8970655149
-7.0026351369
-6.9546269159
-6.8485551869
-7.0044688469
-6.5369237169
-6.1110454569
-5.7674363899
-6.2799513179
-6.3102171249
-7.0908166179
-8.0968386489
-8.1833249729
-8.2684434869
-8.9830907599
-9.1082932419
-9.6378258599
-10.331001463
-10.921042811
-11.02264341
-11.304787182
-11.66308449
-10.697721493
-9.7332558989
-9.1109829769
-8.8604495619
-8.3917244919
-8.2166828129
-8.2489970909
-8.3098040759
-8.9850387829
-9.0790723759
-8.5104758699
-8.2490666509
-8.4213590059
-8.3563268029
-7.8876747459
-7.6492673049
-7.6395296469
-7.6995127089
-8.0955845259
-8.8555291369
-9.4572158379
-10.003550734
-10.363245699
-10.731025303
-11.525592524
-11.954151295
-11.444838995
-11.371354598
-11.595305059
-11.247881895
-10.457199054
-9.4037343699
-8.9033374029
-8.3382986259
-7.6361737229
-7.4267579589
-7.3820972609
-7.2957723999
-7.0911385059
-6.7880076759
-6.5063611449
-6.0954777979
-5.8885265209
-6.3048052069
-6.6960594979
-7.2792733089
-7.4174561569
-7.4715100069
-7.3991757929
-7.2301227959
-7.3158268559
-7.6530319469
-7.3002877599
-6.5148319709
-6.2045767549
-6.5017771749
-6.8399923849
-6.7603368779
-7.1936378269
-7.5009695149
-7.8829474419
-7.1058896439
-5.7941954879
-4.8116268139
-4.4161100319
-4.7072612489
-5.6378001499
-5.7562550799
-6.1066985649
-5.9348999709
-5.7776839039
-6.4058871409
-8.4882845219
-8.6486260529
-7.4788354859
-7.9256445229
-9.0548939499
-9.3410501409
-9.7403621919
-9.0197340509
-8.8058723819
-8.7699757569
-8.8403128769
-8.6533886489
-8.1809869619
-8.3826905689
-8.6710045719
-8.5103162819
-8.6928676269
-9.1157256419
-9.2623816809
-9.1327094459
-9.1287569389
-8.8187878539
-8.7376794089
-8.9427499009
-8.0060736899
-7.5358064019
-7.8608294839
-8.2679256859
-8.0500229649
-7.8530627239
-8.3863820809
-8.7475527969
-8.9165442279
-8.9622419809
-9.1569854519
-9.0898645639
-8.0767150519
-7.7437793889
-8.4416788989
-8.1644966009
-8.0038486289
-8.5586839379
-8.5488560579
-8.4500625289
-8.8009030769
-9.4376312859
-9.9742710979
-10.229665678
-9.9680854739
-9.9129908919
-9.8501700149
-10.211338673
-10.414664611
-10.613277645
-10.440238902
-10.487657739
-10.631058212
-10.958799217
-10.477248348
-10.044437263
-10.203471845
-10.65521877
-11.57131373
-11.56310323
-12.164072658
-11.789443179
-11.190223392
-9.6475235339
-9.5696248439
-8.9484921759
-9.5655515599
-9.5737481719
-10.215375261
-10.801007607
-9.7210937199
-8.4592850409
-7.2790380949
-6.5171231519
-6.3774072259
-6.7141651459
-6.8028777389
-7.2457674299
-7.9083832269
-7.7423372619
-7.6395980709
-7.2893919099
-7.6086167719
-7.2293592329
-6.8242663799
-7.8066350769
-7.1439719609
-7.1033064729
-6.4613659759
-6.0267846749
-4.8578130629
-4.6038365699
-5.0034785239
-5.5551416429
-7.0129511009
-8.6861428499
-7.6507582929
-7.6699504699
-7.7846090609
-8.7643200439
-9.0776792629
-10.414063403
-11.22709334
-11.938064333
-11.372920924
-11.945331261
-12.979140835
-13.905451989
-12.809833562
-12.798021545
-12.200925284
-10.823141526
-11.079607553
-11.260739903
-10.858089093
-10.791818172
-10.916399559
-10.291007534
-10.050488674
-9.9626705869
-10.463636009
-10.686362074
-11.009428123
-11.569742756
-12.217585949
-11.739291521
-10.867059957
-10.900764837
-11.359323901
-11.396749015
-10.639674408
-10.35852114
-10.42909737
-10.421648406
-10.408377767
-9.8882854439
-8.8050397779
-7.6452422029
-6.9477435429
-6.8145738729
-6.7406863299
-6.5571232939
-6.8318039949
-7.5742960619
-7.7050472509
-8.2705494689
-9.1797279279
-9.2533554379
-9.5635484769
-10.049463252
-10.507567137
-10.358523218
-10.185081616
-10.854838863
-10.75473228
-11.232825268
-12.172439517
-12.796496808
-12.80079063
-13.686194624
-14.460406256
-13.984101775
-13.93312302
-13.72648776
-13.762487511
-13.832037485
-12.884673696
-12.619727927
-12.980886417
-13.005761482
-13.178609339
-12.251797651
-11.566731311
-10.624338725
-9.7892207149
-9.4109201159
-9.0715824779
-9.1017819409
-8.7426656969
-8.0278611519
-7.4859523789
-7.9678815039
-9.3232566959
-10.656487338
-12.276932701
-12.53820373
-12.749181634
-13.064623649
-12.98486423
-12.904393203
-12.883376165
-12.52039325
-12.257087106
-12.021624557
-11.537736381
-10.544047884
-10.280896982
-9.7907562619
-9.8645224349
-10.639289937
-11.596948857
-12.363095503
-12.364188672
-11.77072185
-11.403575877
-11.253546128
-10.803729919
-10.421180815
-10.12829692
-10.464045911
-10.410656552
-9.5038646589
-8.8452597439
-9.0278136119
-9.3322163879
-8.6410566729
-7.6843863949
-7.2720095639
-7.4414945969
-7.4400413029
-7.7124197019
-8.2820908949
-7.9098445529
-7.0724181909
-6.2247781509
-5.8005461629
-5.7018853979
-6.2670446369
-6.4353166509
-7.1012258489
-7.6843591589
-8.4625331139
-8.7112426699
-10.139432914
-10.101646001
-9.1087925699
-9.3889659699
-9.9640780259
-10.16793856
-10.488314944
-10.641923556
-10.931499365
-10.276015247
-9.4158668919
-7.8622152509
-6.5175453089
-6.2466236439
-6.6269100889
-7.6740902419
-8.8544222429
-9.6135338719
-9.3778491309
-9.4180391819
-9.4230485559
-9.7403207389
-9.6241432889
-9.2801706229
-9.9307145829
-10.236322792
-10.433892772
-11.295975288
-11.375441522
-11.196578927
-10.845931848
-10.642793821
-11.180936687
-11.323640474
-11.471055564
-10.57949879
-10.074688387
-9.8995488659
-9.8065278449
-10.245725717
-9.6567171449
-9.8227902799
-10.720514127
-9.1976814199
-9.3322296209
-9.1815393469
-8.4602685719
-9.4305812639
-10.802906583
-10.52014097
-9.6797571159
-9.4276824619
-9.1791543959
-9.6853815249
-11.344685982
-12.837738067
-13.852347984
-15.391484468
-17.283902389
-19.161460289
-21.992580925
-24.843943357
-24.090688164
-24.03231842
-28.683445451
-29.102322946
-25.814926615
-32.574809613
-30.018264344
-27.644254487
-42.271573426
-85.618538902
nan
nan
nan
nan
nan
nan
nan
nan
nan
nan
nan
nan
nan
nan
nan
nan
nan
nan
nan
nan
nan
nan
nan
nan
nan
nan
nan
nan
nan
nan
nan
nan
nan
nan
nan
nan
nan
nan
nan
nan
nan
nan
nan
nan
nan
nan
nan
nan
nan
nan
nan
nan
nan
nan
nan
nan
nan
nan
nan
nan
nan
nan
nan
nan
nan
nan
nan
nan
nan
nan
nan
nan
nan
nan
nan
nan
nan
nan
nan
nan
nan
nan
nan
nan
nan
nan
nan
nan
nan
nan
nan
nan
nan
nan
nan
nan
nan
nan
nan
nan
nan
nan
nan
nan
nan
nan
nan
nan
nan
nan
nan
nan
nan
nan
nan
nan
nan
nan
nan
nan
nan
nan
nan
nan
nan
nan
nan
nan
nan
nan
nan
nan
nan
nan
nan
nan
nan
nan
nan
nan
nan
nan
nan
nan
nan
nan
nan
nan
nan
nan
nan
nan
nan
nan
nan
nan
nan
nan
nan
nan
nan
nan
nan
nan
nan
nan
nan
nan
nan
nan
nan
nan
nan
nan
nan
nan
nan
nan
nan
nan
nan
nan
nan
nan
nan
nan
nan
nan
nan
nan
nan
nan
nan
nan
nan
nan
nan
nan
nan
nan
nan
nan
nan
nan
nan
nan
nan
nan
nan
nan
nan
nan
nan
nan
nan
nan
nan
nan
nan
nan
nan
nan
nan
nan
nan
nan
nan
nan
nan
nan
nan
nan
nan
nan
nan
nan
nan
nan
nan
nan
nan
nan
nan
nan
nan
nan
nan
nan
nan
nan
nan
nan
nan
nan
nan
nan
nan
nan
nan
nan
nan
nan
nan
nan
nan
nan
nan
nan
nan
nan
nan
nan
nan
nan
nan
nan
nan
nan
nan
nan
nan
nan
nan
nan
nan
nan
nan
nan
nan
nan
nan
nan
nan
nan
nan
nan
nan
nan
nan
nan
nan
nan
nan
nan
nan
nan
nan
nan
nan
nan
nan
nan
nan
nan
nan
nan
nan
nan
nan
nan
nan
nan
nan
nan
nan
nan
nan
nan
nan
nan
nan
nan
nan
nan
nan
nan
nan
nan
nan
nan
nan
nan
nan
nan
nan
nan
nan
nan
nan
nan
nan
nan
nan
nan
nan
nan
nan
nan
nan
nan
nan
nan
nan
nan
nan
nan
nan
nan
nan
nan
nan
nan
nan
nan
nan
nan
nan
nan
nan
nan
nan
nan
nan
nan
nan
nan
nan
nan
nan
nan
nan
nan
nan
nan
nan
nan
nan
nan
nan
nan
nan
nan
nan
nan
nan
nan
nan
nan
nan
nan
nan
nan
nan
nan
nan
nan
nan
nan
nan
nan
nan
nan
nan
nan
nan
nan
nan
nan
nan
nan
nan
-31.831561275
-33.282772265
-30.037268833
-32.890871778
-28.065193651
-31.61165122
-26.562556712
-30.444665005
-25.397741779
-25.593621756
-28.653633
-24.305396989
-21.201313952
-19.968227148
-20.651268339
-21.553061161
-20.561426097
-17.74598871
-15.255344224
-13.534496795
-11.696138726
-9.8383872579
-8.0688786379
-6.5749699389
-5.2691939409
-5.8364996479
-6.8177448689
-5.5928949539
-4.2404678819
-4.8196119099
-5.1692543609
-5.1730124619
-6.1983592459
-6.3327431829
-7.7447743229
-7.5900388699
-7.4739159549
-7.2957190979
-6.9016027829
-7.0075316819
-6.9243111519
-7.1740202439
-7.7020087799
-8.4108939699
-8.9504932289
-9.5908367879
-9.5954271059
-8.9760376349
-8.6960967649
-9.2920934669
-10.16792597
-10.852332015
-10.743118696
-10.324771545
-10.040553627
-9.1898791899
-8.6943991129
-8.9785989409
-9.3872723269
-8.8807872449
-8.5811005709
-8.6827322879
-8.4837924189
-7.7741259449
-7.1581438749
-7.0909473979
-8.1526615709
-8.0857841629
-7.6728321679
-6.9447358349
-5.8446772279
-5.9441011279
-6.4919936479
-6.7455649119
-6.0707000309
-5.5699628879
-5.2910191869
-5.3660091159
-5.7384057509
-6.0335663119
-5.3834876199
-5.0284209369
-4.7427822069
-4.5684991309
-5.0448061099
-6.0473037109
-6.1175206239
-5.8658040979
-6.6457627929
-6.2802487559
-5.4403926909
-5.0502904149
-4.3313023469
-4.2708009139
-4.9022929389
-5.4115537789
-6.6457327049
-7.0382331449
-6.9782195609
-5.7359798709
-5.6497208169
-6.1217891909
-5.4951156209
-5.1688427329
-5.6190278829
-5.8660867749
-5.5635932609
-5.7182808929
-6.2859356059
-6.3634101499
-6.1160294229
-6.8288409119
-7.2440236709
-7.1208196659
-7.5262890049
-7.3187944219
-6.6994440979
-6.0367898049
-5.8323340909
-5.6463371079
-5.5984787079
-5.0235879219
-4.8003173129
-5.6637785659
-6.1787751099
-7.0425958469
-7.2687480919
-7.2849237909
-7.0101601329
-6.6062744199
-6.8518043479
-7.0510581249
-6.8643604109
-7.8879533939
-7.7986901779
-8.1695139389
-8.3421112599
-7.9126459029
-8.7330377089
-8.3228700479
-7.9899460429
-8.3063120019
-8.3958286969
-7.2203816559
-6.0864620289
-6.4484188869
-6.3881151039
-7.1727619509
-6.2184434249
-4.3099528459
-4.1232120199
-4.7932349019
-7.7132571229
-9.4843930049
-10.146629734
-9.9294351629
-10.402968383
-9.2478291729
-10.401807142
-11.113728211
-12.541936671
-10.945549715
-10.574578352
-10.92873373
-11.413984262
-11.060627839
-10.385106845
-9.6525551129
-9.6726308979
-10.648883529
-11.146863606
-10.043079896
-9.3060503959
-9.3319422339
-9.8214620969
-9.6430035699
-9.3988075459
-9.8397841889
-9.8791341009
-9.8086807829
-10.527438096
-11.272068054
-11.052226395
-11.144202849
-10.629138677
-9.6215446359
-8.2043686869
-6.9253825519
-6.9410481379
-7.0122036069
-5.5319279249
-4.6413992489
-4.5377519259
-3.6763928719
-2.8477851109
-3.1508089719
-5.3308298439
-6.9884587539
-5.9438279319
-4.8917459959
-5.1444808629
-5.6064047699
-6.5725242169
-6.7730080889
-7.2480584619
-7.4034413079
-7.3978801029
-8.6068608819
-9.0956472749
-9.9148029759
-10.489486876
-10.292115678
-9.9926549279
-9.9667260719
-10.394863624
-11.110281512
-10.628027248
-11.633171368
-11.945678305
-12.36549835
-11.92308474
-11.657707499
-10.665692539
-10.523033969
-10.084368976
-8.7494401439
-8.3120342969
-8.0119062829
-7.1691987319
-6.9122311549
-6.6603280589
-7.2026254549
-6.8253650329
-6.2787837389
-5.7476080529
-5.1696724589
-4.5899022009
-4.6189959989
-5.0780221809
-5.1474165719
-6.0435126259
-6.4056255469
-7.7686734399
-8.6887814299
-9.9843606889
-10.357739682
-12.014533207
-13.081105749
-14.747605161
-16.675095367
-14.817801887
-14.215556123
-14.051276152
-14.036720596
-14.004507335
-14.194341124
-14.241397405
-14.790394368
-13.307231246
-11.274583
-10.699720132
-10.479330516
-10.815991445
-10.818057774
-10.883512415
-11.037757607
-11.091756737
-11.872251094
-13.396255647
-13.268218055
-12.416431698
-12.025860084
-12.382463486
-12.176858814
-11.751755189
-11.35417293
-10.960566795
-11.188263842
-11.20011589
-11.235180447
-12.272292619
-14.101932278
-14.811638185
-16.468241522
-16.580609841
-17.990475633
-18.979445325
-20.076494304
-19.125557014
-19.150494766
-21.511947117
-21.772770397
-22.586754347
-23.42854251
-22.584333171
-22.862305825
-24.353085466
-25.224591249
-23.019366912
-23.49729387
-23.444508444
-23.837170212
-23.709049779
-23.981168314
-23.320025798
-22.814063013
-20.341989269
-18.539790199
-18.0052948
-17.72610012
-18.118475982
-19.303770521
-19.148783383
-20.309753162
-20.143630009
-21.561429815
-24.061190132
-25.76887651
-26.179111386
-29.379773632
-31.951399549
-33.077739328
-31.178228249
-31.73315937
-34.506442133
-34.109175697
-35.503133067
-36.053362509
-35.00322943
-35.500862117
-35.341375127
-38.28827572
-37.734149052
-35.318035323
-41.284080315
-38.574391023
-33.72785167
-32.728793195
-31.191269684
-30.714414496
-32.057753216
-32.379302048
-31.579107171
-32.348976217
-32.326319606
-29.841260711
-28.381490197
-36.950010868
-33.346995805
-29.562448293
-30.995667091
-32.156779063
-34.000625695
-28.182495021
-27.235089627
-25.77700361
-23.860517566
-21.088247087
-18.686217935
-17.1883933
-18.7514488
-19.465477975
-25.919229815
-30.446707895
-24.87781298
-16.813677182
-11.628438228
-10.88450805
-11.355753205
-9.9058006239
-9.5349165829
-10.365301609
-12.40775899
-14.188457406
-16.031073903
-18.589265335
-21.624606568
-21.748967116
-20.381757343
-17.683940332
-15.852917772
-14.701480992
-13.732612227
-14.105623314
-14.54387419
-14.399042034
-14.632559114
-17.807105234
-18.740331694
-18.475578454
-20.241177887
-20.704757076
-23.7935492
-21.497453946
-22.108221477
-17.668390691
-14.560587635
-13.031471983
-11.654929511
-12.008978967
-13.066817017
-12.110680274
-9.1390887729
-5.8676972399
-3.0971405509
-1.4041934299
-0.21273824288
0.68068679812
1.3693590551
1.3873539581
0.92104319112
0.22193082812
-0.98132766588
-2.1681553129
-3.8055612429
-5.1189613079
-6.3598357629
-6.8017944679
-7.6729076499
-7.1410762999
-7.0584501039
-7.4663162799
-6.6861290149
-6.7086703419
-5.8830885029
-4.3620653419
-3.2830206089
-3.2718092289
-3.5471146119
-3.9175408009
-4.9082543759
-5.9818230439
-6.3783363999
-6.7202368719
-7.6238930209
-8.3426873969
-9.0414191529
-8.9578316569
-8.7727585219
-8.5421655209
-8.1560054679
-7.9166277099
-6.7463668679
-7.2978745549
-7.6708937369
-7.3492696309
-6.9913502469
-7.0148723429
-6.7883328099
-6.2150779149
-5.7717750589
-4.7192370139
-3.7851033789
-3.1166429879
-2.9987846319
-3.2108465869
-4.6823886399
-6.3862011619
-6.8309064399
-7.2535314599
-7.3469567089
-7.2135950009
-8.3375730799
-8.7329601059
-9.2564133569
-10.816098757
-10.608467575
-9.7799061019
-10.925281977
-9.9175765079
-8.6116895099
-8.8829801159
-8.6257154539
-9.0364267789
-10.42087939
-10.621342415
-10.596246562
-10.573003593
-11.010763135
-11.07776805
-10.801040104
-10.548027269
-10.416587207
-9.8868723549
-9.1637564329
-8.6061117129
-7.9022337269
-7.1380208839
-7.1759840699
-7.1482671659
-6.5127111699
-5.8414186379
-5.5460022229
-5.7326701919
-6.3558011929
-6.8888033209
-7.1180866099
-6.9082256409
-7.1239472029
-7.3890065359
-7.9433770549
-8.7488273169
-9.5939290329
-9.9872538779
-10.13778418
-9.7395963429
-10.363353039
-9.4214313609
-9.0631271759
-10.040303286
-9.0095351949
-7.8461598099
-7.9933960309
-7.7255256799
-6.5704667139
-5.7213214839
-5.6956867819
-6.4515871429
-7.9893730869
-10.090211167
-12.281687111
-14.063969576
-15.280689512
-16.444448332
-18.228317088
-21.456548126
-28.032873803
-27.428565637
-22.268795811
-22.576989226
-31.018922115
-70.580927532
nan
nan
nan
nan
nan
nan
nan
nan
nan
nan
nan
nan
nan
nan
nan
nan
nan
nan
nan
nan
nan
nan
nan
nan
nan
nan
nan
nan
nan
nan
nan
nan
nan
nan
nan
nan
nan
nan
nan
nan
nan
nan
nan
nan
nan
nan
nan
nan
nan
nan
nan
nan
nan
nan
nan
nan
nan
nan
nan
nan
nan
nan
nan
nan
nan
nan
nan
nan
nan
nan
nan
nan
nan
nan
nan
nan
nan
nan
nan
nan
nan
nan
nan
nan
nan
nan
nan
nan
nan
nan
nan
nan
nan
nan
nan
nan
nan
nan
nan
nan
nan
nan
nan
nan
nan
nan
nan
nan
nan
nan
nan
nan
nan
nan
nan
nan
nan
nan
nan
nan
nan
nan
nan
nan
nan
nan
nan
nan
nan
nan
nan
nan
nan
nan
nan
nan
nan
nan
nan
nan
nan
nan
nan
nan
nan
nan
nan
nan
nan
nan
nan
nan
nan
nan
nan
nan
nan
nan
nan
nan
nan
nan
nan
nan
nan
nan
nan
nan
nan
nan
nan
nan
nan
nan
nan
nan
nan
nan
nan
nan
nan
nan
nan
nan
nan
nan
nan
nan
nan
nan
nan
nan
nan
nan
nan
nan
nan
nan
nan
nan
nan
nan
nan
nan
nan
nan
nan
nan
nan
nan
nan
nan
nan
nan
nan
nan
nan
nan
nan
nan
nan
nan
nan
nan
nan
nan
nan
nan
nan
nan
