1.9892599879e-05
1.9892599879e-05
1.9893181519e-05
1.9893763159e-05
1.9894344819e-05
1.9894926459e-05
1.9895508099e-05
1.9896089739e-05
1.9896671399e-05
1.9897253039e-05
1.9897834679e-05
1.9898416319e-05
1.9898997979e-05
1.9899579619e-05
1.9900161259e-05
1.9900742899e-05
1.9901324559e-05
1.9901906199e-05
1.9902487839e-05
1.9903069479e-05
1.9903651139e-05
1.9904232779e-05
1.9904814419e-05
1.9905396059e-05
1.9905977719e-05
1.9906559359e-05
1.9907140999e-05
1.9907722639e-05
1.9908304299e-05
1.9908885939e-05
1.9909467579e-05
1.9910049219e-05
1.9910630859e-05
1.9911212519e-05
1.9911794159e-05
1.9912375799e-05
1.9912957439e-05
1.9913539099e-05
1.9914120739e-05
1.9914702379e-05
1.9915284019e-05
1.9915865679e-05
1.9916447319e-05
1.9917028959e-05
1.9917610599e-05
1.9918192259e-05
1.9918773899e-05
1.9919355539e-05
1.9919937179e-05
1.9920518839e-05
1.9921100479e-05
1.9921682119e-05
1.9922263759e-05
1.9922845419e-05
1.9923427059e-05
1.9924008699e-05
1.9924590339e-05
1.9925171979e-05
1.9925753639e-05
1.9926335279e-05
1.9926916919e-05
1.9927498559e-05
1.9928080219e-05
1.9928661859e-05
1.9929243499e-05
1.9929825139e-05
1.9930406799e-05
1.9930988439e-05
1.9931570079e-05
1.9932151719e-05
1.9932733379e-05
1.9933315019e-05
1.9933896659e-05
1.9934478299e-05
1.9935059959e-05
1.9935641599e-05
1.9936223239e-05
1.9936804879e-05
1.9937386539e-05
1.9937968179e-05
1.9938549819e-05
1.9939131459e-05
1.9939713119e-05
1.9940294759e-05
1.9940876399e-05
1.9941458039e-05
1.9942039679e-05
1.9942621339e-05
1.9943202979e-05
1.9943784619e-05
1.9944366259e-05
1.9944947919e-05
1.9945529559e-05
1.9946111199e-05
1.9946692839e-05
1.9947274499e-05
1.9947856139e-05
1.9948437779e-05
1.9949019419e-05
1.9949601079e-05
1.9950182719e-05
1.9950764359e-05
1.9951345999e-05
1.9951927659e-05
1.9952509299e-05
1.9953090939e-05
1.9953672579e-05
1.9954254239e-05
1.9954835879e-05
1.9955417519e-05
1.9955999159e-05
1.9956580799e-05
1.9957162459e-05
1.9957744099e-05
1.9958325739e-05
1.9958907379e-05
1.9959489039e-05
1.9960070679e-05
1.9960652319e-05
1.9961233959e-05
1.9961815619e-05
1.9962397259e-05
1.9962978899e-05
1.9963560539e-05
1.9964142199e-05
1.9964723839e-05
1.9965305479e-05
1.9965887119e-05
1.9966468779e-05
1.9967050419e-05
1.9967632059e-05
1.9968213699e-05
1.9968795359e-05
1.9969376999e-05
1.9969958639e-05
1.9970540279e-05
1.9971121939e-05
1.9971703579e-05
1.9972285219e-05
1.9972866859e-05
1.9973448499e-05
1.9974030159e-05
1.9974611799e-05
1.9975193439e-05
1.9975775079e-05
1.9976356739e-05
1.9976938379e-05
1.9977520019e-05
1.9978101659e-05
1.9978683319e-05
1.9979264959e-05
1.9979846599e-05
1.9980428239e-05
1.9981009899e-05
1.9981591539e-05
1.9982173179e-05
1.9982754819e-05
1.9983336479e-05
1.9983918119e-05
1.9984499759e-05
1.9985081399e-05
1.9985663059e-05
1.9986244699e-05
1.9986826339e-05
1.9987407979e-05
1.9987989619e-05
1.9988571279e-05
1.9989152919e-05
1.9989734559e-05
1.9990316199e-05
1.9990897859e-05
1.9991479499e-05
1.9992061138e-05
1.9992642778e-05
1.9993224438e-05
1.9993806078e-05
1.9994387718e-05
1.9994969358e-05
1.9995551018e-05
1.9996132658e-05
1.9996714298e-05
1.9997295938e-05
1.9997877598e-05
1.9998459238e-05
1.9999040878e-05
1.9999622518e-05
2.0000204178e-05
2.0000785818e-05
2.0001367458e-05
2.0001949098e-05
2.0002530758e-05
2.0003112398e-05
2.0003694038e-05
2.0004275678e-05
2.0004857318e-05
2.0005438978e-05
2.0006020618e-05
2.0006602258e-05
2.0007183898e-05
2.0007765558e-05
2.0008347198e-05
2.0008928838e-05
2.0009510478e-05
2.0010092138e-05
2.0010673778e-05
2.0011255418e-05
2.0011837058e-05
2.0012418718e-05
2.0013000358e-05
2.0013581998e-05
2.0014163638e-05
2.0014745298e-05
2.0015326938e-05
2.0015908578e-05
2.0016490218e-05
2.0017071878e-05
2.0017653518e-05
2.0018235158e-05
2.0018816798e-05
2.0019398438e-05
2.0019980098e-05
2.0020561738e-05
2.0021143378e-05
2.0021725018e-05
2.0022306678e-05
2.0022888318e-05
2.0023469958e-05
2.0024051598e-05
2.0024633258e-05
2.0025214898e-05
2.0025796538e-05
2.0026378178e-05
2.0026959838e-05
2.0027541478e-05
2.0028123118e-05
2.0028704758e-05
2.0029286418e-05
2.0029868058e-05
2.0030449698e-05
2.0031031338e-05
2.0031612998e-05
2.0032194638e-05
2.0032776278e-05
2.0033357918e-05
2.0033939578e-05
2.0034521218e-05
2.0035102858e-05
2.0035684498e-05
2.0036266138e-05
2.0036847798e-05
2.0037429438e-05
2.0038011078e-05
2.0038592718e-05
2.0039174378e-05
2.0039756018e-05
2.0040337658e-05
2.0040919298e-05
2.0041500958e-05
2.0042082598e-05
2.0042664238e-05
2.0043245878e-05
2.0043827538e-05
2.0044409178e-05
2.0044990818e-05
2.0045572458e-05
2.0046154118e-05
2.0046735758e-05
2.0047317398e-05
2.0047899038e-05
2.0048480698e-05
2.0049062338e-05
2.0049643978e-05
2.0050225618e-05
2.0050807258e-05
2.0051388918e-05
2.0051970558e-05
2.0052552198e-05
2.0053133838e-05
2.0053715498e-05
2.0054297138e-05
2.0054878778e-05
2.0055460418e-05
2.0056042078e-05
2.0056623718e-05
2.0057205358e-05
2.0057786998e-05
2.0058368658e-05
2.0058950298e-05
2.0059531938e-05
2.0060113578e-05
2.0060695238e-05
2.0061276878e-05
2.0061858518e-05
2.0062440158e-05
2.0063021818e-05
2.0063603458e-05
2.0064185098e-05
2.0064766738e-05
2.0065348398e-05
2.0065930038e-05
2.0066511678e-05
2.0067093318e-05
2.0067674958e-05
2.0068256618e-05
2.0068838258e-05
2.0069419898e-05
2.0070001538e-05
2.0070583198e-05
2.0071164838e-05
2.0071746478e-05
2.0072328118e-05
2.0072909778e-05
2.0073491418e-05
2.0074073058e-05
2.0074654698e-05
2.0075236358e-05
2.0075817998e-05
2.0076399638e-05
2.0076981278e-05
2.0077562938e-05
2.0078144578e-05
2.0078726218e-05
2.0079307858e-05
2.0079889518e-05
2.0080471158e-05
2.0081052798e-05
2.0081634438e-05
2.0082216078e-05
2.0082797738e-05
2.0083379378e-05
2.0083961018e-05
2.0084542658e-05
2.0085124318e-05
2.0085705958e-05
2.0086287598e-05
2.0086869238e-05
2.0087450898e-05
2.0088032538e-05
2.0088614178e-05
2.0089195818e-05
2.0089777478e-05
2.0090359118e-05
2.0090940758e-05
2.0091522398e-05
2.0092104058e-05
2.0092685698e-05
2.0093267338e-05
2.0093848978e-05
2.0094430638e-05
2.0095012278e-05
2.0095593918e-05
2.0096175558e-05
2.0096757218e-05
2.0097338858e-05
2.0097920498e-05
2.0098502138e-05
2.0099083778e-05
2.0099665438e-05
2.0100247078e-05
2.0100828718e-05
2.0101410358e-05
2.0101992018e-05
2.0102573658e-05
2.0103155298e-05
2.0103736938e-05
2.0104318598e-05
2.0104900238e-05
2.0105481878e-05
2.0106063518e-05
2.0106645178e-05
2.0107226818e-05
2.0107808458e-05
2.0108390098e-05
2.0108971758e-05
2.0109553398e-05
2.0110135038e-05
2.0110716678e-05
2.0111298338e-05
2.0111879978e-05
2.0112461618e-05
2.0113043258e-05
2.0113624898e-05
2.0114206558e-05
2.0114788198e-05
2.0115369838e-05
2.0115951478e-05
2.0116533138e-05
2.0117114778e-05
2.0117696418e-05
2.0118278058e-05
2.0118859718e-05
2.0119441358e-05
2.0120022998e-05
2.0120604638e-05
2.0121186298e-05
2.0121767938e-05
2.0122349578e-05
2.0122931218e-05
2.0123512878e-05
2.0124094518e-05
2.0124676158e-05
2.0125257798e-05
2.0125839458e-05
2.0126421098e-05
2.0127002738e-05
2.0127584378e-05
2.0128166038e-05
2.0128747678e-05
2.0129329318e-05
2.0129910958e-05
2.0130492598e-05
2.0131074258e-05
2.0131655898e-05
2.0132237538e-05
2.0132819178e-05
2.0133400838e-05
2.0133982478e-05
2.0134564118e-05
2.0135145758e-05
2.0135727418e-05
2.0136309058e-05
2.0136890698e-05
2.0137472338e-05
2.0138053998e-05
2.0138635638e-05
2.0139217278e-05
2.0139798918e-05
2.0140380578e-05
2.0140962218e-05
2.0141543858e-05
2.0142125498e-05
2.0142707158e-05
2.0143288798e-05
2.0143870438e-05
2.0144452078e-05
2.0145033718e-05
2.0145615378e-05
2.0146197018e-05
2.0146778658e-05
2.0147360298e-05
2.0147941958e-05
2.0148523598e-05
2.0149105238e-05
2.0149686878e-05
2.0150268538e-05
2.0150850178e-05
2.0151431818e-05
2.0152013458e-05
2.0152595118e-05
2.0153176758e-05
2.0153758398e-05
2.0154340038e-05
2.0154921698e-05
2.0155503338e-05
2.0156084978e-05
2.0156666617e-05
2.0157248277e-05
2.0157829917e-05
2.0158411557e-05
2.0158993197e-05
2.0159574857e-05
2.0160156497e-05
2.0160738137e-05
2.0161319777e-05
2.0161901417e-05
2.0162483077e-05
2.0163064717e-05
2.0163646357e-05
2.0164227997e-05
2.0164809657e-05
2.0165391297e-05
2.0165972937e-05
2.0166554577e-05
2.0167136237e-05
2.0167717877e-05
2.0168299517e-05
2.0168881157e-05
2.0169462817e-05
2.0170044457e-05
2.0170626097e-05
2.0171207737e-05
2.0171789397e-05
2.0172371037e-05
2.0172952677e-05
2.0173534317e-05
2.0174115977e-05
2.0174697617e-05
2.0175279257e-05
2.0175860897e-05
2.0176442537e-05
2.0177024197e-05
2.0177605837e-05
2.0178187477e-05
2.0178769117e-05
2.0179350777e-05
2.0179932417e-05
2.0180514057e-05
2.0181095697e-05
2.0181677357e-05
2.0182258997e-05
2.0182840637e-05
2.0183422277e-05
2.0184003937e-05
2.0184585577e-05
2.0185167217e-05
2.0185748857e-05
2.0186330517e-05
2.0186912157e-05
2.0187493797e-05
2.0188075437e-05
2.0188657097e-05
2.0189238737e-05
2.0189820377e-05
2.0190402017e-05
2.0190983677e-05
2.0191565317e-05
2.0192146957e-05
2.0192728597e-05
2.0193310237e-05
2.0193891897e-05
2.0194473537e-05
2.0195055177e-05
2.0195636817e-05
2.0196218477e-05
2.0196800117e-05
2.0197381757e-05
2.0197963397e-05
2.0198545057e-05
2.0199126697e-05
2.0199708337e-05
2.0200289977e-05
2.0200871637e-05
2.0201453277e-05
2.0202034917e-05
2.0202616557e-05
2.0203198217e-05
2.0203779857e-05
2.0204361497e-05
2.0204943137e-05
2.0205524797e-05
2.0206106437e-05
2.0206688077e-05
2.0207269717e-05
2.0207851357e-05
2.0208433017e-05
2.0209014657e-05
2.0209596297e-05
2.0210177937e-05
2.0210759597e-05
2.0211341237e-05
2.0211922877e-05
2.0212504517e-05
2.0213086177e-05
2.0213667817e-05
2.0214249457e-05
2.0214831097e-05
2.0215412757e-05
2.0215994397e-05
2.0216576037e-05
2.0217157677e-05
2.0217739337e-05
2.0218320977e-05
2.0218902617e-05
2.0219484257e-05
2.0220065917e-05
2.0220647557e-05
2.0221229197e-05
2.0221810837e-05
2.0222392497e-05
2.0222974137e-05
2.0223555777e-05
2.0224137417e-05
2.0224719057e-05
2.0225300717e-05
2.0225882357e-05
2.0226463997e-05
2.0227045637e-05
2.0227627297e-05
2.0228208937e-05
2.0228790577e-05
2.0229372217e-05
2.0229953877e-05
2.0230535517e-05
2.0231117157e-05
2.0231698797e-05
2.0232280457e-05
2.0232862097e-05
2.0233443737e-05
2.0234025377e-05
2.0234607037e-05
2.0235188677e-05
2.0235770317e-05
2.0236351957e-05
2.0236933617e-05
2.0237515257e-05
2.0238096897e-05
2.0238678537e-05
2.0239260177e-05
2.0239841837e-05
2.0240423477e-05
2.0241005117e-05
2.0241586757e-05
2.0242168417e-05
2.0242750057e-05
2.0243331697e-05
2.0243913337e-05
2.0244494997e-05
2.0245076637e-05
2.0245658277e-05
2.0246239917e-05
2.0246821577e-05
2.0247403217e-05
2.0247984857e-05
2.0248566497e-05
2.0249148157e-05
2.0249729797e-05
2.0250311437e-05
2.0250893077e-05
2.0251474737e-05
2.0252056377e-05
2.0252638017e-05
2.0253219657e-05
2.0253801317e-05
2.0254382957e-05
2.0254964597e-05
2.0255546237e-05
2.0256127877e-05
2.0256709537e-05
2.0257291177e-05
2.0257872817e-05
2.0258454457e-05
2.0259036117e-05
2.0259617757e-05
2.0260199397e-05
2.0260781037e-05
2.0261362697e-05
2.0261944337e-05
2.0262525977e-05
2.0263107617e-05
2.0263689277e-05
2.0264270917e-05
2.0264852557e-05
2.0265434197e-05
2.0266015857e-05
2.0266597497e-05
2.0267179137e-05
2.0267760777e-05
2.0268342437e-05
2.0268924077e-05
2.0269505717e-05
2.0270087357e-05
2.0270668997e-05
2.0271250657e-05
2.0271832297e-05
2.0272413937e-05
2.0272995577e-05
2.0273577237e-05
2.0274158877e-05
2.0274740517e-05
2.0275322157e-05
2.0275903817e-05
2.0276485457e-05
2.0277067097e-05
2.0277648737e-05
2.0278230397e-05
2.0278812037e-05
2.0279393677e-05
2.0279975317e-05
2.0280556977e-05
2.0281138617e-05
2.0281720257e-05
2.0282301897e-05
2.0282883557e-05
2.0283465197e-05
2.0284046837e-05
2.0284628477e-05
2.0285210137e-05
2.0285791777e-05
2.0286373417e-05
2.0286955057e-05
2.0287536697e-05
2.0288118357e-05
2.0288699997e-05
2.0289281637e-05
2.0289863277e-05
2.0290444937e-05
2.0291026577e-05
2.0291608217e-05
2.0292189857e-05
2.0292771517e-05
2.0293353157e-05
2.0293934797e-05
2.0294516437e-05
2.0295098097e-05
2.0295679737e-05
2.0296261377e-05
2.0296843017e-05
2.0297424677e-05
2.0298006317e-05
2.0298587957e-05
2.0299169597e-05
2.0299751257e-05
2.0300332897e-05
2.0300914537e-05
2.0301496177e-05
2.0302077817e-05
2.0302659477e-05
2.0303241117e-05
2.0303822757e-05
2.0304404397e-05
2.0304986057e-05
2.0305567697e-05
2.0306149337e-05
2.0306730977e-05
2.0307312637e-05
2.0307894277e-05
2.0308475917e-05
2.0309057557e-05
2.0309639217e-05
2.0310220857e-05
2.0310802497e-05
2.0311384137e-05
2.0311965797e-05
2.0312547437e-05
2.0313129077e-05
2.0313710717e-05
2.0314292377e-05
2.0314874017e-05
2.0315455657e-05
2.0316037297e-05
2.0316618957e-05
2.0317200597e-05
2.0317782237e-05
2.0318363877e-05
2.0318945517e-05
2.0319527177e-05
2.0320108817e-05
2.0320690457e-05
2.0321272096e-05
2.0321853756e-05
2.0322435396e-05
2.0323017036e-05
2.0323598676e-05
2.0324180336e-05
2.0324761976e-05
2.0325343616e-05
2.0325925256e-05
2.0326506916e-05
2.0327088556e-05
2.0327670196e-05
2.0328251836e-05
2.0328833496e-05
2.0329415136e-05
2.0329996776e-05
2.0330578416e-05
2.0331160076e-05
2.0331741716e-05
2.0332323356e-05
2.0332904996e-05
2.0333486636e-05
2.0334068296e-05
2.0334649936e-05
2.0335231576e-05
2.0335813216e-05
2.0336394876e-05
2.0336976516e-05
2.0337558156e-05
2.0338139796e-05
2.0338721456e-05
2.0339303096e-05
2.0339884736e-05
2.0340466376e-05
2.0341048036e-05
2.0341629676e-05
2.0342211316e-05
2.0342792956e-05
2.0343374616e-05
2.0343956256e-05
2.0344537896e-05
2.0345119536e-05
2.0345701196e-05
2.0346282836e-05
2.0346864476e-05
2.0347446116e-05
2.0348027776e-05
2.0348609416e-05
2.0349191056e-05
2.0349772696e-05
2.0350354336e-05
2.0350935996e-05
2.0351517636e-05
2.0352099276e-05
2.0352680916e-05
2.0353262576e-05
2.0353844216e-05
2.0354425856e-05
2.0355007496e-05
2.0355589156e-05
2.0356170796e-05
2.0356752436e-05
2.0357334076e-05
2.0357915736e-05
2.0358497376e-05
2.0359079016e-05
2.0359660656e-05
2.0360242316e-05
2.0360823956e-05
2.0361405596e-05
2.0361987236e-05
2.0362568896e-05
2.0363150536e-05
2.0363732176e-05
2.0364313816e-05
2.0364895456e-05
2.0365477116e-05
2.0366058756e-05
2.0366640396e-05
2.0367222036e-05
2.0367803696e-05
2.0368385336e-05
2.0368966976e-05
2.0369548616e-05
2.0370130276e-05
2.0370711916e-05
2.0371293556e-05
2.0371875196e-05
2.0372456856e-05
2.0373038496e-05
2.0373620136e-05
2.0374201776e-05
2.0374783436e-05
2.0375365076e-05
2.0375946716e-05
2.0376528356e-05
2.0377110016e-05
2.0377691656e-05
2.0378273296e-05
2.0378854936e-05
2.0379436596e-05
2.0380018236e-05
2.0380599876e-05
2.0381181516e-05
2.0381763156e-05
2.0382344816e-05
2.0382926456e-05
2.0383508096e-05
2.0384089736e-05
2.0384671396e-05
2.0385253036e-05
2.0385834676e-05
2.0386416316e-05
2.0386997976e-05
2.0387579616e-05
2.0388161256e-05
2.0388742896e-05
2.0389324556e-05
2.0389906196e-05
2.0390487836e-05
2.0391069476e-05
2.0391651136e-05
2.0392232776e-05
2.0392814416e-05
2.0393396056e-05
2.0393977716e-05
2.0394559356e-05
2.0395140996e-05
2.0395722636e-05
2.0396304296e-05
2.0396885936e-05
2.0397467576e-05
2.0398049216e-05
2.0398630856e-05
2.0399212516e-05
2.0399794156e-05
2.0400375796e-05
2.0400957436e-05
2.0401539096e-05
2.0402120736e-05
2.0402702376e-05
2.0403284016e-05
2.0403865676e-05
2.0404447316e-05
2.0405028956e-05
2.0405610596e-05
2.0406192256e-05
2.0406773896e-05
2.0407355536e-05
2.0407937176e-05
2.0408518836e-05
2.0409100476e-05
2.0409682116e-05
2.0410263756e-05
2.0410845416e-05
2.0411427056e-05
2.0412008696e-05
2.0412590336e-05
2.0413171976e-05
2.0413753636e-05
2.0414335276e-05
2.0414916916e-05
2.0415498556e-05
2.0416080216e-05
2.0416661856e-05
2.0417243496e-05
2.0417825136e-05
2.0418406796e-05
2.0418988436e-05
2.0419570076e-05
2.0420151716e-05
2.0420733376e-05
2.0421315016e-05
2.0421896656e-05
2.0422478296e-05
2.0423059956e-05
2.0423641596e-05
2.0424223236e-05
2.0424804876e-05
2.0425386536e-05
2.0425968176e-05
2.0426549816e-05
2.0427131456e-05
2.0427713116e-05
2.0428294756e-05
2.0428876396e-05
2.0429458036e-05
2.0430039676e-05
2.0430621336e-05
2.0431202976e-05
2.0431784616e-05
2.0432366256e-05
2.0432947916e-05
2.0433529556e-05
2.0434111196e-05
2.0434692836e-05
2.0435274496e-05
2.0435856136e-05
2.0436437776e-05
2.0437019416e-05
2.0437601076e-05
2.0438182716e-05
2.0438764356e-05
2.0439345996e-05
2.0439927656e-05
2.0440509296e-05
2.0441090936e-05
2.0441672576e-05
2.0442254236e-05
2.0442835876e-05
2.0443417516e-05
2.0443999156e-05
2.0444580796e-05
2.0445162456e-05
2.0445744096e-05
2.0446325736e-05
2.0446907376e-05
2.0447489036e-05
2.0448070676e-05
2.0448652316e-05
2.0449233956e-05
2.0449815616e-05
2.0450397256e-05
2.0450978896e-05
2.0451560536e-05
2.0452142196e-05
2.0452723836e-05
2.0453305476e-05
2.0453887116e-05
2.0454468776e-05
2.0455050416e-05
2.0455632056e-05
2.0456213696e-05
2.0456795356e-05
2.0457376996e-05
2.0457958636e-05
2.0458540276e-05
2.0459121936e-05
2.0459703576e-05
2.0460285216e-05
2.0460866856e-05
2.0461448496e-05
2.0462030156e-05
2.0462611796e-05
2.0463193436e-05
2.0463775076e-05
2.0464356736e-05
2.0464938376e-05
2.0465520016e-05
2.0466101656e-05
2.0466683316e-05
2.0467264956e-05
2.0467846596e-05
2.0468428236e-05
2.0469009896e-05
2.0469591536e-05
2.0470173176e-05
2.0470754816e-05
2.0471336476e-05
2.0471918116e-05
2.0472499756e-05
2.0473081396e-05
2.0473663056e-05
2.0474244696e-05
2.0474826336e-05
2.0475407976e-05
2.0475989616e-05
2.0476571276e-05
2.0477152916e-05
2.0477734556e-05
2.0478316196e-05
2.0478897856e-05
2.0479479496e-05
2.0480061136e-05
2.0480642776e-05
2.0481224436e-05
2.0481806076e-05
2.0482387716e-05
2.0482969356e-05
2.0483551016e-05
2.0484132656e-05
2.0484714296e-05
2.0485295936e-05
2.0485877595e-05
2.0486459235e-05
2.0487040875e-05
2.0487622515e-05
2.0488204175e-05
2.0488785815e-05
2.0489367455e-05
2.0489949095e-05
2.0490530755e-05
2.0491112395e-05
2.0491694035e-05
2.0492275675e-05
2.0492857315e-05
2.0493438975e-05
2.0494020615e-05
2.0494602255e-05
2.0495183895e-05
2.0495765555e-05
2.0496347195e-05
2.0496928835e-05
2.0497510475e-05
2.0498092135e-05
2.0498673775e-05
2.0499255415e-05
2.0499837055e-05
2.0500418715e-05
2.0501000355e-05
2.0501581995e-05
2.0502163635e-05
2.0502745295e-05
2.0503326935e-05
2.0503908575e-05
2.0504490215e-05
2.0505071875e-05
2.0505653515e-05
2.0506235155e-05
2.0506816795e-05
2.0507398435e-05
2.0507980095e-05
2.0508561735e-05
2.0509143375e-05
2.0509725015e-05
2.0510306675e-05
2.0510888315e-05
2.0511469955e-05
2.0512051595e-05
2.0512633255e-05
2.0513214895e-05
2.0513796535e-05
2.0514378175e-05
2.0514959835e-05
2.0515541475e-05
2.0516123115e-05
2.0516704755e-05
2.0517286415e-05
2.0517868055e-05
2.0518449695e-05
2.0519031335e-05
2.0519612995e-05
2.0520194635e-05
2.0520776275e-05
2.0521357915e-05
2.0521939575e-05
2.0522521215e-05
2.0523102855e-05
2.0523684495e-05
2.0524266135e-05
2.0524847795e-05
2.0525429435e-05
2.0526011075e-05
2.0526592715e-05
2.0527174375e-05
2.0527756015e-05
2.0528337655e-05
2.0528919295e-05
2.0529500955e-05
2.0530082595e-05
2.0530664235e-05
2.0531245875e-05
2.0531827535e-05
2.0532409175e-05
2.0532990815e-05
2.0533572455e-05
2.0534154115e-05
2.0534735755e-05
2.0535317395e-05
2.0535899035e-05
2.0536480695e-05
2.0537062335e-05
2.0537643975e-05
2.0538225615e-05
2.0538807255e-05
2.0539388915e-05
2.0539970555e-05
2.0540552195e-05
2.0541133835e-05
2.0541715495e-05
2.0542297135e-05
2.0542878775e-05
2.0543460415e-05
2.0544042075e-05
2.0544623715e-05
2.0545205355e-05
2.0545786995e-05
2.0546368655e-05
2.0546950295e-05
2.0547531935e-05
2.0548113575e-05
2.0548695235e-05
2.0549276875e-05
2.0549858515e-05
2.0550440155e-05
2.0551021815e-05
2.0551603455e-05
2.0552185095e-05
2.0552766735e-05
2.0553348395e-05
2.0553930035e-05
2.0554511675e-05
2.0555093315e-05
2.0555674955e-05
2.0556256615e-05
2.0556838255e-05
2.0557419895e-05
2.0558001535e-05
2.0558583195e-05
2.0559164835e-05
2.0559746475e-05
2.0560328115e-05
2.0560909775e-05
2.0561491415e-05
2.0562073055e-05
2.0562654695e-05
2.0563236355e-05
2.0563817995e-05
2.0564399635e-05
2.0564981275e-05
2.0565562935e-05
2.0566144575e-05
2.0566726215e-05
2.0567307855e-05
2.0567889515e-05
2.0568471155e-05
2.0569052795e-05
2.0569634435e-05
2.0570216075e-05
2.0570797735e-05
2.0571379375e-05
2.0571961015e-05
2.0572542655e-05
2.0573124315e-05
2.0573705955e-05
2.0574287595e-05
2.0574869235e-05
2.0575450895e-05
2.0576032535e-05
2.0576614175e-05
2.0577195815e-05
2.0577777475e-05
2.0578359115e-05
2.0578940755e-05
2.0579522395e-05
2.0580104055e-05
2.0580685695e-05
2.0581267335e-05
2.0581848975e-05
2.0582430635e-05
2.0583012275e-05
2.0583593915e-05
2.0584175555e-05
2.0584757215e-05
2.0585338855e-05
2.0585920495e-05
2.0586502135e-05
2.0587083775e-05
2.0587665435e-05
2.0588247075e-05
2.0588828715e-05
2.0589410355e-05
2.0589992015e-05
2.0590573655e-05
2.0591155295e-05
2.0591736935e-05
2.0592318595e-05
2.0592900235e-05
2.0593481875e-05
2.0594063515e-05
2.0594645175e-05
2.0595226815e-05
2.0595808455e-05
2.0596390095e-05
2.0596971755e-05
2.0597553395e-05
2.0598135035e-05
2.0598716675e-05
2.0599298335e-05
2.0599879975e-05
2.0600461615e-05
2.0601043255e-05
2.0601624895e-05
2.0602206555e-05
2.0602788195e-05
2.0603369835e-05
2.0603951475e-05
2.0604533135e-05
2.0605114775e-05
2.0605696415e-05
2.0606278055e-05
2.0606859715e-05
2.0607441355e-05
2.0608022995e-05
2.0608604635e-05
2.0609186295e-05
2.0609767935e-05
2.0610349575e-05
2.0610931215e-05
2.0611512875e-05
2.0612094515e-05
2.0612676155e-05
2.0613257795e-05
2.0613839455e-05
2.0614421095e-05
2.0615002735e-05
2.0615584375e-05
2.0616166035e-05
2.0616747675e-05
2.0617329315e-05
2.0617910955e-05
2.0618492595e-05
2.0619074255e-05
2.0619655895e-05
2.0620237535e-05
2.0620819175e-05
2.0621400835e-05
2.0621982475e-05
2.0622564115e-05
2.0623145755e-05
2.0623727415e-05
2.0624309055e-05
2.0624890695e-05
2.0625472335e-05
2.0626053995e-05
2.0626635635e-05
2.0627217275e-05
2.0627798915e-05
2.0628380575e-05
2.0628962215e-05
2.0629543855e-05
2.0630125495e-05
2.0630707155e-05
2.0631288795e-05
2.0631870435e-05
2.0632452075e-05
2.0633033715e-05
2.0633615375e-05
2.0634197015e-05
2.0634778655e-05
2.0635360295e-05
2.0635941955e-05
2.0636523595e-05
2.0637105235e-05
2.0637686875e-05
2.0638268535e-05
2.0638850175e-05
2.0639431815e-05
2.0640013455e-05
2.0640595115e-05
2.0641176755e-05
2.0641758395e-05
2.0642340035e-05
2.0642921695e-05
2.0643503335e-05
2.0644084975e-05
2.0644666615e-05
2.0645248275e-05
2.0645829915e-05
2.0646411555e-05
2.0646993195e-05
2.0647574855e-05
2.0648156495e-05
2.0648738135e-05
2.0649319775e-05
2.0649901415e-05
2.0650483074e-05
2.0651064714e-05
2.0651646354e-05
2.0652227994e-05
2.0652809654e-05
2.0653391294e-05
2.0653972934e-05
2.0654554574e-05
2.0655136234e-05
2.0655717874e-05
2.0656299514e-05
2.0656881154e-05
2.0657462814e-05
2.0658044454e-05
2.0658626094e-05
2.0659207734e-05
2.0659789394e-05
2.0660371034e-05
2.0660952674e-05
2.0661534314e-05
2.0662115974e-05
2.0662697614e-05
2.0663279254e-05
2.0663860894e-05
2.0664442534e-05
2.0665024194e-05
2.0665605834e-05
2.0666187474e-05
2.0666769114e-05
2.0667350774e-05
2.0667932414e-05
2.0668514054e-05
2.0669095694e-05
2.0669677354e-05
2.0670258994e-05
2.0670840634e-05
2.0671422274e-05
2.0672003934e-05
2.0672585574e-05
2.0673167214e-05
2.0673748854e-05
2.0674330514e-05
2.0674912154e-05
2.0675493794e-05
2.0676075434e-05
2.0676657094e-05
2.0677238734e-05
2.0677820374e-05
2.0678402014e-05
2.0678983674e-05
2.0679565314e-05
2.0680146954e-05
2.0680728594e-05
2.0681310234e-05
2.0681891894e-05
2.0682473534e-05
2.0683055174e-05
2.0683636814e-05
2.0684218474e-05
2.0684800114e-05
2.0685381754e-05
2.0685963394e-05
2.0686545054e-05
2.0687126694e-05
2.0687708334e-05
2.0688289974e-05
2.0688871634e-05
2.0689453274e-05
2.0690034914e-05
2.0690616554e-05
2.0691198214e-05
2.0691779854e-05
2.0692361494e-05
2.0692943134e-05
2.0693524794e-05
2.0694106434e-05
2.0694688074e-05
2.0695269714e-05
2.0695851354e-05
2.0696433014e-05
2.0697014654e-05
2.0697596294e-05
2.0698177934e-05
2.0698759594e-05
2.0699341234e-05
2.0699922874e-05
2.0700504514e-05
2.0701086174e-05
2.0701667814e-05
2.0702249454e-05
2.0702831094e-05
2.0703412754e-05
2.0703994394e-05
2.0704576034e-05
2.0705157674e-05
2.0705739334e-05
2.0706320974e-05
2.0706902614e-05
2.0707484254e-05
2.0708065914e-05
2.0708647554e-05
2.0709229194e-05
2.0709810834e-05
2.0710392494e-05
2.0710974134e-05
2.0711555774e-05
2.0712137414e-05
2.0712719054e-05
2.0713300714e-05
2.0713882354e-05
2.0714463994e-05
2.0715045634e-05
2.0715627294e-05
2.0716208934e-05
2.0716790574e-05
2.0717372214e-05
2.0717953874e-05
2.0718535514e-05
2.0719117154e-05
2.0719698794e-05
2.0720280454e-05
2.0720862094e-05
2.0721443734e-05
2.0722025374e-05
2.0722607034e-05
2.0723188674e-05
2.0723770314e-05
2.0724351954e-05
2.0724933614e-05
2.0725515254e-05
2.0726096894e-05
2.0726678534e-05
2.0727260174e-05
2.0727841834e-05
2.0728423474e-05
2.0729005114e-05
2.0729586754e-05
2.0730168414e-05
2.0730750054e-05
2.0731331694e-05
2.0731913334e-05
2.0732494994e-05
2.0733076634e-05
2.0733658274e-05
2.0734239914e-05
2.0734821574e-05
2.0735403214e-05
2.0735984854e-05
2.0736566494e-05
2.0737148154e-05
2.0737729794e-05
2.0738311434e-05
2.0738893074e-05
2.0739474734e-05
2.0740056374e-05
2.0740638014e-05
2.0741219654e-05
2.0741801314e-05
2.0742382954e-05
2.0742964594e-05
2.0743546234e-05
2.0744127874e-05
2.0744709534e-05
2.0745291174e-05
2.0745872814e-05
2.0746454454e-05
2.0747036114e-05
2.0747617754e-05
2.0748199394e-05
2.0748781034e-05
2.0749362694e-05
2.0749944334e-05
2.0750525974e-05
2.0751107614e-05
2.0751689274e-05
2.0752270914e-05
2.0752852554e-05
2.0753434194e-05
2.0754015854e-05
2.0754597494e-05
2.0755179134e-05
2.0755760774e-05
2.0756342434e-05
2.0756924074e-05
2.0757505714e-05
2.0758087354e-05
2.0758668994e-05
2.0759250654e-05
2.0759832294e-05
2.0760413934e-05
2.0760995574e-05
2.0761577234e-05
2.0762158874e-05
2.0762740514e-05
2.0763322154e-05
2.0763903814e-05
2.0764485454e-05
2.0765067094e-05
2.0765648734e-05
2.0766230394e-05
2.0766812034e-05
2.0767393674e-05
2.0767975314e-05
2.0768556974e-05
2.0769138614e-05
2.0769720254e-05
2.0770301894e-05
2.0770883554e-05
2.0771465194e-05
2.0772046834e-05
2.0772628474e-05
2.0773210134e-05
2.0773791774e-05
2.0774373414e-05
2.0774955054e-05
2.0775536694e-05
2.0776118354e-05
2.0776699994e-05
2.0777281634e-05
2.0777863274e-05
2.0778444934e-05
2.0779026574e-05
2.0779608214e-05
2.0780189854e-05
2.0780771514e-05
2.0781353154e-05
2.0781934794e-05
2.0782516434e-05
2.0783098094e-05
2.0783679734e-05
2.0784261374e-05
2.0784843014e-05
2.0785424674e-05
2.0786006314e-05
2.0786587954e-05
2.0787169594e-05
2.0787751254e-05
2.0788332894e-05
2.0788914534e-05
2.0789496174e-05
2.0790077814e-05
2.0790659474e-05
2.0791241114e-05
2.0791822754e-05
2.0792404394e-05
2.0792986054e-05
2.0793567694e-05
2.0794149334e-05
2.0794730974e-05
2.0795312634e-05
2.0795894274e-05
2.0796475914e-05
2.0797057554e-05
2.0797639214e-05
2.0798220854e-05
2.0798802494e-05
2.0799384134e-05
2.0799965794e-05
2.0800547434e-05
2.0801129074e-05
2.0801710714e-05
2.0802292374e-05
2.0802874014e-05
2.0803455654e-05
2.0804037294e-05
2.0804618954e-05
2.0805200594e-05
2.0805782234e-05
2.0806363874e-05
2.0806945514e-05
2.0807527174e-05
2.0808108814e-05
2.0808690454e-05
2.0809272094e-05
2.0809853754e-05
2.0810435394e-05
2.0811017034e-05
2.0811598674e-05
2.0812180334e-05
2.0812761974e-05
2.0813343614e-05
2.0813925254e-05
2.0814506914e-05
2.0815088553e-05
2.0815670193e-05
2.0816251833e-05
2.0816833493e-05
2.0817415133e-05
2.0817996773e-05
2.0818578413e-05
2.0819160073e-05
2.0819741713e-05
2.0820323353e-05
2.0820904993e-05
2.0821486633e-05
2.0822068293e-05
2.0822649933e-05
2.0823231573e-05
2.0823813213e-05
2.0824394873e-05
2.0824976513e-05
2.0825558153e-05
2.0826139793e-05
2.0826721453e-05
2.0827303093e-05
2.0827884733e-05
2.0828466373e-05
2.0829048033e-05
2.0829629673e-05
2.0830211313e-05
2.0830792953e-05
2.0831374613e-05
2.0831956253e-05
2.0832537893e-05
2.0833119533e-05
2.0833701193e-05
2.0834282833e-05
2.0834864473e-05
2.0835446113e-05
2.0836027773e-05
2.0836609413e-05
2.0837191053e-05
2.0837772693e-05
2.0838354333e-05
2.0838935993e-05
2.0839517633e-05
2.0840099273e-05
2.0840680913e-05
2.0841262573e-05
2.0841844213e-05
2.0842425853e-05
2.0843007493e-05
2.0843589153e-05
2.0844170793e-05
2.0844752433e-05
2.0845334073e-05
2.0845915733e-05
2.0846497373e-05
2.0847079013e-05
2.0847660653e-05
2.0848242313e-05
2.0848823953e-05
2.0849405593e-05
2.0849987233e-05
2.0850568893e-05
2.0851150533e-05
2.0851732173e-05
2.0852313813e-05
2.0852895453e-05
2.0853477113e-05
2.0854058753e-05
2.0854640393e-05
2.0855222033e-05
2.0855803693e-05
2.0856385333e-05
2.0856966973e-05
2.0857548613e-05
2.0858130273e-05
2.0858711913e-05
2.0859293553e-05
2.0859875193e-05
2.0860456853e-05
2.0861038493e-05
2.0861620133e-05
2.0862201773e-05
2.0862783433e-05
2.0863365073e-05
2.0863946713e-05
2.0864528353e-05
2.0865110013e-05
2.0865691653e-05
2.0866273293e-05
2.0866854933e-05
2.0867436593e-05
2.0868018233e-05
2.0868599873e-05
2.0869181513e-05
2.0869763153e-05
2.0870344813e-05
2.0870926453e-05
2.0871508093e-05
2.0872089733e-05
2.0872671393e-05
2.0873253033e-05
2.0873834673e-05
2.0874416313e-05
2.0874997973e-05
2.0875579613e-05
2.0876161253e-05
2.0876742893e-05
2.0877324553e-05
2.0877906193e-05
2.0878487833e-05
2.0879069473e-05
2.0879651133e-05
2.0880232773e-05
2.0880814413e-05
2.0881396053e-05
2.0881977713e-05
2.0882559353e-05
2.0883140993e-05
2.0883722633e-05
2.0884304293e-05
2.0884885933e-05
2.0885467573e-05
2.0886049213e-05
2.0886630853e-05
2.0887212513e-05
2.0887794153e-05
2.0888375793e-05
2.0888957433e-05
2.0889539093e-05
2.0890120733e-05
2.0890702373e-05
2.0891284013e-05
2.0891865673e-05
2.0892447313e-05
2.0893028953e-05
2.0893610593e-05
2.0894192253e-05
2.0894773893e-05
2.0895355533e-05
2.0895937173e-05
2.0896518833e-05
2.0897100473e-05
2.0897682113e-05
2.0898263753e-05
2.0898845413e-05
2.0899427053e-05
2.0900008693e-05
2.0900590333e-05
2.0901171973e-05
2.0901753633e-05
2.0902335273e-05
2.0902916913e-05
2.0903498553e-05
2.0904080213e-05
2.0904661853e-05
2.0905243493e-05
2.0905825133e-05
2.0906406793e-05
2.0906988433e-05
2.0907570073e-05
2.0908151713e-05
2.0908733373e-05
2.0909315013e-05
2.0909896653e-05
2.0910478293e-05
2.0911059953e-05
2.0911641593e-05
2.0912223233e-05
2.0912804873e-05
2.0913386533e-05
2.0913968173e-05
2.0914549813e-05
2.0915131453e-05
2.0915713113e-05
2.0916294753e-05
2.0916876393e-05
2.0917458033e-05
2.0918039673e-05
2.0918621333e-05
2.0919202973e-05
2.0919784613e-05
2.0920366253e-05
2.0920947913e-05
2.0921529553e-05
2.0922111193e-05
2.0922692833e-05
2.0923274493e-05
2.0923856133e-05
2.0924437773e-05
2.0925019413e-05
2.0925601073e-05
2.0926182713e-05
2.0926764353e-05
2.0927345993e-05
2.0927927653e-05
2.0928509293e-05
2.0929090933e-05
2.0929672573e-05
2.0930254233e-05
2.0930835873e-05
2.0931417513e-05
2.0931999153e-05
2.0932580793e-05
2.0933162453e-05
2.0933744093e-05
2.0934325733e-05
2.0934907373e-05
2.0935489033e-05
2.0936070673e-05
2.0936652313e-05
2.0937233953e-05
2.0937815613e-05
2.0938397253e-05
2.0938978893e-05
2.0939560533e-05
2.0940142193e-05
2.0940723833e-05
2.0941305473e-05
2.0941887113e-05
2.0942468773e-05
2.0943050413e-05
2.0943632053e-05
2.0944213693e-05
2.0944795353e-05
2.0945376993e-05
2.0945958633e-05
2.0946540273e-05
2.0947121933e-05
2.0947703573e-05
2.0948285213e-05
2.0948866853e-05
2.0949448493e-05
2.0950030153e-05
2.0950611793e-05
2.0951193433e-05
2.0951775073e-05
2.0952356733e-05
2.0952938373e-05
2.0953520013e-05
2.0954101653e-05
2.0954683313e-05
2.0955264953e-05
2.0955846593e-05
2.0956428233e-05
2.0957009893e-05
2.0957591533e-05
2.0958173173e-05
2.0958754813e-05
2.0959336473e-05
2.0959918113e-05
2.0960499753e-05
2.0961081393e-05
2.0961663053e-05
2.0962244693e-05
2.0962826333e-05
2.0963407973e-05
2.0963989613e-05
2.0964571273e-05
2.0965152913e-05
2.0965734553e-05
2.0966316193e-05
2.0966897853e-05
2.0967479493e-05
2.0968061133e-05
2.0968642773e-05
2.0969224433e-05
2.0969806073e-05
2.0970387713e-05
2.0970969353e-05
2.0971551013e-05
2.0972132653e-05
2.0972714293e-05
2.0973295933e-05
2.0973877593e-05
2.0974459233e-05
2.0975040873e-05
2.0975622513e-05
2.0976204173e-05
2.0976785813e-05
2.0977367453e-05
2.0977949093e-05
2.0978530753e-05
2.0979112393e-05
2.0979694032e-05
2.0980275672e-05
2.0980857312e-05
2.0981438972e-05
2.0982020612e-05
2.0982602252e-05
2.0983183892e-05
2.0983765552e-05
2.0984347192e-05
2.0984928832e-05
2.0985510472e-05
2.0986092132e-05
2.0986673772e-05
2.0987255412e-05
2.0987837052e-05
2.0988418712e-05
2.0989000352e-05
2.0989581992e-05
2.0990163632e-05
2.0990745292e-05
2.0991326932e-05
2.0991908572e-05
2.0992490212e-05
2.0993071872e-05
2.0993653512e-05
2.0994235152e-05
2.0994816792e-05
2.0995398432e-05
2.0995980092e-05
2.0996561732e-05
2.0997143372e-05
2.0997725012e-05
2.0998306672e-05
2.0998888312e-05
2.0999469952e-05
2.1000051592e-05
2.1000633252e-05
2.1001214892e-05
2.1001796532e-05
2.1002378172e-05
2.1002959832e-05
2.1003541472e-05
2.1004123112e-05
2.1004704752e-05
2.1005286412e-05
2.1005868052e-05
2.1006449692e-05
2.1007031332e-05
2.1007612992e-05
2.1008194632e-05
2.1008776272e-05
2.1009357912e-05
2.1009939572e-05
2.1010521212e-05
2.1011102852e-05
2.1011684492e-05
2.1012266132e-05
2.1012847792e-05
2.1013429432e-05
2.1014011072e-05
2.1014592712e-05
2.1015174372e-05
2.1015756012e-05
2.1016337652e-05
2.1016919292e-05
2.1017500952e-05
2.1018082592e-05
2.1018664232e-05
2.1019245872e-05
2.1019827532e-05
2.1020409172e-05
2.1020990812e-05
2.1021572452e-05
2.1022154112e-05
2.1022735752e-05
2.1023317392e-05
2.1023899032e-05
2.1024480692e-05
2.1025062332e-05
2.1025643972e-05
2.1026225612e-05
2.1026807252e-05
2.1027388912e-05
2.1027970552e-05
2.1028552192e-05
2.1029133832e-05
2.1029715492e-05
2.1030297132e-05
2.1030878772e-05
2.1031460412e-05
2.1032042072e-05
2.1032623712e-05
2.1033205352e-05
2.1033786992e-05
2.1034368652e-05
2.1034950292e-05
2.1035531932e-05
2.1036113572e-05
2.1036695232e-05
2.1037276872e-05
2.1037858512e-05
2.1038440152e-05
2.1039021812e-05
2.1039603452e-05
2.1040185092e-05
2.1040766732e-05
2.1041348392e-05
2.1041930032e-05
2.1042511672e-05
2.1043093312e-05
2.1043674952e-05
2.1044256612e-05
2.1044838252e-05
2.1045419892e-05
2.1046001532e-05
2.1046583192e-05
2.1047164832e-05
2.1047746472e-05
2.1048328112e-05
2.1048909772e-05
2.1049491412e-05
2.1050073052e-05
2.1050654692e-05
2.1051236352e-05
2.1051817992e-05
2.1052399632e-05
2.1052981272e-05
2.1053562932e-05
2.1054144572e-05
2.1054726212e-05
2.1055307852e-05
2.1055889512e-05
2.1056471152e-05
2.1057052792e-05
2.1057634432e-05
2.1058216072e-05
2.1058797732e-05
2.1059379372e-05
2.1059961012e-05
2.1060542652e-05
2.1061124312e-05
2.1061705952e-05
2.1062287592e-05
2.1062869232e-05
2.1063450892e-05
2.1064032532e-05
2.1064614172e-05
2.1065195812e-05
2.1065777472e-05
2.1066359112e-05
2.1066940752e-05
2.1067522392e-05
2.1068104052e-05
2.1068685692e-05
2.1069267332e-05
2.1069848972e-05
2.1070430632e-05
2.1071012272e-05
2.1071593912e-05
2.1072175552e-05
2.1072757212e-05
2.1073338852e-05
2.1073920492e-05
2.1074502132e-05
2.1075083772e-05
2.1075665432e-05
2.1076247072e-05
2.1076828712e-05
2.1077410352e-05
2.1077992012e-05
2.1078573652e-05
2.1079155292e-05
2.1079736932e-05
2.1080318592e-05
2.1080900232e-05
2.1081481872e-05
2.1082063512e-05
2.1082645172e-05
2.1083226812e-05
2.1083808452e-05
2.1084390092e-05
2.1084971752e-05
2.1085553392e-05
2.1086135032e-05
2.1086716672e-05
2.1087298332e-05
2.1087879972e-05
2.1088461612e-05
2.1089043252e-05
2.1089624892e-05
2.1090206552e-05
2.1090788192e-05
2.1091369832e-05
2.1091951472e-05
2.1092533132e-05
2.1093114772e-05
2.1093696412e-05
2.1094278052e-05
2.1094859712e-05
2.1095441352e-05
2.1096022992e-05
2.1096604632e-05
2.1097186292e-05
2.1097767932e-05
2.1098349572e-05
2.1098931212e-05
2.1099512872e-05
2.1100094512e-05
2.1100676152e-05
2.1101257792e-05
2.1101839452e-05
2.1102421092e-05
2.1103002732e-05
2.1103584372e-05
2.1104166032e-05
2.1104747672e-05
2.1105329312e-05
2.1105910952e-05
2.1106492592e-05
2.1107074252e-05
2.1107655892e-05
2.1108237532e-05
2.1108819172e-05
2.1109400832e-05
2.1109982472e-05
2.1110564112e-05
2.1111145752e-05
2.1111727412e-05
2.1112309052e-05
2.1112890692e-05
2.1113472332e-05
2.1114053992e-05
2.1114635632e-05
2.1115217272e-05
2.1115798912e-05
2.1116380572e-05
2.1116962212e-05
2.1117543852e-05
2.1118125492e-05
2.1118707152e-05
2.1119288792e-05
2.1119870432e-05
2.1120452072e-05
2.1121033712e-05
2.1121615372e-05
2.1122197012e-05
2.1122778652e-05
2.1123360292e-05
2.1123941952e-05
2.1124523592e-05
2.1125105232e-05
2.1125686872e-05
2.1126268532e-05
2.1126850172e-05
2.1127431812e-05
2.1128013452e-05
2.1128595112e-05
2.1129176752e-05
2.1129758392e-05
2.1130340032e-05
2.1130921692e-05
2.1131503332e-05
2.1132084972e-05
2.1132666612e-05
2.1133248272e-05
2.1133829912e-05
2.1134411552e-05
2.1134993192e-05
2.1135574852e-05
2.1136156492e-05
2.1136738132e-05
2.1137319772e-05
2.1137901412e-05
2.1138483072e-05
2.1139064712e-05
2.1139646352e-05
2.1140227992e-05
2.1140809652e-05
2.1141391292e-05
2.1141972932e-05
2.1142554572e-05
2.1143136232e-05
2.1143717871e-05
2.1144299511e-05
2.1144881151e-05
2.1145462811e-05
2.1146044451e-05
2.1146626091e-05
2.1147207731e-05
2.1147789391e-05
2.1148371031e-05
2.1148952671e-05
2.1149534311e-05
2.1150115971e-05
2.1150697611e-05
2.1151279251e-05
2.1151860891e-05
2.1152442531e-05
2.1153024191e-05
2.1153605831e-05
2.1154187471e-05
2.1154769111e-05
2.1155350771e-05
2.1155932411e-05
2.1156514051e-05
2.1157095691e-05
2.1157677351e-05
2.1158258991e-05
2.1158840631e-05
2.1159422271e-05
2.1160003931e-05
2.1160585571e-05
2.1161167211e-05
2.1161748851e-05
2.1162330511e-05
2.1162912151e-05
2.1163493791e-05
2.1164075431e-05
2.1164657091e-05
2.1165238731e-05
2.1165820371e-05
2.1166402011e-05
2.1166983671e-05
2.1167565311e-05
2.1168146951e-05
2.1168728591e-05
2.1169310231e-05
2.1169891891e-05
2.1170473531e-05
2.1171055171e-05
2.1171636811e-05
2.1172218471e-05
2.1172800111e-05
2.1173381751e-05
2.1173963391e-05
2.1174545051e-05
2.1175126691e-05
2.1175708331e-05
2.1176289971e-05
2.1176871631e-05
2.1177453271e-05
2.1178034911e-05
2.1178616551e-05
2.1179198211e-05
2.1179779851e-05
2.1180361491e-05
2.1180943131e-05
2.1181524791e-05
2.1182106431e-05
2.1182688071e-05
2.1183269711e-05
2.1183851351e-05
2.1184433011e-05
2.1185014651e-05
2.1185596291e-05
2.1186177931e-05
2.1186759591e-05
2.1187341231e-05
2.1187922871e-05
2.1188504511e-05
2.1189086171e-05
2.1189667811e-05
2.1190249451e-05
2.1190831091e-05
2.1191412751e-05
2.1191994391e-05
2.1192576031e-05
2.1193157671e-05
2.1193739331e-05
2.1194320971e-05
2.1194902611e-05
2.1195484251e-05
2.1196065911e-05
2.1196647551e-05
2.1197229191e-05
2.1197810831e-05
2.1198392491e-05
2.1198974131e-05
2.1199555771e-05
2.1200137411e-05
2.1200719051e-05
2.1201300711e-05
2.1201882351e-05
2.1202463991e-05
2.1203045631e-05
2.1203627291e-05
2.1204208931e-05
2.1204790571e-05
2.1205372211e-05
2.1205953871e-05
2.1206535511e-05
2.1207117151e-05
2.1207698791e-05
2.1208280451e-05
2.1208862091e-05
2.1209443731e-05
2.1210025371e-05
2.1210607031e-05
2.1211188671e-05
2.1211770311e-05
2.1212351951e-05
2.1212933611e-05
2.1213515251e-05
2.1214096891e-05
2.1214678531e-05
2.1215260171e-05
2.1215841831e-05
2.1216423471e-05
2.1217005111e-05
2.1217586751e-05
2.1218168411e-05
2.1218750051e-05
2.1219331691e-05
2.1219913331e-05
2.1220494991e-05
2.1221076631e-05
2.1221658271e-05
2.1222239911e-05
2.1222821571e-05
2.1223403211e-05
2.1223984851e-05
2.1224566491e-05
2.1225148151e-05
2.1225729791e-05
2.1226311431e-05
2.1226893071e-05
2.1227474731e-05
2.1228056371e-05
2.1228638011e-05
2.1229219651e-05
2.1229801311e-05
2.1230382951e-05
2.1230964591e-05
2.1231546231e-05
2.1232127871e-05
2.1232709531e-05
2.1233291171e-05
2.1233872811e-05
2.1234454451e-05
2.1235036111e-05
2.1235617751e-05
2.1236199391e-05
2.1236781031e-05
2.1237362691e-05
2.1237944331e-05
2.1238525971e-05
2.1239107611e-05
2.1239689271e-05
2.1240270911e-05
2.1240852551e-05
2.1241434191e-05
2.1242015851e-05
2.1242597491e-05
2.1243179131e-05
2.1243760771e-05
2.1244342431e-05
2.1244924071e-05
2.1245505711e-05
2.1246087351e-05
2.1246668991e-05
2.1247250651e-05
2.1247832291e-05
2.1248413931e-05
2.1248995571e-05
2.1249577231e-05
2.1250158871e-05
2.1250740511e-05
2.1251322151e-05
2.1251903811e-05
2.1252485451e-05
2.1253067091e-05
2.1253648731e-05
2.1254230391e-05
2.1254812031e-05
2.1255393671e-05
2.1255975311e-05
2.1256556971e-05
2.1257138611e-05
2.1257720251e-05
2.1258301891e-05
2.1258883551e-05
2.1259465191e-05
2.1260046831e-05
2.1260628471e-05
2.1261210131e-05
2.1261791771e-05
2.1262373411e-05
2.1262955051e-05
2.1263536691e-05
2.1264118351e-05
2.1264699991e-05
2.1265281631e-05
2.1265863271e-05
2.1266444931e-05
2.1267026571e-05
2.1267608211e-05
2.1268189851e-05
2.1268771511e-05
2.1269353151e-05
2.1269934791e-05
2.1270516431e-05
2.1271098091e-05
2.1271679731e-05
2.1272261371e-05
2.1272843011e-05
2.1273424671e-05
2.1274006311e-05
2.1274587951e-05
2.1275169591e-05
2.1275751251e-05
2.1276332891e-05
2.1276914531e-05
2.1277496171e-05
2.1278077811e-05
2.1278659471e-05
2.1279241111e-05
2.1279822751e-05
2.1280404391e-05
2.1280986051e-05
2.1281567691e-05
2.1282149331e-05
2.1282730971e-05
2.1283312631e-05
2.1283894271e-05
2.1284475911e-05
2.1285057551e-05
2.1285639211e-05
2.1286220851e-05
2.1286802491e-05
2.1287384131e-05
2.1287965791e-05
2.1288547431e-05
2.1289129071e-05
2.1289710711e-05
2.1290292371e-05
2.1290874011e-05
2.1291455651e-05
2.1292037291e-05
2.1292618951e-05
2.1293200591e-05
2.1293782231e-05
2.1294363871e-05
2.1294945511e-05
2.1295527171e-05
2.1296108811e-05
2.1296690451e-05
2.1297272091e-05
2.1297853751e-05
2.1298435391e-05
2.1299017031e-05
2.1299598671e-05
2.1300180331e-05
2.1300761971e-05
2.1301343611e-05
2.1301925251e-05
2.1302506911e-05
2.1303088551e-05
2.1303670191e-05
2.1304251831e-05
2.1304833491e-05
2.1305415131e-05
2.1305996771e-05
2.1306578411e-05
2.1307160071e-05
2.1307741711e-05
2.130832335e-05
2.130890499e-05
2.130948663e-05
2.131006829e-05
2.131064993e-05
2.131123157e-05
2.131181321e-05
2.131239487e-05
2.131297651e-05
2.131355815e-05
2.131413979e-05
2.131472145e-05
2.131530309e-05
2.131588473e-05
2.131646637e-05
2.131704803e-05
2.131762967e-05
2.131821131e-05
2.131879295e-05
2.131937461e-05
2.131995625e-05
2.132053789e-05
2.132111953e-05
2.132170119e-05
2.132228283e-05
2.132286447e-05
2.132344611e-05
2.132402777e-05
2.132460941e-05
2.132519105e-05
2.132577269e-05
2.132635433e-05
2.132693599e-05
2.132751763e-05
2.132809927e-05
2.132868091e-05
2.132926257e-05
2.132984421e-05
2.133042585e-05
2.133100749e-05
2.133158915e-05
2.133217079e-05
2.133275243e-05
2.133333407e-05
2.133391573e-05
2.133449737e-05
2.133507901e-05
2.133566065e-05
2.133624231e-05
2.133682395e-05
2.133740559e-05
2.133798723e-05
2.133856889e-05
2.133915053e-05
2.133973217e-05
2.134031381e-05
2.134089545e-05
2.134147711e-05
2.134205875e-05
2.134264039e-05
2.134322203e-05
2.134380369e-05
2.134438533e-05
2.134496697e-05
2.134554861e-05
2.134613027e-05
2.134671191e-05
2.134729355e-05
2.134787519e-05
2.134845685e-05
2.134903849e-05
2.134962013e-05
2.135020177e-05
2.135078343e-05
2.135136507e-05
2.135194671e-05
2.135252835e-05
2.135311001e-05
2.135369165e-05
2.135427329e-05
2.135485493e-05
2.135543659e-05
2.135601823e-05
2.135659987e-05
2.135718151e-05
2.135776315e-05
2.135834481e-05
2.135892645e-05
2.135950809e-05
2.136008973e-05
2.136067139e-05
2.136125303e-05
2.136183467e-05
2.136241631e-05
2.136299797e-05
2.136357961e-05
2.136416125e-05
2.136474289e-05
2.136532455e-05
2.136590619e-05
2.136648783e-05
2.136706947e-05
2.136765113e-05
2.136823277e-05
2.136881441e-05
2.136939605e-05
2.136997771e-05
2.137055935e-05
2.137114099e-05
2.137172263e-05
2.137230429e-05
2.137288593e-05
2.137346757e-05
2.137404921e-05
2.137463085e-05
2.137521251e-05
2.137579415e-05
2.137637579e-05
2.137695743e-05
2.137753909e-05
2.137812073e-05
2.137870237e-05
2.137928401e-05
2.137986567e-05
2.138044731e-05
2.138102895e-05
2.138161059e-05
2.138219225e-05
2.138277389e-05
2.138335553e-05
2.138393717e-05
2.138451883e-05
2.138510047e-05
2.138568211e-05
2.138626375e-05
2.138684541e-05
2.138742705e-05
2.138800869e-05
2.138859033e-05
2.138917197e-05
2.138975363e-05
2.139033527e-05
2.139091691e-05
2.139149855e-05
2.139208021e-05
2.139266185e-05
2.139324349e-05
2.139382513e-05
2.139440679e-05
2.139498843e-05
2.139557007e-05
2.139615171e-05
2.139673337e-05
2.139731501e-05
2.139789665e-05
2.139847829e-05
2.139905995e-05
2.139964159e-05
2.140022323e-05
2.140080487e-05
2.140138653e-05
2.140196817e-05
2.140254981e-05
2.140313145e-05
2.140371311e-05
2.140429475e-05
2.140487639e-05
2.140545803e-05
2.140603967e-05
2.140662133e-05
2.140720297e-05
2.140778461e-05
2.140836625e-05
2.140894791e-05
2.140952955e-05
2.141011119e-05
2.141069283e-05
2.141127449e-05
2.141185613e-05
2.141243777e-05
2.141301941e-05
2.141360107e-05
2.141418271e-05
2.141476435e-05
2.141534599e-05
2.141592765e-05
2.141650929e-05
2.141709093e-05
2.141767257e-05
2.141825423e-05
2.141883587e-05
2.141941751e-05
2.141999915e-05
2.142058079e-05
2.142116245e-05
2.142174409e-05
2.142232573e-05
2.142290737e-05
2.142348903e-05
2.142407067e-05
2.142465231e-05
2.142523395e-05
2.142581561e-05
2.142639725e-05
2.142697889e-05
2.142756053e-05
2.142814219e-05
2.142872383e-05
2.142930547e-05
2.142988711e-05
2.143046877e-05
2.143105041e-05
2.143163205e-05
2.143221369e-05
2.143279535e-05
2.143337699e-05
2.143395863e-05
2.143454027e-05
2.143512193e-05
2.143570357e-05
2.143628521e-05
2.143686685e-05
2.143744849e-05
2.143803015e-05
2.143861179e-05
2.143919343e-05
2.143977507e-05
2.144035673e-05
2.144093837e-05
2.144152001e-05
2.144210165e-05
2.144268331e-05
2.144326495e-05
2.144384659e-05
2.144442823e-05
2.144500989e-05
2.144559153e-05
2.144617317e-05
2.144675481e-05
2.144733647e-05
2.144791811e-05
2.144849975e-05
2.144908139e-05
2.144966305e-05
2.145024469e-05
2.145082633e-05
2.145140797e-05
2.145198961e-05
2.145257127e-05
2.145315291e-05
2.145373455e-05
2.145431619e-05
2.145489785e-05
2.145547949e-05
2.145606113e-05
2.145664277e-05
2.145722443e-05
2.145780607e-05
2.145838771e-05
2.145896935e-05
2.145955101e-05
2.146013265e-05
2.146071429e-05
2.146129593e-05
2.146187759e-05
2.146245923e-05
2.146304087e-05
2.146362251e-05
2.146420417e-05
2.146478581e-05
2.146536745e-05
2.146594909e-05
2.146653075e-05
2.146711239e-05
2.146769403e-05
2.146827567e-05
2.146885731e-05
2.146943897e-05
2.147002061e-05
2.147060225e-05
2.147118389e-05
2.147176555e-05
2.147234719e-05
2.1472928829e-05
2.1473510469e-05
2.1474092129e-05
2.1474673769e-05
2.1475255409e-05
2.1475837049e-05
2.1476418709e-05
2.1477000349e-05
2.1477581989e-05
2.1478163629e-05
2.1478745289e-05
2.1479326929e-05
2.1479908569e-05
2.1480490209e-05
2.1481071869e-05
2.1481653509e-05
2.1482235149e-05
2.1482816789e-05
2.1483398429e-05
2.1483980089e-05
2.1484561729e-05
2.1485143369e-05
2.1485725009e-05
2.1486306669e-05
2.1486888309e-05
2.1487469949e-05
2.1488051589e-05
2.1488633249e-05
2.1489214889e-05
2.1489796529e-05
2.1490378169e-05
2.1490959829e-05
2.1491541469e-05
2.1492123109e-05
2.1492704749e-05
2.1493286409e-05
2.1493868049e-05
2.1494449689e-05
2.1495031329e-05
2.1495612989e-05
2.1496194629e-05
2.1496776269e-05
2.1497357909e-05
2.1497939569e-05
2.1498521209e-05
2.1499102849e-05
2.1499684489e-05
2.1500266129e-05
2.1500847789e-05
2.1501429429e-05
2.1502011069e-05
2.1502592709e-05
2.1503174369e-05
2.1503756009e-05
2.1504337649e-05
2.1504919289e-05
2.1505500949e-05
2.1506082589e-05
2.1506664229e-05
2.1507245869e-05
2.1507827529e-05
2.1508409169e-05
2.1508990809e-05
2.1509572449e-05
2.1510154109e-05
2.1510735749e-05
2.1511317389e-05
2.1511899029e-05
2.1512480689e-05
2.1513062329e-05
2.1513643969e-05
2.1514225609e-05
2.1514807249e-05
2.1515388909e-05
2.1515970549e-05
2.1516552189e-05
2.1517133829e-05
2.1517715489e-05
2.1518297129e-05
2.1518878769e-05
2.1519460409e-05
2.1520042069e-05
2.1520623709e-05
2.1521205349e-05
2.1521786989e-05
2.1522368649e-05
2.1522950289e-05
2.1523531929e-05
2.1524113569e-05
2.1524695229e-05
2.1525276869e-05
2.1525858509e-05
2.1526440149e-05
2.1527021809e-05
2.1527603449e-05
2.1528185089e-05
2.1528766729e-05
2.1529348389e-05
2.1529930029e-05
2.1530511669e-05
2.1531093309e-05
2.1531674949e-05
2.1532256609e-05
2.1532838249e-05
2.1533419889e-05
2.1534001529e-05
2.1534583189e-05
2.1535164829e-05
2.1535746469e-05
2.1536328109e-05
2.1536909769e-05
2.1537491409e-05
2.1538073049e-05
2.1538654689e-05
2.1539236349e-05
2.1539817989e-05
2.1540399629e-05
2.1540981269e-05
2.1541562929e-05
2.1542144569e-05
2.1542726209e-05
2.1543307849e-05
2.1543889509e-05
2.1544471149e-05
2.1545052789e-05
2.1545634429e-05
2.1546216069e-05
2.1546797729e-05
2.1547379369e-05
2.1547961009e-05
2.1548542649e-05
2.1549124309e-05
2.1549705949e-05
2.1550287589e-05
2.1550869229e-05
2.1551450889e-05
2.1552032529e-05
2.1552614169e-05
2.1553195809e-05
2.1553777469e-05
2.1554359109e-05
2.1554940749e-05
2.1555522389e-05
2.1556104049e-05
2.1556685689e-05
2.1557267329e-05
2.1557848969e-05
2.1558430629e-05
2.1559012269e-05
2.1559593909e-05
2.1560175549e-05
2.1560757209e-05
2.1561338849e-05
2.1561920489e-05
2.1562502129e-05
2.1563083769e-05
2.1563665429e-05
2.1564247069e-05
2.1564828709e-05
2.1565410349e-05
2.1565992009e-05
2.1566573649e-05
2.1567155289e-05
2.1567736929e-05
2.1568318589e-05
2.1568900229e-05
2.1569481869e-05
2.1570063509e-05
2.1570645169e-05
2.1571226809e-05
2.1571808449e-05
2.1572390089e-05
2.1572971749e-05
2.1573553389e-05
2.1574135029e-05
2.1574716669e-05
2.1575298329e-05
2.1575879969e-05
2.1576461609e-05
2.1577043249e-05
2.1577624889e-05
2.1578206549e-05
2.1578788189e-05
2.1579369829e-05
2.1579951469e-05
2.1580533129e-05
2.1581114769e-05
2.1581696409e-05
2.1582278049e-05
2.1582859709e-05
2.1583441349e-05
2.1584022989e-05
2.1584604629e-05
2.1585186289e-05
2.1585767929e-05
2.1586349569e-05
2.1586931209e-05
2.1587512869e-05
2.1588094509e-05
2.1588676149e-05
2.1589257789e-05
2.1589839449e-05
2.1590421089e-05
2.1591002729e-05
2.1591584369e-05
2.1592166029e-05
2.1592747669e-05
2.1593329309e-05
2.1593910949e-05
2.1594492589e-05
2.1595074249e-05
2.1595655889e-05
2.1596237529e-05
2.1596819169e-05
2.1597400829e-05
2.1597982469e-05
2.1598564109e-05
2.1599145749e-05
2.1599727409e-05
2.1600309049e-05
2.1600890689e-05
2.1601472329e-05
2.1602053989e-05
2.1602635629e-05
2.1603217269e-05
2.1603798909e-05
2.1604380569e-05
2.1604962209e-05
2.1605543849e-05
2.1606125489e-05
2.1606707149e-05
2.1607288789e-05
2.1607870429e-05
2.1608452069e-05
2.1609033709e-05
2.1609615369e-05
2.1610197009e-05
2.1610778649e-05
2.1611360289e-05
2.1611941949e-05
2.1612523589e-05
2.1613105229e-05
2.1613686869e-05
2.1614268529e-05
2.1614850169e-05
2.1615431809e-05
2.1616013449e-05
2.1616595109e-05
2.1617176749e-05
2.1617758389e-05
2.1618340029e-05
2.1618921689e-05
2.1619503329e-05
2.1620084969e-05
2.1620666609e-05
2.1621248269e-05
2.1621829909e-05
2.1622411549e-05
2.1622993189e-05
2.1623574849e-05
2.1624156489e-05
2.1624738129e-05
2.1625319769e-05
2.1625901409e-05
2.1626483069e-05
2.1627064709e-05
2.1627646349e-05
2.1628227989e-05
2.1628809649e-05
2.1629391289e-05
2.1629972929e-05
2.1630554569e-05
2.1631136229e-05
2.1631717869e-05
2.1632299509e-05
2.1632881149e-05
2.1633462809e-05
2.1634044449e-05
2.1634626089e-05
2.1635207729e-05
2.1635789389e-05
2.1636371029e-05
2.1636952669e-05
2.1637534308e-05
2.1638115968e-05
2.1638697608e-05
2.1639279248e-05
2.1639860888e-05
2.1640442528e-05
2.1641024188e-05
2.1641605828e-05
2.1642187468e-05
2.1642769108e-05
2.1643350768e-05
2.1643932408e-05
2.1644514048e-05
2.1645095688e-05
2.1645677348e-05
2.1646258988e-05
2.1646840628e-05
2.1647422268e-05
2.1648003928e-05
2.1648585568e-05
2.1649167208e-05
2.1649748848e-05
2.1650330508e-05
2.1650912148e-05
2.1651493788e-05
2.1652075428e-05
2.1652657088e-05
2.1653238728e-05
2.1653820368e-05
2.1654402008e-05
2.1654983668e-05
2.1655565308e-05
2.1656146948e-05
2.1656728588e-05
2.1657310228e-05
2.1657891888e-05
2.1658473528e-05
2.1659055168e-05
2.1659636808e-05
2.1660218468e-05
2.1660800108e-05
2.1661381748e-05
2.1661963388e-05
2.1662545048e-05
2.1663126688e-05
2.1663708328e-05
2.1664289968e-05
2.1664871628e-05
2.1665453268e-05
2.1666034908e-05
2.1666616548e-05
2.1667198208e-05
2.1667779848e-05
2.1668361488e-05
2.1668943128e-05
2.1669524788e-05
2.1670106428e-05
2.1670688068e-05
2.1671269708e-05
2.1671851348e-05
2.1672433008e-05
2.1673014648e-05
2.1673596288e-05
2.1674177928e-05
2.1674759588e-05
2.1675341228e-05
2.1675922868e-05
2.1676504508e-05
2.1677086168e-05
2.1677667808e-05
2.1678249448e-05
2.1678831088e-05
2.1679412748e-05
2.1679994388e-05
2.1680576028e-05
2.1681157668e-05
2.1681739328e-05
2.1682320968e-05
2.1682902608e-05
2.1683484248e-05
2.1684065908e-05
2.1684647548e-05
2.1685229188e-05
2.1685810828e-05
2.1686392488e-05
2.1686974128e-05
2.1687555768e-05
2.1688137408e-05
2.1688719048e-05
2.1689300708e-05
2.1689882348e-05
2.1690463988e-05
2.1691045628e-05
2.1691627288e-05
2.1692208928e-05
2.1692790568e-05
2.1693372208e-05
2.1693953868e-05
2.1694535508e-05
2.1695117148e-05
2.1695698788e-05
2.1696280448e-05
2.1696862088e-05
2.1697443728e-05
2.1698025368e-05
2.1698607028e-05
2.1699188668e-05
2.1699770308e-05
2.1700351948e-05
2.1700933608e-05
2.1701515248e-05
2.1702096888e-05
2.1702678528e-05
2.1703260168e-05
2.1703841828e-05
2.1704423468e-05
2.1705005108e-05
2.1705586748e-05
2.1706168408e-05
2.1706750048e-05
2.1707331688e-05
2.1707913328e-05
2.1708494988e-05
2.1709076628e-05
2.1709658268e-05
2.1710239908e-05
2.1710821568e-05
2.1711403208e-05
2.1711984848e-05
2.1712566488e-05
2.1713148148e-05
2.1713729788e-05
2.1714311428e-05
2.1714893068e-05
2.1715474728e-05
2.1716056368e-05
2.1716638008e-05
2.1717219648e-05
2.1717801308e-05
2.1718382948e-05
2.1718964588e-05
2.1719546228e-05
2.1720127868e-05
2.1720709528e-05
2.1721291168e-05
2.1721872808e-05
2.1722454448e-05
2.1723036108e-05
2.1723617748e-05
2.1724199388e-05
2.1724781028e-05
2.1725362688e-05
2.1725944328e-05
2.1726525968e-05
2.1727107608e-05
2.1727689268e-05
2.1728270908e-05
2.1728852548e-05
2.1729434188e-05
2.1730015848e-05
2.1730597488e-05
2.1731179128e-05
2.1731760768e-05
2.1732342428e-05
2.1732924068e-05
2.1733505708e-05
2.1734087348e-05
2.1734668988e-05
2.1735250648e-05
2.1735832288e-05
2.1736413928e-05
2.1736995568e-05
2.1737577228e-05
2.1738158868e-05
2.1738740508e-05
2.1739322148e-05
2.1739903808e-05
2.1740485448e-05
2.1741067088e-05
2.1741648728e-05
2.1742230388e-05
2.1742812028e-05
2.1743393668e-05
2.1743975308e-05
2.1744556968e-05
2.1745138608e-05
2.1745720248e-05
2.1746301888e-05
2.1746883548e-05
2.1747465188e-05
2.1748046828e-05
2.1748628468e-05
2.1749210128e-05
2.1749791768e-05
2.1750373408e-05
2.1750955048e-05
2.1751536688e-05
2.1752118348e-05
2.1752699988e-05
2.1753281628e-05
2.1753863268e-05
2.1754444928e-05
2.1755026568e-05
2.1755608208e-05
2.1756189848e-05
2.1756771508e-05
2.1757353148e-05
2.1757934788e-05
2.1758516428e-05
2.1759098088e-05
2.1759679728e-05
2.1760261368e-05
2.1760843008e-05
2.1761424668e-05
2.1762006308e-05
2.1762587948e-05
2.1763169588e-05
2.1763751248e-05
2.1764332888e-05
2.1764914528e-05
2.1765496168e-05
2.1766077808e-05
2.1766659468e-05
2.1767241108e-05
2.1767822748e-05
2.1768404388e-05
2.1768986048e-05
2.1769567688e-05
2.1770149328e-05
2.1770730968e-05
2.1771312628e-05
2.1771894268e-05
2.1772475908e-05
2.1773057548e-05
2.1773639208e-05
2.1774220848e-05
2.1774802488e-05
2.1775384128e-05
2.1775965788e-05
2.1776547428e-05
2.1777129068e-05
2.1777710708e-05
2.1778292368e-05
2.1778874008e-05
2.1779455648e-05
2.1780037288e-05
2.1780618948e-05
2.1781200588e-05
2.1781782228e-05
2.1782363868e-05
2.1782945508e-05
2.1783527168e-05
2.1784108808e-05
2.1784690448e-05
2.1785272088e-05
2.1785853748e-05
2.1786435388e-05
2.1787017028e-05
2.1787598668e-05
2.1788180328e-05
2.1788761968e-05
2.1789343608e-05
2.1789925248e-05
2.1790506908e-05
2.1791088548e-05
2.1791670188e-05
2.1792251828e-05
2.1792833488e-05
2.1793415128e-05
2.1793996768e-05
2.1794578408e-05
2.1795160068e-05
2.1795741708e-05
2.1796323348e-05
2.1796904988e-05
2.1797486628e-05
2.1798068288e-05
2.1798649928e-05
2.1799231568e-05
2.1799813208e-05
2.1800394868e-05
2.1800976508e-05
2.1801558148e-05
2.1802139787e-05
2.1802721447e-05
2.1803303087e-05
2.1803884727e-05
2.1804466367e-05
2.1805048027e-05
2.1805629667e-05
2.1806211307e-05
2.1806792947e-05
2.1807374607e-05
2.1807956247e-05
2.1808537887e-05
2.1809119527e-05
2.1809701187e-05
2.1810282827e-05
2.1810864467e-05
2.1811446107e-05
2.1812027767e-05
2.1812609407e-05
2.1813191047e-05
2.1813772687e-05
2.1814354327e-05
2.1814935987e-05
2.1815517627e-05
2.1816099267e-05
2.1816680907e-05
2.1817262567e-05
2.1817844207e-05
2.1818425847e-05
2.1819007487e-05
2.1819589147e-05
2.1820170787e-05
2.1820752427e-05
2.1821334067e-05
2.1821915727e-05
2.1822497367e-05
2.1823079007e-05
2.1823660647e-05
2.1824242307e-05
2.1824823947e-05
2.1825405587e-05
2.1825987227e-05
2.1826568887e-05
2.1827150527e-05
2.1827732167e-05
2.1828313807e-05
2.1828895447e-05
2.1829477107e-05
2.1830058747e-05
2.1830640387e-05
2.1831222027e-05
2.1831803687e-05
2.1832385327e-05
2.1832966967e-05
2.1833548607e-05
2.1834130267e-05
2.1834711907e-05
2.1835293547e-05
2.1835875187e-05
2.1836456847e-05
2.1837038487e-05
2.1837620127e-05
2.1838201767e-05
2.1838783427e-05
2.1839365067e-05
2.1839946707e-05
2.1840528347e-05
2.1841110007e-05
2.1841691647e-05
2.1842273287e-05
2.1842854927e-05
2.1843436587e-05
2.1844018227e-05
2.1844599867e-05
2.1845181507e-05
2.1845763147e-05
2.1846344807e-05
2.1846926447e-05
2.1847508087e-05
2.1848089727e-05
2.1848671387e-05
2.1849253027e-05
2.1849834667e-05
2.1850416307e-05
2.1850997967e-05
2.1851579607e-05
2.1852161247e-05
2.1852742887e-05
2.1853324547e-05
2.1853906187e-05
2.1854487827e-05
2.1855069467e-05
2.1855651127e-05
2.1856232767e-05
2.1856814407e-05
2.1857396047e-05
2.1857977707e-05
2.1858559347e-05
2.1859140987e-05
2.1859722627e-05
2.1860304287e-05
2.1860885927e-05
2.1861467567e-05
2.1862049207e-05
2.1862630847e-05
2.1863212507e-05
2.1863794147e-05
2.1864375787e-05
2.1864957427e-05
2.1865539087e-05
2.1866120727e-05
2.1866702367e-05
2.1867284007e-05
2.1867865667e-05
2.1868447307e-05
2.1869028947e-05
2.1869610587e-05
2.1870192247e-05
2.1870773887e-05
2.1871355527e-05
2.1871937167e-05
2.1872518827e-05
2.1873100467e-05
2.1873682107e-05
2.1874263747e-05
2.1874845407e-05
2.1875427047e-05
2.1876008687e-05
2.1876590327e-05
2.1877171967e-05
2.1877753627e-05
2.1878335267e-05
2.1878916907e-05
2.1879498547e-05
2.1880080207e-05
2.1880661847e-05
2.1881243487e-05
2.1881825127e-05
2.1882406787e-05
2.1882988427e-05
2.1883570067e-05
2.1884151707e-05
2.1884733367e-05
2.1885315007e-05
2.1885896647e-05
2.1886478287e-05
2.1887059947e-05
2.1887641587e-05
2.1888223227e-05
2.1888804867e-05
2.1889386527e-05
2.1889968167e-05
2.1890549807e-05
2.1891131447e-05
2.1891713107e-05
2.1892294747e-05
2.1892876387e-05
2.1893458027e-05
2.1894039667e-05
2.1894621327e-05
2.1895202967e-05
2.1895784607e-05
2.1896366247e-05
2.1896947907e-05
2.1897529547e-05
2.1898111187e-05
2.1898692827e-05
2.1899274487e-05
2.1899856127e-05
2.1900437767e-05
2.1901019407e-05
2.1901601067e-05
2.1902182707e-05
2.1902764347e-05
2.1903345987e-05
2.1903927647e-05
2.1904509287e-05
2.1905090927e-05
2.1905672567e-05
2.1906254227e-05
2.1906835867e-05
2.1907417507e-05
2.1907999147e-05
2.1908580787e-05
2.1909162447e-05
2.1909744087e-05
2.1910325727e-05
2.1910907367e-05
2.1911489027e-05
2.1912070667e-05
2.1912652307e-05
2.1913233947e-05
2.1913815607e-05
2.1914397247e-05
2.1914978887e-05
2.1915560527e-05
2.1916142187e-05
2.1916723827e-05
2.1917305467e-05
2.1917887107e-05
2.1918468767e-05
2.1919050407e-05
2.1919632047e-05
2.1920213687e-05
2.1920795347e-05
2.1921376987e-05
2.1921958627e-05
2.1922540267e-05
2.1923121927e-05
2.1923703567e-05
2.1924285207e-05
2.1924866847e-05
2.1925448487e-05
2.1926030147e-05
2.1926611787e-05
2.1927193427e-05
2.1927775067e-05
2.1928356727e-05
2.1928938367e-05
2.1929520007e-05
2.1930101647e-05
2.1930683307e-05
2.1931264947e-05
2.1931846587e-05
2.1932428227e-05
2.1933009887e-05
2.1933591527e-05
2.1934173167e-05
2.1934754807e-05
2.1935336467e-05
2.1935918107e-05
2.1936499747e-05
2.1937081387e-05
2.1937663047e-05
2.1938244687e-05
2.1938826327e-05
2.1939407967e-05
2.1939989607e-05
2.1940571267e-05
2.1941152907e-05
2.1941734547e-05
2.1942316187e-05
2.1942897847e-05
2.1943479487e-05
2.1944061127e-05
2.1944642767e-05
2.1945224427e-05
2.1945806067e-05
2.1946387707e-05
2.1946969347e-05
2.1947551007e-05
2.1948132647e-05
2.1948714287e-05
2.1949295927e-05
2.1949877587e-05
2.1950459227e-05
2.1951040867e-05
2.1951622507e-05
2.1952204167e-05
2.1952785807e-05
2.1953367447e-05
2.1953949087e-05
2.1954530747e-05
2.1955112387e-05
2.1955694027e-05
2.1956275667e-05
2.1956857307e-05
2.1957438967e-05
2.1958020607e-05
2.1958602247e-05
2.1959183887e-05
2.1959765547e-05
2.1960347187e-05
2.1960928827e-05
2.1961510467e-05
2.1962092127e-05
2.1962673767e-05
2.1963255407e-05
2.1963837047e-05
2.1964418707e-05
2.1965000347e-05
2.1965581987e-05
2.1966163627e-05
2.1966745286e-05
2.1967326926e-05
2.1967908566e-05
2.1968490206e-05
2.1969071866e-05
2.1969653506e-05
2.1970235146e-05
2.1970816786e-05
2.1971398426e-05
2.1971980086e-05
2.1972561726e-05
2.1973143366e-05
2.1973725006e-05
2.1974306666e-05
2.1974888306e-05
2.1975469946e-05
2.1976051586e-05
2.1976633246e-05
2.1977214886e-05
2.1977796526e-05
2.1978378166e-05
2.1978959826e-05
2.1979541466e-05
2.1980123106e-05
2.1980704746e-05
2.1981286406e-05
2.1981868046e-05
2.1982449686e-05
2.1983031326e-05
2.1983612986e-05
2.1984194626e-05
2.1984776266e-05
2.1985357906e-05
2.1985939566e-05
2.1986521206e-05
2.1987102846e-05
2.1987684486e-05
2.1988266126e-05
2.1988847786e-05
2.1989429426e-05
2.1990011066e-05
2.1990592706e-05
2.1991174366e-05
2.1991756006e-05
2.1992337646e-05
2.1992919286e-05
2.1993500946e-05
2.1994082586e-05
2.1994664226e-05
2.1995245866e-05
2.1995827526e-05
2.1996409166e-05
2.1996990806e-05
2.1997572446e-05
2.1998154106e-05
2.1998735746e-05
2.1999317386e-05
2.1999899026e-05
2.2000480686e-05
2.2001062326e-05
2.2001643966e-05
2.2002225606e-05
2.2002807246e-05
2.2003388906e-05
2.2003970546e-05
2.2004552186e-05
2.2005133826e-05
2.2005715486e-05
2.2006297126e-05
2.2006878766e-05
2.2007460406e-05
2.2008042066e-05
2.2008623706e-05
2.2009205346e-05
2.2009786986e-05
2.2010368646e-05
2.2010950286e-05
2.2011531926e-05
2.2012113566e-05
2.2012695226e-05
2.2013276866e-05
2.2013858506e-05
2.2014440146e-05
2.2015021806e-05
2.2015603446e-05
2.2016185086e-05
2.2016766726e-05
2.2017348386e-05
2.2017930026e-05
2.2018511666e-05
2.2019093306e-05
2.2019674946e-05
2.2020256606e-05
2.2020838246e-05
2.2021419886e-05
2.2022001526e-05
2.2022583186e-05
2.2023164826e-05
2.2023746466e-05
2.2024328106e-05
2.2024909766e-05
2.2025491406e-05
2.2026073046e-05
2.2026654686e-05
2.2027236346e-05
2.2027817986e-05
2.2028399626e-05
2.2028981266e-05
2.2029562926e-05
2.2030144566e-05
2.2030726206e-05
2.2031307846e-05
2.2031889506e-05
2.2032471146e-05
2.2033052786e-05
2.2033634426e-05
2.2034216066e-05
2.2034797726e-05
2.2035379366e-05
2.2035961006e-05
2.2036542646e-05
2.2037124306e-05
2.2037705946e-05
2.2038287586e-05
2.2038869226e-05
2.2039450886e-05
2.2040032526e-05
2.2040614166e-05
2.2041195806e-05
2.2041777466e-05
2.2042359106e-05
2.2042940746e-05
2.2043522386e-05
2.2044104046e-05
2.2044685686e-05
2.2045267326e-05
2.2045848966e-05
2.2046430626e-05
2.2047012266e-05
2.2047593906e-05
2.2048175546e-05
2.2048757206e-05
2.2049338846e-05
2.2049920486e-05
2.2050502126e-05
2.2051083766e-05
2.2051665426e-05
2.2052247066e-05
2.2052828706e-05
2.2053410346e-05
2.2053992006e-05
2.2054573646e-05
2.2055155286e-05
2.2055736926e-05
2.2056318586e-05
2.2056900226e-05
2.2057481866e-05
2.2058063506e-05
2.2058645166e-05
2.2059226806e-05
2.2059808446e-05
2.2060390086e-05
2.2060971746e-05
2.2061553386e-05
2.2062135026e-05
2.2062716666e-05
2.2063298326e-05
2.2063879966e-05
2.2064461606e-05
2.2065043246e-05
2.2065624886e-05
2.2066206546e-05
2.2066788186e-05
2.2067369826e-05
2.2067951466e-05
2.2068533126e-05
2.2069114766e-05
2.2069696406e-05
2.2070278046e-05
2.2070859706e-05
2.2071441346e-05
2.2072022986e-05
2.2072604626e-05
2.2073186286e-05
2.2073767926e-05
2.2074349566e-05
2.2074931206e-05
2.2075512866e-05
2.2076094506e-05
2.2076676146e-05
2.2077257786e-05
2.2077839446e-05
2.2078421086e-05
2.2079002726e-05
2.2079584366e-05
2.2080166026e-05
2.2080747666e-05
2.2081329306e-05
2.2081910946e-05
2.2082492586e-05
2.2083074246e-05
2.2083655886e-05
2.2084237526e-05
2.2084819166e-05
2.2085400826e-05
2.2085982466e-05
2.2086564106e-05
2.2087145746e-05
2.2087727406e-05
2.2088309046e-05
2.2088890686e-05
2.2089472326e-05
2.2090053986e-05
2.2090635626e-05
2.2091217266e-05
2.2091798906e-05
2.2092380566e-05
2.2092962206e-05
2.2093543846e-05
2.2094125486e-05
2.2094707146e-05
2.2095288786e-05
2.2095870426e-05
2.2096452066e-05
2.2097033706e-05
2.2097615366e-05
2.2098197006e-05
2.2098778646e-05
2.2099360286e-05
2.2099941946e-05
2.2100523586e-05
2.2101105226e-05
2.2101686866e-05
2.2102268526e-05
2.2102850166e-05
2.2103431806e-05
2.2104013446e-05
2.2104595106e-05
2.2105176746e-05
2.2105758386e-05
2.2106340026e-05
2.2106921686e-05
2.2107503326e-05
2.2108084966e-05
2.2108666606e-05
2.2109248266e-05
2.2109829906e-05
2.2110411546e-05
2.2110993186e-05
2.2111574846e-05
2.2112156486e-05
2.2112738126e-05
2.2113319766e-05
2.2113901406e-05
2.2114483066e-05
2.2115064706e-05
2.2115646346e-05
2.2116227986e-05
2.2116809646e-05
2.2117391286e-05
2.2117972926e-05
2.2118554566e-05
2.2119136226e-05
2.2119717866e-05
2.2120299506e-05
2.2120881146e-05
2.2121462806e-05
2.2122044446e-05
2.2122626086e-05
2.2123207726e-05
2.2123789386e-05
2.2124371026e-05
2.2124952666e-05
2.2125534306e-05
2.2126115966e-05
2.2126697606e-05
2.2127279246e-05
2.2127860886e-05
2.2128442526e-05
2.2129024186e-05
2.2129605826e-05
2.2130187466e-05
2.2130769106e-05
2.2131350765e-05
2.2131932405e-05
2.2132514045e-05
2.2133095685e-05
2.2133677345e-05
2.2134258985e-05
2.2134840625e-05
2.2135422265e-05
2.2136003925e-05
2.2136585565e-05
2.2137167205e-05
2.2137748845e-05
2.2138330505e-05
2.2138912145e-05
2.2139493785e-05
2.2140075425e-05
2.2140657085e-05
2.2141238725e-05
2.2141820365e-05
2.2142402005e-05
2.2142983665e-05
2.2143565305e-05
2.2144146945e-05
2.2144728585e-05
2.2145310225e-05
2.2145891885e-05
2.2146473525e-05
2.2147055165e-05
2.2147636805e-05
2.2148218465e-05
2.2148800105e-05
2.2149381745e-05
2.2149963385e-05
2.2150545045e-05
2.2151126685e-05
2.2151708325e-05
2.2152289965e-05
2.2152871625e-05
2.2153453265e-05
2.2154034905e-05
2.2154616545e-05
2.2155198205e-05
2.2155779845e-05
2.2156361485e-05
2.2156943125e-05
2.2157524785e-05
2.2158106425e-05
2.2158688065e-05
2.2159269705e-05
2.2159851345e-05
2.2160433005e-05
2.2161014645e-05
2.2161596285e-05
2.2162177925e-05
2.2162759585e-05
2.2163341225e-05
2.2163922865e-05
2.2164504505e-05
2.2165086165e-05
2.2165667805e-05
2.2166249445e-05
2.2166831085e-05
2.2167412745e-05
2.2167994385e-05
2.2168576025e-05
2.2169157665e-05
2.2169739325e-05
2.2170320965e-05
2.2170902605e-05
2.2171484245e-05
2.2172065905e-05
2.2172647545e-05
2.2173229185e-05
2.2173810825e-05
2.2174392485e-05
2.2174974125e-05
2.2175555765e-05
2.2176137405e-05
2.2176719045e-05
2.2177300705e-05
2.2177882345e-05
2.2178463985e-05
2.2179045625e-05
2.2179627285e-05
2.2180208925e-05
2.2180790565e-05
2.2181372205e-05
2.2181953865e-05
2.2182535505e-05
2.2183117145e-05
2.2183698785e-05
2.2184280445e-05
2.2184862085e-05
2.2185443725e-05
2.2186025365e-05
2.2186607025e-05
2.2187188665e-05
2.2187770305e-05
2.2188351945e-05
2.2188933605e-05
2.2189515245e-05
2.2190096885e-05
2.2190678525e-05
2.2191260165e-05
2.2191841825e-05
2.2192423465e-05
2.2193005105e-05
2.2193586745e-05
2.2194168405e-05
2.2194750045e-05
2.2195331685e-05
2.2195913325e-05
2.2196494985e-05
2.2197076625e-05
2.2197658265e-05
2.2198239905e-05
2.2198821565e-05
2.2199403205e-05
2.2199984845e-05
2.2200566485e-05
2.2201148145e-05
2.2201729785e-05
2.2202311425e-05
2.2202893065e-05
2.2203474725e-05
2.2204056365e-05
2.2204638005e-05
2.2205219645e-05
2.2205801305e-05
2.2206382945e-05
2.2206964585e-05
2.2207546225e-05
2.2208127865e-05
2.2208709525e-05
2.2209291165e-05
2.2209872805e-05
2.2210454445e-05
2.2211036105e-05
2.2211617745e-05
2.2212199385e-05
2.2212781025e-05
2.2213362685e-05
2.2213944325e-05
2.2214525965e-05
2.2215107605e-05
2.2215689265e-05
2.2216270905e-05
2.2216852545e-05
2.2217434185e-05
2.2218015845e-05
2.2218597485e-05
2.2219179125e-05
2.2219760765e-05
2.2220342425e-05
2.2220924065e-05
2.2221505705e-05
2.2222087345e-05
2.2222668985e-05
2.2223250645e-05
2.2223832285e-05
2.2224413925e-05
2.2224995565e-05
2.2225577225e-05
2.2226158865e-05
2.2226740505e-05
2.2227322145e-05
2.2227903805e-05
2.2228485445e-05
2.2229067085e-05
2.2229648725e-05
2.2230230385e-05
2.2230812025e-05
2.2231393665e-05
2.2231975305e-05
2.2232556965e-05
2.2233138605e-05
2.2233720245e-05
2.2234301885e-05
2.2234883545e-05
2.2235465185e-05
2.2236046825e-05
2.2236628465e-05
2.2237210125e-05
2.2237791765e-05
2.2238373405e-05
2.2238955045e-05
2.2239536685e-05
2.2240118345e-05
2.2240699985e-05
2.2241281625e-05
2.2241863265e-05
2.2242444925e-05
2.2243026565e-05
2.2243608205e-05
2.2244189845e-05
2.2244771505e-05
2.2245353145e-05
2.2245934785e-05
2.2246516425e-05
2.2247098085e-05
2.2247679725e-05
2.2248261365e-05
2.2248843005e-05
2.2249424665e-05
2.2250006305e-05
2.2250587945e-05
2.2251169585e-05
2.2251751245e-05
2.2252332885e-05
2.2252914525e-05
2.2253496165e-05
2.2254077805e-05
2.2254659465e-05
2.2255241105e-05
2.2255822745e-05
2.2256404385e-05
2.2256986045e-05
2.2257567685e-05
2.2258149325e-05
2.2258730965e-05
2.2259312625e-05
2.2259894265e-05
2.2260475905e-05
2.2261057545e-05
2.2261639205e-05
2.2262220845e-05
2.2262802485e-05
2.2263384125e-05
2.2263965785e-05
2.2264547425e-05
2.2265129065e-05
2.2265710705e-05
2.2266292365e-05
2.2266874005e-05
2.2267455645e-05
2.2268037285e-05
2.2268618945e-05
2.2269200585e-05
2.2269782225e-05
2.2270363865e-05
2.2270945505e-05
2.2271527165e-05
2.2272108805e-05
2.2272690445e-05
2.2273272085e-05
2.2273853745e-05
2.2274435385e-05
2.2275017025e-05
2.2275598665e-05
2.2276180325e-05
2.2276761965e-05
2.2277343605e-05
2.2277925245e-05
2.2278506905e-05
2.2279088545e-05
2.2279670185e-05
2.2280251825e-05
2.2280833485e-05
2.2281415125e-05
2.2281996765e-05
2.2282578405e-05
2.2283160065e-05
2.2283741705e-05
2.2284323345e-05
2.2284904985e-05
2.2285486625e-05
2.2286068285e-05
2.2286649925e-05
2.2287231565e-05
2.2287813205e-05
2.2288394865e-05
2.2288976505e-05
2.2289558145e-05
2.2290139785e-05
2.2290721445e-05
2.2291303085e-05
2.2291884725e-05
2.2292466365e-05
2.2293048025e-05
2.2293629665e-05
2.2294211305e-05
2.2294792945e-05
2.2295374605e-05
2.2295956244e-05
2.2296537884e-05
2.2297119524e-05
2.2297701184e-05
2.2298282824e-05
2.2298864464e-05
2.2299446104e-05
2.2300027764e-05
2.2300609404e-05
2.2301191044e-05
2.2301772684e-05
2.2302354324e-05
2.2302935984e-05
2.2303517624e-05
2.2304099264e-05
2.2304680904e-05
2.2305262564e-05
2.2305844204e-05
2.2306425844e-05
2.2307007484e-05
2.2307589144e-05
2.2308170784e-05
2.2308752424e-05
2.2309334064e-05
2.2309915724e-05
2.2310497364e-05
2.2311079004e-05
2.2311660644e-05
2.2312242304e-05
2.2312823944e-05
2.2313405584e-05
2.2313987224e-05
2.2314568884e-05
2.2315150524e-05
2.2315732164e-05
2.2316313804e-05
2.2316895444e-05
2.2317477104e-05
2.2318058744e-05
2.2318640384e-05
2.2319222024e-05
2.2319803684e-05
2.2320385324e-05
2.2320966964e-05
2.2321548604e-05
2.2322130264e-05
2.2322711904e-05
2.2323293544e-05
2.2323875184e-05
2.2324456844e-05
2.2325038484e-05
2.2325620124e-05
2.2326201764e-05
2.2326783424e-05
2.2327365064e-05
2.2327946704e-05
2.2328528344e-05
2.2329110004e-05
2.2329691644e-05
2.2330273284e-05
2.2330854924e-05
2.2331436584e-05
2.2332599864e-05
