42701251
42703752
42706253
42708752
42711256
42713750
42716256
42718751
42721252
42723799
42726296
42728802
42731298
42733797
42736297
42738799
42741298
42743797
42746297
42748796
42751299
42753800
42756296
42758798
42761298
42763798
42766301
42768796
42771298
42773799
42776298
42778797
42781298
42783846
42786342
42788843
42791344
42793843
42796342
42798846
42801343
42803843
42806345
42808845
42811346
42813843
42816345
42818843
42821346
42823842
42826343
42828844
42831344
42833843
42836349
42838844
42841341
42843888
42846387
42848888
42851389
42853889
42856388
42858888
42861389
42863890
42866390
42868887
42871389
42873889
42876390
42878888
42881390
42883893
42886392
42888890
42891389
42893890
42896389
42898893
42901388
42903932
42906431
42908933
42911431
42913930
42916433
42918930
42921432
42923932
42926431
42928929
42931430
42933934
42936433
42938931
42941432
42943931
42946432
42948930
42951431
42953930
42956432
42958930
42961431
42963979
42966478
42968977
42971478
42973978
42976474
42978974
42981476
42983974
42986475
42988978
42991478
42993977
42996477
42998977
43001476
43003975
43006477
43008974
43011481
43013979
43016477
43018977
43021478
43024024
43026526
43029030
43031524
43034023
43036524
43039025
43041526
43044027
43046523
43049028
43051524
43054025
43056527
43059026
43061526
43064028
43066526
43069029
43071526
43074023
43076524
43079025
43081524
43084069
43086568
43089067
43091568
43094068
43096568
43099069
43101567
43104071
43106571
43109073
43111567
43114068
43116570
43119067
43121568
43124071
43126568
43129074
43131571
43134072
43136571
43139068
43141567
43144113
43146613
43149114
43151612
43154113
43156613
43159112
43161615
43164111
43166617
43169114
43171615
43174116
43176615
43179115
43181614
43184114
43186613
43189113
43191613
43194115
43196614
43199114
43201614
43204160
43206659
43209161
43211663
43214160
43216659
43219158
43221660
43224157
43226659
43229159
43231661
43234162
43236663
43239157
43241660
43244160
43246659
43249157
43251664
43254159
43256661
43259163
43261664
43264208
43266703
43269208
43271703
43274204
43276710
43279206
43281704
43284204
43286704
43289207
43291706
43294205
43296704
43299208
43301707
43304206
43306704
43309210
43311709
43314203
43316704
43319208
43321709
43324248
43326748
43329247
43331750
43334250
43336749
43339248
43341746
43344249
43346749
43349248
43351746
43354248
43356747
43359248
43361748
43364247
43366746
43369249
43371748
43374245
43376748
43379252
43381749
43384293
43386796
43389297
43391792
43394293
43396793
43399292
43401793
43404294
43406804
43409295
43411797
43414297
43416799
43419293
43421794
43424293
43426797
43429293
43431796
43434295
43436792
43439292
43441796
43444339
43446841
43449339
43451841
43454339
43456839
43459341
43461843
43464341
43466839
43469340
43471840
43474345
43476844
43479340
43481843
43484340
43486844
43489343
43491842
43494342
43496840
43499340
43501840
43504388
43506892
43509388
43511890
43514388
43516888
43519389
43521887
43524387
43526887
43529388
43531890
43534387
43536889
43539388
43541890
43544386
43546889
43549387
43551892
43554392
43556889
43559390
43561888
43564435
43566936
43569433
43571933
43574431
43576936
43579432
43581932
43584433
43586932
43589433
43591932
43594434
43596932
43599431
43601931
43604432
43606936
43609432
43611935
43614432
43616934
43619431
43621931
43624478
43626977
43629483
43631979
43634478
43636977
43639478
43641977
43644479
43646975
43649477
43651981
43654474
43656981
43659479
43661976
43664477
43666976
43669476
43671975
43674476
43676974
43679479
43681977
43684524
43687024
43689524
43692023
43694523
43697023
43699525
43702023
43704524
43707022
43709526
43712026
43714522
43717023
43719522
43722024
43724527
43727022
43729522
43732025
43734524
43737022
43739525
43742021
43744570
43747069
43749573
43752070
43754573
43757070
43759569
43762072
43764570
43767069
43769574
43772071
43774573
43777070
43779569
43782072
43784571
43787070
43789572
43792069
43794569
43797075
43799572
43802071
43804616
43807116
43809614
43812117
43814615
43817117
43819615
43822113
43824613
43827117
43829615
43832115
43834613
43837112
43839614
43842116
43844613
43847113
43849613
43852117
43854613
43857114
43859615
43862120
43864660
43867159
43869656
43872160
43874657
43877158
43879661
43882161
43884657
43887160
43889656
43892160
43894659
43897156
43899660
43902160
43904664
43907160
43909657
43912156
43914659
43917159
43919658
43922158
43924700
43927200
43929701
43932201
43934706
43937202
43939702
43942203
43944701
43947201
43949700
43952201
43954701
43957200
43959703
43962200
43964702
43967200
43969701
43972203
43974700
43977204
43979701
43982201
43984747
43987245
43989745
43992245
43994744
43997245
43999745
44002245
44004743
44007246
44009746
44012246
44014747
44017247
44019744
44022247
44024743
44027245
44029744
44032245
44034746
44037247
44039745
44042248
44044794
44047290
44049794
44052295
44054792
44057288
44059791
44062294
44064790
44067290
44069792
44072294
44074791
44077292
44079791
44082290
44084792
44087290
44089793
44092291
44094793
44097292
44099791
44102290
44104839
44107341
44109841
44112336
44114838
44117337
44119838
44122337
44124840
44127341
44129839
44132339
44134838
44137338
44139840
44142340
44144842
44147339
44149841
44152340
44154840
44157340
44159836
44162338
44164882
44167384
44169881
44172381
44174880
44177382
44179880
44182380
44184881
44187382
44189882
44192381
44194881
44197381
44199880
44202381
44204882
44207382
44209880
44212382
44214880
44217381
44219883
44222380
44224926
44227425
44229927
44232427
44234925
44237425
44239928
44242426
44244926
44247426
44249927
44252429
44254925
44257429
44259926
44262425
44264925
44267426
44269926
44272425
44274927
44277429
44279927
44282428
44284972
44287474
44289972
44292474
44294973
44297471
44299971
44302473
44304971
44307477
44309971
44312474
44314974
44317471
44319974
44322472
44324973
44327473
44329970
44332471
44334976
44337470
44339973
44342471
44345015
44347515
44350017
44352521
44355015
44357517
44360017
44362519
44365018
44367516
44370018
44372515
44375018
44377517
44380015
44382515
44385016
44387515
44390014
44392514
44395015
44397516
44400016
44402516
44405056
44407556
44410058
44412559
44415057
44417557
44420056
44422560
44425060
44427559
44430056
44432556
44435056
44437556
44440056
44442558
44445057
44447556
44450056
44452556
44455056
44457556
44460056
44462556
44465128
44467632
44470131
44472627
44475129
44477628
44480128
44482628
44485127
44487627
44490127
44492629
44495131
44497631
44500129
44502628
44505129
44507630
44510130
44512629
44515129
44517628
44520130
44522628
44525182
44527677
44530177
44532677
44535175
44537674
44540177
44542675
44545178
44547679
44550178
44552675
44555176
44557676
44560177
44562675
44565176
44567679
44570178
44572675
44575176
44577677
44580182
44582680
44585221
44587722
44590224
44592724
44595221
44597723
44600223
44602723
44605222
44607724
44610223
44612722
44615221
44617725
44620222
44622720
44625222
44627721
44630222
44632721
44635227
44637722
44640220
44642722
44645272
44647773
44650269
44652770
44655269
44657769
44660274
44662769
44665269
44667771
44670273
44672772
44675270
44677769
44680280
44682774
44685278
44687771
44690272
44692772
44695279
44697770
44700276
44702770
44705311
44707815
44710313
44712812
44715311
44717811
44720311
44722814
44725316
44727812
44730312
44732811
44735311
44737814
44740312
44742814
44745312
44747815
44750312
44752813
44755315
44757818
44760315
44762818
44765355
44767858
44770356
44772857
44775356
44777857
44780358
44782855
44785357
44787854
44790354
44792855
44795362
44797856
44800357
44802857
44805357
44807856
44810360
44812858
44815355
44817858
44820358
44822856
44825401
44827901
44830399
44832903
44835400
44837900
44840401
44842901
44845403
44847902
44850401
44852900
44855399
44857899
44860404
44862898
44865399
44867899
44870402
44872900
44875401
44877898
44880402
44882902
44885445
44887945
44890446
44892946
44895446
44897949
44900446
44902947
44905448
44907947
44910448
44912949
44915448
44917948
44920446
44922945
44925448
44927947
44930447
44932950
44935449
44937949
44940447
44942947
44945496
44947995
44950498
44952992
44955494
44957997
44960494
44962995
44965499
44967994
44970494
44972994
44975495
44977993
44980494
44982993
44985492
44987997
44990495
44992995
44995494
44997992
45000494
45002998
45005538
45008039
45010540
45013037
45015541
45018037
45020539
45023039
45025537
45028039
45030541
45033041
45035538
45038041
45040542
45043039
45045539
45048042
45050545
45053040
45055538
45058037
45060537
45063039
45065582
45068081
45070581
45073081
45075585
45078081
45080582
45083083
45085583
45088080
45090585
45093086
45095581
45098081
45100580
45103086
45105581
45108081
45110580
45113082
45115582
45118080
45120581
45123080
45125626
45128130
45130628
45133127
45135632
45138130
45140632
45143127
45145628
45148128
45150629
45153126
45155629
45158127
45160629
45163131
45165627
45168128
45170630
45173132
45175626
45178126
45180629
45183128
45185682
45188186
45190689
45193185
45195685
45198185
45200683
45203185
45205684
45208182
45210683
45213186
45215683
45218185
45220683
45223186
45225683
45228185
45230685
45233183
45235687
45238184
45240684
45243185
45245730
45248227
45250730
45253232
45255729
45258229
45260729
45263228
45265732
45268233
45270730
45273233
45275730
45278230
45280730
45283230
45285729
45288231
45290730
45293229
45295726
45298229
45300728
45303228
45305777
45308285
45310772
45313275
45315774
45318276
45320773
45323272
45325776
45328275
45330777
45333275
45335773
45338273
45340776
45343272
45345774
45348273
45350775
45353273
45355771
45358275
45360776
45363271
45365822
45368323
45370826
45373323
45375827
45378323
45380822
45383326
45385822
45388323
45390821
45393320
45395820
45398322
45400821
45403324
45405821
45408327
45410822
45413324
45415820
45418323
45420820
45423322
45425865
45428368
45430866
45433368
45435867
45438366
45440866
45443365
45445865
45448366
45450865
45453369
45455870
45458367
45460867
45463368
45465867
45468366
45470866
45473367
45475863
45478365
45480865
45483366
45485910
45488409
45490906
45493408
45495909
45498408
45500907
45503406
45505910
45508408
45510909
45513409
45515909
45518408
45520907
45523407
45525912
45528409
45530907
45533409
45535907
45538406
45540907
45543407
45545957
45548453
45550955
45553456
45555954
45558453
45560955
45563451
45565957
45568459
45570957
45573453
45575956
45578452
45580952
45583454
45585953
45588454
45590956
45593454
45595951
45598456
45600956
45603454
45606002
45608497
45610998
45613497
45616000
45618500
45620997
45623501
45626003
45628498
45630996
45633500
45636001
45638502
45640998
45643499
45646001
45648499
45650999
45653502
45656000
45658500
45661000
45663500
45666047
45668545
45671047
45673545
45676045
45678548
45681043
45683548
45686048
45688546
45691044
45693547
45696048
45698549
45701047
45703544
45706046
45708547
45711047
45713549
45716045
45718549
45721048
45723544
45726093
45728588
45731090
45733593
45736092
45738602
45741089
45743590
45746089
45748591
45751090
45753588
45756088
45758587
45761091
45763592
45766090
45768589
45771088
45773590
45776090
45778588
45781088
45783589
45786130
45788631
45791139
45793631
45796132
45798634
45801134
45803632
45806133
45808634
45811131
45813632
45816135
45818633
45821134
45823634
45826132
45828632
45831131
45833633
45836130
45838632
45841133
45843631
45846174
45848675
45851178
45853676
45856174
45858674
45861173
45863675
45866175
45868674
45871177
45873677
45876175
45878674
45881177
45883678
45886176
45888673
45891179
45893674
45896180
45898674
45901175
45903678
45906220
45908720
45911220
45913718
45916219
45918721
45921218
45923718
45926219
45928720
45931219
45933720
45936222
45938717
45941219
45943718
45946219
45948719
45951218
45953722
45956220
45958721
45961222
45963718
45966265
45968764
45971261
45973764
45976263
45978761
45981262
45983763
45986264
45988764
45991262
45993762
45996266
45998761
46001263
46003762
46006263
46008761
46011263
46013763
46016265
46018763
46021264
46023762
46026304
46028806
46031306
46033806
46036306
46038805
46041305
46043807
46046308
46048806
46051308
46053806
46056307
46058806
46061304
46063807
46066306
46068807
46071306
46073806
46076305
46078805
46081306
46083806
46086352
46088850
46091354
46093856
46096353
46098854
46101351
46103857
46106354
46108853
46111354
46113851
46116351
46118852
46121356
46123854
46126355
46128849
46131350
46133851
46136351
46138850
46141352
46143852
46146394
46148898
46151396
46153897
46156394
46158897
46161397
46163896
46166398
46168895
46171399
46173896
46176398
46178896
46181396
46183897
46186397
46188901
46191398
46193898
46196397
46198895
46201396
46203896
46206442
46208943
46211439
46213940
46216444
46218941
46221441
46223940
46226441
46228941
46231440
46233944
46236444
46238939
46241442
46243941
46246439
46248940
46251442
46253939
46256442
46258943
46261441
46263940
46266487
46268987
46271488
46273985
46276488
46278987
46281487
46283987
46286489
46288990
46291486
46293990
46296489
46298988
46301489
46303989
46306487
46308986
46311488
46313987
46316488
46318987
46321488
46323987
46326535
46329033
46331535
46334033
46336537
46339032
46341535
46344033
46346532
46349035
46351534
46354033
46356537
46359034
46361538
46364039
46366533
46369032
46371534
46374032
46376535
46379039
46381535
46384034
46386581
46389076
46391577
46394078
46396577
46399082
46401577
46404078
46406577
46409078
46411576
46414077
46416577
46419080
46421577
46424078
46426578
46429078
46431577
46434076
46436580
46439077
46441579
46444080
46446622
46449122
46451622
46454124
46456623
46459122
46461623
46464121
46466624
46469122
46471621
46474123
46476622
46479121
46481621
46484122
46486624
46489121
46491622
46494123
46496624
46499123
46501620
46504124
46506671
46509171
46511670
46514174
46516671
46519172
46521671
46524171
46526670
46529169
46531672
46534172
46536671
46539170
46541671
46544169
46546669
46549170
46551672
46554174
46556668
46559174
46561670
46564169
46566715
46569213
46571718
46574216
46576714
46579213
46581715
46584220
46586716
46589218
46591716
46594217
46596718
46599219
46601715
46604216
46606717
46609218
46611717
46614216
46616715
46619216
46621716
46624214
46626764
46629264
46631763
46634264
46636763
46639268
46641765
46644264
46646764
46649267
46651763
46654263
46656764
46659265
46661762
46664264
46666763
46669264
46671767
46674263
46676764
46679267
46681764
46684262
46686806
46689303
46691803
46694306
46696807
46699304
46701805
46704305
46706805
46709307
46711804
46714306
46716805
46719303
46721804
46724303
46726806
46729304
46731806
46734303
46736803
46739305
46741806
46744303
46746851
46749348
46751848
46754348
46756850
46759347
46761850
46764349
46766852
46769347
46771852
46774348
46776851
46779346
46781847
46784351
46786853
46789350
46791850
46794350
46796849
46799348
46801849
46804351
46806896
46809397
46811900
46814397
46816898
46819399
46821902
46824396
46826896
46829396
46831897
46834398
46836895
46839394
46841896
46844397
46846901
46849400
46851898
46854397
46856896
46859396
46861898
46864403
46866942
46869446
46871944
46874441
46876945
46879442
46881941
46884442
46886941
46889440
46891943
46894442
46896940
46899443
46901942
46904445
46906944
46909442
46911945
46914447
46916941
46919442
46921941
46924445
46926987
46929486
46931986
46934485
46936985
46939486
46941984
46944488
46946985
46949485
46951987
46954485
46956985
46959486
46961985
46964486
46966985
46969487
46971986
46974486
46976984
46979484
46981987
46984488
46987028
46989529
46992029
46994529
46997031
46999529
47002029
47004527
47007028
47009528
47012027
47014529
47017028
47019527
47022029
47024530
47027028
47029530
47032032
47034527
47037030
47039529
47042027
47044530
47047074
47049576
47052078
47054578
47057076
47059574
47062077
47064575
47067076
47069577
47072078
47074577
47077075
47079576
47082078
47084578
47087077
47089575
47092077
47094578
47097074
47099573
47102076
47104575
47107122
47109619
47112118
47114618
47117117
47119623
47122119
47124619
47127118
47129618
47132117
47134621
47137121
47139621
47142118
47144617
47147120
47149620
47152122
47154618
47157121
47159620
47162119
47164623
47167164
47169666
47172167
47174666
47177166
47179666
47182163
47184665
47187169
47189665
47192168
47194666
47197168
47199668
47202165
47204668
47207165
47209667
47212164
47214666
47217169
47219671
47222165
47224663
47227214
47229715
47232213
47234713
47237218
47239716
47242214
47244713
47247216
47249716
47252216
47254714
47257216
47259714
47262216
47264713
47267214
47269714
47272216
47274715
47277217
47279712
47282214
47284716
47287256
47289762
47292258
47294757
47297259
47299757
47302261
47304758
47307257
47309762
47312256
47314758
47317259
47319760
47322257
47324757
47327259
47329759
47332262
47334763
47337261
47339762
47342256
47344757
47347303
47349803
47352303
47354803
47357302
47359805
47362306
47364804
47367305
47369801
47372306
47374802
47377303
47379805
47382303
47384802
47387302
47389803
47392305
47394806
47397306
47399805
47402303
47404803
47407348
47409850
47412348
47414849
47417348
47419848
47422351
47424850
47427355
47429850
47432354
47434848
47437353
47439851
47442358
47444849
47447352
47449852
47452358
47454851
47457357
47459849
47462355
47464852
47467392
47469894
47472398
47474893
47477393
47479893
47482392
47484893
47487392
47489892
47492393
47494898
47497392
47499895
47502393
47504897
47507394
47509894
47512393
47514892
47517394
47519894
47522392
47524892
47527441
47529940
47532440
47534942
47537439
47539943
47542441
47544940
47547439
47549943
47552440
47554945
47557440
47559940
47562442
47564938
47567441
47569939
47572441
47574939
47577442
47579945
47582441
47584943
47587480
47589982
47592483
47594982
47597487
47599987
47602483
47604981
47607484
47609986
47612484
47614982
47617482
47619983
47622481
47624984
47627484
47629986
47632486
47634983
47637482
47639984
47642482
47644983
47647527
47650029
47652525
47655029
47657527
47660030
47662528
47665028
47667528
47670030
47672526
47675029
47677526
47680029
47682528
47685029
47687526
47690028
47692527
47695025
47697526
47700028
47702526
47705027
47707571
47710073
47712573
47715071
47717574
47720074
47722573
47725072
47727569
47730069
47732573
47735070
47737572
47740073
47742571
47745070
47747571
47750074
47752571
47755071
47757571
47760071
47762569
47765072
47767617
47770116
47772614
47775117
47777615
47780118
47782616
47785116
47787619
47790115
47792613
47795116
47797616
47800116
47802615
47805115
47807616
47810117
47812614
47815114
47817614
47820114
47822618
47825115
47827661
47830159
47832660
47835161
47837660
47840163
47842662
47845159
47847661
47850160
47852664
47855160
47857660
47860162
47862663
47865161
47867661
47870158
47872659
47875161
47877658
47880159
47882662
47885158
47887704
47890207
47892706
47895202
47897704
47900202
47902705
47905206
47907705
47910204
47912705
47915204
47917705
47920204
47922703
47925203
47927703
47930207
47932703
47935208
47937705
47940208
47942703
47945207
47947755
47950251
47952756
47955254
47957751
47960252
47962752
47965250
47967751
47970253
47972751
47975251
47977749
47980253
47982752
47985251
47987754
47990251
47992753
47995253
47997752
48000255
48002750
48005253
48007803
48010299
48012797
48015297
48017797
48020300
48022798
48025297
48027797
48030299
48032798
48035301
48037797
48040296
48042797
48045300
48047797
48050297
48052800
48055301
48057800
48060297
48062799
48065297
48067842
48070346
48072847
48075343
48077843
48080343
48082846
48085343
48087844
48090347
48092843
48095347
48097848
48100348
48102845
48105344
48107847
48110343
48112843
48115344
48117844
48120344
48122846
48125349
48127889
48130385
48132887
48135388
48137887
48140386
48142890
48145386
48147888
48150390
48152892
48155390
48157888
48160390
48162891
48165388
48167888
48170386
48172886
48175391
48177888
48180390
48182887
48185390
48187933
48190438
48192941
48195438
48197935
48200438
48202936
48205436
48207936
48210436
48212935
48215435
48217934
48220435
48222933
48225447
48227934
48230439
48232936
48235436
48237935
48240437
48242936
48245432
48247983
48250482
48252983
48255481
48257978
48260484
48262982
48265478
48267980
48270481
48272983
48275479
48277983
48280481
48282980
48285479
48287979
48290481
48292980
48295478
48297983
48300480
48302983
48305479
48308028
48310526
48313024
48315526
48318027
48320524
48323025
48325527
48328026
48330526
48333025
48335528
48338025
48340524
48343027
48345525
48348026
48350526
48353027
48355526
48358025
48360527
48363024
48365528
48368071
48370571
48373073
48375570
48378073
48380573
48383074
48385572
48388069
48390571
48393072
48395570
48398072
48400574
48403075
48405569
48408073
48410569
48413073
48415576
48418074
48420569
48423073
48425568
48428119
48430620
48433123
48435625
48438119
48440620
48443123
48445620
48448119
48450622
48453121
48455623
48458119
48460621
48463120
48465625
48468121
48470620
48473124
48475621
48478125
48480623
48483124
48485619
48488165
48490665
48493163
48495663
48498166
48500667
48503166
48505667
48508167
48510665
48513165
48515665
48518166
48520667
48523164
48525666
48528163
48530665
48533164
48535666
48538167
48540667
48543163
48545667
48548214
48550712
48553209
48555711
48558213
48560713
48563211
48565712
48568209
48570712
48573213
48575710
48578212
48580711
48583212
48585714
48588210
48590710
48593210
48595710
48598212
48600711
48603210
48605712
48608256
48610756
48613260
48615757
48618257
48620758
48623257
48625759
48628259
48630761
48633260
48635761
48638258
48640756
48643259
48645759
48648260
48650758
48653256
48655758
48658261
48660756
48663256
48665758
48668304
48670800
48673301
48675800
48678305
48680799
48683302
48685800
48688305
48690801
48693301
48695800
48698306
48700801
48703302
48705800
48708303
48710800
48713300
48715801
48718302
48720806
48723305
48725801
48728346
48730847
48733348
48735848
48738347
48740848
48743348
48745849
48748348
48750847
48753347
48755847
48758346
48760848
48763348
48765846
48768349
48770848
48773348
48775847
48778346
48780848
48783348
48785846
48788392
48790892
48793392
48795895
48798395
48800892
48803391
48805893
48808390
48810893
48813390
48815891
48818391
48820891
48823393
48825898
48828393
48830892
48833392
48835893
48838391
48840893
48843391
48845893
48848437
48850936
48853434
48855939
48858437
48860938
48863436
48865936
48868436
48870935
48873434
48875938
48878438
48880935
48883438
48885938
48888436
48890935
48893435
48895936
48898437
48900937
48903436
48905938
48908479
48910981
48913481
48915987
48918480
48920981
48923481
48925985
48928481
48930982
48933482
48935979
48938484
48940979
48943481
48945983
48948483
48950981
48953481
48955982
48958480
48960980
48963481
48965980
48968528
48971029
48973528
48976028
48978530
48981029
48983534
48986029
48988534
48991033
48993534
48996031
48998532
49001027
49003529
49006029
49008529
49011028
49013528
49016031
49018529
49021030
49023531
49026032
49028577
49031077
49033574
49036074
49038577
49041077
49043575
49046078
49048574
49051076
49053577
49056082
49058575
49061073
49063579
49066076
49068577
49071076
49073576
49076076
49078576
49081074
49083575
49086076
49088630
49091127
49093627
49096126
49098627
49101123
49103625
49106126
49108628
49111128
49113624
49116123
49118627
49121125
49123628
49126124
49128628
49131125
49133629
49136124
49138627
49141125
49143627
49146125
49148667
49151170
49153668
49156169
49158669
49161172
49163669
49166171
49168670
49171170
49173668
49176170
49178671
49181171
49183669
49186168
49188669
49191169
49193670
49196169
49198670
49201168
49203669
49206168
49208717
49211218
49213717
49216215
49218717
49221219
49223716
49226215
49228715
49231218
49233716
49236215
49238716
49241216
49243716
49246221
49248717
49251218
49253716
49256217
49258720
49261221
49263717
49266218
49268764
49271266
49273763
49276262
49278763
49281269
49283764
49286266
49288761
49291262
49293763
49296261
49298762
49301264
49303764
49306262
49308762
49311267
49313763
49316263
49318763
49321262
49323763
49326264
49328809
49331311
49333808
49336308
49338811
49341309
49343808
49346308
49348811
49351312
49353810
49356309
49358809
49361309
49363814
49366311
49368811
49371308
49373810
49376307
49378810
49381309
49383808
49386311
49388865
49391366
49393867
49396366
49398869
49401366
49403866
49406366
49408866
49411367
49413867
49416372
49418869
49421365
49423865
49426366
49428869
49431371
49433867
49436366
49438870
49441366
49443866
49446371
49448910
49451411
49453913
49456411
49458911
49461416
49463911
49466411
49468914
49471415
49473912
49476410
49478912
49481410
49483910
49486414
49488914
49491411
49493911
49496412
49498913
49501414
49503913
49506415
49508960
49511459
49513958
49516462
49518959
49521465
49523961
49526458
49528962
49531461
49533958
49536460
49538960
49541459
49543957
49546463
49548965
49551461
49553961
49556460
49558961
49561459
49563960
49566459
49569005
49571506
49574007
49576509
49579006
49581508
49584006
49586508
49589008
49591506
49594005
49596509
49599009
49601507
49604005
49606507
49609005
49611504
49614005
49616508
49619006
49621510
49624008
49626505
49629084
49631589
49634083
49636584
49639084
49641586
49644083
49646585
49649084
49651583
49654084
49656586
49659085
49661585
49664084
49666583
49669083
49671585
49674084
49676587
49679084
49681587
49684085
49686585
49689128
49691627
49694130
49696627
49699130
49701627
49704128
49706632
49709130
49711631
49714131
49716629
49719130
49721629
49724126
49726628
49729127
49731631
49734129
49736627
49739130
49741631
49744131
49746629
49749173
49751675
49754176
49756674
49759174
49761673
49764173
49766675
49769172
49771673
49774173
49776674
49779174
49781672
49784173
49786673
49789174
49791678
49794173
49796672
49799176
49801675
49804174
49806677
49809218
49811723
49814222
49816722
49819221
49821718
49824220
49826721
49829219
49831718
49834217
49836719
49839220
49841719
49844217
49846721
49849223
49851720
49854217
49856722
49859224
49861723
49864222
49866717
49869264
49871763
49874265
49876765
49879262
49881765
49884264
49886768
49889263
49891761
49894266
49896765
49899263
49901764
49904266
49906768
49909262
49911763
49914263
49916763
49919269
49921765
49924263
49926763
49929310
49931809
49934308
49936809
49939307
49941807
49944307
49946808
49949306
49951809
49954310
49956809
49959311
49961810
49964311
49966810
49969308
49971807
49974308
49976808
49979308
49981807
49984310
49986808
49989351
49991853
49994349
49996854
49999350
50001850
50004351
50006851
50009353
50011852
50014351
50016850
50019352
50021852
50024353
50026852
50029350
50031849
50034349
50036853
50039353
50041854
50044348
50046852
50049395
50051899
50054397
50056899
50059398
50061898
50064397
50066896
50069400
50071900
50074399
50076897
50079397
50081897
50084398
50086898
50089402
50091897
50094397
50096897
50099399
50101900
50104402
50106900
50109443
50111940
50114443
50116942
50119443
50121940
50124440
50126943
50129442
50131942
50134444
50136940
50139439
50141941
50144443
50146943
50149440
50151944
50154439
50156941
50159440
50161944
50164440
50166939
50169491
50171990
50174487
50176990
50179490
50181989
50184489
50186990
50189488
50191989
50194487
50196989
50199491
50201988
50204488
50206991
50209488
50211991
50214489
50216990
50219490
50221988
50224491
50226990
50229531
50232031
50234534
50237032
50239533
50242031
50244533
50247033
50249534
50252034
50254535
50257032
50259532
50262035
50264532
50267039
50269534
50272037
50274532
50277031
50279536
50282033
50284534
50287032
50289576
50292076
50294575
50297074
50299575
50302076
50304575
50307079
50309579
50312076
50314575
50317078
50319576
50322078
50324575
50327078
50329579
50332075
50334575
50337079
50339578
50342075
50344580
50347077
50349617
50352120
50354623
50357123
50359616
50362119
50364622
50367120
50369620
50372121
50374617
50377120
50379618
50382119
50384618
50387118
50389620
50392119
50394621
50397116
50399618
50402117
50404616
50407117
50409662
50412163
50414665
50417163
50419664
50422162
50424663
50427166
50429664
50432167
50434663
50437161
50439661
50442162
50444662
50447162
50449661
50452165
50454663
50457164
50459665
50462165
50464662
50467164
50469707
50472210
50474708
50477209
50479708
50482209
50484709
50487211
50489709
50492209
50494707
50497207
50499710
50502208
50504711
50507207
50509707
50512210
50514710
50517210
50519707
50522208
50524709
50527212
50529753
50532254
50534758
50537253
50539756
50542254
50544754
50547252
50549759
50552251
50554752
50557252
50559757
50562253
50564755
50567253
50569755
50572254
50574756
50577252
50579754
50582251
50584753
50587253
50589795
50592296
50594797
50597298
50599797
50602298
50604799
50607300
50609800
50612293
50614797
50617296
50619796
50622295
50624794
50627296
50629798
50632294
50634793
50637298
50639801
50642295
50644796
50647296
50649848
50652339
50654850
50657342
50659846
50662338
50664840
50667336
50669840
50672338
50674836
50677337
50679835
50682337
50684836
50687336
50689840
50692338
50694836
50697340
50699842
50702341
50704837
50707339
50709887
50712385
50714882
50717380
50719889
50722381
50724885
50727383
50729884
50732381
50734883
50737383
50739882
50742382
50744882
50747385
50749884
50752382
50754881
50757387
50759882
50762382
50764883
50767382
50769932
50772431
50774931
50777431
50779929
50782430
50784928
50787430
50789929
50792431
50794932
50797428
50799929
50802432
50804928
50807434
50809928
50812433
50814930
50817430
50819931
50822434
50824928
50827431
50829973
50832474
50834977
50837480
50839973
50842474
50844974
50847479
50849973
50852475
50854973
50857473
50859978
50862474
50864973
50867476
50869974
50872479
50874978
50877473
50879974
50882479
50884975
50887477
50890020
50892519
50895018
50897519
50900019
50902520
50905023
50907519
50910022
50912519
50915020
50917520
50920018
50922524
50925017
50927520
50930018
50932519
50935022
50937519
50940020
50942519
50945022
50947519
50950065
50952566
50955065
50957564
50960065
50962565
50965063
50967564
50970065
50972563
50975063
50977563
50980064
50982564
50985063
50987566
50990063
50992568
50995064
50997566
51000063
51002565
51005064
51007565
51010109
51012610
51015109
51017608
51020107
51022612
51025109
51027608
51030110
51032609
51035106
51037611
51040107
51042607
51045111
51047608
51050108
51052607
51055110
51057608
51060107
51062607
51065108
51067608
51070154
51072649
51075148
51077652
51080150
51082650
51085150
51087651
51090152
51092649
51095148
51097651
51100148
51102652
51105153
51107654
51110150
51112649
51115149
51117650
51120152
51122651
51125149
51127652
51130194
51132690
51135193
51137692
51140192
51142694
51145193
51147690
51150193
51152693
51155193
51157694
51160193
51162690
51165196
51167697
51170192
51172691
51175191
51177693
51180194
51182692
51185192
51187695
51190240
51192740
51195238
51197741
51200239
51202741
51205239
51207740
51210239
51212737
51215239
51217738
51220241
51222740
51225238
51227742
51230238
51232740
51235239
51237738
51240240
51242739
51245240
51247738
51250286
51252779
51255279
51257780
51260282
51262782
51265279
51267781
51270280
51272780
51275281
51277780
51280282
51282782
51285283
51287782
51290281
51292784
51295285
51297783
51300280
51302784
51305280
51307782
51310326
51312827
51315326
51317828
51320328
51322828
51325329
51327828
51330333
51332825
51335328
51337824
51340327
51342826
51345325
51347829
51350326
51352826
51355329
51357828
51360327
51362825
51365328
51367829
51370374
51372869
51375371
51377870
51380368
51382869
51385368
51387870
51390370
51392868
51395369
51397868
51400369
51402872
51405369
51407871
51410370
51412870
51415369
51417869
51420372
51422870
51425367
51427868
51430416
51432915
51435419
51437917
51440415
51442912
51445414
51447915
51450412
51452912
51455416
51457916
51460414
51462916
51465416
51467915
51470415
51472913
51475417
51477915
51480413
51482915
51485413
51487914
51490464
51492961
51495461
51497961
51500465
51502960
51505464
51507960
51510461
51512961
51515461
51517964
51520465
51522963
51525464
51527961
51530462
51532960
51535460
51537964
51540459
51542960
51545461
51547965
51550506
51553006
51555503
51558009
51560508
51563008
51565505
51568004
51570505
51573006
51575505
51578006
51580513
51583009
51585507
51588007
51590508
51593004
51595504
51598006
51600504
51603005
51605508
51608008
51610550
51613054
51615549
51618052
51620550
51623051
51625551
51628050
51630553
51633051
51635548
51638050
51640549
51643054
51645548
51648052
51650549
51653048
51655548
51658051
51660554
51663051
51665550
51668049
51670596
51673094
51675597
51678095
51680597
51683097
51685595
51688100
51690594
51693095
51695595
51698095
51700597
51703096
51705597
51708096
51710597
51713100
51715594
51718096
51720598
51723098
51725594
51728096
51730639
51733141
51735638
51738136
51740639
51743139
51745639
51748136
51750638
51753139
51755638
51758137
51760641
51763136
51765636
51768137
51770643
51773138
51775636
51778141
51780638
51783137
51785637
51788136
51790682
51793181
51795686
51798184
51800686
51803183
51805684
51808190
51810682
51813185
51815686
51818186
51820683
51823186
51825682
51828185
51830682
51833182
51835685
51838185
51840682
51843185
51845682
51848182
51850725
51853225
51855724
51858226
51860728
51863227
51865722
51868224
51870726
51873226
51875726
51878226
51880725
51883225
51885724
51888223
51890724
51893224
51895724
51898225
51900727
51903224
51905724
51908224
51910771
51913274
51915775
51918270
51920770
51923273
51925771
51928270
51930770
51933269
51935771
51938272
51940771
51943271
51945775
51948270
51950771
51953272
51955770
51958269
51960769
51963272
51965773
51968271
51970819
51973315
51975815
51978317
51980817
51983317
51985814
51988315
51990818
51993314
51995814
51998314
52000818
52003315
52005816
52008315
52010818
52013315
52015816
52018314
52020815
52023320
52025817
52028315
52030863
52033363
52035868
52038366
52040863
52043363
52045868
52048362
52050864
52053365
52055862
52058365
52060867
52063366
52065866
52068365
52070864
52073365
52075862
52078363
52080863
52083366
52085867
52088362
52090913
52093412
52095912
52098414
52100911
52103413
52105914
52108411
52110916
52113414
52115913
52118412
52120912
52123411
52125914
52128412
52130914
52133411
52135913
52138414
52140913
52143412
52145911
52148410
52150959
52153456
52155957
52158456
52160958
52163456
52165956
52168457
52170954
52173458
52175956
52178454
52180958
52183460
52185959
52188458
52190957
52193458
52195961
52198455
52200960
52203456
52205956
52208456
52211003
52213500
52216003
52218502
52221004
52223501
52226002
52228501
52231002
52233503
52236000
52238506
52241000
52243502
52246002
52248503
52251001
52253505
52256001
52258505
52261004
52263500
52266001
52268505
52271081
52273581
52276082
52278580
52281080
52283581
52286078
52288580
52291080
52293582
52296080
52298582
52301083
52303585
52306081
52308579
52311082
52313580
52316079
52318578
52321080
52323578
52326078
52328581
52331123
52333623
52336123
52338625
52341125
52343625
52346126
52348626
52351125
52353623
52356124
52358629
52361126
52363625
52366123
52368621
52371123
52373625
52376128
52378629
52381125
52383625
52386123
52388623
52391171
52393673
52396170
52398669
52401169
52403669
52406172
52408668
52411172
52413669
52416173
52418670
52421174
52423671
52426172
52428669
52431174
52433670
52436170
52438672
52441172
52443674
52446173
52448670
52451213
52453711
52456215
52458713
52461213
52463715
52466215
52468712
52471212
52473716
52476211
52478712
52481213
52483711
52486215
52488712
52491215
52493715
52496214
52498713
52501211
52503711
52506214
52508713
52511262
52513759
52516262
52518758
52521259
52523759
52526259
52528758
52531259
52533762
52536264
52538758
52541261
52543760
52546261
52548761
52551260
52553763
52556261
52558762
52561259
52563765
52566260
52568760
52571301
52573804
52576303
52578804
52581303
52583803
52586302
52588804
52591300
52593803
52596307
52598807
52601301
52603802
52606303
52608801
52611305
52613802
52616305
52618806
52621301
52623801
52626304
52628805
52631354
52633849
52636351
52638849
52641349
52643852
52646353
52648852
52651352
52653850
52656350
52658850
52661351
52663851
52666351
52668854
52671351
52673852
52676349
52678852
52681352
52683850
52686352
52688852
52691400
52693900
52696400
52698901
52701405
52703904
52706401
52708901
52711400
52713902
52716400
52718899
52721398
52723904
52726400
52728903
52731401
52733900
52736400
52738905
52741403
52743903
52746400
52748899
52751449
52753947
52756449
52758949
52761449
52763947
52766452
52768947
52771448
52773945
52776448
52778948
52781449
52783948
52786447
52788947
52791451
52793951
52796446
52798946
52801449
52803949
52806451
52808946
52811494
52813995
52816494
52818994
52821495
52823996
52826498
52828996
52831495
52833994
52836495
52838999
52841494
52843994
52846493
52848993
52851495
52853995
52856497
52858995
52861494
52863994
52866496
52868995
52871540
52874041
52876539
52879039
52881538
52884037
52886537
52889035
52891542
52894038
52896536
52899039
52901537
52904038
52906539
52909037
52911538
52914037
52916536
52919037
52921539
52924037
52926538
52929037
52931584
52934081
52936581
52939082
52941582
52944081
52946582
52949081
52951582
52954082
52956582
52959081
52961581
52964083
52966586
52969081
52971586
52974082
52976583
52979081
52981584
52984082
52986582
52989083
52991634
52994132
52996629
52999131
53001630
53004129
53006631
53009128
53011629
53014130
53016629
53019129
53021632
53024128
53026629
53029130
53031628
53034131
53036630
53039129
53041633
53044130
53046630
53049128
53051679
53054178
53056674
53059176
53061675
53064174
53066674
53069179
53071673
53074176
53076676
53079177
53081675
53084174
53086676
53089178
53091673
53094176
53096674
53099174
53101675
53104174
53106678
53109180
53111724
53114220
53116721
53119221
53121721
53124222
53126722
53129219
53131719
53134220
53136722
53139221
53141722
53144222
53146721
53149222
53151723
53154221
53156722
53159220
53161721
53164221
53166723
53169221
53171774
53174273
53176771
53179270
53181769
53184270
53186769
53189269
53191770
53194270
53196770
