(2022, 32, 621353067)
(2022, 32, 621355568)
(2022, 32, 621358069)
(2022, 32, 621360568)
(2022, 32, 621363072)
(2022, 32, 621365566)
(2022, 32, 621368072)
(2022, 32, 621370567)
(2022, 32, 621373068)
(2022, 32, 621375615)
(2022, 32, 621378112)
(2022, 32, 621380618)
(2022, 32, 621383114)
(2022, 32, 621385613)
(2022, 32, 621388113)
(2022, 32, 621390615)
(2022, 32, 621393114)
(2022, 32, 621395613)
(2022, 32, 621398113)
(2022, 32, 621400612)
(2022, 32, 621403115)
(2022, 32, 621405616)
(2022, 32, 621408112)
(2022, 32, 621410614)
(2022, 32, 621413114)
(2022, 32, 621415614)
(2022, 32, 621418117)
(2022, 32, 621420612)
(2022, 32, 621423114)
(2022, 32, 621425614)
(2022, 32, 621428113)
(2022, 32, 621430612)
(2022, 32, 621433113)
(2022, 32, 621435661)
(2022, 32, 621438157)
(2022, 32, 621440658)
(2022, 32, 621443159)
(2022, 32, 621445658)
(2022, 32, 621448157)
(2022, 32, 621450661)
(2022, 32, 621453158)
(2022, 32, 621455658)
(2022, 32, 621458160)
(2022, 32, 621460660)
(2022, 32, 621463161)
(2022, 32, 621465658)
(2022, 32, 621468160)
(2022, 32, 621470658)
(2022, 32, 621473161)
(2022, 32, 621475657)
(2022, 32, 621478158)
(2022, 32, 621480659)
(2022, 32, 621483159)
(2022, 32, 621485658)
(2022, 32, 621488164)
(2022, 32, 621490659)
(2022, 32, 621493156)
(2022, 32, 621495703)
(2022, 32, 621498202)
(2022, 32, 621500703)
(2022, 32, 621503204)
(2022, 32, 621505704)
(2022, 32, 621508203)
(2022, 32, 621510703)
(2022, 32, 621513204)
(2022, 32, 621515705)
(2022, 32, 621518205)
(2022, 32, 621520702)
(2022, 32, 621523204)
(2022, 32, 621525704)
(2022, 32, 621528205)
(2022, 32, 621530703)
(2022, 32, 621533205)
(2022, 32, 621535708)
(2022, 32, 621538207)
(2022, 32, 621540705)
(2022, 32, 621543204)
(2022, 32, 621545705)
(2022, 32, 621548204)
(2022, 32, 621550708)
(2022, 32, 621553203)
(2022, 32, 621555747)
(2022, 32, 621558245)
(2022, 32, 621560747)
(2022, 32, 621563245)
(2022, 32, 621565744)
(2022, 32, 621568247)
(2022, 32, 621570744)
(2022, 32, 621573246)
(2022, 32, 621575746)
(2022, 32, 621578245)
(2022, 32, 621580743)
(2022, 32, 621583244)
(2022, 32, 621585748)
(2022, 32, 621588247)
(2022, 32, 621590745)
(2022, 32, 621593246)
(2022, 32, 621595745)
(2022, 32, 621598246)
(2022, 32, 621600744)
(2022, 32, 621603245)
(2022, 32, 621605744)
(2022, 32, 621608246)
(2022, 32, 621610744)
(2022, 32, 621613245)
(2022, 32, 621615793)
(2022, 32, 621618292)
(2022, 32, 621620791)
(2022, 32, 621623292)
(2022, 32, 621625792)
(2022, 32, 621628288)
(2022, 32, 621630788)
(2022, 32, 621633290)
(2022, 32, 621635788)
(2022, 32, 621638289)
(2022, 32, 621640792)
(2022, 32, 621643292)
(2022, 32, 621645791)
(2022, 32, 621648291)
(2022, 32, 621650791)
(2022, 32, 621653290)
(2022, 32, 621655789)
(2022, 32, 621658291)
(2022, 32, 621660788)
(2022, 32, 621663295)
(2022, 32, 621665793)
(2022, 32, 621668291)
(2022, 32, 621670791)
(2022, 32, 621673292)
(2022, 32, 621675838)
(2022, 32, 621678340)
(2022, 32, 621680844)
(2022, 32, 621683338)
(2022, 32, 621685837)
(2022, 32, 621688338)
(2022, 32, 621690838)
(2022, 32, 621693339)
(2022, 32, 621695840)
(2022, 32, 621698336)
(2022, 32, 621700841)
(2022, 32, 621703337)
(2022, 32, 621705838)
(2022, 32, 621708340)
(2022, 32, 621710839)
(2022, 32, 621713339)
(2022, 32, 621715841)
(2022, 32, 621718339)
(2022, 32, 621720842)
(2022, 32, 621723339)
(2022, 32, 621725836)
(2022, 32, 621728337)
(2022, 32, 621730838)
(2022, 32, 621733337)
(2022, 32, 621735882)
(2022, 32, 621738381)
(2022, 32, 621740880)
(2022, 32, 621743381)
(2022, 32, 621745881)
(2022, 32, 621748381)
(2022, 32, 621750882)
(2022, 32, 621753380)
(2022, 32, 621755884)
(2022, 32, 621758384)
(2022, 32, 621760886)
(2022, 32, 621763380)
(2022, 32, 621765881)
(2022, 32, 621768383)
(2022, 32, 621770880)
(2022, 32, 621773381)
(2022, 32, 621775884)
(2022, 32, 621778381)
(2022, 32, 621780887)
(2022, 32, 621783384)
(2022, 32, 621785885)
(2022, 32, 621788384)
(2022, 32, 621790881)
(2022, 32, 621793380)
(2022, 32, 621795926)
(2022, 32, 621798426)
(2022, 32, 621800927)
(2022, 32, 621803425)
(2022, 32, 621805926)
(2022, 32, 621808426)
(2022, 32, 621810925)
(2022, 32, 621813428)
(2022, 32, 621815924)
(2022, 32, 621818430)
(2022, 32, 621820927)
(2022, 32, 621823428)
(2022, 32, 621825928)
(2022, 32, 621828428)
(2022, 32, 621830927)
(2022, 32, 621833426)
(2022, 32, 621835926)
(2022, 32, 621838425)
(2022, 32, 621840925)
(2022, 32, 621843425)
(2022, 32, 621845927)
(2022, 32, 621848426)
(2022, 32, 621850926)
(2022, 32, 621853426)
(2022, 32, 621855972)
(2022, 32, 621858471)
(2022, 32, 621860973)
(2022, 32, 621863475)
(2022, 32, 621865972)
(2022, 32, 621868471)
(2022, 32, 621870970)
(2022, 32, 621873472)
(2022, 32, 621875969)
(2022, 32, 621878471)
(2022, 32, 621880971)
(2022, 32, 621883473)
(2022, 32, 621885974)
(2022, 32, 621888475)
(2022, 32, 621890969)
(2022, 32, 621893472)
(2022, 32, 621895972)
(2022, 32, 621898471)
(2022, 32, 621900969)
(2022, 32, 621903476)
(2022, 32, 621905971)
(2022, 32, 621908473)
(2022, 32, 621910975)
(2022, 32, 621913476)
(2022, 32, 621916020)
(2022, 32, 621918515)
(2022, 32, 621921020)
(2022, 32, 621923515)
(2022, 32, 621926016)
(2022, 32, 621928522)
(2022, 32, 621931018)
(2022, 32, 621933516)
(2022, 32, 621936016)
(2022, 32, 621938516)
(2022, 32, 621941019)
(2022, 32, 621943518)
(2022, 32, 621946017)
(2022, 32, 621948516)
(2022, 32, 621951020)
(2022, 32, 621953519)
(2022, 32, 621956018)
(2022, 32, 621958515)
(2022, 32, 621961021)
(2022, 32, 621963520)
(2022, 32, 621966014)
(2022, 32, 621968515)
(2022, 32, 621971019)
(2022, 32, 621973520)
(2022, 32, 621976059)
(2022, 32, 621978559)
(2022, 32, 621981058)
(2022, 32, 621983561)
(2022, 32, 621986061)
(2022, 32, 621988560)
(2022, 32, 621991059)
(2022, 32, 621993557)
(2022, 32, 621996060)
(2022, 32, 621998560)
(2022, 32, 622001059)
(2022, 32, 622003557)
(2022, 32, 622006059)
(2022, 32, 622008558)
(2022, 32, 622011059)
(2022, 32, 622013559)
(2022, 32, 622016058)
(2022, 32, 622018557)
(2022, 32, 622021060)
(2022, 32, 622023559)
(2022, 32, 622026056)
(2022, 32, 622028559)
(2022, 32, 622031063)
(2022, 32, 622033560)
(2022, 32, 622036104)
(2022, 32, 622038607)
(2022, 32, 622041108)
(2022, 32, 622043603)
(2022, 32, 622046104)
(2022, 32, 622048604)
(2022, 32, 622051103)
(2022, 32, 622053604)
(2022, 32, 622056105)
(2022, 32, 622058615)
(2022, 32, 622061106)
(2022, 32, 622063608)
(2022, 32, 622066108)
(2022, 32, 622068610)
(2022, 32, 622071104)
(2022, 32, 622073605)
(2022, 32, 622076104)
(2022, 32, 622078608)
(2022, 32, 622081104)
(2022, 32, 622083607)
(2022, 32, 622086105)
(2022, 32, 622088603)
(2022, 32, 622091103)
(2022, 32, 622093606)
(2022, 32, 622096149)
(2022, 32, 622098651)
(2022, 32, 622101149)
(2022, 32, 622103651)
(2022, 32, 622106149)
(2022, 32, 622108649)
(2022, 32, 622111151)
(2022, 32, 622113653)
(2022, 32, 622116151)
(2022, 32, 622118649)
(2022, 32, 622121150)
(2022, 32, 622123650)
(2022, 32, 622126155)
(2022, 32, 622128654)
(2022, 32, 622131150)
(2022, 32, 622133653)
(2022, 32, 622136150)
(2022, 32, 622138654)
(2022, 32, 622141153)
(2022, 32, 622143652)
(2022, 32, 622146152)
(2022, 32, 622148650)
(2022, 32, 622151150)
(2022, 32, 622153650)
(2022, 32, 622156198)
(2022, 32, 622158702)
(2022, 32, 622161198)
(2022, 32, 622163700)
(2022, 32, 622166198)
(2022, 32, 622168698)
(2022, 32, 622171199)
(2022, 32, 622173697)
(2022, 32, 622176197)
(2022, 32, 622178697)
(2022, 32, 622181198)
(2022, 32, 622183700)
(2022, 32, 622186197)
(2022, 32, 622188699)
(2022, 32, 622191198)
(2022, 32, 622193700)
(2022, 32, 622196196)
(2022, 32, 622198699)
(2022, 32, 622201197)
(2022, 32, 622203702)
(2022, 32, 622206202)
(2022, 32, 622208699)
(2022, 32, 622211200)
(2022, 32, 622213698)
(2022, 32, 622216245)
(2022, 32, 622218745)
(2022, 32, 622221243)
(2022, 32, 622223743)
(2022, 32, 622226240)
(2022, 32, 622228745)
(2022, 32, 622231241)
(2022, 32, 622233741)
(2022, 32, 622236242)
(2022, 32, 622238741)
(2022, 32, 622241242)
(2022, 32, 622243741)
(2022, 32, 622246243)
(2022, 32, 622248741)
(2022, 32, 622251240)
(2022, 32, 622253740)
(2022, 32, 622256241)
(2022, 32, 622258745)
(2022, 32, 622261241)
(2022, 32, 622263744)
(2022, 32, 622266241)
(2022, 32, 622268743)
(2022, 32, 622271240)
(2022, 32, 622273740)
(2022, 32, 622276287)
(2022, 32, 622278786)
(2022, 32, 622281292)
(2022, 32, 622283788)
(2022, 32, 622286287)
(2022, 32, 622288786)
(2022, 32, 622291287)
(2022, 32, 622293786)
(2022, 32, 622296288)
(2022, 32, 622298784)
(2022, 32, 622301286)
(2022, 32, 622303790)
(2022, 32, 622306283)
(2022, 32, 622308790)
(2022, 32, 622311288)
(2022, 32, 622313785)
(2022, 32, 622316286)
(2022, 32, 622318785)
(2022, 32, 622321285)
(2022, 32, 622323784)
(2022, 32, 622326285)
(2022, 32, 622328783)
(2022, 32, 622331288)
(2022, 32, 622333786)
(2022, 32, 622336333)
(2022, 32, 622338833)
(2022, 32, 622341333)
(2022, 32, 622343832)
(2022, 32, 622346332)
(2022, 32, 622348832)
(2022, 32, 622351334)
(2022, 32, 622353831)
(2022, 32, 622356332)
(2022, 32, 622358830)
(2022, 32, 622361334)
(2022, 32, 622363834)
(2022, 32, 622366330)
(2022, 32, 622368831)
(2022, 32, 622371330)
(2022, 32, 622373832)
(2022, 32, 622376335)
(2022, 32, 622378830)
(2022, 32, 622381330)
(2022, 32, 622383833)
(2022, 32, 622386332)
(2022, 32, 622388830)
(2022, 32, 622391333)
(2022, 32, 622393829)
(2022, 32, 622396378)
(2022, 32, 622398877)
(2022, 32, 622401381)
(2022, 32, 622403878)
(2022, 32, 622406381)
(2022, 32, 622408878)
(2022, 32, 622411377)
(2022, 32, 622413880)
(2022, 32, 622416378)
(2022, 32, 622418877)
(2022, 32, 622421382)
(2022, 32, 622423879)
(2022, 32, 622426381)
(2022, 32, 622428878)
(2022, 32, 622431377)
(2022, 32, 622433880)
(2022, 32, 622436379)
(2022, 32, 622438878)
(2022, 32, 622441380)
(2022, 32, 622443877)
(2022, 32, 622446377)
(2022, 32, 622448883)
(2022, 32, 622451380)
(2022, 32, 622453879)
(2022, 32, 622456424)
(2022, 32, 622458924)
(2022, 32, 622461422)
(2022, 32, 622463925)
(2022, 32, 622466423)
(2022, 32, 622468925)
(2022, 32, 622471423)
(2022, 32, 622473921)
(2022, 32, 622476421)
(2022, 32, 622478925)
(2022, 32, 622481423)
(2022, 32, 622483923)
(2022, 32, 622486421)
(2022, 32, 622488920)
(2022, 32, 622491421)
(2022, 32, 622493923)
(2022, 32, 622496420)
(2022, 32, 622498920)
(2022, 32, 622501420)
(2022, 32, 622503924)
(2022, 32, 622506420)
(2022, 32, 622508921)
(2022, 32, 622511422)
(2022, 32, 622513927)
(2022, 32, 622516467)
(2022, 32, 622518966)
(2022, 32, 622521463)
(2022, 32, 622523967)
(2022, 32, 622526464)
(2022, 32, 622528965)
(2022, 32, 622531468)
(2022, 32, 622533968)
(2022, 32, 622536464)
(2022, 32, 622538967)
(2022, 32, 622541463)
(2022, 32, 622543967)
(2022, 32, 622546466)
(2022, 32, 622548963)
(2022, 32, 622551467)
(2022, 32, 622553967)
(2022, 32, 622556471)
(2022, 32, 622558967)
(2022, 32, 622561464)
(2022, 32, 622563963)
(2022, 32, 622566466)
(2022, 32, 622568966)
(2022, 32, 622571465)
(2022, 32, 622573965)
(2022, 32, 622576507)
(2022, 32, 622579007)
(2022, 32, 622581508)
(2022, 32, 622584008)
(2022, 32, 622586513)
(2022, 32, 622589009)
(2022, 32, 622591509)
(2022, 32, 622594010)
(2022, 32, 622596508)
(2022, 32, 622599008)
(2022, 32, 622601507)
(2022, 32, 622604008)
(2022, 32, 622606508)
(2022, 32, 622609007)
(2022, 32, 622611510)
(2022, 32, 622614007)
(2022, 32, 622616509)
(2022, 32, 622619007)
(2022, 32, 622621507)
(2022, 32, 622624009)
(2022, 32, 622626506)
(2022, 32, 622629010)
(2022, 32, 622631507)
(2022, 32, 622634007)
(2022, 32, 622636553)
(2022, 32, 622639051)
(2022, 32, 622641551)
(2022, 32, 622644051)
(2022, 32, 622646550)
(2022, 32, 622649051)
(2022, 32, 622651551)
(2022, 32, 622654051)
(2022, 32, 622656549)
(2022, 32, 622659052)
(2022, 32, 622661552)
(2022, 32, 622664052)
(2022, 32, 622666553)
(2022, 32, 622669053)
(2022, 32, 622671550)
(2022, 32, 622674053)
(2022, 32, 622676549)
(2022, 32, 622679051)
(2022, 32, 622681550)
(2022, 32, 622684051)
(2022, 32, 622686552)
(2022, 32, 622689053)
(2022, 32, 622691551)
(2022, 32, 622694054)
(2022, 32, 622696600)
(2022, 32, 622699096)
(2022, 32, 622701600)
(2022, 32, 622704101)
(2022, 32, 622706598)
(2022, 32, 622709094)
(2022, 32, 622711597)
(2022, 32, 622714100)
(2022, 32, 622716596)
(2022, 32, 622719096)
(2022, 32, 622721598)
(2022, 32, 622724100)
(2022, 32, 622726597)
(2022, 32, 622729098)
(2022, 32, 622731597)
(2022, 32, 622734096)
(2022, 32, 622736598)
(2022, 32, 622739096)
(2022, 32, 622741599)
(2022, 32, 622744097)
(2022, 32, 622746599)
(2022, 32, 622749098)
(2022, 32, 622751597)
(2022, 32, 622754095)
(2022, 32, 622756644)
(2022, 32, 622759146)
(2022, 32, 622761646)
(2022, 32, 622764141)
(2022, 32, 622766643)
(2022, 32, 622769142)
(2022, 32, 622771643)
(2022, 32, 622774142)
(2022, 32, 622776645)
(2022, 32, 622779146)
(2022, 32, 622781644)
(2022, 32, 622784144)
(2022, 32, 622786643)
(2022, 32, 622789143)
(2022, 32, 622791645)
(2022, 32, 622794145)
(2022, 32, 622796647)
(2022, 32, 622799144)
(2022, 32, 622801646)
(2022, 32, 622804145)
(2022, 32, 622806645)
(2022, 32, 622809145)
(2022, 32, 622811641)
(2022, 32, 622814143)
(2022, 32, 622816687)
(2022, 32, 622819189)
(2022, 32, 622821686)
(2022, 32, 622824186)
(2022, 32, 622826685)
(2022, 32, 622829187)
(2022, 32, 622831685)
(2022, 32, 622834185)
(2022, 32, 622836686)
(2022, 32, 622839187)
(2022, 32, 622841687)
(2022, 32, 622844186)
(2022, 32, 622846686)
(2022, 32, 622849186)
(2022, 32, 622851685)
(2022, 32, 622854186)
(2022, 32, 622856687)
(2022, 32, 622859187)
(2022, 32, 622861685)
(2022, 32, 622864187)
(2022, 32, 622866685)
(2022, 32, 622869186)
(2022, 32, 622871688)
(2022, 32, 622874185)
(2022, 32, 622876731)
(2022, 32, 622879230)
(2022, 32, 622881731)
(2022, 32, 622884231)
(2022, 32, 622886730)
(2022, 32, 622889230)
(2022, 32, 622891732)
(2022, 32, 622894230)
(2022, 32, 622896730)
(2022, 32, 622899230)
(2022, 32, 622901731)
(2022, 32, 622904233)
(2022, 32, 622906729)
(2022, 32, 622909233)
(2022, 32, 622911730)
(2022, 32, 622914229)
(2022, 32, 622916729)
(2022, 32, 622919230)
(2022, 32, 622921730)
(2022, 32, 622924229)
(2022, 32, 622926731)
(2022, 32, 622929233)
(2022, 32, 622931731)
(2022, 32, 622934232)
(2022, 32, 622936776)
(2022, 32, 622939278)
(2022, 32, 622941776)
(2022, 32, 622944278)
(2022, 32, 622946777)
(2022, 32, 622949275)
(2022, 32, 622951775)
(2022, 32, 622954277)
(2022, 32, 622956775)
(2022, 32, 622959281)
(2022, 32, 622961775)
(2022, 32, 622964278)
(2022, 32, 622966778)
(2022, 32, 622969275)
(2022, 32, 622971778)
(2022, 32, 622974276)
(2022, 32, 622976777)
(2022, 32, 622979277)
(2022, 32, 622981774)
(2022, 32, 622984275)
(2022, 32, 622986780)
(2022, 32, 622989274)
(2022, 32, 622991777)
(2022, 32, 622994275)
(2022, 32, 622996819)
(2022, 32, 622999319)
(2022, 32, 623001821)
(2022, 32, 623004325)
(2022, 32, 623006819)
(2022, 32, 623009321)
(2022, 32, 623011821)
(2022, 32, 623014323)
(2022, 32, 623016822)
(2022, 32, 623019319)
(2022, 32, 623021821)
(2022, 32, 623024318)
(2022, 32, 623026821)
(2022, 32, 623029320)
(2022, 32, 623031818)
(2022, 32, 623034318)
(2022, 32, 623036819)
(2022, 32, 623039318)
(2022, 32, 623041817)
(2022, 32, 623044317)
(2022, 32, 623046818)
(2022, 32, 623049319)
(2022, 32, 623051819)
(2022, 32, 623054319)
(2022, 32, 623056859)
(2022, 32, 623059359)
(2022, 32, 623061861)
(2022, 32, 623064362)
(2022, 32, 623066860)
(2022, 32, 623069360)
(2022, 32, 623071859)
(2022, 32, 623074363)
(2022, 32, 623076863)
(2022, 32, 623079362)
(2022, 32, 623081859)
(2022, 32, 623084359)
(2022, 32, 623086859)
(2022, 32, 623089359)
(2022, 32, 623091859)
(2022, 32, 623094361)
(2022, 32, 623096860)
(2022, 32, 623099359)
(2022, 32, 623101859)
(2022, 32, 623104359)
(2022, 32, 623106859)
(2022, 32, 623109359)
(2022, 32, 623111859)
(2022, 32, 623114359)
(2022, 32, 623116931)
(2022, 32, 623119435)
(2022, 32, 623121934)
(2022, 32, 623124430)
(2022, 32, 623126932)
(2022, 32, 623129431)
(2022, 32, 623131931)
(2022, 32, 623134431)
(2022, 32, 623136930)
(2022, 32, 623139430)
(2022, 32, 623141930)
(2022, 32, 623144432)
(2022, 32, 623146934)
(2022, 32, 623149434)
(2022, 32, 623151931)
(2022, 32, 623154430)
(2022, 32, 623156931)
(2022, 32, 623159432)
(2022, 32, 623161932)
(2022, 32, 623164431)
(2022, 32, 623166931)
(2022, 32, 623169430)
(2022, 32, 623171932)
(2022, 32, 623174430)
(2022, 32, 623176984)
(2022, 32, 623179479)
(2022, 32, 623181979)
(2022, 32, 623184479)
(2022, 32, 623186977)
(2022, 32, 623189476)
(2022, 32, 623191979)
(2022, 32, 623194477)
(2022, 32, 623196980)
(2022, 32, 623199481)
(2022, 32, 623201980)
(2022, 32, 623204477)
(2022, 32, 623206978)
(2022, 32, 623209478)
(2022, 32, 623211979)
(2022, 32, 623214477)
(2022, 32, 623216978)
(2022, 32, 623219481)
(2022, 32, 623221980)
(2022, 32, 623224477)
(2022, 32, 623226978)
(2022, 32, 623229479)
(2022, 32, 623231984)
(2022, 32, 623234482)
(2022, 32, 623237023)
(2022, 32, 623239524)
(2022, 32, 623242026)
(2022, 32, 623244526)
(2022, 32, 623247023)
(2022, 32, 623249525)
(2022, 32, 623252025)
(2022, 32, 623254525)
(2022, 32, 623257024)
(2022, 32, 623259526)
(2022, 32, 623262025)
(2022, 32, 623264524)
(2022, 32, 623267023)
(2022, 32, 623269527)
(2022, 32, 623272024)
(2022, 32, 623274522)
(2022, 32, 623277024)
(2022, 32, 623279523)
(2022, 32, 623282024)
(2022, 32, 623284522)
(2022, 32, 623287029)
(2022, 32, 623289523)
(2022, 32, 623292021)
(2022, 32, 623294523)
(2022, 32, 623297073)
(2022, 32, 623299574)
(2022, 32, 623302070)
(2022, 32, 623304571)
(2022, 32, 623307070)
(2022, 32, 623309570)
(2022, 32, 623312075)
(2022, 32, 623314570)
(2022, 32, 623317070)
(2022, 32, 623319572)
(2022, 32, 623322074)
(2022, 32, 623324573)
(2022, 32, 623327071)
(2022, 32, 623329570)
(2022, 32, 623332081)
(2022, 32, 623334575)
(2022, 32, 623337079)
(2022, 32, 623339572)
(2022, 32, 623342073)
(2022, 32, 623344573)
(2022, 32, 623347080)
(2022, 32, 623349571)
(2022, 32, 623352077)
(2022, 32, 623354571)
(2022, 32, 623357112)
(2022, 32, 623359616)
(2022, 32, 623362114)
(2022, 32, 623364613)
(2022, 32, 623367112)
(2022, 32, 623369612)
(2022, 32, 623372112)
(2022, 32, 623374615)
(2022, 32, 623377117)
(2022, 32, 623379613)
(2022, 32, 623382113)
(2022, 32, 623384612)
(2022, 32, 623387112)
(2022, 32, 623389615)
(2022, 32, 623392113)
(2022, 32, 623394615)
(2022, 32, 623397113)
(2022, 32, 623399616)
(2022, 32, 623402113)
(2022, 32, 623404614)
(2022, 32, 623407116)
(2022, 32, 623409619)
(2022, 32, 623412116)
(2022, 32, 623414619)
(2022, 32, 623417155)
(2022, 32, 623419659)
(2022, 32, 623422156)
(2022, 32, 623424657)
(2022, 32, 623427156)
(2022, 32, 623429657)
(2022, 32, 623432158)
(2022, 32, 623434655)
(2022, 32, 623437157)
(2022, 32, 623439654)
(2022, 32, 623442154)
(2022, 32, 623444655)
(2022, 32, 623447162)
(2022, 32, 623449656)
(2022, 32, 623452157)
(2022, 32, 623454657)
(2022, 32, 623457157)
(2022, 32, 623459656)
(2022, 32, 623462160)
(2022, 32, 623464658)
(2022, 32, 623467155)
(2022, 32, 623469658)
(2022, 32, 623472158)
(2022, 32, 623474656)
(2022, 32, 623477201)
(2022, 32, 623479701)
(2022, 32, 623482199)
(2022, 32, 623484703)
(2022, 32, 623487200)
(2022, 32, 623489700)
(2022, 32, 623492201)
(2022, 32, 623494701)
(2022, 32, 623497203)
(2022, 32, 623499702)
(2022, 32, 623502201)
(2022, 32, 623504700)
(2022, 32, 623507199)
(2022, 32, 623509699)
(2022, 32, 623512204)
(2022, 32, 623514698)
(2022, 32, 623517199)
(2022, 32, 623519699)
(2022, 32, 623522202)
(2022, 32, 623524700)
(2022, 32, 623527201)
(2022, 32, 623529698)
(2022, 32, 623532202)
(2022, 32, 623534702)
(2022, 32, 623537245)
(2022, 32, 623539745)
(2022, 32, 623542246)
(2022, 32, 623544746)
(2022, 32, 623547245)
(2022, 32, 623549748)
(2022, 32, 623552245)
(2022, 32, 623554746)
(2022, 32, 623557247)
(2022, 32, 623559746)
(2022, 32, 623562247)
(2022, 32, 623564748)
(2022, 32, 623567247)
(2022, 32, 623569747)
(2022, 32, 623572245)
(2022, 32, 623574744)
(2022, 32, 623577247)
(2022, 32, 623579746)
(2022, 32, 623582246)
(2022, 32, 623584749)
(2022, 32, 623587248)
(2022, 32, 623589748)
(2022, 32, 623592246)
(2022, 32, 623594746)
(2022, 32, 623597295)
(2022, 32, 623599794)
(2022, 32, 623602297)
(2022, 32, 623604791)
(2022, 32, 623607293)
(2022, 32, 623609796)
(2022, 32, 623612293)
(2022, 32, 623614794)
(2022, 32, 623617298)
(2022, 32, 623619793)
(2022, 32, 623622293)
(2022, 32, 623624793)
(2022, 32, 623627294)
(2022, 32, 623629792)
(2022, 32, 623632293)
(2022, 32, 623634792)
(2022, 32, 623637291)
(2022, 32, 623639796)
(2022, 32, 623642294)
(2022, 32, 623644794)
(2022, 32, 623647293)
(2022, 32, 623649791)
(2022, 32, 623652293)
(2022, 32, 623654797)
(2022, 32, 623657337)
(2022, 32, 623659838)
(2022, 32, 623662339)
(2022, 32, 623664836)
(2022, 32, 623667340)
(2022, 32, 623669836)
(2022, 32, 623672338)
(2022, 32, 623674838)
(2022, 32, 623677336)
(2022, 32, 623679837)
(2022, 32, 623682339)
(2022, 32, 623684839)
(2022, 32, 623687336)
(2022, 32, 623689839)
(2022, 32, 623692340)
(2022, 32, 623694837)
(2022, 32, 623697337)
(2022, 32, 623699840)
(2022, 32, 623702343)
(2022, 32, 623704838)
(2022, 32, 623707336)
(2022, 32, 623709835)
(2022, 32, 623712335)
(2022, 32, 623714837)
(2022, 32, 623717380)
(2022, 32, 623719879)
(2022, 32, 623722379)
(2022, 32, 623724879)
(2022, 32, 623727383)
(2022, 32, 623729879)
(2022, 32, 623732380)
(2022, 32, 623734881)
(2022, 32, 623737381)
(2022, 32, 623739878)
(2022, 32, 623742383)
(2022, 32, 623744884)
(2022, 32, 623747379)
(2022, 32, 623749879)
(2022, 32, 623752378)
(2022, 32, 623754884)
(2022, 32, 623757379)
(2022, 32, 623759879)
(2022, 32, 623762378)
(2022, 32, 623764880)
(2022, 32, 623767380)
(2022, 32, 623769878)
(2022, 32, 623772379)
(2022, 32, 623774878)
(2022, 32, 623777424)
(2022, 32, 623779928)
(2022, 32, 623782426)
(2022, 32, 623784925)
(2022, 32, 623787430)
(2022, 32, 623789928)
(2022, 32, 623792430)
(2022, 32, 623794925)
(2022, 32, 623797426)
(2022, 32, 623799926)
(2022, 32, 623802427)
(2022, 32, 623804924)
(2022, 32, 623807427)
(2022, 32, 623809925)
(2022, 32, 623812427)
(2022, 32, 623814929)
(2022, 32, 623817424)
(2022, 32, 623819925)
(2022, 32, 623822427)
(2022, 32, 623824929)
(2022, 32, 623827423)
(2022, 32, 623829923)
(2022, 32, 623832426)
(2022, 32, 623834925)
(2022, 32, 623837479)
(2022, 32, 623839983)
(2022, 32, 623842486)
(2022, 32, 623844982)
(2022, 32, 623847482)
(2022, 32, 623849982)
(2022, 32, 623852480)
(2022, 32, 623854982)
(2022, 32, 623857481)
(2022, 32, 623859979)
(2022, 32, 623862480)
(2022, 32, 623864983)
(2022, 32, 623867480)
(2022, 32, 623869982)
(2022, 32, 623872480)
(2022, 32, 623874983)
(2022, 32, 623877480)
(2022, 32, 623879982)
(2022, 32, 623882482)
(2022, 32, 623884980)
(2022, 32, 623887484)
(2022, 32, 623889981)
(2022, 32, 623892481)
(2022, 32, 623894982)
(2022, 32, 623897527)
(2022, 32, 623900024)
(2022, 32, 623902527)
(2022, 32, 623905029)
(2022, 32, 623907526)
(2022, 32, 623910026)
(2022, 32, 623912526)
(2022, 32, 623915025)
(2022, 32, 623917529)
(2022, 32, 623920030)
(2022, 32, 623922527)
(2022, 32, 623925030)
(2022, 32, 623927527)
(2022, 32, 623930027)
(2022, 32, 623932527)
(2022, 32, 623935027)
(2022, 32, 623937526)
(2022, 32, 623940028)
(2022, 32, 623942527)
(2022, 32, 623945025)
(2022, 32, 623947523)
(2022, 32, 623950025)
(2022, 32, 623952524)
(2022, 32, 623955024)
(2022, 32, 623957573)
(2022, 32, 623960081)
(2022, 32, 623962568)
(2022, 32, 623965071)
(2022, 32, 623967570)
(2022, 32, 623970072)
(2022, 32, 623972569)
(2022, 32, 623975068)
(2022, 32, 623977572)
(2022, 32, 623980071)
(2022, 32, 623982573)
(2022, 32, 623985071)
(2022, 32, 623987569)
(2022, 32, 623990069)
(2022, 32, 623992572)
(2022, 32, 623995068)
(2022, 32, 623997570)
(2022, 32, 624000069)
(2022, 32, 624002571)
(2022, 32, 624005069)
(2022, 32, 624007567)
(2022, 32, 624010071)
(2022, 32, 624012572)
(2022, 32, 624015067)
(2022, 32, 624017618)
(2022, 32, 624020119)
(2022, 32, 624022622)
(2022, 32, 624025119)
(2022, 32, 624027623)
(2022, 32, 624030119)
(2022, 32, 624032618)
(2022, 32, 624035122)
(2022, 32, 624037618)
(2022, 32, 624040119)
(2022, 32, 624042617)
(2022, 32, 624045116)
(2022, 32, 624047616)
(2022, 32, 624050118)
(2022, 32, 624052617)
(2022, 32, 624055120)
(2022, 32, 624057617)
(2022, 32, 624060123)
(2022, 32, 624062618)
(2022, 32, 624065120)
(2022, 32, 624067616)
(2022, 32, 624070119)
(2022, 32, 624072616)
(2022, 32, 624075117)
(2022, 32, 624077661)
(2022, 32, 624080163)
(2022, 32, 624082661)
(2022, 32, 624085163)
(2022, 32, 624087662)
(2022, 32, 624090161)
(2022, 32, 624092661)
(2022, 32, 624095160)
(2022, 32, 624097660)
(2022, 32, 624100161)
(2022, 32, 624102660)
(2022, 32, 624105164)
(2022, 32, 624107665)
(2022, 32, 624110162)
(2022, 32, 624112662)
(2022, 32, 624115163)
(2022, 32, 624117662)
(2022, 32, 624120161)
(2022, 32, 624122661)
(2022, 32, 624125162)
(2022, 32, 624127658)
(2022, 32, 624130160)
(2022, 32, 624132660)
(2022, 32, 624135161)
(2022, 32, 624137705)
(2022, 32, 624140204)
(2022, 32, 624142701)
(2022, 32, 624145203)
(2022, 32, 624147704)
(2022, 32, 624150203)
(2022, 32, 624152702)
(2022, 32, 624155201)
(2022, 32, 624157705)
(2022, 32, 624160203)
(2022, 32, 624162704)
(2022, 32, 624165204)
(2022, 32, 624167704)
(2022, 32, 624170203)
(2022, 32, 624172702)
(2022, 32, 624175202)
(2022, 32, 624177707)
(2022, 32, 624180204)
(2022, 32, 624182702)
(2022, 32, 624185204)
(2022, 32, 624187702)
(2022, 32, 624190201)
(2022, 32, 624192702)
(2022, 32, 624195202)
(2022, 32, 624197752)
(2022, 32, 624200248)
(2022, 32, 624202750)
(2022, 32, 624205251)
(2022, 32, 624207749)
(2022, 32, 624210247)
(2022, 32, 624212749)
(2022, 32, 624215245)
(2022, 32, 624217751)
(2022, 32, 624220253)
(2022, 32, 624222751)
(2022, 32, 624225247)
(2022, 32, 624227750)
(2022, 32, 624230246)
(2022, 32, 624232746)
(2022, 32, 624235248)
(2022, 32, 624237747)
(2022, 32, 624240248)
(2022, 32, 624242750)
(2022, 32, 624245248)
(2022, 32, 624247745)
(2022, 32, 624250250)
(2022, 32, 624252750)
(2022, 32, 624255248)
(2022, 32, 624257796)
(2022, 32, 624260291)
(2022, 32, 624262792)
(2022, 32, 624265291)
(2022, 32, 624267794)
(2022, 32, 624270294)
(2022, 32, 624272791)
(2022, 32, 624275295)
(2022, 32, 624277797)
(2022, 32, 624280292)
(2022, 32, 624282790)
(2022, 32, 624285294)
(2022, 32, 624287795)
(2022, 32, 624290296)
(2022, 32, 624292792)
(2022, 32, 624295293)
(2022, 32, 624297795)
(2022, 32, 624300293)
(2022, 32, 624302793)
(2022, 32, 624305296)
(2022, 32, 624307794)
(2022, 32, 624310294)
(2022, 32, 624312794)
(2022, 32, 624315294)
(2022, 32, 624317841)
(2022, 32, 624320339)
(2022, 32, 624322841)
(2022, 32, 624325339)
(2022, 32, 624327839)
(2022, 32, 624330342)
(2022, 32, 624332837)
(2022, 32, 624335342)
(2022, 32, 624337842)
(2022, 32, 624340340)
(2022, 32, 624342838)
(2022, 32, 624345340)
(2022, 32, 624347841)
(2022, 32, 624350342)
(2022, 32, 624352840)
(2022, 32, 624355337)
(2022, 32, 624357839)
(2022, 32, 624360340)
(2022, 32, 624362840)
(2022, 32, 624365342)
(2022, 32, 624367838)
(2022, 32, 624370342)
(2022, 32, 624372841)
(2022, 32, 624375337)
(2022, 32, 624377886)
(2022, 32, 624380381)
(2022, 32, 624382883)
(2022, 32, 624385386)
(2022, 32, 624387885)
(2022, 32, 624390395)
(2022, 32, 624392882)
(2022, 32, 624395383)
(2022, 32, 624397882)
(2022, 32, 624400384)
(2022, 32, 624402883)
(2022, 32, 624405381)
(2022, 32, 624407881)
(2022, 32, 624410380)
(2022, 32, 624412884)
(2022, 32, 624415385)
(2022, 32, 624417883)
(2022, 32, 624420382)
(2022, 32, 624422881)
(2022, 32, 624425383)
(2022, 32, 624427883)
(2022, 32, 624430381)
(2022, 32, 624432881)
(2022, 32, 624435382)
(2022, 32, 624437923)
(2022, 32, 624440424)
(2022, 32, 624442932)
(2022, 32, 624445424)
(2022, 32, 624447925)
(2022, 32, 624450427)
(2022, 32, 624452927)
(2022, 32, 624455425)
(2022, 32, 624457926)
(2022, 32, 624460427)
(2022, 32, 624462924)
(2022, 32, 624465425)
(2022, 32, 624467928)
(2022, 32, 624470426)
(2022, 32, 624472927)
(2022, 32, 624475426)
(2022, 32, 624477924)
(2022, 32, 624480424)
(2022, 32, 624482923)
(2022, 32, 624485425)
(2022, 32, 624487922)
(2022, 32, 624490424)
(2022, 32, 624492925)
(2022, 32, 624495423)
(2022, 32, 624497966)
(2022, 32, 624500467)
(2022, 32, 624502970)
(2022, 32, 624505468)
(2022, 32, 624507966)
(2022, 32, 624510466)
(2022, 32, 624512965)
(2022, 32, 624515467)
(2022, 32, 624517967)
(2022, 32, 624520466)
(2022, 32, 624522969)
(2022, 32, 624525469)
(2022, 32, 624527967)
(2022, 32, 624530466)
(2022, 32, 624532969)
(2022, 32, 624535470)
(2022, 32, 624537968)
(2022, 32, 624540465)
(2022, 32, 624542971)
(2022, 32, 624545466)
(2022, 32, 624547972)
(2022, 32, 624550466)
(2022, 32, 624552967)
(2022, 32, 624555470)
(2022, 32, 624558012)
(2022, 32, 624560512)
(2022, 32, 624563012)
(2022, 32, 624565510)
(2022, 32, 624568011)
(2022, 32, 624570513)
(2022, 32, 624573010)
(2022, 32, 624575510)
(2022, 32, 624578011)
(2022, 32, 624580512)
(2022, 32, 624583011)
(2022, 32, 624585512)
(2022, 32, 624588014)
(2022, 32, 624590509)
(2022, 32, 624593011)
(2022, 32, 624595510)
(2022, 32, 624598011)
(2022, 32, 624600511)
(2022, 32, 624603010)
(2022, 32, 624605514)
(2022, 32, 624608012)
(2022, 32, 624610512)
(2022, 32, 624613013)
(2022, 32, 624615509)
(2022, 32, 624618056)
(2022, 32, 624620555)
(2022, 32, 624623052)
(2022, 32, 624625555)
(2022, 32, 624628054)
(2022, 32, 624630552)
(2022, 32, 624633053)
(2022, 32, 624635554)
(2022, 32, 624638055)
(2022, 32, 624640555)
(2022, 32, 624643053)
(2022, 32, 624645553)
(2022, 32, 624648057)
(2022, 32, 624650552)
(2022, 32, 624653054)
(2022, 32, 624655553)
(2022, 32, 624658054)
(2022, 32, 624660552)
(2022, 32, 624663054)
(2022, 32, 624665554)
(2022, 32, 624668056)
(2022, 32, 624670554)
(2022, 32, 624673055)
(2022, 32, 624675553)
(2022, 32, 624678095)
(2022, 32, 624680597)
(2022, 32, 624683097)
(2022, 32, 624685597)
(2022, 32, 624688097)
(2022, 32, 624690596)
(2022, 32, 624693096)
(2022, 32, 624695598)
(2022, 32, 624698099)
(2022, 32, 624700597)
(2022, 32, 624703099)
(2022, 32, 624705597)
(2022, 32, 624708098)
(2022, 32, 624710597)
(2022, 32, 624713095)
(2022, 32, 624715598)
(2022, 32, 624718097)
(2022, 32, 624720598)
(2022, 32, 624723097)
(2022, 32, 624725597)
(2022, 32, 624728096)
(2022, 32, 624730596)
(2022, 32, 624733097)
(2022, 32, 624735597)
(2022, 32, 624738143)
(2022, 32, 624740640)
(2022, 32, 624743145)
(2022, 32, 624745646)
(2022, 32, 624748143)
(2022, 32, 624750644)
(2022, 32, 624753141)
(2022, 32, 624755647)
(2022, 32, 624758144)
(2022, 32, 624760643)
(2022, 32, 624763144)
(2022, 32, 624765641)
(2022, 32, 624768141)
(2022, 32, 624770642)
(2022, 32, 624773146)
(2022, 32, 624775644)
(2022, 32, 624778145)
(2022, 32, 624780639)
(2022, 32, 624783140)
(2022, 32, 624785641)
(2022, 32, 624788141)
(2022, 32, 624790640)
(2022, 32, 624793142)
(2022, 32, 624795642)
(2022, 32, 624798184)
(2022, 32, 624800688)
(2022, 32, 624803186)
(2022, 32, 624805687)
(2022, 32, 624808184)
(2022, 32, 624810687)
(2022, 32, 624813187)
(2022, 32, 624815686)
(2022, 32, 624818188)
(2022, 32, 624820685)
(2022, 32, 624823189)
(2022, 32, 624825686)
(2022, 32, 624828188)
(2022, 32, 624830686)
(2022, 32, 624833186)
(2022, 32, 624835687)
(2022, 32, 624838187)
(2022, 32, 624840691)
(2022, 32, 624843188)
(2022, 32, 624845688)
(2022, 32, 624848187)
(2022, 32, 624850685)
(2022, 32, 624853186)
(2022, 32, 624855686)
(2022, 32, 624858232)
(2022, 32, 624860733)
(2022, 32, 624863229)
(2022, 32, 624865730)
(2022, 32, 624868234)
(2022, 32, 624870731)
(2022, 32, 624873231)
(2022, 32, 624875730)
(2022, 32, 624878230)
(2022, 32, 624880730)
(2022, 32, 624883229)
(2022, 32, 624885733)
(2022, 32, 624888233)
(2022, 32, 624890728)
(2022, 32, 624893231)
(2022, 32, 624895730)
(2022, 32, 624898228)
(2022, 32, 624900729)
(2022, 32, 624903231)
(2022, 32, 624905728)
(2022, 32, 624908231)
(2022, 32, 624910732)
(2022, 32, 624913230)
(2022, 32, 624915729)
(2022, 32, 624918276)
(2022, 32, 624920776)
(2022, 32, 624923277)
(2022, 32, 624925774)
(2022, 32, 624928277)
(2022, 32, 624930776)
(2022, 32, 624933276)
(2022, 32, 624935776)
(2022, 32, 624938278)
(2022, 32, 624940779)
(2022, 32, 624943275)
(2022, 32, 624945779)
(2022, 32, 624948278)
(2022, 32, 624950777)
(2022, 32, 624953278)
(2022, 32, 624955778)
(2022, 32, 624958276)
(2022, 32, 624960775)
(2022, 32, 624963277)
(2022, 32, 624965776)
(2022, 32, 624968277)
(2022, 32, 624970776)
(2022, 32, 624973277)
(2022, 32, 624975776)
(2022, 32, 624978324)
(2022, 32, 624980822)
(2022, 32, 624983324)
(2022, 32, 624985822)
(2022, 32, 624988326)
(2022, 32, 624990821)
(2022, 32, 624993324)
(2022, 32, 624995822)
(2022, 32, 624998321)
(2022, 32, 625000824)
(2022, 32, 625003323)
(2022, 32, 625005822)
(2022, 32, 625008326)
(2022, 32, 625010822)
(2022, 32, 625013326)
(2022, 32, 625015827)
(2022, 32, 625018321)
(2022, 32, 625020820)
(2022, 32, 625023322)
(2022, 32, 625025820)
(2022, 32, 625028323)
(2022, 32, 625030827)
(2022, 32, 625033323)
(2022, 32, 625035822)
(2022, 32, 625038369)
(2022, 32, 625040864)
(2022, 32, 625043365)
(2022, 32, 625045866)
(2022, 32, 625048365)
(2022, 32, 625050870)
(2022, 32, 625053365)
(2022, 32, 625055866)
(2022, 32, 625058365)
(2022, 32, 625060866)
(2022, 32, 625063364)
(2022, 32, 625065865)
(2022, 32, 625068365)
(2022, 32, 625070868)
(2022, 32, 625073365)
(2022, 32, 625075866)
(2022, 32, 625078366)
(2022, 32, 625080866)
(2022, 32, 625083365)
(2022, 32, 625085864)
(2022, 32, 625088368)
(2022, 32, 625090865)
(2022, 32, 625093367)
(2022, 32, 625095868)
(2022, 32, 625098410)
(2022, 32, 625100910)
(2022, 32, 625103410)
(2022, 32, 625105912)
(2022, 32, 625108411)
(2022, 32, 625110910)
(2022, 32, 625113411)
(2022, 32, 625115909)
(2022, 32, 625118412)
(2022, 32, 625120910)
(2022, 32, 625123409)
(2022, 32, 625125911)
(2022, 32, 625128410)
(2022, 32, 625130909)
(2022, 32, 625133409)
(2022, 32, 625135910)
(2022, 32, 625138411)
(2022, 32, 625140909)
(2022, 32, 625143410)
(2022, 32, 625145910)
(2022, 32, 625148411)
(2022, 32, 625150910)
(2022, 32, 625153407)
(2022, 32, 625155911)
(2022, 32, 625158458)
(2022, 32, 625160958)
(2022, 32, 625163457)
(2022, 32, 625165961)
(2022, 32, 625168458)
(2022, 32, 625170959)
(2022, 32, 625173458)
(2022, 32, 625175958)
(2022, 32, 625178457)
(2022, 32, 625180956)
(2022, 32, 625183459)
(2022, 32, 625185959)
(2022, 32, 625188458)
(2022, 32, 625190957)
(2022, 32, 625193458)
(2022, 32, 625195956)
(2022, 32, 625198456)
(2022, 32, 625200957)
(2022, 32, 625203459)
(2022, 32, 625205961)
(2022, 32, 625208455)
(2022, 32, 625210961)
(2022, 32, 625213457)
(2022, 32, 625215956)
(2022, 32, 625218502)
(2022, 32, 625221000)
(2022, 32, 625223505)
(2022, 32, 625226003)
(2022, 32, 625228501)
(2022, 32, 625231000)
(2022, 32, 625233502)
(2022, 32, 625236007)
(2022, 32, 625238503)
(2022, 32, 625241005)
(2022, 32, 625243503)
(2022, 32, 625246004)
(2022, 32, 625248505)
(2022, 32, 625251006)
(2022, 32, 625253502)
(2022, 32, 625256003)
(2022, 32, 625258504)
(2022, 32, 625261005)
(2022, 32, 625263504)
(2022, 32, 625266003)
(2022, 32, 625268502)
(2022, 32, 625271003)
(2022, 32, 625273503)
(2022, 32, 625276000)
(2022, 32, 625278550)
(2022, 32, 625281050)
(2022, 32, 625283549)
(2022, 32, 625286050)
(2022, 32, 625288549)
(2022, 32, 625291054)
(2022, 32, 625293551)
(2022, 32, 625296050)
(2022, 32, 625298550)
(2022, 32, 625301053)
(2022, 32, 625303549)
(2022, 32, 625306049)
(2022, 32, 625308550)
(2022, 32, 625311051)
(2022, 32, 625313548)
(2022, 32, 625316050)
(2022, 32, 625318549)
(2022, 32, 625321050)
(2022, 32, 625323553)
(2022, 32, 625326049)
(2022, 32, 625328550)
(2022, 32, 625331053)
(2022, 32, 625333550)
(2022, 32, 625336048)
(2022, 32, 625338592)
(2022, 32, 625341089)
(2022, 32, 625343589)
(2022, 32, 625346092)
(2022, 32, 625348593)
(2022, 32, 625351090)
(2022, 32, 625353591)
(2022, 32, 625356091)
(2022, 32, 625358591)
(2022, 32, 625361093)
(2022, 32, 625363590)
(2022, 32, 625366092)
(2022, 32, 625368591)
(2022, 32, 625371089)
(2022, 32, 625373590)
(2022, 32, 625376089)
(2022, 32, 625378592)
(2022, 32, 625381090)
(2022, 32, 625383592)
(2022, 32, 625386089)
(2022, 32, 625388589)
(2022, 32, 625391091)
(2022, 32, 625393592)
(2022, 32, 625396089)
(2022, 32, 625398637)
(2022, 32, 625401133)
(2022, 32, 625403633)
(2022, 32, 625406133)
(2022, 32, 625408635)
(2022, 32, 625411132)
(2022, 32, 625413635)
(2022, 32, 625416134)
(2022, 32, 625418637)
(2022, 32, 625421132)
(2022, 32, 625423637)
(2022, 32, 625426133)
(2022, 32, 625428636)
(2022, 32, 625431131)
(2022, 32, 625433632)
(2022, 32, 625436136)
(2022, 32, 625438638)
(2022, 32, 625441135)
(2022, 32, 625443635)
(2022, 32, 625446135)
(2022, 32, 625448634)
(2022, 32, 625451133)
(2022, 32, 625453634)
(2022, 32, 625456136)
(2022, 32, 625458681)
(2022, 32, 625461182)
(2022, 32, 625463685)
(2022, 32, 625466182)
(2022, 32, 625468683)
(2022, 32, 625471184)
(2022, 32, 625473687)
(2022, 32, 625476181)
(2022, 32, 625478681)
(2022, 32, 625481181)
(2022, 32, 625483682)
(2022, 32, 625486183)
(2022, 32, 625488680)
(2022, 32, 625491179)
(2022, 32, 625493681)
(2022, 32, 625496182)
(2022, 32, 625498686)
(2022, 32, 625501185)
(2022, 32, 625503683)
(2022, 32, 625506182)
(2022, 32, 625508681)
(2022, 32, 625511181)
(2022, 32, 625513683)
(2022, 32, 625516188)
(2022, 32, 625518727)
(2022, 32, 625521231)
(2022, 32, 625523729)
(2022, 32, 625526226)
(2022, 32, 625528730)
(2022, 32, 625531227)
(2022, 32, 625533726)
(2022, 32, 625536227)
(2022, 32, 625538726)
(2022, 32, 625541224)
(2022, 32, 625543727)
(2022, 32, 625546226)
(2022, 32, 625548724)
(2022, 32, 625551227)
(2022, 32, 625553726)
(2022, 32, 625556229)
(2022, 32, 625558728)
(2022, 32, 625561226)
(2022, 32, 625563729)
(2022, 32, 625566231)
(2022, 32, 625568725)
(2022, 32, 625571226)
(2022, 32, 625573725)
(2022, 32, 625576229)
(2022, 32, 625578771)
(2022, 32, 625581270)
(2022, 32, 625583770)
(2022, 32, 625586269)
(2022, 32, 625588769)
(2022, 32, 625591270)
(2022, 32, 625593768)
(2022, 32, 625596272)
(2022, 32, 625598769)
(2022, 32, 625601269)
(2022, 32, 625603771)
(2022, 32, 625606269)
(2022, 32, 625608769)
(2022, 32, 625611270)
(2022, 32, 625613769)
(2022, 32, 625616270)
(2022, 32, 625618769)
(2022, 32, 625621271)
(2022, 32, 625623770)
(2022, 32, 625626270)
(2022, 32, 625628768)
(2022, 32, 625631268)
(2022, 32, 625633771)
(2022, 32, 625636272)
(2022, 32, 625638812)
(2022, 32, 625641313)
(2022, 32, 625643813)
(2022, 32, 625646313)
(2022, 32, 625648815)
(2022, 32, 625651313)
(2022, 32, 625653813)
(2022, 32, 625656311)
(2022, 32, 625658812)
(2022, 32, 625661312)
(2022, 32, 625663811)
(2022, 32, 625666313)
(2022, 32, 625668811)
(2022, 32, 625671311)
(2022, 32, 625673812)
(2022, 32, 625676313)
(2022, 32, 625678811)
(2022, 32, 625681313)
(2022, 32, 625683815)
(2022, 32, 625686310)
(2022, 32, 625688813)
(2022, 32, 625691312)
(2022, 32, 625693810)
(2022, 32, 625696313)
(2022, 32, 625698857)
(2022, 32, 625701359)
(2022, 32, 625703861)
(2022, 32, 625706361)
(2022, 32, 625708859)
(2022, 32, 625711357)
(2022, 32, 625713860)
(2022, 32, 625716358)
(2022, 32, 625718859)
(2022, 32, 625721360)
(2022, 32, 625723861)
(2022, 32, 625726360)
(2022, 32, 625728858)
(2022, 32, 625731359)
(2022, 32, 625733861)
(2022, 32, 625736361)
(2022, 32, 625738860)
(2022, 32, 625741358)
(2022, 32, 625743860)
(2022, 32, 625746361)
(2022, 32, 625748857)
(2022, 32, 625751356)
(2022, 32, 625753859)
(2022, 32, 625756358)
(2022, 32, 625758905)
(2022, 32, 625761402)
(2022, 32, 625763901)
(2022, 32, 625766401)
(2022, 32, 625768900)
(2022, 32, 625771406)
(2022, 32, 625773902)
(2022, 32, 625776402)
(2022, 32, 625778901)
(2022, 32, 625781401)
(2022, 32, 625783900)
(2022, 32, 625786404)
(2022, 32, 625788904)
(2022, 32, 625791404)
(2022, 32, 625793901)
(2022, 32, 625796400)
(2022, 32, 625798903)
(2022, 32, 625801403)
(2022, 32, 625803904)
(2022, 32, 625806400)
(2022, 32, 625808903)
(2022, 32, 625811402)
(2022, 32, 625813901)
(2022, 32, 625816405)
(2022, 32, 625818946)
(2022, 32, 625821448)
(2022, 32, 625823949)
(2022, 32, 625826448)
(2022, 32, 625828948)
(2022, 32, 625831448)
(2022, 32, 625833945)
(2022, 32, 625836447)
(2022, 32, 625838951)
(2022, 32, 625841447)
(2022, 32, 625843950)
(2022, 32, 625846448)
(2022, 32, 625848950)
(2022, 32, 625851450)
(2022, 32, 625853947)
(2022, 32, 625856450)
(2022, 32, 625858947)
(2022, 32, 625861449)
(2022, 32, 625863946)
(2022, 32, 625866448)
(2022, 32, 625868951)
(2022, 32, 625871453)
(2022, 32, 625873947)
(2022, 32, 625876445)
(2022, 32, 625878996)
(2022, 32, 625881497)
(2022, 32, 625883995)
(2022, 32, 625886495)
(2022, 32, 625889000)
(2022, 32, 625891498)
(2022, 32, 625893996)
(2022, 32, 625896495)
(2022, 32, 625898998)
(2022, 32, 625901498)
(2022, 32, 625903998)
(2022, 32, 625906496)
(2022, 32, 625908998)
(2022, 32, 625911496)
(2022, 32, 625913998)
(2022, 32, 625916495)
(2022, 32, 625918996)
(2022, 32, 625921496)
(2022, 32, 625923998)
(2022, 32, 625926497)
(2022, 32, 625928999)
(2022, 32, 625931494)
(2022, 32, 625933996)
(2022, 32, 625936497)
(2022, 32, 625939037)
(2022, 32, 625941543)
(2022, 32, 625944039)
(2022, 32, 625946538)
(2022, 32, 625949040)
(2022, 32, 625951538)
(2022, 32, 625954042)
(2022, 32, 625956539)
(2022, 32, 625959038)
(2022, 32, 625961543)
(2022, 32, 625964037)
(2022, 32, 625966539)
(2022, 32, 625969040)
(2022, 32, 625971541)
(2022, 32, 625974038)
(2022, 32, 625976538)
(2022, 32, 625979040)
(2022, 32, 625981540)
(2022, 32, 625984043)
(2022, 32, 625986544)
(2022, 32, 625989042)
(2022, 32, 625991543)
(2022, 32, 625994037)
(2022, 32, 625996538)
(2022, 32, 625999084)
(2022, 32, 626001584)
(2022, 32, 626004084)
(2022, 32, 626006584)
(2022, 32, 626009083)
(2022, 32, 626011586)
(2022, 32, 626014087)
(2022, 32, 626016585)
(2022, 32, 626019086)
(2022, 32, 626021582)
(2022, 32, 626024087)
(2022, 32, 626026583)
(2022, 32, 626029084)
(2022, 32, 626031586)
(2022, 32, 626034084)
(2022, 32, 626036583)
(2022, 32, 626039083)
(2022, 32, 626041584)
(2022, 32, 626044086)
(2022, 32, 626046587)
(2022, 32, 626049087)
(2022, 32, 626051586)
(2022, 32, 626054084)
(2022, 32, 626056584)
(2022, 32, 626059129)
(2022, 32, 626061631)
(2022, 32, 626064129)
(2022, 32, 626066629)
(2022, 32, 626069128)
(2022, 32, 626071628)
(2022, 32, 626074131)
(2022, 32, 626076630)
(2022, 32, 626079135)
(2022, 32, 626081630)
(2022, 32, 626084134)
(2022, 32, 626086628)
(2022, 32, 626089133)
(2022, 32, 626091631)
(2022, 32, 626094138)
(2022, 32, 626096629)
(2022, 32, 626099132)
(2022, 32, 626101632)
(2022, 32, 626104138)
(2022, 32, 626106631)
(2022, 32, 626109137)
(2022, 32, 626111629)
(2022, 32, 626114135)
(2022, 32, 626116632)
(2022, 32, 626119172)
(2022, 32, 626121674)
(2022, 32, 626124178)
(2022, 32, 626126673)
(2022, 32, 626129173)
(2022, 32, 626131673)
(2022, 32, 626134172)
(2022, 32, 626136673)
(2022, 32, 626139172)
(2022, 32, 626141672)
(2022, 32, 626144173)
(2022, 32, 626146678)
(2022, 32, 626149172)
(2022, 32, 626151675)
(2022, 32, 626154173)
(2022, 32, 626156677)
(2022, 32, 626159174)
(2022, 32, 626161674)
(2022, 32, 626164173)
(2022, 32, 626166672)
(2022, 32, 626169174)
(2022, 32, 626171674)
(2022, 32, 626174172)
(2022, 32, 626176672)
(2022, 32, 626179221)
(2022, 32, 626181720)
(2022, 32, 626184220)
(2022, 32, 626186722)
(2022, 32, 626189219)
(2022, 32, 626191723)
(2022, 32, 626194221)
(2022, 32, 626196720)
(2022, 32, 626199219)
(2022, 32, 626201722)
(2022, 32, 626204220)
(2022, 32, 626206724)
(2022, 32, 626209219)
(2022, 32, 626211719)
(2022, 32, 626214221)
(2022, 32, 626216717)
(2022, 32, 626219220)
(2022, 32, 626221718)
(2022, 32, 626224220)
(2022, 32, 626226718)
(2022, 32, 626229221)
(2022, 32, 626231724)
(2022, 32, 626234220)
(2022, 32, 626236722)
(2022, 32, 626239259)
(2022, 32, 626241761)
(2022, 32, 626244262)
(2022, 32, 626246761)
(2022, 32, 626249266)
(2022, 32, 626251766)
(2022, 32, 626254262)
(2022, 32, 626256760)
(2022, 32, 626259263)
(2022, 32, 626261765)
(2022, 32, 626264263)
(2022, 32, 626266761)
(2022, 32, 626269261)
(2022, 32, 626271762)
(2022, 32, 626274260)
(2022, 32, 626276763)
(2022, 32, 626279263)
(2022, 32, 626281765)
(2022, 32, 626284265)
(2022, 32, 626286762)
(2022, 32, 626289261)
(2022, 32, 626291763)
(2022, 32, 626294261)
(2022, 32, 626296762)
(2022, 32, 626299306)
(2022, 32, 626301808)
(2022, 32, 626304304)
(2022, 32, 626306808)
(2022, 32, 626309306)
(2022, 32, 626311809)
(2022, 32, 626314307)
(2022, 32, 626316807)
(2022, 32, 626319307)
(2022, 32, 626321809)
(2022, 32, 626324305)
(2022, 32, 626326808)
(2022, 32, 626329305)
(2022, 32, 626331807)
(2022, 32, 626334306)
(2022, 32, 626336807)
(2022, 32, 626339304)
(2022, 32, 626341806)
(2022, 32, 626344305)
(2022, 32, 626346803)
(2022, 32, 626349304)
(2022, 32, 626351806)
(2022, 32, 626354304)
(2022, 32, 626356805)
(2022, 32, 626359349)
(2022, 32, 626361851)
(2022, 32, 626364351)
(2022, 32, 626366849)
(2022, 32, 626369352)
(2022, 32, 626371852)
(2022, 32, 626374351)
(2022, 32, 626376850)
(2022, 32, 626379347)
(2022, 32, 626381847)
(2022, 32, 626384351)
(2022, 32, 626386848)
(2022, 32, 626389350)
(2022, 32, 626391851)
(2022, 32, 626394349)
(2022, 32, 626396848)
(2022, 32, 626399349)
(2022, 32, 626401852)
(2022, 32, 626404349)
(2022, 32, 626406849)
(2022, 32, 626409349)
(2022, 32, 626411849)
(2022, 32, 626414347)
(2022, 32, 626416850)
(2022, 32, 626419395)
(2022, 32, 626421894)
(2022, 32, 626424392)
(2022, 32, 626426895)
(2022, 32, 626429393)
(2022, 32, 626431896)
(2022, 32, 626434394)
(2022, 32, 626436894)
(2022, 32, 626439397)
(2022, 32, 626441893)
(2022, 32, 626444391)
(2022, 32, 626446894)
(2022, 32, 626449394)
(2022, 32, 626451894)
(2022, 32, 626454393)
(2022, 32, 626456893)
(2022, 32, 626459394)
(2022, 32, 626461895)
(2022, 32, 626464391)
(2022, 32, 626466891)
(2022, 32, 626469391)
(2022, 32, 626471891)
(2022, 32, 626474395)
(2022, 32, 626476892)
(2022, 32, 626479438)
(2022, 32, 626481936)
(2022, 32, 626484437)
(2022, 32, 626486938)
(2022, 32, 626489437)
(2022, 32, 626491940)
(2022, 32, 626494439)
(2022, 32, 626496936)
(2022, 32, 626499438)
(2022, 32, 626501937)
(2022, 32, 626504441)
(2022, 32, 626506937)
(2022, 32, 626509437)
(2022, 32, 626511939)
(2022, 32, 626514440)
(2022, 32, 626516938)
(2022, 32, 626519438)
(2022, 32, 626521935)
(2022, 32, 626524436)
(2022, 32, 626526938)
(2022, 32, 626529435)
(2022, 32, 626531936)
(2022, 32, 626534439)
(2022, 32, 626536935)
(2022, 32, 626539481)
(2022, 32, 626541984)
(2022, 32, 626544483)
(2022, 32, 626546979)
(2022, 32, 626549481)
(2022, 32, 626551979)
(2022, 32, 626554482)
(2022, 32, 626556983)
(2022, 32, 626559482)
(2022, 32, 626561981)
(2022, 32, 626564482)
(2022, 32, 626566981)
(2022, 32, 626569482)
(2022, 32, 626571981)
(2022, 32, 626574480)
(2022, 32, 626576980)
(2022, 32, 626579480)
(2022, 32, 626581984)
(2022, 32, 626584480)
(2022, 32, 626586985)
(2022, 32, 626589482)
(2022, 32, 626591985)
(2022, 32, 626594480)
(2022, 32, 626596983)
(2022, 32, 626599531)
(2022, 32, 626602028)
(2022, 32, 626604532)
(2022, 32, 626607030)
(2022, 32, 626609527)
(2022, 32, 626612028)
(2022, 32, 626614528)
(2022, 32, 626617026)
(2022, 32, 626619527)
(2022, 32, 626622029)
(2022, 32, 626624527)
(2022, 32, 626627027)
(2022, 32, 626629525)
(2022, 32, 626632029)
(2022, 32, 626634528)
(2022, 32, 626637027)
(2022, 32, 626639530)
(2022, 32, 626642027)
(2022, 32, 626644529)
(2022, 32, 626647029)
(2022, 32, 626649528)
(2022, 32, 626652031)
(2022, 32, 626654526)
(2022, 32, 626657029)
(2022, 32, 626659579)
(2022, 32, 626662075)
(2022, 32, 626664573)
(2022, 32, 626667073)
(2022, 32, 626669573)
(2022, 32, 626672076)
(2022, 32, 626674574)
(2022, 32, 626677073)
(2022, 32, 626679573)
(2022, 32, 626682075)
(2022, 32, 626684574)
(2022, 32, 626687077)
(2022, 32, 626689573)
(2022, 32, 626692072)
(2022, 32, 626694573)
(2022, 32, 626697076)
(2022, 32, 626699573)
(2022, 32, 626702073)
(2022, 32, 626704576)
(2022, 32, 626707077)
(2022, 32, 626709576)
(2022, 32, 626712073)
(2022, 32, 626714575)
(2022, 32, 626717073)
(2022, 32, 626719618)
(2022, 32, 626722122)
(2022, 32, 626724623)
(2022, 32, 626727119)
(2022, 32, 626729619)
(2022, 32, 626732119)
(2022, 32, 626734622)
(2022, 32, 626737118)
(2022, 32, 626739619)
(2022, 32, 626742122)
(2022, 32, 626744618)
(2022, 32, 626747122)
(2022, 32, 626749623)
(2022, 32, 626752123)
(2022, 32, 626754620)
(2022, 32, 626757119)
(2022, 32, 626759622)
(2022, 32, 626762118)
(2022, 32, 626764618)
(2022, 32, 626767119)
(2022, 32, 626769619)
(2022, 32, 626772119)
(2022, 32, 626774621)
(2022, 32, 626777124)
(2022, 32, 626779664)
(2022, 32, 626782160)
(2022, 32, 626784662)
(2022, 32, 626787163)
(2022, 32, 626789662)
(2022, 32, 626792161)
(2022, 32, 626794665)
(2022, 32, 626797161)
(2022, 32, 626799663)
(2022, 32, 626802165)
(2022, 32, 626804667)
(2022, 32, 626807165)
(2022, 32, 626809663)
(2022, 32, 626812165)
(2022, 32, 626814666)
(2022, 32, 626817163)
(2022, 32, 626819663)
(2022, 32, 626822161)
(2022, 32, 626824661)
(2022, 32, 626827166)
(2022, 32, 626829663)
(2022, 32, 626832165)
(2022, 32, 626834662)
(2022, 32, 626837165)
(2022, 32, 626839708)
(2022, 32, 626842213)
(2022, 32, 626844716)
(2022, 32, 626847213)
(2022, 32, 626849710)
(2022, 32, 626852213)
(2022, 32, 626854711)
(2022, 32, 626857211)
(2022, 32, 626859711)
(2022, 32, 626862211)
(2022, 32, 626864709)
(2022, 32, 626867209)
(2022, 32, 626869708)
(2022, 32, 626872209)
(2022, 32, 626874707)
(2022, 32, 626877221)
(2022, 32, 626879708)
(2022, 32, 626882213)
(2022, 32, 626884710)
(2022, 32, 626887210)
(2022, 32, 626889709)
(2022, 32, 626892211)
(2022, 32, 626894710)
(2022, 32, 626897206)
(2022, 32, 626899757)
(2022, 32, 626902256)
(2022, 32, 626904757)
(2022, 32, 626907255)
(2022, 32, 626909752)
(2022, 32, 626912258)
(2022, 32, 626914756)
(2022, 32, 626917252)
(2022, 32, 626919754)
(2022, 32, 626922255)
(2022, 32, 626924757)
(2022, 32, 626927253)
(2022, 32, 626929757)
(2022, 32, 626932255)
(2022, 32, 626934754)
(2022, 32, 626937253)
(2022, 32, 626939753)
(2022, 32, 626942255)
(2022, 32, 626944754)
(2022, 32, 626947252)
(2022, 32, 626949757)
(2022, 32, 626952254)
(2022, 32, 626954757)
(2022, 32, 626957253)
(2022, 32, 626959802)
(2022, 32, 626962300)
(2022, 32, 626964798)
(2022, 32, 626967300)
(2022, 32, 626969801)
(2022, 32, 626972298)
(2022, 32, 626974799)
(2022, 32, 626977301)
(2022, 32, 626979800)
(2022, 32, 626982300)
(2022, 32, 626984799)
(2022, 32, 626987302)
(2022, 32, 626989799)
(2022, 32, 626992298)
(2022, 32, 626994800)
(2022, 32, 626997299)
(2022, 32, 626999799)
(2022, 32, 627002299)
(2022, 32, 627004800)
(2022, 32, 627007299)
(2022, 32, 627009798)
(2022, 32, 627012300)
(2022, 32, 627014797)
(2022, 32, 627017301)
(2022, 32, 627019844)
(2022, 32, 627022344)
(2022, 32, 627024846)
(2022, 32, 627027343)
(2022, 32, 627029846)
(2022, 32, 627032346)
(2022, 32, 627034847)
(2022, 32, 627037345)
(2022, 32, 627039842)
(2022, 32, 627042344)
(2022, 32, 627044845)
(2022, 32, 627047343)
(2022, 32, 627049845)
(2022, 32, 627052347)
(2022, 32, 627054848)
(2022, 32, 627057342)
(2022, 32, 627059846)
(2022, 32, 627062342)
(2022, 32, 627064846)
(2022, 32, 627067349)
(2022, 32, 627069847)
(2022, 32, 627072342)
(2022, 32, 627074846)
(2022, 32, 627077341)
(2022, 32, 627079892)
(2022, 32, 627082393)
(2022, 32, 627084896)
(2022, 32, 627087398)
(2022, 32, 627089892)
(2022, 32, 627092393)
(2022, 32, 627094896)
(2022, 32, 627097393)
(2022, 32, 627099892)
(2022, 32, 627102395)
(2022, 32, 627104894)
(2022, 32, 627107396)
(2022, 32, 627109892)
(2022, 32, 627112394)
(2022, 32, 627114893)
(2022, 32, 627117398)
(2022, 32, 627119894)
(2022, 32, 627122393)
(2022, 32, 627124897)
(2022, 32, 627127393)
(2022, 32, 627129898)
(2022, 32, 627132395)
(2022, 32, 627134896)
(2022, 32, 627137391)
(2022, 32, 627139937)
(2022, 32, 627142437)
(2022, 32, 627144935)
(2022, 32, 627147435)
(2022, 32, 627149938)
(2022, 32, 627152439)
(2022, 32, 627154938)
(2022, 32, 627157439)
(2022, 32, 627159939)
(2022, 32, 627162437)
(2022, 32, 627164937)
(2022, 32, 627167437)
(2022, 32, 627169938)
(2022, 32, 627172439)
(2022, 32, 627174936)
(2022, 32, 627177438)
(2022, 32, 627179935)
(2022, 32, 627182437)
(2022, 32, 627184936)
(2022, 32, 627187438)
(2022, 32, 627189939)
(2022, 32, 627192439)
(2022, 32, 627194935)
(2022, 32, 627197439)
(2022, 32, 627199986)
(2022, 32, 627202484)
(2022, 32, 627204981)
(2022, 32, 627207483)
(2022, 32, 627209985)
(2022, 32, 627212485)
(2022, 32, 627214983)
(2022, 32, 627217484)
(2022, 32, 627219981)
(2022, 32, 627222484)
(2022, 32, 627224985)
(2022, 32, 627227482)
(2022, 32, 627229984)
(2022, 32, 627232483)
(2022, 32, 627234984)
(2022, 32, 627237486)
(2022, 32, 627239982)
(2022, 32, 627242482)
(2022, 32, 627244982)
(2022, 32, 627247482)
(2022, 32, 627249984)
(2022, 32, 627252483)
(2022, 32, 627254982)
(2022, 32, 627257484)
(2022, 32, 627260028)
(2022, 32, 627262527)
(2022, 32, 627265032)
(2022, 32, 627267528)
(2022, 32, 627270028)
(2022, 32, 627272529)
(2022, 32, 627275028)
(2022, 32, 627277530)
(2022, 32, 627280030)
(2022, 32, 627282532)
(2022, 32, 627285031)
(2022, 32, 627287532)
(2022, 32, 627290029)
(2022, 32, 627292527)
(2022, 32, 627295030)
(2022, 32, 627297530)
(2022, 32, 627300031)
(2022, 32, 627302529)
(2022, 32, 627305027)
(2022, 32, 627307529)
(2022, 32, 627310032)
(2022, 32, 627312527)
(2022, 32, 627315027)
(2022, 32, 627317529)
(2022, 32, 627320075)
(2022, 32, 627322571)
(2022, 32, 627325072)
(2022, 32, 627327571)
(2022, 32, 627330076)
(2022, 32, 627332570)
(2022, 32, 627335073)
(2022, 32, 627337571)
(2022, 32, 627340076)
(2022, 32, 627342572)
(2022, 32, 627345072)
(2022, 32, 627347571)
(2022, 32, 627350077)
(2022, 32, 627352572)
(2022, 32, 627355073)
(2022, 32, 627357571)
(2022, 32, 627360074)
(2022, 32, 627362571)
(2022, 32, 627365071)
(2022, 32, 627367572)
(2022, 32, 627370073)
(2022, 32, 627372577)
(2022, 32, 627375076)
(2022, 32, 627377572)
(2022, 32, 627380117)
(2022, 32, 627382618)
(2022, 32, 627385119)
(2022, 32, 627387619)
(2022, 32, 627390118)
(2022, 32, 627392618)
(2022, 32, 627395118)
(2022, 32, 627397619)
(2022, 32, 627400118)
(2022, 32, 627402617)
(2022, 32, 627405117)
(2022, 32, 627407617)
(2022, 32, 627410116)
(2022, 32, 627412618)
(2022, 32, 627415118)
(2022, 32, 627417616)
(2022, 32, 627420119)
(2022, 32, 627422618)
(2022, 32, 627425118)
(2022, 32, 627427617)
(2022, 32, 627430116)
(2022, 32, 627432618)
(2022, 32, 627435118)
(2022, 32, 627437616)
(2022, 32, 627440162)
(2022, 32, 627442662)
(2022, 32, 627445162)
(2022, 32, 627447665)
(2022, 32, 627450165)
(2022, 32, 627452662)
(2022, 32, 627455161)
(2022, 32, 627457663)
(2022, 32, 627460160)
(2022, 32, 627462663)
(2022, 32, 627465160)
(2022, 32, 627467661)
(2022, 32, 627470161)
(2022, 32, 627472661)
(2022, 32, 627475163)
(2022, 32, 627477668)
(2022, 32, 627480163)
(2022, 32, 627482662)
(2022, 32, 627485162)
(2022, 32, 627487663)
(2022, 32, 627490161)
(2022, 32, 627492663)
(2022, 32, 627495161)
(2022, 32, 627497663)
(2022, 32, 627500207)
(2022, 32, 627502706)
(2022, 32, 627505204)
(2022, 32, 627507709)
(2022, 32, 627510207)
(2022, 32, 627512708)
(2022, 32, 627515206)
(2022, 32, 627517706)
(2022, 32, 627520206)
(2022, 32, 627522705)
(2022, 32, 627525204)
(2022, 32, 627527708)
(2022, 32, 627530208)
(2022, 32, 627532704)
(2022, 32, 627535207)
(2022, 32, 627537707)
(2022, 32, 627540205)
(2022, 32, 627542704)
(2022, 32, 627545204)
(2022, 32, 627547705)
(2022, 32, 627550206)
(2022, 32, 627552706)
(2022, 32, 627555205)
(2022, 32, 627557707)
(2022, 32, 627560248)
(2022, 32, 627562750)
(2022, 32, 627565250)
(2022, 32, 627567756)
(2022, 32, 627570249)
(2022, 32, 627572750)
(2022, 32, 627575250)
(2022, 32, 627577754)
(2022, 32, 627580250)
(2022, 32, 627582751)
(2022, 32, 627585251)
(2022, 32, 627587748)
(2022, 32, 627590253)
(2022, 32, 627592748)
(2022, 32, 627595250)
(2022, 32, 627597752)
(2022, 32, 627600252)
(2022, 32, 627602750)
(2022, 32, 627605250)
(2022, 32, 627607751)
(2022, 32, 627610249)
(2022, 32, 627612749)
(2022, 32, 627615250)
(2022, 32, 627617749)
(2022, 32, 627620297)
(2022, 32, 627622798)
(2022, 32, 627625297)
(2022, 32, 627627797)
(2022, 32, 627630299)
(2022, 32, 627632798)
(2022, 32, 627635303)
(2022, 32, 627637798)
(2022, 32, 627640303)
(2022, 32, 627642802)
(2022, 32, 627645303)
(2022, 32, 627647800)
(2022, 32, 627650301)
(2022, 32, 627652796)
(2022, 32, 627655298)
(2022, 32, 627657798)
(2022, 32, 627660297)
(2022, 32, 627662796)
(2022, 32, 627665296)
(2022, 32, 627667799)
(2022, 32, 627670297)
(2022, 32, 627672798)
(2022, 32, 627675299)
(2022, 32, 627677800)
(2022, 32, 627680345)
(2022, 32, 627682845)
(2022, 32, 627685342)
(2022, 32, 627687842)
(2022, 32, 627690345)
(2022, 32, 627692845)
(2022, 32, 627695343)
(2022, 32, 627697846)
(2022, 32, 627700342)
(2022, 32, 627702844)
(2022, 32, 627705345)
(2022, 32, 627707850)
(2022, 32, 627710343)
(2022, 32, 627712841)
(2022, 32, 627715347)
(2022, 32, 627717844)
(2022, 32, 627720345)
(2022, 32, 627722844)
(2022, 32, 627725344)
(2022, 32, 627727844)
(2022, 32, 627730344)
(2022, 32, 627732842)
(2022, 32, 627735343)
(2022, 32, 627737844)
(2022, 32, 627740398)
(2022, 32, 627742895)
(2022, 32, 627745395)
(2022, 32, 627747894)
(2022, 32, 627750395)
(2022, 32, 627752891)
(2022, 32, 627755393)
(2022, 32, 627757894)
(2022, 32, 627760396)
(2022, 32, 627762896)
(2022, 32, 627765392)
(2022, 32, 627767891)
(2022, 32, 627770395)
(2022, 32, 627772893)
(2022, 32, 627775396)
(2022, 32, 627777892)
(2022, 32, 627780396)
(2022, 32, 627782893)
(2022, 32, 627785397)
(2022, 32, 627787892)
(2022, 32, 627790395)
(2022, 32, 627792893)
(2022, 32, 627795395)
(2022, 32, 627797892)
(2022, 32, 627800434)
(2022, 32, 627802937)
(2022, 32, 627805435)
(2022, 32, 627807936)
(2022, 32, 627810436)
(2022, 32, 627812939)
(2022, 32, 627815436)
(2022, 32, 627817938)
(2022, 32, 627820437)
(2022, 32, 627822937)
(2022, 32, 627825435)
(2022, 32, 627827937)
(2022, 32, 627830438)
(2022, 32, 627832938)
(2022, 32, 627835436)
(2022, 32, 627837935)
(2022, 32, 627840436)
(2022, 32, 627842936)
(2022, 32, 627845437)
(2022, 32, 627847936)
(2022, 32, 627850437)
(2022, 32, 627852935)
(2022, 32, 627855436)
(2022, 32, 627857935)
(2022, 32, 627860484)
(2022, 32, 627862985)
(2022, 32, 627865484)
(2022, 32, 627867982)
(2022, 32, 627870484)
(2022, 32, 627872986)
(2022, 32, 627875483)
(2022, 32, 627877982)
(2022, 32, 627880482)
(2022, 32, 627882985)
(2022, 32, 627885483)
(2022, 32, 627887982)
(2022, 32, 627890483)
(2022, 32, 627892983)
(2022, 32, 627895483)
(2022, 32, 627897988)
(2022, 32, 627900484)
(2022, 32, 627902985)
(2022, 32, 627905483)
(2022, 32, 627907984)
(2022, 32, 627910487)
(2022, 32, 627912988)
(2022, 32, 627915484)
(2022, 32, 627917985)
(2022, 32, 627920531)
(2022, 32, 627923033)
(2022, 32, 627925529)
(2022, 32, 627928028)
(2022, 32, 627930529)
(2022, 32, 627933035)
(2022, 32, 627935530)
(2022, 32, 627938032)
(2022, 32, 627940527)
(2022, 32, 627943028)
(2022, 32, 627945529)
(2022, 32, 627948027)
(2022, 32, 627950528)
(2022, 32, 627953030)
(2022, 32, 627955530)
(2022, 32, 627958028)
(2022, 32, 627960528)
(2022, 32, 627963033)
(2022, 32, 627965529)
(2022, 32, 627968029)
(2022, 32, 627970529)
(2022, 32, 627973028)
(2022, 32, 627975529)
(2022, 32, 627978030)
(2022, 32, 627980575)
(2022, 32, 627983077)
(2022, 32, 627985574)
(2022, 32, 627988074)
(2022, 32, 627990577)
(2022, 32, 627993075)
(2022, 32, 627995574)
(2022, 32, 627998074)
(2022, 32, 628000577)
(2022, 32, 628003078)
(2022, 32, 628005576)
(2022, 32, 628008075)
(2022, 32, 628010575)
(2022, 32, 628013075)
(2022, 32, 628015580)
(2022, 32, 628018077)
(2022, 32, 628020577)
(2022, 32, 628023074)
(2022, 32, 628025576)
(2022, 32, 628028073)
(2022, 32, 628030576)
(2022, 32, 628033075)
(2022, 32, 628035574)
(2022, 32, 628038077)
(2022, 32, 628040631)
(2022, 32, 628043132)
(2022, 32, 628045633)
(2022, 32, 628048132)
(2022, 32, 628050635)
(2022, 32, 628053132)
(2022, 32, 628055631)
(2022, 32, 628058131)
(2022, 32, 628060631)
(2022, 32, 628063132)
(2022, 32, 628065632)
(2022, 32, 628068137)
(2022, 32, 628070634)
(2022, 32, 628073130)
(2022, 32, 628075630)
(2022, 32, 628078131)
(2022, 32, 628080634)
(2022, 32, 628083136)
(2022, 32, 628085632)
(2022, 32, 628088131)
(2022, 32, 628090635)
(2022, 32, 628093131)
(2022, 32, 628095631)
(2022, 32, 628098136)
(2022, 32, 628100675)
(2022, 32, 628103176)
(2022, 32, 628105678)
(2022, 32, 628108176)
(2022, 32, 628110676)
(2022, 32, 628113181)
(2022, 32, 628115676)
(2022, 32, 628118176)
(2022, 32, 628120679)
(2022, 32, 628123180)
(2022, 32, 628125677)
(2022, 32, 628128175)
(2022, 32, 628130677)
(2022, 32, 628133175)
(2022, 32, 628135675)
(2022, 32, 628138179)
(2022, 32, 628140679)
(2022, 32, 628143176)
(2022, 32, 628145676)
(2022, 32, 628148177)
(2022, 32, 628150678)
(2022, 32, 628153179)
(2022, 32, 628155678)
(2022, 32, 628158180)
(2022, 32, 628160725)
(2022, 32, 628163224)
(2022, 32, 628165723)
(2022, 32, 628168227)
(2022, 32, 628170724)
(2022, 32, 628173230)
(2022, 32, 628175726)
(2022, 32, 628178223)
(2022, 32, 628180727)
(2022, 32, 628183226)
(2022, 32, 628185723)
(2022, 32, 628188224)
(2022, 32, 628190724)
(2022, 32, 628193223)
(2022, 32, 628195721)
(2022, 32, 628198227)
(2022, 32, 628200729)
(2022, 32, 628203225)
(2022, 32, 628205725)
(2022, 32, 628208224)
(2022, 32, 628210725)
(2022, 32, 628213223)
(2022, 32, 628215724)
(2022, 32, 628218223)
(2022, 32, 628220769)
(2022, 32, 628223270)
(2022, 32, 628225771)
(2022, 32, 628228273)
(2022, 32, 628230770)
(2022, 32, 628233272)
(2022, 32, 628235770)
(2022, 32, 628238272)
(2022, 32, 628240772)
(2022, 32, 628243270)
(2022, 32, 628245769)
(2022, 32, 628248273)
(2022, 32, 628250773)
(2022, 32, 628253271)
(2022, 32, 628255769)
(2022, 32, 628258271)
(2022, 32, 628260769)
(2022, 32, 628263268)
(2022, 32, 628265769)
(2022, 32, 628268272)
(2022, 32, 628270770)
(2022, 32, 628273274)
(2022, 32, 628275772)
(2022, 32, 628278269)
(2022, 32, 628280848)
(2022, 32, 628283353)
(2022, 32, 628285847)
(2022, 32, 628288348)
(2022, 32, 628290848)
(2022, 32, 628293350)
(2022, 32, 628295847)
(2022, 32, 628298349)
(2022, 32, 628300848)
(2022, 32, 628303347)
(2022, 32, 628305848)
(2022, 32, 628308350)
(2022, 32, 628310849)
(2022, 32, 628313349)
(2022, 32, 628315848)
(2022, 32, 628318347)
(2022, 32, 628320847)
(2022, 32, 628323348)
(2022, 32, 628325847)
(2022, 32, 628328350)
(2022, 32, 628330847)
(2022, 32, 628333350)
(2022, 32, 628335848)
(2022, 32, 628338348)
(2022, 32, 628340891)
(2022, 32, 628343390)
(2022, 32, 628345893)
(2022, 32, 628348390)
(2022, 32, 628350893)
(2022, 32, 628353390)
(2022, 32, 628355891)
(2022, 32, 628358395)
(2022, 32, 628360893)
(2022, 32, 628363394)
(2022, 32, 628365894)
(2022, 32, 628368392)
(2022, 32, 628370893)
(2022, 32, 628373392)
(2022, 32, 628375889)
(2022, 32, 628378391)
(2022, 32, 628380890)
(2022, 32, 628383394)
(2022, 32, 628385892)
(2022, 32, 628388390)
(2022, 32, 628390893)
(2022, 32, 628393394)
(2022, 32, 628395894)
(2022, 32, 628398392)
(2022, 32, 628400936)
(2022, 32, 628403438)
(2022, 32, 628405939)
(2022, 32, 628408437)
(2022, 32, 628410937)
(2022, 32, 628413436)
(2022, 32, 628415936)
(2022, 32, 628418438)
(2022, 32, 628420935)
(2022, 32, 628423436)
(2022, 32, 628425936)
(2022, 32, 628428437)
(2022, 32, 628430937)
(2022, 32, 628433435)
(2022, 32, 628435936)
(2022, 32, 628438436)
(2022, 32, 628440937)
(2022, 32, 628443441)
(2022, 32, 628445936)
(2022, 32, 628448435)
(2022, 32, 628450939)
(2022, 32, 628453438)
(2022, 32, 628455937)
(2022, 32, 628458439)
(2022, 32, 628460980)
(2022, 32, 628463485)
(2022, 32, 628465984)
(2022, 32, 628468484)
(2022, 32, 628470983)
(2022, 32, 628473480)
(2022, 32, 628475982)
(2022, 32, 628478483)
(2022, 32, 628480981)
(2022, 32, 628483480)
(2022, 32, 628485979)
(2022, 32, 628488481)
(2022, 32, 628490982)
(2022, 32, 628493481)
(2022, 32, 628495979)
(2022, 32, 628498483)
(2022, 32, 628500985)
(2022, 32, 628503482)
(2022, 32, 628505979)
(2022, 32, 628508484)
(2022, 32, 628510986)
(2022, 32, 628513485)
(2022, 32, 628515984)
(2022, 32, 628518479)
(2022, 32, 628521026)
(2022, 32, 628523525)
(2022, 32, 628526027)
(2022, 32, 628528527)
(2022, 32, 628531024)
(2022, 32, 628533527)
(2022, 32, 628536026)
(2022, 32, 628538530)
(2022, 32, 628541025)
(2022, 32, 628543523)
(2022, 32, 628546028)
(2022, 32, 628548527)
(2022, 32, 628551025)
(2022, 32, 628553526)
(2022, 32, 628556028)
(2022, 32, 628558530)
(2022, 32, 628561024)
(2022, 32, 628563525)
(2022, 32, 628566025)
(2022, 32, 628568525)
(2022, 32, 628571031)
(2022, 32, 628573527)
(2022, 32, 628576025)
(2022, 32, 628578525)
(2022, 32, 628581072)
(2022, 32, 628583571)
(2022, 32, 628586069)
(2022, 32, 628588570)
(2022, 32, 628591068)
(2022, 32, 628593568)
(2022, 32, 628596068)
(2022, 32, 628598569)
(2022, 32, 628601067)
(2022, 32, 628603570)
(2022, 32, 628606071)
(2022, 32, 628608570)
(2022, 32, 628611072)
(2022, 32, 628613571)
(2022, 32, 628616072)
(2022, 32, 628618571)
(2022, 32, 628621069)
(2022, 32, 628623568)
(2022, 32, 628626069)
(2022, 32, 628628569)
(2022, 32, 628631069)
(2022, 32, 628633568)
(2022, 32, 628636071)
(2022, 32, 628638569)
(2022, 32, 628641112)
(2022, 32, 628643614)
(2022, 32, 628646110)
(2022, 32, 628648615)
(2022, 32, 628651111)
(2022, 32, 628653611)
(2022, 32, 628656112)
(2022, 32, 628658612)
(2022, 32, 628661114)
(2022, 32, 628663613)
(2022, 32, 628666112)
(2022, 32, 628668611)
(2022, 32, 628671113)
(2022, 32, 628673613)
(2022, 32, 628676114)
(2022, 32, 628678613)
(2022, 32, 628681111)
(2022, 32, 628683610)
(2022, 32, 628686110)
(2022, 32, 628688614)
(2022, 32, 628691114)
(2022, 32, 628693615)
(2022, 32, 628696109)
(2022, 32, 628698613)
(2022, 32, 628701156)
(2022, 32, 628703660)
(2022, 32, 628706158)
(2022, 32, 628708660)
(2022, 32, 628711159)
(2022, 32, 628713659)
(2022, 32, 628716158)
(2022, 32, 628718657)
(2022, 32, 628721161)
(2022, 32, 628723661)
(2022, 32, 628726159)
(2022, 32, 628728657)
(2022, 32, 628731157)
(2022, 32, 628733657)
(2022, 32, 628736158)
(2022, 32, 628738658)
(2022, 32, 628741162)
(2022, 32, 628743657)
(2022, 32, 628746157)
(2022, 32, 628748657)
(2022, 32, 628751159)
(2022, 32, 628753660)
(2022, 32, 628756162)
(2022, 32, 628758660)
(2022, 32, 628761203)
(2022, 32, 628763700)
(2022, 32, 628766203)
(2022, 32, 628768702)
(2022, 32, 628771203)
(2022, 32, 628773700)
(2022, 32, 628776200)
(2022, 32, 628778703)
(2022, 32, 628781202)
(2022, 32, 628783702)
(2022, 32, 628786204)
(2022, 32, 628788700)
(2022, 32, 628791199)
(2022, 32, 628793701)
(2022, 32, 628796203)
(2022, 32, 628798703)
(2022, 32, 628801200)
(2022, 32, 628803704)
(2022, 32, 628806199)
(2022, 32, 628808701)
(2022, 32, 628811200)
(2022, 32, 628813704)
(2022, 32, 628816200)
(2022, 32, 628818699)
(2022, 32, 628821251)
(2022, 32, 628823750)
(2022, 32, 628826247)
(2022, 32, 628828750)
(2022, 32, 628831250)
(2022, 32, 628833749)
(2022, 32, 628836249)
(2022, 32, 628838750)
(2022, 32, 628841248)
(2022, 32, 628843749)
(2022, 32, 628846247)
(2022, 32, 628848749)
(2022, 32, 628851251)
(2022, 32, 628853747)
(2022, 32, 628856247)
(2022, 32, 628858750)
(2022, 32, 628861247)
(2022, 32, 628863750)
(2022, 32, 628866248)
(2022, 32, 628868749)
(2022, 32, 628871249)
(2022, 32, 628873747)
(2022, 32, 628876250)
(2022, 32, 628878749)
(2022, 32, 628881290)
(2022, 32, 628883790)
(2022, 32, 628886293)
(2022, 32, 628888791)
(2022, 32, 628891292)
(2022, 32, 628893790)
(2022, 32, 628896292)
(2022, 32, 628898792)
(2022, 32, 628901293)
(2022, 32, 628903793)
(2022, 32, 628906294)
(2022, 32, 628908791)
(2022, 32, 628911291)
(2022, 32, 628913794)
(2022, 32, 628916291)
(2022, 32, 628918798)
(2022, 32, 628921293)
(2022, 32, 628923796)
(2022, 32, 628926291)
(2022, 32, 628928790)
(2022, 32, 628931295)
(2022, 32, 628933792)
(2022, 32, 628936293)
(2022, 32, 628938791)
(2022, 32, 628941335)
(2022, 32, 628943835)
(2022, 32, 628946334)
(2022, 32, 628948833)
(2022, 32, 628951334)
(2022, 32, 628953835)
(2022, 32, 628956334)
(2022, 32, 628958838)
(2022, 32, 628961338)
(2022, 32, 628963835)
(2022, 32, 628966334)
(2022, 32, 628968837)
(2022, 32, 628971335)
(2022, 32, 628973837)
(2022, 32, 628976334)
(2022, 32, 628978837)
(2022, 32, 628981338)
(2022, 32, 628983834)
(2022, 32, 628986334)
(2022, 32, 628988838)
(2022, 32, 628991336)
(2022, 32, 628993833)
(2022, 32, 628996338)
(2022, 32, 628998835)
(2022, 32, 629001375)
(2022, 32, 629003878)
(2022, 32, 629006381)
(2022, 32, 629008881)
(2022, 32, 629011374)
(2022, 32, 629013877)
(2022, 32, 629016380)
(2022, 32, 629018878)
(2022, 32, 629021378)
(2022, 32, 629023879)
(2022, 32, 629026375)
(2022, 32, 629028878)
(2022, 32, 629031376)
(2022, 32, 629033877)
(2022, 32, 629036376)
(2022, 32, 629038876)
(2022, 32, 629041378)
(2022, 32, 629043877)
(2022, 32, 629046379)
(2022, 32, 629048874)
(2022, 32, 629051376)
(2022, 32, 629053875)
(2022, 32, 629056374)
(2022, 32, 629058875)
(2022, 32, 629061420)
(2022, 32, 629063921)
(2022, 32, 629066423)
(2022, 32, 629068921)
(2022, 32, 629071422)
(2022, 32, 629073920)
(2022, 32, 629076421)
(2022, 32, 629078924)
(2022, 32, 629081422)
(2022, 32, 629083925)
(2022, 32, 629086421)
(2022, 32, 629088919)
(2022, 32, 629091419)
(2022, 32, 629093920)
(2022, 32, 629096420)
(2022, 32, 629098920)
(2022, 32, 629101419)
(2022, 32, 629103923)
(2022, 32, 629106421)
(2022, 32, 629108922)
(2022, 32, 629111423)
(2022, 32, 629113923)
(2022, 32, 629116420)
(2022, 32, 629118922)
(2022, 32, 629121464)
(2022, 32, 629123967)
(2022, 32, 629126465)
(2022, 32, 629128966)
(2022, 32, 629131465)
(2022, 32, 629133966)
(2022, 32, 629136466)
(2022, 32, 629138968)
(2022, 32, 629141466)
(2022, 32, 629143966)
(2022, 32, 629146464)
(2022, 32, 629148964)
(2022, 32, 629151467)
(2022, 32, 629153965)
(2022, 32, 629156468)
(2022, 32, 629158964)
(2022, 32, 629161464)
(2022, 32, 629163967)
(2022, 32, 629166467)
(2022, 32, 629168967)
(2022, 32, 629171464)
(2022, 32, 629173965)
(2022, 32, 629176466)
(2022, 32, 629178969)
(2022, 32, 629181510)
(2022, 32, 629184011)
(2022, 32, 629186515)
(2022, 32, 629189010)
(2022, 32, 629191513)
(2022, 32, 629194011)
(2022, 32, 629196511)
(2022, 32, 629199009)
(2022, 32, 629201516)
(2022, 32, 629204008)
(2022, 32, 629206509)
(2022, 32, 629209009)
(2022, 32, 629211514)
(2022, 32, 629214010)
(2022, 32, 629216512)
(2022, 32, 629219010)
(2022, 32, 629221512)
(2022, 32, 629224011)
(2022, 32, 629226513)
(2022, 32, 629229009)
(2022, 32, 629231511)
(2022, 32, 629234008)
(2022, 32, 629236510)
(2022, 32, 629239010)
(2022, 32, 629241552)
(2022, 32, 629244053)
(2022, 32, 629246554)
(2022, 32, 629249054)
(2022, 32, 629251553)
(2022, 32, 629254054)
(2022, 32, 629256555)
(2022, 32, 629259056)
(2022, 32, 629261556)
(2022, 32, 629264049)
(2022, 32, 629266553)
(2022, 32, 629269052)
(2022, 32, 629271552)
(2022, 32, 629274051)
(2022, 32, 629276550)
(2022, 32, 629279052)
(2022, 32, 629281554)
(2022, 32, 629284050)
(2022, 32, 629286549)
(2022, 32, 629289054)
(2022, 32, 629291557)
(2022, 32, 629294051)
(2022, 32, 629296552)
(2022, 32, 629299052)
(2022, 32, 629301604)
(2022, 32, 629304095)
(2022, 32, 629306606)
(2022, 32, 629309098)
(2022, 32, 629311602)
(2022, 32, 629314094)
(2022, 32, 629316596)
(2022, 32, 629319092)
(2022, 32, 629321596)
(2022, 32, 629324094)
(2022, 32, 629326592)
(2022, 32, 629329093)
(2022, 32, 629331591)
(2022, 32, 629334093)
(2022, 32, 629336592)
(2022, 32, 629339092)
(2022, 32, 629341596)
(2022, 32, 629344094)
(2022, 32, 629346592)
(2022, 32, 629349096)
(2022, 32, 629351598)
(2022, 32, 629354097)
(2022, 32, 629356593)
(2022, 32, 629359095)
(2022, 32, 629361643)
(2022, 32, 629364141)
(2022, 32, 629366638)
(2022, 32, 629369136)
(2022, 32, 629371645)
(2022, 32, 629374137)
(2022, 32, 629376641)
(2022, 32, 629379139)
(2022, 32, 629381640)
(2022, 32, 629384137)
(2022, 32, 629386638)
(2022, 32, 629389138)
(2022, 32, 629391637)
(2022, 32, 629394137)
(2022, 32, 629396637)
(2022, 32, 629399140)
(2022, 32, 629401639)
(2022, 32, 629404137)
(2022, 32, 629406636)
(2022, 32, 629409142)
(2022, 32, 629411637)
(2022, 32, 629414137)
(2022, 32, 629416638)
(2022, 32, 629419137)
(2022, 32, 629421687)
(2022, 32, 629424186)
(2022, 32, 629426686)
(2022, 32, 629429186)
(2022, 32, 629431684)
(2022, 32, 629434185)
(2022, 32, 629436683)
(2022, 32, 629439185)
(2022, 32, 629441684)
(2022, 32, 629444186)
(2022, 32, 629446687)
(2022, 32, 629449183)
(2022, 32, 629451684)
(2022, 32, 629454187)
(2022, 32, 629456683)
(2022, 32, 629459189)
(2022, 32, 629461683)
(2022, 32, 629464188)
(2022, 32, 629466685)
(2022, 32, 629469185)
(2022, 32, 629471686)
(2022, 32, 629474189)
(2022, 32, 629476683)
(2022, 32, 629479186)
(2022, 32, 629481728)
(2022, 32, 629484229)
(2022, 32, 629486732)
(2022, 32, 629489235)
(2022, 32, 629491728)
(2022, 32, 629494229)
(2022, 32, 629496729)
(2022, 32, 629499234)
(2022, 32, 629501728)
(2022, 32, 629504230)
(2022, 32, 629506728)
(2022, 32, 629509228)
(2022, 32, 629511733)
(2022, 32, 629514229)
(2022, 32, 629516728)
(2022, 32, 629519230)
(2022, 32, 629521728)
(2022, 32, 629524233)
(2022, 32, 629526732)
(2022, 32, 629529227)
(2022, 32, 629531728)
(2022, 32, 629534233)
(2022, 32, 629536729)
(2022, 32, 629539231)
(2022, 32, 629541774)
(2022, 32, 629544273)
(2022, 32, 629546772)
(2022, 32, 629549273)
(2022, 32, 629551773)
(2022, 32, 629554274)
(2022, 32, 629556777)
(2022, 32, 629559273)
(2022, 32, 629561776)
(2022, 32, 629564273)
(2022, 32, 629566774)
(2022, 32, 629569274)
(2022, 32, 629571772)
(2022, 32, 629574278)
(2022, 32, 629576771)
(2022, 32, 629579274)
(2022, 32, 629581772)
(2022, 32, 629584273)
(2022, 32, 629586776)
(2022, 32, 629589273)
(2022, 32, 629591774)
(2022, 32, 629594273)
(2022, 32, 629596776)
(2022, 32, 629599273)
(2022, 32, 629601819)
(2022, 32, 629604320)
(2022, 32, 629606819)
(2022, 32, 629609318)
(2022, 32, 629611819)
(2022, 32, 629614319)
(2022, 32, 629616817)
(2022, 32, 629619318)
(2022, 32, 629621819)
(2022, 32, 629624317)
(2022, 32, 629626817)
(2022, 32, 629629317)
(2022, 32, 629631818)
(2022, 32, 629634318)
(2022, 32, 629636817)
(2022, 32, 629639320)
(2022, 32, 629641817)
(2022, 32, 629644322)
(2022, 32, 629646818)
(2022, 32, 629649320)
(2022, 32, 629651816)
(2022, 32, 629654318)
(2022, 32, 629656817)
(2022, 32, 629659318)
(2022, 32, 629661862)
(2022, 32, 629664363)
(2022, 32, 629666862)
(2022, 32, 629669361)
(2022, 32, 629671860)
(2022, 32, 629674365)
(2022, 32, 629676862)
(2022, 32, 629679361)
(2022, 32, 629681863)
(2022, 32, 629684362)
(2022, 32, 629686859)
(2022, 32, 629689364)
(2022, 32, 629691860)
(2022, 32, 629694360)
(2022, 32, 629696864)
(2022, 32, 629699361)
(2022, 32, 629701861)
(2022, 32, 629704360)
(2022, 32, 629706863)
(2022, 32, 629709361)
(2022, 32, 629711860)
(2022, 32, 629714360)
(2022, 32, 629716861)
(2022, 32, 629719361)
(2022, 32, 629721907)
(2022, 32, 629724402)
(2022, 32, 629726901)
(2022, 32, 629729405)
(2022, 32, 629731903)
(2022, 32, 629734403)
(2022, 32, 629736903)
(2022, 32, 629739404)
(2022, 32, 629741905)
(2022, 32, 629744402)
(2022, 32, 629746901)
(2022, 32, 629749404)
(2022, 32, 629751901)
(2022, 32, 629754405)
(2022, 32, 629756906)
(2022, 32, 629759407)
(2022, 32, 629761903)
(2022, 32, 629764402)
(2022, 32, 629766902)
(2022, 32, 629769403)
(2022, 32, 629771905)
(2022, 32, 629774404)
(2022, 32, 629776902)
(2022, 32, 629779405)
(2022, 32, 629781946)
(2022, 32, 629784443)
(2022, 32, 629786945)
(2022, 32, 629789444)
(2022, 32, 629791944)
(2022, 32, 629794446)
(2022, 32, 629796945)
(2022, 32, 629799442)
(2022, 32, 629801945)
(2022, 32, 629804445)
(2022, 32, 629806945)
(2022, 32, 629809446)
(2022, 32, 629811945)
(2022, 32, 629814442)
(2022, 32, 629816948)
(2022, 32, 629819449)
(2022, 32, 629821944)
(2022, 32, 629824443)
(2022, 32, 629826943)
(2022, 32, 629829445)
(2022, 32, 629831946)
(2022, 32, 629834444)
(2022, 32, 629836944)
(2022, 32, 629839447)
(2022, 32, 629841992)
(2022, 32, 629844492)
(2022, 32, 629846990)
(2022, 32, 629849493)
(2022, 32, 629851991)
(2022, 32, 629854493)
(2022, 32, 629856991)
(2022, 32, 629859492)
(2022, 32, 629861991)
(2022, 32, 629864489)
(2022, 32, 629866991)
(2022, 32, 629869490)
(2022, 32, 629871993)
(2022, 32, 629874492)
(2022, 32, 629876990)
(2022, 32, 629879494)
(2022, 32, 629881990)
(2022, 32, 629884492)
(2022, 32, 629886991)
(2022, 32, 629889490)
(2022, 32, 629891992)
(2022, 32, 629894491)
(2022, 32, 629896992)
(2022, 32, 629899490)
(2022, 32, 629902038)
(2022, 32, 629904531)
(2022, 32, 629907031)
(2022, 32, 629909532)
(2022, 32, 629912034)
(2022, 32, 629914534)
(2022, 32, 629917030)
(2022, 32, 629919532)
(2022, 32, 629922031)
(2022, 32, 629924531)
(2022, 32, 629927032)
(2022, 32, 629929531)
(2022, 32, 629932033)
(2022, 32, 629934533)
(2022, 32, 629937034)
(2022, 32, 629939533)
(2022, 32, 629942032)
(2022, 32, 629944535)
(2022, 32, 629947036)
(2022, 32, 629949534)
(2022, 32, 629952031)
(2022, 32, 629954535)
(2022, 32, 629957031)
(2022, 32, 629959533)
(2022, 32, 629962077)
(2022, 32, 629964578)
(2022, 32, 629967077)
(2022, 32, 629969579)
(2022, 32, 629972079)
(2022, 32, 629974579)
(2022, 32, 629977080)
(2022, 32, 629979579)
(2022, 32, 629982084)
(2022, 32, 629984576)
(2022, 32, 629987079)
(2022, 32, 629989575)
(2022, 32, 629992078)
(2022, 32, 629994577)
(2022, 32, 629997076)
(2022, 32, 629999580)
(2022, 32, 630002077)
(2022, 32, 630004577)
(2022, 32, 630007080)
(2022, 32, 630009579)
(2022, 32, 630012078)
(2022, 32, 630014576)
(2022, 32, 630017079)
(2022, 32, 630019580)
(2022, 32, 630022125)
(2022, 32, 630024620)
(2022, 32, 630027122)
(2022, 32, 630029621)
(2022, 32, 630032119)
(2022, 32, 630034620)
(2022, 32, 630037119)
(2022, 32, 630039621)
(2022, 32, 630042121)
(2022, 32, 630044619)
(2022, 32, 630047120)
(2022, 32, 630049618)
(2022, 32, 630052119)
(2022, 32, 630054622)
(2022, 32, 630057119)
(2022, 32, 630059621)
(2022, 32, 630062120)
(2022, 32, 630064620)
(2022, 32, 630067119)
(2022, 32, 630069619)
(2022, 32, 630072122)
(2022, 32, 630074620)
(2022, 32, 630077117)
(2022, 32, 630079618)
(2022, 32, 630082166)
(2022, 32, 630084665)
(2022, 32, 630087169)
(2022, 32, 630089667)
(2022, 32, 630092165)
(2022, 32, 630094662)
(2022, 32, 630097164)
(2022, 32, 630099665)
(2022, 32, 630102162)
(2022, 32, 630104662)
(2022, 32, 630107166)
(2022, 32, 630109666)
(2022, 32, 630112164)
(2022, 32, 630114666)
(2022, 32, 630117166)
(2022, 32, 630119665)
(2022, 32, 630122165)
(2022, 32, 630124663)
(2022, 32, 630127167)
(2022, 32, 630129665)
(2022, 32, 630132163)
(2022, 32, 630134665)
(2022, 32, 630137163)
(2022, 32, 630139664)
(2022, 32, 630142214)
(2022, 32, 630144711)
(2022, 32, 630147211)
(2022, 32, 630149711)
(2022, 32, 630152215)
(2022, 32, 630154710)
(2022, 32, 630157214)
(2022, 32, 630159710)
(2022, 32, 630162211)
(2022, 32, 630164711)
(2022, 32, 630167211)
(2022, 32, 630169714)
(2022, 32, 630172215)
(2022, 32, 630174713)
(2022, 32, 630177214)
(2022, 32, 630179711)
(2022, 32, 630182211)
(2022, 32, 630184709)
(2022, 32, 630187209)
(2022, 32, 630189713)
(2022, 32, 630192208)
(2022, 32, 630194709)
(2022, 32, 630197210)
(2022, 32, 630199714)
(2022, 32, 630202255)
(2022, 32, 630204755)
(2022, 32, 630207252)
(2022, 32, 630209758)
(2022, 32, 630212257)
(2022, 32, 630214757)
(2022, 32, 630217254)
(2022, 32, 630219753)
(2022, 32, 630222254)
(2022, 32, 630224755)
(2022, 32, 630227254)
(2022, 32, 630229755)
(2022, 32, 630232262)
(2022, 32, 630234758)
(2022, 32, 630237256)
(2022, 32, 630239756)
(2022, 32, 630242257)
(2022, 32, 630244753)
(2022, 32, 630247253)
(2022, 32, 630249755)
(2022, 32, 630252253)
(2022, 32, 630254754)
(2022, 32, 630257257)
(2022, 32, 630259757)
(2022, 32, 630262299)
(2022, 32, 630264803)
(2022, 32, 630267298)
(2022, 32, 630269801)
(2022, 32, 630272299)
(2022, 32, 630274800)
(2022, 32, 630277300)
(2022, 32, 630279799)
(2022, 32, 630282302)
(2022, 32, 630284800)
(2022, 32, 630287297)
(2022, 32, 630289799)
(2022, 32, 630292298)
(2022, 32, 630294803)
(2022, 32, 630297297)
(2022, 32, 630299801)
(2022, 32, 630302298)
(2022, 32, 630304797)
(2022, 32, 630307297)
(2022, 32, 630309799)
(2022, 32, 630312302)
(2022, 32, 630314799)
(2022, 32, 630317298)
(2022, 32, 630319797)
(2022, 32, 630322344)
(2022, 32, 630324842)
(2022, 32, 630327345)
(2022, 32, 630329843)
(2022, 32, 630332345)
(2022, 32, 630334845)
(2022, 32, 630337343)
(2022, 32, 630339848)
(2022, 32, 630342342)
(2022, 32, 630344843)
(2022, 32, 630347343)
(2022, 32, 630349843)
(2022, 32, 630352345)
(2022, 32, 630354844)
(2022, 32, 630357345)
(2022, 32, 630359844)
(2022, 32, 630362345)
(2022, 32, 630364848)
(2022, 32, 630367342)
(2022, 32, 630369844)
(2022, 32, 630372346)
(2022, 32, 630374846)
(2022, 32, 630377342)
(2022, 32, 630379844)
(2022, 32, 630382387)
(2022, 32, 630384889)
(2022, 32, 630387386)
(2022, 32, 630389884)
(2022, 32, 630392387)
(2022, 32, 630394887)
(2022, 32, 630397387)
(2022, 32, 630399884)
(2022, 32, 630402386)
(2022, 32, 630404887)
(2022, 32, 630407386)
(2022, 32, 630409885)
(2022, 32, 630412389)
(2022, 32, 630414884)
(2022, 32, 630417384)
(2022, 32, 630419885)
(2022, 32, 630422391)
(2022, 32, 630424886)
(2022, 32, 630427384)
(2022, 32, 630429889)
(2022, 32, 630432386)
(2022, 32, 630434885)
(2022, 32, 630437385)
(2022, 32, 630439884)
(2022, 32, 630442430)
(2022, 32, 630444929)
(2022, 32, 630447433)
(2022, 32, 630449931)
(2022, 32, 630452433)
(2022, 32, 630454930)
(2022, 32, 630457431)
(2022, 32, 630459937)
(2022, 32, 630462429)
(2022, 32, 630464932)
(2022, 32, 630467433)
(2022, 32, 630469933)
(2022, 32, 630472430)
(2022, 32, 630474933)
(2022, 32, 630477429)
(2022, 32, 630479932)
(2022, 32, 630482429)
(2022, 32, 630484929)
(2022, 32, 630487432)
(2022, 32, 630489932)
(2022, 32, 630492429)
(2022, 32, 630494932)
(2022, 32, 630497429)
(2022, 32, 630499929)
(2022, 32, 630502472)
(2022, 32, 630504972)
(2022, 32, 630507471)
(2022, 32, 630509973)
(2022, 32, 630512475)
(2022, 32, 630514974)
(2022, 32, 630517469)
(2022, 32, 630519971)
(2022, 32, 630522473)
(2022, 32, 630524973)
(2022, 32, 630527473)
(2022, 32, 630529973)
(2022, 32, 630532472)
(2022, 32, 630534972)
(2022, 32, 630537471)
(2022, 32, 630539970)
(2022, 32, 630542471)
(2022, 32, 630544971)
(2022, 32, 630547471)
(2022, 32, 630549972)
(2022, 32, 630552474)
(2022, 32, 630554971)
(2022, 32, 630557471)
(2022, 32, 630559971)
(2022, 32, 630562518)
(2022, 32, 630565021)
(2022, 32, 630567522)
(2022, 32, 630570017)
(2022, 32, 630572517)
(2022, 32, 630575020)
(2022, 32, 630577517)
(2022, 32, 630580016)
(2022, 32, 630582516)
(2022, 32, 630585015)
(2022, 32, 630587517)
(2022, 32, 630590018)
(2022, 32, 630592517)
(2022, 32, 630595017)
(2022, 32, 630597521)
(2022, 32, 630600016)
(2022, 32, 630602517)
(2022, 32, 630605018)
(2022, 32, 630607516)
(2022, 32, 630610015)
(2022, 32, 630612515)
(2022, 32, 630615018)
(2022, 32, 630617519)
(2022, 32, 630620017)
(2022, 32, 630622565)
(2022, 32, 630625061)
(2022, 32, 630627561)
(2022, 32, 630630063)
(2022, 32, 630632563)
(2022, 32, 630635063)
(2022, 32, 630637560)
(2022, 32, 630640061)
(2022, 32, 630642564)
(2022, 32, 630645060)
(2022, 32, 630647560)
(2022, 32, 630650060)
(2022, 32, 630652564)
(2022, 32, 630655061)
(2022, 32, 630657562)
(2022, 32, 630660061)
(2022, 32, 630662564)
(2022, 32, 630665061)
(2022, 32, 630667562)
(2022, 32, 630670060)
(2022, 32, 630672561)
(2022, 32, 630675066)
(2022, 32, 630677563)
(2022, 32, 630680061)
(2022, 32, 630682609)
(2022, 32, 630685109)
(2022, 32, 630687614)
(2022, 32, 630690112)
(2022, 32, 630692609)
(2022, 32, 630695109)
(2022, 32, 630697614)
(2022, 32, 630700108)
(2022, 32, 630702610)
(2022, 32, 630705111)
(2022, 32, 630707607)
(2022, 32, 630710110)
(2022, 32, 630712612)
(2022, 32, 630715111)
(2022, 32, 630717611)
(2022, 32, 630720110)
(2022, 32, 630722609)
(2022, 32, 630725110)
(2022, 32, 630727607)
(2022, 32, 630730108)
(2022, 32, 630732608)
(2022, 32, 630735111)
(2022, 32, 630737612)
(2022, 32, 630740107)
(2022, 32, 630742658)
(2022, 32, 630745157)
(2022, 32, 630747657)
(2022, 32, 630750159)
(2022, 32, 630752656)
(2022, 32, 630755158)
(2022, 32, 630757659)
(2022, 32, 630760156)
(2022, 32, 630762661)
(2022, 32, 630765159)
(2022, 32, 630767658)
(2022, 32, 630770157)
(2022, 32, 630772657)
(2022, 32, 630775156)
(2022, 32, 630777659)
(2022, 32, 630780157)
(2022, 32, 630782659)
(2022, 32, 630785156)
(2022, 32, 630787658)
(2022, 32, 630790159)
(2022, 32, 630792658)
(2022, 32, 630795157)
(2022, 32, 630797656)
(2022, 32, 630800155)
(2022, 32, 630802704)
(2022, 32, 630805201)
(2022, 32, 630807702)
(2022, 32, 630810201)
(2022, 32, 630812703)
(2022, 32, 630815201)
(2022, 32, 630817701)
(2022, 32, 630820202)
(2022, 32, 630822699)
(2022, 32, 630825203)
(2022, 32, 630827701)
(2022, 32, 630830199)
(2022, 32, 630832703)
(2022, 32, 630835205)
(2022, 32, 630837704)
(2022, 32, 630840203)
(2022, 32, 630842701)
(2022, 32, 630845202)
(2022, 32, 630847705)
(2022, 32, 630850199)
(2022, 32, 630852704)
(2022, 32, 630855200)
(2022, 32, 630857700)
(2022, 32, 630860200)
(2022, 32, 630862747)
(2022, 32, 630865244)
(2022, 32, 630867747)
(2022, 32, 630870246)
(2022, 32, 630872748)
(2022, 32, 630875245)
(2022, 32, 630877746)
(2022, 32, 630880245)
(2022, 32, 630882746)
(2022, 32, 630885247)
(2022, 32, 630887744)
(2022, 32, 630890250)
(2022, 32, 630892744)
(2022, 32, 630895246)
(2022, 32, 630897746)
(2022, 32, 630900247)
(2022, 32, 630902745)
(2022, 32, 630905249)
(2022, 32, 630907745)
(2022, 32, 630910249)
(2022, 32, 630912748)
(2022, 32, 630915244)
(2022, 32, 630917745)
(2022, 32, 630920249)
(2022, 32, 630922825)
(2022, 32, 630925325)
(2022, 32, 630927826)
(2022, 32, 630930324)
(2022, 32, 630932824)
(2022, 32, 630935325)
(2022, 32, 630937822)
(2022, 32, 630940324)
(2022, 32, 630942824)
(2022, 32, 630945326)
(2022, 32, 630947824)
(2022, 32, 630950326)
(2022, 32, 630952827)
(2022, 32, 630955329)
(2022, 32, 630957825)
(2022, 32, 630960323)
(2022, 32, 630962826)
(2022, 32, 630965324)
(2022, 32, 630967823)
(2022, 32, 630970322)
(2022, 32, 630972824)
(2022, 32, 630975322)
(2022, 32, 630977822)
(2022, 32, 630980324)
(2022, 32, 630982866)
(2022, 32, 630985366)
(2022, 32, 630987866)
(2022, 32, 630990368)
(2022, 32, 630992868)
(2022, 32, 630995368)
(2022, 32, 630997869)
(2022, 32, 631000369)
(2022, 32, 631002868)
(2022, 32, 631005366)
(2022, 32, 631007867)
(2022, 32, 631010372)
(2022, 32, 631012869)
(2022, 32, 631015368)
(2022, 32, 631017866)
(2022, 32, 631020364)
(2022, 32, 631022866)
(2022, 32, 631025368)
(2022, 32, 631027871)
(2022, 32, 631030372)
(2022, 32, 631032868)
(2022, 32, 631035368)
(2022, 32, 631037866)
(2022, 32, 631040366)
(2022, 32, 631042914)
(2022, 32, 631045416)
(2022, 32, 631047913)
(2022, 32, 631050412)
(2022, 32, 631052912)
(2022, 32, 631055412)
(2022, 32, 631057915)
(2022, 32, 631060411)
(2022, 32, 631062915)
(2022, 32, 631065412)
(2022, 32, 631067916)
(2022, 32, 631070413)
(2022, 32, 631072917)
(2022, 32, 631075414)
(2022, 32, 631077915)
(2022, 32, 631080412)
(2022, 32, 631082917)
(2022, 32, 631085413)
(2022, 32, 631087913)
(2022, 32, 631090415)
(2022, 32, 631092915)
(2022, 32, 631095417)
(2022, 32, 631097916)
(2022, 32, 631100413)
(2022, 32, 631102956)
(2022, 32, 631105453)
(2022, 32, 631107958)
(2022, 32, 631110455)
(2022, 32, 631112955)
(2022, 32, 631115457)
(2022, 32, 631117957)
(2022, 32, 631120454)
(2022, 32, 631122954)
(2022, 32, 631125458)
(2022, 32, 631127953)
(2022, 32, 631130454)
(2022, 32, 631132955)
(2022, 32, 631135453)
(2022, 32, 631137957)
(2022, 32, 631140454)
(2022, 32, 631142957)
(2022, 32, 631145457)
(2022, 32, 631147956)
(2022, 32, 631150455)
(2022, 32, 631152953)
(2022, 32, 631155453)
(2022, 32, 631157956)
(2022, 32, 631160455)
(2022, 32, 631163004)
(2022, 32, 631165501)
(2022, 32, 631168004)
(2022, 32, 631170500)
(2022, 32, 631173001)
(2022, 32, 631175501)
(2022, 32, 631178001)
(2022, 32, 631180500)
(2022, 32, 631183001)
(2022, 32, 631185504)
(2022, 32, 631188006)
(2022, 32, 631190500)
(2022, 32, 631193003)
(2022, 32, 631195502)
(2022, 32, 631198003)
(2022, 32, 631200503)
(2022, 32, 631203002)
(2022, 32, 631205505)
(2022, 32, 631208003)
(2022, 32, 631210504)
(2022, 32, 631213001)
(2022, 32, 631215507)
(2022, 32, 631218002)
(2022, 32, 631220502)
(2022, 32, 631223043)
(2022, 32, 631225546)
(2022, 32, 631228045)
(2022, 32, 631230546)
(2022, 32, 631233045)
(2022, 32, 631235545)
(2022, 32, 631238044)
(2022, 32, 631240546)
(2022, 32, 631243041)
(2022, 32, 631245544)
(2022, 32, 631248048)
(2022, 32, 631250548)
(2022, 32, 631253042)
(2022, 32, 631255543)
(2022, 32, 631258044)
(2022, 32, 631260542)
(2022, 32, 631263046)
(2022, 32, 631265543)
(2022, 32, 631268046)
(2022, 32, 631270547)
(2022, 32, 631273042)
(2022, 32, 631275542)
(2022, 32, 631278045)
(2022, 32, 631280546)
(2022, 32, 631283095)
(2022, 32, 631285590)
(2022, 32, 631288092)
(2022, 32, 631290590)
(2022, 32, 631293090)
(2022, 32, 631295593)
(2022, 32, 631298094)
(2022, 32, 631300593)
(2022, 32, 631303093)
(2022, 32, 631305591)
(2022, 32, 631308091)
(2022, 32, 631310591)
(2022, 32, 631313092)
(2022, 32, 631315592)
(2022, 32, 631318092)
(2022, 32, 631320595)
(2022, 32, 631323092)
(2022, 32, 631325593)
(2022, 32, 631328090)
(2022, 32, 631330593)
(2022, 32, 631333093)
(2022, 32, 631335591)
(2022, 32, 631338093)
(2022, 32, 631340593)
(2022, 32, 631343141)
(2022, 32, 631345641)
(2022, 32, 631348141)
(2022, 32, 631350642)
(2022, 32, 631353146)
(2022, 32, 631355645)
(2022, 32, 631358142)
(2022, 32, 631360642)
(2022, 32, 631363141)
(2022, 32, 631365643)
(2022, 32, 631368141)
(2022, 32, 631370639)
(2022, 32, 631373139)
(2022, 32, 631375644)
(2022, 32, 631378140)
(2022, 32, 631380643)
(2022, 32, 631383141)
(2022, 32, 631385640)
(2022, 32, 631388140)
(2022, 32, 631390645)
(2022, 32, 631393143)
(2022, 32, 631395643)
(2022, 32, 631398140)
(2022, 32, 631400639)
(2022, 32, 631403189)
(2022, 32, 631405687)
(2022, 32, 631408189)
(2022, 32, 631410689)
(2022, 32, 631413189)
(2022, 32, 631415687)
(2022, 32, 631418192)
(2022, 32, 631420687)
(2022, 32, 631423188)
(2022, 32, 631425685)
(2022, 32, 631428188)
(2022, 32, 631430688)
(2022, 32, 631433189)
(2022, 32, 631435688)
(2022, 32, 631438187)
(2022, 32, 631440687)
(2022, 32, 631443191)
(2022, 32, 631445691)
(2022, 32, 631448186)
(2022, 32, 631450686)
(2022, 32, 631453189)
(2022, 32, 631455689)
(2022, 32, 631458191)
(2022, 32, 631460686)
(2022, 32, 631463234)
(2022, 32, 631465735)
(2022, 32, 631468234)
(2022, 32, 631470734)
(2022, 32, 631473235)
(2022, 32, 631475736)
(2022, 32, 631478238)
(2022, 32, 631480736)
(2022, 32, 631483235)
(2022, 32, 631485734)
(2022, 32, 631488235)
(2022, 32, 631490739)
(2022, 32, 631493234)
(2022, 32, 631495734)
(2022, 32, 631498233)
(2022, 32, 631500733)
(2022, 32, 631503235)
(2022, 32, 631505734)
(2022, 32, 631508236)
(2022, 32, 631510734)
(2022, 32, 631513233)
(2022, 32, 631515733)
(2022, 32, 631518235)
(2022, 32, 631520734)
(2022, 32, 631523279)
(2022, 32, 631525780)
(2022, 32, 631528278)
(2022, 32, 631530778)
(2022, 32, 631533277)
(2022, 32, 631535776)
(2022, 32, 631538276)
(2022, 32, 631540774)
(2022, 32, 631543281)
(2022, 32, 631545777)
(2022, 32, 631548275)
(2022, 32, 631550778)
(2022, 32, 631553276)
(2022, 32, 631555777)
(2022, 32, 631558278)
(2022, 32, 631560776)
(2022, 32, 631563277)
(2022, 32, 631565776)
(2022, 32, 631568275)
(2022, 32, 631570776)
(2022, 32, 631573278)
(2022, 32, 631575776)
(2022, 32, 631578277)
(2022, 32, 631580776)
(2022, 32, 631583323)
(2022, 32, 631585820)
(2022, 32, 631588320)
(2022, 32, 631590821)
(2022, 32, 631593321)
(2022, 32, 631595820)
(2022, 32, 631598321)
(2022, 32, 631600820)
(2022, 32, 631603321)
(2022, 32, 631605821)
(2022, 32, 631608321)
(2022, 32, 631610820)
(2022, 32, 631613320)
(2022, 32, 631615822)
(2022, 32, 631618325)
(2022, 32, 631620820)
(2022, 32, 631623325)
(2022, 32, 631625821)
(2022, 32, 631628322)
(2022, 32, 631630820)
(2022, 32, 631633323)
(2022, 32, 631635821)
(2022, 32, 631638321)
(2022, 32, 631640821)
(2022, 32, 631643372)
(2022, 32, 631645870)
(2022, 32, 631648367)
(2022, 32, 631650869)
(2022, 32, 631653368)
(2022, 32, 631655867)
(2022, 32, 631658369)
(2022, 32, 631660866)
(2022, 32, 631663367)
(2022, 32, 631665868)
(2022, 32, 631668367)
(2022, 32, 631670867)
(2022, 32, 631673370)
(2022, 32, 631675866)
(2022, 32, 631678367)
(2022, 32, 631680868)
(2022, 32, 631683366)
(2022, 32, 631685869)
(2022, 32, 631688368)
(2022, 32, 631690867)
(2022, 32, 631693371)
(2022, 32, 631695868)
(2022, 32, 631698368)
(2022, 32, 631700866)
(2022, 32, 631703417)
(2022, 32, 631705916)
(2022, 32, 631708412)
(2022, 32, 631710914)
(2022, 32, 631713413)
(2022, 32, 631715912)
(2022, 32, 631718412)
(2022, 32, 631720917)
(2022, 32, 631723411)
(2022, 32, 631725914)
(2022, 32, 631728414)
(2022, 32, 631730915)
(2022, 32, 631733413)
(2022, 32, 631735912)
(2022, 32, 631738414)
(2022, 32, 631740916)
(2022, 32, 631743411)
(2022, 32, 631745914)
(2022, 32, 631748412)
(2022, 32, 631750912)
(2022, 32, 631753413)
(2022, 32, 631755912)
(2022, 32, 631758416)
(2022, 32, 631760918)
(2022, 32, 631763462)
(2022, 32, 631765958)
(2022, 32, 631768459)
(2022, 32, 631770958)
(2022, 32, 631773458)
(2022, 32, 631775959)
(2022, 32, 631778459)
(2022, 32, 631780956)
(2022, 32, 631783456)
(2022, 32, 631785957)
(2022, 32, 631788459)
(2022, 32, 631790958)
(2022, 32, 631793459)
(2022, 32, 631795959)
(2022, 32, 631798458)
(2022, 32, 631800959)
(2022, 32, 631803460)
(2022, 32, 631805958)
(2022, 32, 631808459)
(2022, 32, 631810957)
(2022, 32, 631813458)
(2022, 32, 631815958)
(2022, 32, 631818460)
(2022, 32, 631820958)
(2022, 32, 631823511)
(2022, 32, 631826010)
(2022, 32, 631828508)
(2022, 32, 631831007)
(2022, 32, 631833506)
(2022, 32, 631836007)
(2022, 32, 631838506)
(2022, 32, 631841006)
(2022, 32, 631843507)
(2022, 32, 631846007)
(2022, 32, 631848507)
