-14.910001526
-12.710001526
-10.468001526
-8.3590015259
-6.9450015259
-6.1230015259
-5.2420015259
-5.8730015259
-7.9850015259
-8.0380015259
-7.3420015259
-7.2790015259
-5.7500015259
-5.5450015259
-5.3210015259
-5.0510015259
-4.9970015259
-4.2920015259
-4.0630015259
-4.7370015259
-5.4150015259
-5.0980015259
-5.6950015259
-6.9030015259
-7.9970015259
-8.6840015259
-9.0770015259
-7.9870015259
-6.8870015259
-7.1070015259
-5.7430015259
-5.9000015259
-5.0260015259
-5.6880015259
-5.8170015259
-7.3440015259
-7.9440015259
-8.0110015259
-8.4220015259
-7.1980015259
-5.6490015259
-4.5660015259
-3.6630015259
-2.9970015259
-3.1260015259
-4.2240015259
-4.9870015259
-4.8820015259
-4.9790015259
-5.0950015259
-5.5530015259
-5.6720015259
-7.1260015259
-7.1410015259
-8.2050015259
-8.0280015259
-7.4340015259
-6.7160015259
-7.1980015259
-8.1340015259
-7.9290015259
-7.3820015259
-6.2390015259
-5.8140015259
-5.5550015259
-5.5430015259
-5.3100015259
-4.1260015259
-3.0700015259
-2.4580015259
-2.9680015259
-4.5420015259
-6.1620015259
-5.9200015259
-5.9660015259
-5.6580015259
-4.5010015259
-3.3410015259
-2.6160015259
-3.2420015259
-4.6150015259
-6.0160015259
-6.4620015259
-5.3960015259
-5.9420015259
-5.9170015259
-5.8910015259
-7.0830015259
-7.3820015259
-7.2320015259
-7.0790015259
-7.1340015259
-6.7210015259
-6.2970015259
-7.0270015259
-7.2620015259
-6.8890015259
-7.7690015259
-8.7990015259
-9.2590015259
-8.2550015259
-8.8580015259
-9.3120015259
-8.3290015259
-7.5140015259
-7.6940015259
-7.7790015259
-7.8560015259
-8.0260015259
-8.5700015259
-9.2670015259
-9.1110015259
-8.6670015259
-8.6790015259
-8.1890015259
-8.3160015259
-8.7430015259
-8.5410015259
-8.3280015259
-8.4330015259
-8.8510015259
-8.2610015259
-9.0280015259
-9.2960015259
-8.8280015259
-8.3660015259
-7.3330015259
-6.4720015259
-6.6120015259
-6.3200015259
-6.5690015259
-7.0050015259
-8.5730015259
-12.302001526
-14.612001526
-15.262001526
-17.039001526
-16.949001526
-15.730001526
-15.707001526
-16.691001526
-17.217001526
-15.023001526
-14.067001526
-14.419001526
-16.604001526
-17.224001526
-17.241001526
-16.176001526
-15.113001526
-15.166001526
-15.320001526
-15.509001526
-14.706001526
-14.337001526
-13.473001526
-14.156001526
-14.841001526
-14.262001526
-14.607001526
-15.101001526
-14.819001526
-13.861001526
-13.827001526
-14.227001526
-16.137001526
-14.861001526
-13.121001526
-14.020001526
-13.503001526
-11.207001526
-12.008001526
-11.198001526
-10.061001526
-12.418001526
-12.037001526
-11.724001526
-9.9890015259
-8.7030015259
-7.9610015259
-7.9520015259
-7.4860015259
-7.0110015259
-7.5000015259
-7.5410015259
-7.2370015259
-6.8130015259
-6.7180015259
-6.9880015259
-7.6660015259
-7.5650015259
-6.6140015259
-6.9220015259
-7.2880015259
-6.8290015259
-6.9900015259
-7.2680015259
-7.3530015259
-7.5180015259
-7.2450015259
-6.8720015259
-6.4950015259
-6.1690015259
-6.3360015259
-6.6310015259
-6.4870015259
-6.1320015259
-6.6700015259
-7.0910015259
-7.0770015259
-6.5320015259
-5.7430015259
-6.4620015259
-5.8120015259
-5.6600015259
-5.4970015259
-6.2600015259
-6.9940015259
-7.0240015259
-7.2060015259
-7.5110015259
-7.4560015259
-7.6450015259
-8.3080015259
-8.3270015259
-7.1300015259
-6.6220015259
-6.9370015259
-6.7350015259
-6.3540015259
-6.7010015259
-7.0490015259
-6.7930015259
-6.9790015259
-7.5870015259
-7.5610015259
-7.7910015259
-7.8600015259
-7.4210015259
-7.3980015259
-7.8540015259
-7.7990015259
-7.6040015259
-8.2170015259
-8.6870015259
-8.5590015259
-8.8070015259
-8.8760015259
-8.2470015259
-7.9180015259
-8.4800015259
-8.3580015259
-7.3660015259
-6.8250015259
-6.7450015259
-6.5480015259
-6.7570015259
-7.5130015259
-6.6850015259
-6.3560015259
-6.8880015259
-7.5220015259
-7.3880015259
-6.4980015259
-5.9770015259
-6.1060015259
-6.1670015259
-6.0770015259
-6.3250015259
-6.3010015259
-6.7670015259
-6.7670015259
-6.1980015259
-5.5660015259
-5.3280015259
-5.2300015259
-5.2180015259
-6.0410015259
-7.0530015259
-6.2840015259
-5.4100015259
-5.5280015259
-6.1080015259
-5.8540015259
-5.8720015259
-6.3700015259
-7.0100015259
-4.7980015259
-1.8890015259
-1.6510015259
-3.7080015259
-5.3970015259
-4.8580015259
-4.8520015259
-4.8230015259
-4.8920015259
-5.3780015259
-5.6020015259
-5.7070015259
-5.9140015259
-7.1170015259
-7.3440015259
-8.6600015259
-7.6450015259
-7.4570015259
-8.3360015259
-7.9440015259
-8.2450015259
-8.6620015259
-9.6130015259
-10.436001526
-9.8700015259
-8.8160015259
-8.9450015259
-9.7070015259
-9.7550015259
-9.0760015259
-8.4390015259
-8.1530015259
-8.9790015259
-9.4590015259
-9.3920015259
-8.7050015259
-8.2850015259
-7.3980015259
-6.6350015259
-6.6700015259
-7.4250015259
-7.9470015259
-7.8700015259
-8.0510015259
-7.7400015259
-7.3350015259
-7.9120015259
-8.2460015259
-8.4620015259
-7.9220015259
-7.6900015259
-8.6050015259
-8.9170015259
-8.4110015259
-8.6150015259
-8.8420015259
-8.9580015259
-8.7320015259
-8.7200015259
-8.5110015259
-7.8280015259
-8.0070015259
-7.6380015259
-6.2190015259
-5.7020015259
-5.3440015259
-5.1900015259
-5.3400015259
-5.8200015259
-6.2690015259
-6.6390015259
-6.3870015259
-6.5840015259
-6.2360015259
-7.3900015259
-7.4440015259
-7.2650015259
-9.0480015259
-8.5270015259
-8.4580015259
-7.7550015259
-6.3970015259
-6.1040015259
-6.5200015259
-7.6460015259
-9.2480015259
-8.5760015259
-8.5090015259
-8.8680015259
-8.2540015259
-7.4030015259
-7.1840015259
-7.5250015259
-8.0480015259
-8.0770015259
-7.5870015259
-7.7320015259
-8.5100015259
-8.4320015259
-7.9330015259
-8.1390015259
-8.7150015259
-8.5140015259
-8.9420015259
-9.1450015259
-9.2870015259
-9.2210015259
-8.2160015259
-6.9830015259
-5.6860015259
-5.5510015259
-6.2090015259
-6.6200015259
-7.1470015259
-7.7030015259
-7.6340015259
-7.4330015259
-7.5720015259
-7.3420015259
-7.0440015259
-6.8810015259
-6.3090015259
-5.8160015259
-6.3200015259
-6.9120015259
-6.8480015259
-6.2500015259
-5.9700015259
-6.3690015259
-6.8200015259
-7.2520015259
-7.7050015259
-7.7990015259
-7.7630015259
-7.7770015259
-7.4420015259
-7.5920015259
-8.4200015259
-8.7950015259
-8.7060015259
-8.9730015259
-9.4080015259
-9.9460015259
-10.307001526
-9.9120015259
-9.3440015259
-9.4570015259
-9.8690015259
-9.7760015259
-9.4070015259
-8.5790015259
-8.2580015259
-8.1540015259
-7.7060015259
-6.7270015259
-5.1820015259
-3.7480015259
-2.0110015259
-0.62500152588
-0.063001525879
0.067998474121
0.024998474121
0.0019984741211
-0.14100152588
-0.33700152588
-0.83300152588
-1.6710015259
-2.9470015259
-4.1510015259
-4.5970015259
-4.9350015259
-5.7600015259
-6.6270015259
-7.1270015259
-7.1510015259
-6.6810015259
-6.6800015259
-8.0380015259
-9.2220015259
-9.5920015259
-9.3580015259
-9.0580015259
-8.6030015259
-8.7250015259
-9.0760015259
-7.8720015259
-7.4670015259
-8.4780015259
-8.9300015259
-9.9290015259
-11.387001526
-12.197001526
-12.434001526
-12.211001526
-9.4930015259
-9.3300015259
-9.5060015259
-10.601001526
-12.327001526
-18.242001526
-19.485001526
-17.555001526
-15.212001526
-17.275001526
-20.440001526
-23.053001526
-22.321001526
-27.714001526
-37.453001526
-39.438001526
-37.026001526
-36.638001526
-37.927001526
-39.589001526
-40.827001526
-38.123001526
-37.745001526
-37.661001526
-36.640001526
-34.679001526
-31.905001526
-31.082001526
-28.879001526
-27.552001526
-27.056001526
-27.522001526
-28.241001526
-28.096001526
-26.510001526
-24.087001526
-23.202001526
-24.462001526
-25.923001526
-27.846001526
-27.132001526
-25.871001526
-24.747001526
-23.931001526
-23.399001526
-22.008001526
-22.124001526
-22.038001526
-22.546001526
-22.179001526
-23.695001526
-24.277001526
-26.559001526
-25.592001526
-24.497001526
-24.537001526
-22.887001526
-20.578001526
-18.123001526
-17.213001526
-16.483001526
-16.203001526
-15.977001526
-15.995001526
-16.594001526
-16.820001526
-16.662001526
-16.813001526
-17.439001526
-18.001001526
-16.435001526
-15.982001526
-15.263001526
-15.755001526
-15.621001526
-16.200001526
-15.319001526
-14.662001526
-14.537001526
-13.173001526
-11.994001526
-11.593001526
-10.611001526
-10.981001526
-11.400001526
-10.784001526
-11.230001526
-11.849001526
-11.940001526
-11.470001526
-10.420001526
-11.414001526
-11.111001526
-10.391001526
-10.992001526
-10.781001526
-10.863001526
-10.836001526
-7.2580015259
-6.2930015259
-5.9360015259
-6.3780015259
-6.2590015259
-7.6020015259
-7.9230015259
-7.3550015259
-6.8550015259
-8.2840015259
-8.0270015259
-7.1830015259
-6.9230015259
-6.4260015259
-6.4250015259
-6.8570015259
-7.0910015259
-6.1830015259
-6.1390015259
-6.9150015259
-8.5990015259
-8.5960015259
-7.3200015259
-6.6480015259
-6.5240015259
-5.9500015259
-6.0350015259
-6.8660015259
-8.4660015259
-8.8030015259
-8.3210015259
-8.5820015259
-8.1000015259
-7.7760015259
-7.0650015259
-7.0450015259
-7.0270015259
-7.2950015259
-7.2480015259
-7.9340015259
-7.9400015259
-8.3980015259
-9.0650015259
-9.7280015259
-10.180001526
-10.526001526
-9.3320015259
-7.9500015259
-7.7500015259
-7.4630015259
-7.2660015259
-7.3190015259
-7.5330015259
-8.6210015259
-8.5750015259
-8.7870015259
-9.6760015259
-8.9460015259
-8.9140015259
-8.8480015259
-8.1220015259
-8.9130015259
-8.7450015259
-8.9700015259
-10.192001526
-9.3860015259
-9.6070015259
-9.6760015259
-9.3370015259
-9.4800015259
-9.7220015259
-9.6180015259
-10.009001526
-10.147001526
-10.957001526
-11.787001526
-12.519001526
-11.519001526
-10.833001526
-10.775001526
-10.964001526
-11.307001526
-11.695001526
-11.533001526
-11.272001526
-10.640001526
-10.463001526
-9.3290015259
-8.9630015259
-8.5350015259
-8.0720015259
-8.2650015259
-7.6630015259
-8.4730015259
-8.4110015259
-8.0250015259
-7.2490015259
-6.5020015259
-5.6780015259
-6.1560015259
-6.3520015259
-7.0530015259
-6.1940015259
-6.1360015259
-5.7430015259
-5.8600015259
-6.0130015259
-6.0860015259
-6.2070015259
-6.9020015259
-7.0930015259
-7.8460015259
-7.9030015259
-8.6750015259
-9.1370015259
-7.8610015259
-8.2060015259
-7.7510015259
-6.5950015259
-6.4840015259
-5.6460015259
-5.2780015259
-5.3280015259
-5.1950015259
-4.7540015259
-4.6020015259
-4.7120015259
-5.0770015259
-5.6410015259
-6.1910015259
-6.8060015259
-6.5510015259
-5.8390015259
-5.7320015259
-5.4180015259
-5.7080015259
-5.5330015259
-5.3070015259
-5.5300015259
-5.7130015259
-6.1000015259
-6.3530015259
-5.6200015259
-5.2100015259
-5.0480015259
-4.6770015259
-4.3950015259
-4.6920015259
-4.0290015259
-3.8600015259
-4.7000015259
-4.3450015259
-4.0670015259
-3.8960015259
-4.6360015259
-4.7760015259
-5.4100015259
-5.2720015259
-5.7120015259
-6.6120015259
-6.6510015259
-6.6280015259
-7.6620015259
-8.2730015259
-7.9750015259
-7.5670015259
-9.2280015259
-9.3540015259
-9.1070015259
-9.3170015259
-8.2570015259
-7.4650015259
-7.5130015259
-7.9320015259
-8.9700015259
-8.3670015259
-7.6640015259
-8.0530015259
-8.3890015259
-7.8210015259
-6.9920015259
-6.9510015259
-6.8670015259
-8.5550015259
-8.1430015259
-7.5510015259
-8.0150015259
-7.9740015259
-7.5800015259
-5.9750015259
-5.7970015259
-5.5190015259
-5.9600015259
-5.7120015259
-5.6600015259
-5.5770015259
-5.1120015259
-5.5770015259
-5.9830015259
-6.6870015259
-7.1780015259
-6.9540015259
-7.3810015259
-7.8320015259
-6.9850015259
-7.1420015259
-7.8890015259
-7.9770015259
-8.3460015259
-9.2480015259
-9.6100015259
-9.1420015259
-9.4020015259
-9.5920015259
-9.3270015259
-9.0800015259
-9.4120015259
-8.5270015259
-8.9350015259
-9.9940015259
-9.7360015259
-9.5160015259
-10.011001526
-8.6640015259
-8.2460015259
-6.4020015259
-5.3860015259
-5.8490015259
-5.7360015259
-6.1810015259
-6.0010015259
-6.3500015259
-7.3030015259
-7.6240015259
-6.6660015259
-7.4280015259
-7.5830015259
-7.7750015259
-7.7270015259
-7.6540015259
-7.6310015259
-7.9760015259
-7.6560015259
-7.3730015259
-7.3570015259
-7.6320015259
-6.8670015259
-6.3330015259
-7.4010015259
-7.8080015259
-7.8900015259
-7.9830015259
-7.5670015259
-7.0630015259
-6.6200015259
-6.9140015259
-6.7650015259
-6.9170015259
-7.1690015259
-7.0630015259
-6.9850015259
-7.6600015259
-7.2310015259
-6.8790015259
-7.2560015259
-6.9240015259
-6.7390015259
-6.7500015259
-6.5640015259
-6.7680015259
-6.7370015259
-7.2080015259
-7.6480015259
-7.7320015259
-7.5080015259
-8.1770015259
-8.9780015259
-8.6990015259
-8.1730015259
-8.7690015259
-9.2540015259
-8.6300015259
-8.6290015259
-8.5170015259
-7.9980015259
-7.7910015259
-7.1240015259
-6.7580015259
-7.2170015259
-7.2030015259
-7.6180015259
-7.5210015259
-7.2400015259
-7.5350015259
-8.3200015259
-8.6240015259
-8.8730015259
-8.8700015259
-8.5510015259
-8.5870015259
-9.3430015259
-9.8340015259
-10.417001526
-10.855001526
-9.7420015259
-9.0920015259
-8.8530015259
-8.1080015259
-8.0300015259
-8.3850015259
-8.3860015259
-8.3030015259
-8.5990015259
-7.9320015259
-7.5580015259
-7.4850015259
-6.6910015259
-6.0420015259
-6.0780015259
-6.0830015259
-6.4250015259
-6.3260015259
-6.3330015259
-7.3440015259
-8.7570015259
-8.9170015259
-8.9080015259
-9.7660015259
-10.050001526
-9.1370015259
-8.4060015259
-8.0840015259
-8.1440015259
-7.8960015259
-7.1940015259
-6.5990015259
-7.3090015259
-7.8430015259
-9.4600015259
-11.417001526
-11.604001526
-10.198001526
-9.6480015259
-9.0080015259
-9.1800015259
-9.3450015259
-9.7780015259
-9.9450015259
-9.4440015259
-9.8340015259
-9.4580015259
-8.0710015259
-7.7230015259
-8.3660015259
-8.4870015259
-7.3770015259
-7.5050015259
-6.6920015259
-5.8370015259
-5.7400015259
-6.1820015259
-6.7380015259
-6.3990015259
-6.1460015259
-6.4810015259
-7.5990015259
-7.6040015259
-7.9380015259
-8.4590015259
-8.0410015259
-7.8080015259
-8.0990015259
-8.2890015259
-7.4890015259
-7.9800015259
-8.8080015259
-8.9630015259
-9.3730015259
-9.8140015259
-10.115001526
-12.027001526
-11.557001526
-10.159001526
-8.6260015259
-7.7360015259
-7.4160015259
-7.1570015259
-6.6770015259
-5.8930015259
-5.2860015259
-5.8530015259
-7.4360015259
-7.5240015259
-7.1080015259
-6.6160015259
-7.2430015259
-6.9910015259
-6.8650015259
-6.5820015259
-5.7600015259
-6.1770015259
-6.9570015259
-6.9990015259
-7.3450015259
-7.8760015259
-8.2850015259
-8.4850015259
-8.8020015259
-9.2830015259
-9.4930015259
-9.4410015259
-9.4210015259
-9.7230015259
-9.0150015259
-8.9950015259
-8.3460015259
-8.5640015259
-8.5490015259
-8.1800015259
-8.6230015259
-8.2410015259
-8.4150015259
-8.5440015259
-9.7560015259
-10.411001526
-9.8930015259
-9.3830015259
-8.6340015259
-7.8620015259
-7.9670015259
-7.6870015259
-6.7560015259
-6.0880015259
-6.2660015259
-6.8080015259
-7.1150015259
-7.5020015259
-8.1290015259
-8.4920015259
-8.5420015259
-8.3590015259
-8.4500015259
-8.1910015259
-7.8440015259
-7.4280015259
-7.9710015259
-8.9900015259
-9.5510015259
-9.9180015259
-10.715001526
-11.637001526
-10.668001526
-11.804001526
-11.535001526
-10.691001526
-10.587001526
-9.7050015259
-8.5460015259
-8.4080015259
-8.2710015259
-9.0710015259
-9.3630015259
-9.6150015259
-10.530001526
-10.899001526
-10.437001526
-10.653001526
-9.9360015259
-9.8000015259
-9.4100015259
-8.9040015259
-8.9900015259
-9.6230015259
-9.1430015259
-8.8460015259
-8.3890015259
-8.1850015259
-7.7440015259
-7.0360015259
-7.2920015259
-7.6840015259
-7.2510015259
-6.8180015259
-6.6950015259
-5.9330015259
-6.2020015259
-6.5130015259
-6.4090015259
-6.6100015259
-7.2520015259
-7.6540015259
-7.9850015259
-7.6470015259
-7.2510015259
-6.9130015259
-6.5870015259
-6.4840015259
-6.4120015259
-5.6380015259
-5.9440015259
-6.6960015259
-7.1090015259
-7.3670015259
-6.7800015259
-6.2940015259
-6.3210015259
-6.2950015259
-6.4510015259
-6.7450015259
-6.6250015259
-6.4390015259
-6.5350015259
-6.9580015259
-7.5950015259
-7.1940015259
-6.7760015259
-7.1710015259
-8.3000015259
-8.1350015259
-7.9410015259
-9.2040015259
-8.6720015259
-7.9030015259
-7.4780015259
-7.3060015259
-6.8610015259
-6.4270015259
-6.2670015259
-6.4000015259
-6.0200015259
-6.7130015259
-7.9330015259
-8.7730015259
-8.5890015259
-10.010001526
-10.503001526
-10.883001526
-10.397001526
-9.4730015259
-9.0260015259
-9.6930015259
-9.4770015259
-9.7560015259
-10.348001526
-10.594001526
-10.317001526
-8.9680015259
-7.9260015259
-7.7870015259
-8.5040015259
-8.7950015259
-8.8830015259
-9.3490015259
-9.0180015259
-9.6080015259
-9.7730015259
-9.5350015259
-9.1790015259
-10.592001526
-10.052001526
-9.7710015259
-8.6100015259
-7.8880015259
-7.6090015259
-7.7580015259
-8.0570015259
-7.8460015259
-8.0660015259
-7.6310015259
-7.7570015259
-8.0950015259
-8.0550015259
-8.7630015259
-8.6190015259
-8.2190015259
-7.9350015259
-7.1410015259
-6.9900015259
-6.7120015259
-7.5890015259
-7.7820015259
-7.9800015259
-8.0470015259
-8.2650015259
-6.9700015259
-8.2150015259
-7.9000015259
-8.2140015259
-8.5890015259
-8.8940015259
-8.3880015259
-7.6210015259
-7.3510015259
-7.3380015259
-6.9800015259
-6.7440015259
-6.7180015259
-6.5590015259
-6.5730015259
-6.8850015259
-6.5990015259
-6.5460015259
-6.7130015259
-6.8310015259
-6.7250015259
-6.3160015259
-6.3350015259
-6.5650015259
-7.1820015259
-7.8050015259
-8.0100015259
-7.7100015259
-7.7710015259
-7.8190015259
-7.6510015259
-7.5050015259
-8.4670015259
-7.9260015259
-8.4730015259
-8.6820015259
-8.6480015259
-8.4510015259
-7.5090015259
-7.1670015259
-7.0000015259
-7.3580015259
-8.3390015259
-7.8360015259
-8.8490015259
-8.5080015259
-9.0220015259
-7.8660015259
-8.0630015259
-8.8500015259
-9.6900015259
-10.210001526
-9.7950015259
-9.6110015259
-8.8580015259
-8.8080015259
-8.4100015259
-8.1340015259
-8.3670015259
-8.0720015259
-8.3920015259
-8.1200015259
-8.4850015259
-9.0880015259
-8.4280015259
-8.1570015259
-7.8790015259
-7.7740015259
-7.7840015259
-8.1020015259
-8.1200015259
-9.1890015259
-8.4730015259
-8.3510015259
-8.4620015259
-8.3620015259
-8.4820015259
-8.5180015259
-9.2060015259
-8.7910015259
-8.4310015259
-8.4170015259
-8.3930015259
-7.7180015259
-6.7280015259
-6.2810015259
-6.4190015259
-6.6310015259
-7.8260015259
-9.5160015259
-8.8010015259
-7.7370015259
-8.3320015259
-7.7460015259
-6.8530015259
-7.1380015259
-7.6190015259
-8.5100015259
-9.1770015259
-9.3620015259
-9.5550015259
-8.9000015259
-7.9940015259
-8.0510015259
-8.5840015259
-8.6290015259
-9.2090015259
-9.8150015259
-9.9740015259
-9.4610015259
-9.6100015259
-9.9740015259
-9.8200015259
-9.5350015259
-9.0830015259
-8.9380015259
-9.7710015259
-9.6990015259
-9.7690015259
-10.294001526
-10.830001526
-11.081001526
-12.166001526
-12.229001526
-11.495001526
-11.644001526
-11.038001526
-10.171001526
-10.287001526
-10.374001526
-10.264001526
-9.3660015259
-8.3760015259
-8.8280015259
-8.7360015259
-8.6110015259
-8.3140015259
-8.1980015259
-7.6040015259
-5.9330015259
-5.5700015259
-5.4270015259
-5.5890015259
-5.8540015259
-6.4170015259
-6.7540015259
-7.7790015259
-9.1350015259
-9.5690015259
-8.9680015259
-8.2120015259
-7.5010015259
-7.1400015259
-7.1430015259
-7.4300015259
-7.4920015259
-7.6860015259
-7.5580015259
-7.6170015259
-8.1440015259
-8.4580015259
-8.3960015259
-7.9010015259
-8.1920015259
-8.2850015259
-8.5910015259
-8.1770015259
-7.7480015259
-8.4600015259
-8.7530015259
-8.5180015259
-8.1530015259
-7.6920015259
-7.9990015259
-7.8020015259
-7.9520015259
-7.9050015259
-7.2420015259
-7.5700015259
-7.1430015259
-6.6060015259
-6.3500015259
-6.0880015259
-6.1100015259
-6.5590015259
-6.2960015259
-7.5570015259
-7.4310015259
-6.5390015259
-7.1440015259
-6.8850015259
-6.7950015259
-6.3880015259
-7.2480015259
-8.0110015259
-7.5260015259
-8.4440015259
-8.5030015259
-8.0660015259
-8.3900015259
-8.8830015259
-7.7730015259
-7.3020015259
-7.6870015259
-7.4250015259
-7.9200015259
-8.2970015259
-8.1360015259
-8.5670015259
-9.1770015259
-9.3310015259
-8.9370015259
-9.7710015259
-9.7290015259
-10.238001526
-9.6970015259
-9.2070015259
-8.5840015259
-8.1120015259
-8.5080015259
-8.9590015259
-10.643001526
-11.066001526
-11.205001526
-9.6730015259
-10.416001526
-9.5210015259
-10.393001526
-10.051001526
-9.9760015259
-9.7590015259
-8.8000015259
-9.0700015259
-9.2330015259
-8.7020015259
-9.0690015259
-8.4070015259
-8.0930015259
-7.7560015259
-7.4800015259
-7.4780015259
-7.1940015259
-7.6950015259
-7.3920015259
-6.9240015259
-8.0120015259
-8.0680015259
-7.8310015259
-7.1660015259
-7.1710015259
-7.0480015259
-7.0360015259
-7.3270015259
-7.6570015259
-8.2770015259
-7.4110015259
-6.5080015259
-5.5850015259
-5.7690015259
-6.2780015259
-6.2280015259
-6.1840015259
-7.3250015259
-8.2800015259
-7.0700015259
-6.4250015259
-7.2860015259
-7.9420015259
-8.1940015259
-7.8850015259
-7.3480015259
-6.8090015259
-6.3250015259
-6.5520015259
-5.7800015259
-6.1900015259
-7.0750015259
-7.5330015259
-8.1340015259
-8.7500015259
-8.8470015259
-8.0840015259
-8.9980015259
-8.7860015259
-9.2280015259
-9.7310015259
-8.9930015259
-9.2600015259
-9.0070015259
-8.4720015259
-7.6750015259
-7.1570015259
-5.7770015259
-5.3950015259
-5.5680015259
-5.9750015259
-6.2230015259
-6.2010015259
-6.1420015259
-6.3710015259
-6.3500015259
-6.7550015259
-7.4480015259
-8.0840015259
-9.2800015259
-9.3340015259
-8.5690015259
-8.4250015259
-8.3490015259
-7.9570015259
-7.4250015259
-7.3150015259
-6.5870015259
-6.3210015259
-6.6310015259
-6.7020015259
-5.8510015259
-6.6220015259
-6.8400015259
-6.9860015259
-8.2610015259
-9.4660015259
-10.413001526
-10.708001526
-10.142001526
-9.1430015259
-7.8380015259
-7.4400015259
-7.5790015259
-7.4140015259
-7.1490015259
-6.5740015259
-6.8690015259
-6.9810015259
-7.0630015259
-7.3670015259
-7.1910015259
-6.7080015259
-6.6930015259
-6.2780015259
-5.7140015259
-6.1270015259
-6.4130015259
-5.8700015259
-6.0110015259
-6.5970015259
-6.8200015259
-7.4960015259
-7.9100015259
-8.5610015259
-8.5410015259
-8.5050015259
-8.3560015259
-8.6830015259
-8.7840015259
-9.4990015259
-9.1260015259
-9.3060015259
-8.9880015259
-8.6830015259
-8.2240015259
-8.2730015259
-7.6510015259
-7.1630015259
-6.9070015259
-6.5590015259
-6.6470015259
-7.1380015259
-7.7840015259
-8.1270015259
-7.5900015259
-8.1850015259
-5.0310015259
-8.5520015259
-5.6930015259
-9.3350015259
-4.0530015259
-4.6510015259
-7.8380015259
-9.4820015259
-9.8540015259
-10.183001526
-10.474001526
-10.253001526
-10.061001526
-8.2540015259
-8.8010015259
-9.7860015259
-9.8440015259
-9.8850015259
-9.9160015259
-8.2980015259
-8.0550015259
-8.0840015259
-7.8940015259
-7.2630015259
-7.1690015259
-7.3730015259
-7.5490015259
-8.7350015259
-9.5530015259
-9.9890015259
-9.4890015259
-8.8800015259
-9.0480015259
-9.3080015259
-9.5470015259
-9.9370015259
-10.145001526
-10.630001526
-11.008001526
-11.356001526
-10.982001526
-10.758001526
-11.146001526
-11.586001526
-10.572001526
-10.150001526
-11.036001526
-11.509001526
-11.246001526
-11.264001526
-10.474001526
-9.5070015259
-9.1710015259
-9.6150015259
-9.7040015259
-10.074001526
-10.507001526
-10.796001526
-11.454001526
-12.234001526
-12.746001526
-10.994001526
-10.313001526
-9.9760015259
-10.218001526
-9.2330015259
-8.5680015259
-7.9800015259
-8.3330015259
-9.1470015259
-9.5280015259
-9.2930015259
-8.3410015259
-7.7800015259
-8.0660015259
-8.7290015259
-8.2410015259
-7.7650015259
-7.6090015259
-8.2150015259
-8.9950015259
-8.8880015259
-8.9950015259
-9.5260015259
-9.7610015259
-8.7730015259
-8.6510015259
-8.3260015259
-7.7770015259
-7.7930015259
-7.8100015259
-8.2560015259
-8.0710015259
-8.2180015259
-8.0430015259
-7.5380015259
-7.7640015259
-7.7040015259
-7.3890015259
-7.0780015259
-6.7960015259
-7.1650015259
-6.7370015259
-6.1120015259
-5.4300015259
-5.9930015259
-5.6110015259
-5.4120015259
-5.5210015259
-6.4250015259
-6.9660015259
-5.6120015259
-4.5300015259
-4.6290015259
-4.9630015259
-5.7120015259
-7.3110015259
-6.7330015259
-6.8030015259
-8.2770015259
-9.7580015259
-9.2460015259
-7.3070015259
-8.0510015259
-6.9530015259
-7.6900015259
-7.3300015259
-6.7910015259
-6.5440015259
-7.3110015259
-7.8600015259
-8.1540015259
-8.8010015259
-8.4440015259
-8.3400015259
-8.0500015259
-8.1780015259
-8.8560015259
-9.5400015259
-9.4030015259
-8.3260015259
-7.7990015259
-7.1270015259
-6.7860015259
-7.3790015259
-8.2860015259
-8.8420015259
-8.2880015259
-8.0940015259
-8.1620015259
-7.2120015259
-7.7220015259
-7.5900015259
-7.6920015259
-8.2850015259
-9.0660015259
-8.2710015259
-7.0740015259
-7.3580015259
-8.7000015259
-8.7100015259
-7.9940015259
-6.8740015259
-6.3860015259
-7.6400015259
-7.4660015259
-6.7460015259
-5.9930015259
-7.3790015259
-8.4760015259
-8.3430015259
-7.6760015259
-7.4740015259
-7.3740015259
-6.3600015259
-7.0400015259
-7.4740015259
-7.7630015259
-7.3080015259
-6.9230015259
-6.7900015259
-7.1890015259
-7.8200015259
-7.3410015259
-7.6160015259
-7.1030015259
-6.7820015259
-7.1800015259
-6.8250015259
-6.9570015259
-7.8320015259
-7.8350015259
-6.8950015259
-6.6800015259
-6.9350015259
-7.1740015259
-6.9260015259
-6.7480015259
-6.6700015259
-7.9220015259
-8.4550015259
-7.9390015259
-7.9230015259
-8.4620015259
-9.5830015259
-9.5900015259
-8.6720015259
-8.2030015259
-8.0240015259
-8.8290015259
-10.119001526
-10.617001526
-9.5840015259
-7.7760015259
-7.3020015259
-7.7980015259
-8.0390015259
-7.5650015259
-7.2140015259
-6.8100015259
-6.2990015259
-7.3200015259
-7.5400015259
-6.5670015259
-6.5650015259
-6.9130015259
-6.3510015259
-6.0120015259
-5.9060015259
-6.2530015259
-6.5600015259
-6.5580015259
-6.8000015259
-7.1540015259
-7.0650015259
-6.7640015259
-6.8670015259
-6.6280015259
-6.7670015259
-6.6530015259
-6.5080015259
-6.8410015259
-7.1640015259
-6.8650015259
-6.6790015259
-6.5550015259
-7.1220015259
-7.4980015259
-8.3790015259
-8.1560015259
-7.5500015259
-9.1110015259
-10.064001526
-9.2660015259
-8.6110015259
-8.0140015259
-8.2120015259
-7.9770015259
-8.2670015259
-8.4120015259
-8.9560015259
-8.6360015259
-8.7750015259
-8.8350015259
-9.2580015259
-9.0680015259
-9.2200015259
-9.2170015259
-8.6830015259
-9.6840015259
-9.6660015259
-9.7750015259
-9.9110015259
-9.3830015259
-9.9760015259
-10.504001526
-10.233001526
-10.062001526
-9.6260015259
-9.4390015259
-9.3540015259
-9.8830015259
-9.9080015259
-9.0590015259
-8.9820015259
-9.4780015259
-9.5800015259
-9.5670015259
-9.3200015259
-9.1380015259
-9.7320015259
-9.3800015259
-9.6560015259
-8.9530015259
-8.2390015259
-7.5220015259
-7.4210015259
-7.1810015259
-7.1370015259
-7.2250015259
-7.2940015259
-7.2220015259
-7.4250015259
-7.3640015259
-6.9680015259
-7.3200015259
-7.6020015259
-7.3830015259
-7.5030015259
-7.7720015259
-7.9050015259
-7.9750015259
-8.0470015259
-8.1020015259
-8.1920015259
-7.9690015259
-7.5000015259
-8.0600015259
-9.0400015259
-8.9320015259
-8.2160015259
-8.5720015259
-9.5130015259
-9.4100015259
-8.0860015259
-7.3470015259
-6.5660015259
-6.2540015259
-5.9760015259
-5.8920015259
-6.4970015259
-6.5870015259
-6.9290015259
-6.9930015259
-6.8490015259
-6.5670015259
-6.2200015259
-6.0930015259
-7.1290015259
-8.1210015259
-8.7890015259
-8.9220015259
-7.8100015259
-6.9190015259
-6.7040015259
-6.7000015259
-7.2320015259
-6.9330015259
-6.9530015259
-6.7550015259
-6.2930015259
-7.1890015259
-7.2130015259
-6.4340015259
-5.8070015259
-5.9760015259
-5.7410015259
-5.7620015259
-6.1730015259
-6.1380015259
-6.0620015259
-6.0230015259
-5.3540015259
-6.1040015259
-6.3500015259
-6.3160015259
-6.1720015259
-6.9240015259
-8.0630015259
-8.1330015259
-7.6190015259
-7.2780015259
-7.3350015259
-7.5020015259
-6.9890015259
-7.2820015259
-7.5750015259
-7.5350015259
-7.1510015259
-7.2170015259
-7.2400015259
-7.5950015259
-7.6870015259
-7.6510015259
-7.4080015259
-7.3210015259
-7.2070015259
-7.4730015259
-7.7800015259
-7.5900015259
-8.3880015259
-8.5450015259
-8.6040015259
-8.4100015259
-8.6600015259
-8.7530015259
-8.1050015259
-7.7420015259
-7.0280015259
-7.1970015259
-7.5290015259
-8.4950015259
-9.2080015259
-8.1090015259
-7.5800015259
-7.8400015259
-7.5200015259
-7.1970015259
-7.8790015259
-8.1310015259
-7.8550015259
-8.1690015259
-7.9450015259
-6.9380015259
-7.7190015259
-8.1260015259
-7.8420015259
-8.8310015259
-9.1340015259
-9.5000015259
-10.915001526
-10.649001526
-9.7760015259
-9.7660015259
-10.681001526
-10.713001526
-10.323001526
-9.8960015259
-9.3020015259
-9.1870015259
-9.7730015259
-9.9190015259
-9.4170015259
-9.0660015259
-8.2780015259
-8.8250015259
-9.0180015259
-9.5690015259
-10.507001526
-11.012001526
-10.150001526
-8.9570015259
-8.8110015259
-8.5380015259
-8.9740015259
-8.8660015259
-8.1720015259
-7.5260015259
-7.0360015259
-6.9360015259
-6.9620015259
-6.7510015259
-7.0610015259
-7.4420015259
-7.5550015259
-7.1860015259
-5.9600015259
-5.9900015259
-6.2410015259
-6.6560015259
-6.5240015259
-6.8170015259
-6.8970015259
-6.8820015259
-6.3320015259
-6.6840015259
-7.0250015259
-6.8980015259
-7.0250015259
-6.8750015259
-6.8950015259
-7.2750015259
-7.7450015259
-7.4540015259
-7.7200015259
-7.3390015259
-7.5120015259
-7.2630015259
-6.7980015259
-7.2090015259
-8.0880015259
-8.1490015259
-8.2010015259
-7.8240015259
-7.6280015259
-7.3510015259
-7.8500015259
-7.7970015259
-7.2130015259
-6.8280015259
-6.4880015259
-6.7540015259
-7.3200015259
-7.9830015259
-8.1960015259
-8.2750015259
-8.0430015259
-7.9380015259
-7.7510015259
-7.9580015259
-7.5390015259
-6.9580015259
-6.0070015259
-6.3290015259
-6.2790015259
-5.9260015259
-6.2230015259
-5.8980015259
-6.1980015259
-6.1820015259
-5.4560015259
-5.5630015259
-5.9510015259
-6.7020015259
-6.9730015259
-6.9100015259
-7.3600015259
-6.7870015259
-6.9990015259
-6.6580015259
-5.7870015259
-5.6190015259
-5.7240015259
-6.0970015259
-6.9080015259
-7.8120015259
-7.5400015259
-7.1610015259
-6.8900015259
-7.0790015259
-6.5580015259
-6.3270015259
-6.8160015259
-7.0910015259
-7.0490015259
-6.5570015259
-7.3140015259
-6.8140015259
-6.3820015259
-6.1780015259
-6.7940015259
-7.3380015259
-7.4360015259
-7.6690015259
-7.8930015259
-6.9680015259
-7.0310015259
-6.9430015259
-6.7170015259
-6.9690015259
-7.4740015259
-7.1880015259
-6.5960015259
-6.5780015259
-7.1190015259
-7.2920015259
-6.9590015259
-6.8020015259
-6.7880015259
-6.6350015259
-6.4990015259
-5.8880015259
-5.7700015259
-6.3030015259
-6.5880015259
-6.5710015259
-6.0250015259
-5.2420015259
-4.8470015259
-5.2730015259
-5.6400015259
-6.4560015259
-6.6500015259
-6.6550015259
-6.2980015259
-6.5070015259
-6.9670015259
-7.6950015259
-7.4470015259
-6.5980015259
-6.4940015259
-6.5700015259
-6.5120015259
-6.9650015259
-7.6090015259
-7.5420015259
-7.4450015259
-7.5550015259
-7.7960015259
-8.5610015259
-8.6620015259
-7.9600015259
-8.1430015259
-8.2130015259
-7.7360015259
-7.5670015259
-7.6460015259
-7.4790015259
-7.3040015259
-7.3580015259
-7.1290015259
-6.9020015259
-7.0600015259
-7.1180015259
-7.7350015259
-8.4010015259
-8.5220015259
-8.1070015259
-7.7220015259
-7.4720015259
-7.5480015259
-7.3180015259
-8.2970015259
-9.0460015259
-8.7900015259
-8.3050015259
-8.0930015259
-7.8310015259
-7.4390015259
-7.9830015259
-7.7260015259
-7.3290015259
-8.1610015259
-8.3530015259
-8.0130015259
-8.1530015259
-8.8830015259
-9.5420015259
-8.4730015259
-7.8370015259
-8.1950015259
-7.9640015259
-7.9140015259
-7.6430015259
-7.7590015259
-7.7160015259
-7.9250015259
-7.7960015259
-7.2590015259
-7.2230015259
-7.0930015259
-7.0590015259
-7.3720015259
-7.6390015259
-7.5530015259
-7.4770015259
-7.5020015259
-7.5550015259
-7.8700015259
-8.2320015259
-8.2770015259
-7.8590015259
-7.7680015259
-7.7510015259
-8.0350015259
-8.3530015259
-8.6370015259
-8.8420015259
-8.6540015259
-8.5330015259
-7.9720015259
-7.6450015259
-7.6690015259
-7.6340015259
-7.9120015259
-7.8020015259
-7.2680015259
-6.8270015259
-6.6630015259
-6.5800015259
-6.8020015259
-7.2350015259
-7.0030015259
-6.7420015259
-7.0610015259
-6.7990015259
-6.1900015259
-5.8770015259
-5.9350015259
-6.2430015259
-5.9590015259
-5.7860015259
-5.8800015259
-6.4770015259
-6.5040015259
-6.4400015259
-6.2090015259
-5.9960015259
-6.2950015259
-6.4650015259
-6.4470015259
-6.5480015259
-6.5260015259
-6.0500015259
-6.1060015259
-5.6190015259
-5.8190015259
-6.0980015259
-6.4510015259
-6.7660015259
-7.1110015259
-6.7070015259
-6.3980015259
-6.3800015259
-6.5640015259
-7.0720015259
-7.0320015259
-6.9070015259
-6.9660015259
-6.3400015259
-6.0580015259
-6.4100015259
-6.6850015259
-6.5850015259
-6.6140015259
-6.5810015259
-6.8670015259
-7.6040015259
-8.7830015259
-8.3620015259
-8.2090015259
-7.8800015259
-7.2390015259
-7.4940015259
-7.5600015259
-7.8640015259
-7.6830015259
-7.1650015259
-7.3300015259
-7.4550015259
-7.3330015259
-7.5160015259
-7.5440015259
-7.1890015259
-6.7300015259
-6.5530015259
-6.7140015259
-7.6250015259
-8.6200015259
-8.5530015259
-9.4200015259
-9.6460015259
-9.2470015259
-8.4150015259
-8.2320015259
-7.9300015259
-7.7350015259
-7.7620015259
-8.4350015259
-8.9700015259
-9.6380015259
-9.1640015259
-9.2260015259
-9.5750015259
-9.6410015259
-9.5050015259
-9.3930015259
-8.9320015259
-8.4000015259
-8.0150015259
-7.2660015259
-6.7510015259
-7.1270015259
-8.0530015259
-7.8060015259
-7.4440015259
-7.5420015259
-8.0440015259
-8.0490015259
-8.2700015259
-7.7370015259
-7.0720015259
-6.3890015259
-6.3170015259
-7.1180015259
-6.8520015259
-5.8150015259
-5.5100015259
-5.5380015259
-5.6630015259
-5.7240015259
-5.6850015259
-5.2560015259
-5.4350015259
-6.0800015259
-6.0080015259
-6.0300015259
-6.1920015259
-6.1110015259
-5.4180015259
-5.6710015259
-6.4380015259
-6.4830015259
-6.6660015259
-6.9810015259
-5.9280015259
-6.0520015259
-5.9960015259
-6.0480015259
-5.8620015259
-5.7360015259
-5.4460015259
-4.7820015259
-5.0070015259
-5.1570015259
-5.2840015259
-5.7190015259
-5.6920015259
-5.6180015259
-5.8190015259
-5.9830015259
-5.0920015259
-4.3010015259
-4.4330015259
-5.0550015259
-5.6570015259
-6.3610015259
-6.5820015259
-6.2210015259
-6.1940015259
-5.5380015259
-5.6620015259
-6.1320015259
-6.8180015259
-6.8890015259
-6.4290015259
-6.2430015259
-5.8240015259
-4.9140015259
-5.1100015259
-5.4700015259
-6.2370015259
-7.1510015259
-6.8610015259
-6.2680015259
-5.8860015259
-5.8060015259
-6.0300015259
-6.0430015259
-6.6000015259
-7.4420015259
-7.3830015259
-6.9600015259
-6.9100015259
-6.6600015259
-6.5730015259
-6.7020015259
-6.8860015259
-6.8630015259
-7.5500015259
-7.1910015259
-6.9090015259
-7.0280015259
-7.0990015259
-7.4540015259
-7.0120015259
-7.1450015259
-7.0260015259
-6.7360015259
-6.3600015259
-6.1360015259
-5.9580015259
-5.7780015259
-5.8530015259
-6.2190015259
-6.3040015259
-5.8360015259
-5.6720015259
-5.6260015259
-5.4090015259
-5.4430015259
-5.7880015259
-6.0580015259
-6.5720015259
-6.8810015259
-6.8250015259
-6.3910015259
-6.5630015259
-6.6400015259
-6.6400015259
-7.1230015259
-6.9810015259
-6.5350015259
-6.6870015259
-6.7870015259
-7.0890015259
-7.4280015259
-7.3220015259
-6.9330015259
-6.5120015259
-6.1600015259
-5.9340015259
-6.3790015259
-6.5990015259
-6.8020015259
-6.9930015259
-6.6590015259
-6.5490015259
-6.4920015259
-6.8880015259
-7.0940015259
-6.7750015259
-6.4620015259
-6.8490015259
-7.4190015259
-7.2130015259
-7.2030015259
-6.7580015259
-6.6290015259
-6.3510015259
-6.5860015259
-6.6180015259
-6.6790015259
-6.2510015259
-5.8830015259
-5.5960015259
-5.4980015259
-5.7790015259
-5.6350015259
-5.8380015259
-5.0700015259
-4.7900015259
-4.6950015259
-4.8610015259
-4.9010015259
-5.2000015259
-5.3300015259
-5.7410015259
-5.5470015259
-5.1580015259
-5.6430015259
-6.2680015259
-6.9380015259
-6.9970015259
-6.9910015259
-6.6030015259
-6.3790015259
-7.0010015259
-6.8790015259
-6.6250015259
-6.6110015259
-6.6340015259
-6.6700015259
-6.5760015259
-6.3980015259
-5.7900015259
-5.4710015259
-5.2750015259
-5.0470015259
-5.6970015259
-5.6380015259
-5.8410015259
-5.9580015259
-6.1160015259
-6.0570015259
-5.5750015259
-5.4730015259
-5.8310015259
-6.4080015259
-6.5160015259
-6.0590015259
-6.0370015259
-6.1440015259
-6.2710015259
-6.4080015259
-6.4630015259
-6.8190015259
-6.3750015259
-6.8610015259
-6.8110015259
-6.5040015259
-6.5540015259
-7.0550015259
-7.5110015259
-6.9350015259
-6.5680015259
-6.1310015259
-6.0520015259
-6.7950015259
-6.8250015259
-6.8990015259
-7.3210015259
-7.8020015259
-7.9020015259
-7.2500015259
-7.4170015259
-8.1830015259
-7.5060015259
-7.2400015259
-7.0660015259
-7.1520015259
-7.7790015259
-8.4350015259
-8.1890015259
-8.0050015259
-8.4090015259
-8.5940015259
-9.1720015259
-9.3760015259
-8.8670015259
-8.6260015259
-8.5350015259
-8.2570015259
-8.0000015259
-8.0180015259
-7.9400015259
-7.3150015259
-7.0490015259
-7.2740015259
-7.5820015259
-8.3250015259
-8.9610015259
-8.7100015259
-7.9260015259
-7.7020015259
-7.4160015259
-7.6460015259
-7.9460015259
-8.0460015259
-7.7880015259
-7.4160015259
-6.7790015259
-6.7770015259
-7.1580015259
-6.9750015259
-6.9470015259
-6.8630015259
-6.5930015259
-6.2420015259
-6.0740015259
-5.4680015259
-5.1740015259
-5.4490015259
-6.2640015259
-6.0790015259
-5.6160015259
-5.1940015259
-4.8960015259
-4.9190015259
-5.0680015259
-4.9130015259
-4.5120015259
-4.5670015259
-5.1120015259
-5.0630015259
-5.3460015259
-5.9490015259
-6.4550015259
-6.7290015259
-7.0990015259
-7.1100015259
-7.2320015259
-7.0310015259
-6.9970015259
-7.0760015259
-6.9850015259
-7.1100015259
-6.6650015259
-6.1620015259
-5.8720015259
-6.0820015259
-6.0050015259
-5.8170015259
-5.5410015259
-5.6160015259
-5.5520015259
-5.6570015259
-5.4430015259
-5.4080015259
-5.0200015259
-4.7040015259
-4.6950015259
-5.3010015259
-5.7200015259
-5.5020015259
-5.7040015259
-5.5380015259
-5.6240015259
-5.5440015259
-5.4240015259
-6.0780015259
-6.6650015259
-6.7040015259
-6.5870015259
-5.9840015259
-5.7540015259
-5.3870015259
-5.7970015259
-6.3390015259
-6.5660015259
-6.6480015259
-6.2820015259
-6.0820015259
-5.8680015259
-5.4610015259
-5.1430015259
-5.6550015259
-6.2390015259
-6.1240015259
-5.9480015259
-5.9310015259
-5.6830015259
-5.5660015259
-6.0250015259
-6.9030015259
-6.9110015259
-6.7830015259
-6.9340015259
-6.9910015259
-6.8730015259
-6.6340015259
-6.4530015259
-6.4040015259
-5.9320015259
-6.1150015259
-6.3740015259
-6.3460015259
-6.3200015259
-6.6640015259
-6.4510015259
-6.1340015259
-6.1650015259
-6.5420015259
-6.7690015259
-6.9610015259
-6.9720015259
-6.4450015259
-6.7930015259
-7.1280015259
-6.9420015259
-6.2920015259
-6.6970015259
-6.7000015259
-6.4700015259
-6.7090015259
-6.6900015259
-6.3450015259
-5.9070015259
-6.0050015259
-5.8360015259
-5.6790015259
-5.8490015259
-5.5340015259
-5.4260015259
-5.5770015259
-5.7090015259
-5.6500015259
-4.9830015259
-5.2300015259
-5.5160015259
-5.8860015259
-5.9560015259
-5.6400015259
-5.7870015259
-5.2290015259
-5.3290015259
-5.7610015259
-6.2190015259
-6.1080015259
-5.5380015259
-5.1380015259
-5.5810015259
-5.4590015259
-6.0500015259
-6.1260015259
-6.2780015259
-6.6330015259
-6.5120015259
-6.6290015259
-6.6300015259
-6.4920015259
-6.5060015259
-6.5640015259
-6.1090015259
-5.9560015259
-5.9320015259
-6.6220015259
-6.5750015259
-6.1020015259
-6.4080015259
-5.9900015259
-6.3820015259
-6.7590015259
-6.6000015259
-6.5640015259
-6.8790015259
-6.1470015259
-6.6640015259
-6.9080015259
-6.3060015259
-6.1730015259
-6.2450015259
-6.3160015259
-6.0560015259
-6.1390015259
-6.0640015259
-6.4210015259
-5.9500015259
-6.4860015259
-6.3630015259
-5.8270015259
-5.6170015259
-6.1630015259
-6.3980015259
-6.8580015259
-7.1570015259
-6.4520015259
-6.2500015259
-6.8310015259
-7.7310015259
-7.1040015259
-7.0490015259
-6.7870015259
-6.4060015259
-6.7450015259
-6.4030015259
-6.1180015259
-6.0540015259
-5.5540015259
-5.4770015259
-5.3680015259
-5.8520015259
-5.8110015259
-5.2730015259
-5.7080015259
-6.2970015259
-6.7070015259
-5.9060015259
-5.7160015259
-6.3510015259
-6.9000015259
-6.8630015259
-6.4960015259
-6.1600015259
-6.0560015259
-6.1060015259
-5.9080015259
-5.9180015259
-5.7680015259
-5.4070015259
-5.5830015259
-6.3730015259
-6.6180015259
-6.0760015259
-5.9320015259
-6.9960015259
-7.2090015259
-6.8610015259
-6.1450015259
-5.7380015259
-5.6890015259
-5.5050015259
-5.5750015259
-5.3860015259
-5.4830015259
-5.6300015259
-6.1100015259
-6.3390015259
-6.5290015259
-6.3730015259
-6.4080015259
-6.4720015259
-7.0620015259
-7.0280015259
-6.7350015259
-7.4400015259
-7.7950015259
-7.5300015259
-7.6930015259
-7.8700015259
-6.8260015259
-6.2320015259
-6.1030015259
-6.0900015259
-6.2520015259
-6.8750015259
-6.9340015259
-6.1350015259
-6.1060015259
-6.5720015259
-6.1970015259
-5.9700015259
-5.7920015259
-6.3380015259
-5.8580015259
-5.7900015259
-5.4130015259
-5.1610015259
-5.5870015259
-6.1440015259
-5.6310015259
-6.0730015259
-5.9450015259
-6.0280015259
-6.3870015259
-6.9320015259
-7.6610015259
-7.9180015259
-7.6570015259
-7.9110015259
-7.6260015259
-7.0260015259
-7.3870015259
-7.2270015259
-6.9550015259
-7.0520015259
-7.1980015259
-6.7350015259
-6.1040015259
-5.8020015259
-6.4850015259
-6.1340015259
-6.1570015259
-6.2650015259
-6.2300015259
-5.7970015259
-4.9430015259
-5.1190015259
-5.4870015259
-5.7620015259
-5.8700015259
-5.7650015259
-4.9990015259
-4.9280015259
-4.9770015259
-4.6390015259
-3.8720015259
-4.1940015259
-4.8860015259
-5.9680015259
-6.1370015259
-6.2230015259
-6.0540015259
-5.5050015259
-5.2070015259
-5.5650015259
-6.0120015259
-6.1990015259
-5.9470015259
-5.9980015259
-6.0900015259
-6.2530015259
-6.0040015259
-5.3460015259
-5.4290015259
-5.0900015259
-5.1100015259
-5.3380015259
-5.3990015259
-5.4520015259
-5.6730015259
-5.2770015259
-5.1180015259
-5.2460015259
-5.2540015259
-5.4440015259
-6.1720015259
-6.1300015259
-6.0790015259
-5.0900015259
-4.8990015259
-5.5810015259
-5.4600015259
-5.6510015259
-6.0130015259
-5.9270015259
-6.1560015259
-6.4610015259
-6.2360015259
-5.6880015259
-5.3230015259
-5.5800015259
-5.5210015259
-5.9480015259
-6.2980015259
-6.3060015259
-5.9760015259
-5.4030015259
-5.6010015259
-5.7790015259
-5.6360015259
-5.7450015259
-5.9820015259
-6.6670015259
-6.3360015259
-5.6370015259
-5.5570015259
-5.7620015259
-5.6670015259
-5.5990015259
-5.7600015259
-6.0400015259
-6.0170015259
-5.9000015259
-6.0260015259
-6.5530015259
-6.5890015259
-6.0970015259
-6.1450015259
-6.1080015259
-6.1170015259
-6.0200015259
-6.1600015259
-6.2070015259
-6.1420015259
-6.2540015259
-6.4360015259
-5.9920015259
-5.9960015259
-6.1900015259
-6.1470015259
-5.8500015259
-6.2360015259
-6.5610015259
-6.6180015259
-6.1970015259
-6.3300015259
-6.4030015259
-6.2060015259
-6.9570015259
-6.9590015259
-6.3900015259
-6.4630015259
-5.8670015259
-6.1810015259
-5.9850015259
-5.3720015259
-5.3930015259
-6.2770015259
-6.8550015259
-6.7790015259
-6.5200015259
-6.0390015259
-5.7200015259
-5.8740015259
-6.0650015259
-6.4250015259
-6.7090015259
-6.7540015259
-6.3940015259
-5.6980015259
-6.2010015259
-6.0310015259
-5.7810015259
-5.8220015259
-5.7560015259
-6.2680015259
-6.1710015259
-5.4780015259
-5.4500015259
-5.2520015259
-5.0270015259
-5.2430015259
-5.2840015259
-4.3070015259
-3.9270015259
-3.7990015259
-4.3650015259
-4.1530015259
-3.9030015259
-4.5930015259
-4.1850015259
-3.5440015259
-3.7300015259
-3.6370015259
-3.7630015259
-3.6240015259
-3.4320015259
-3.6330015259
-3.9890015259
-4.3510015259
-4.7940015259
-4.9290015259
-5.1190015259
-5.7730015259
-6.1450015259
-6.3390015259
-6.4530015259
-6.3350015259
-6.4040015259
-6.1150015259
-6.4820015259
-6.6960015259
-5.9750015259
-5.9100015259
-5.6750015259
-5.0860015259
-5.2160015259
-5.7780015259
-5.0670015259
-4.4800015259
-4.2220015259
-4.0920015259
-4.0050015259
-3.7880015259
-3.5300015259
-3.4600015259
-2.7620015259
-2.7510015259
-2.7520015259
-2.7630015259
-2.4520015259
-2.4210015259
-2.3440015259
-2.5320015259
-2.7410015259
-3.1060015259
-2.8890015259
-3.3070015259
-3.5000015259
-2.7880015259
-2.9860015259
-2.8550015259
-3.1070015259
-3.1200015259
-3.3710015259
-2.8450015259
-2.8240015259
-2.6070015259
-2.1650015259
-2.2270015259
-2.3810015259
-2.9750015259
-3.2540015259
-3.0330015259
-3.8710015259
-4.3320015259
-4.4900015259
-5.1070015259
-4.7380015259
-4.0580015259
-4.0590015259
-4.2470015259
-4.2420015259
-4.7110015259
-5.2110015259
-6.0340015259
-7.1890015259
-7.4430015259
-6.1300015259
-4.6820015259
-3.5400015259
-3.6530015259
-4.0240015259
-4.1980015259
-3.4760015259
-3.3010015259
-2.8590015259
-2.4980015259
-3.1280015259
-3.5790015259
-3.1510015259
-2.9090015259
-2.9670015259
-2.9030015259
-3.1470015259
-3.4250015259
-3.6780015259
-3.4740015259
-3.7530015259
-4.4350015259
-4.7470015259
-5.3210015259
-5.8070015259
-6.4280015259
-6.4690015259
-6.3200015259
-6.5420015259
-6.4940015259
-6.3960015259
-6.2150015259
-5.8370015259
-5.1090015259
-5.0980015259
-5.1260015259
-5.1990015259
-4.4590015259
-4.7850015259
-4.9780015259
-5.1370015259
-5.0900015259
-4.3990015259
-4.5620015259
-4.3790015259
-3.8660015259
-4.3070015259
-4.8080015259
-5.1980015259
-5.6080015259
-5.2990015259
-4.7300015259
-4.5390015259
-4.2000015259
-4.2220015259
-3.8130015259
-4.2740015259
-4.8990015259
-4.7670015259
-4.0210015259
-4.4830015259
-4.4730015259
-4.2500015259
-3.9690015259
-3.4140015259
-3.2070015259
-3.6010015259
-4.0880015259
-4.3540015259
-4.2570015259
-3.8680015259
-4.1070015259
-4.4140015259
-4.0650015259
-4.0100015259
-4.0100015259
-3.5850015259
-3.4650015259
-4.0060015259
-4.4320015259
-4.0780015259
-4.1440015259
-4.2200015259
-4.4170015259
-4.3260015259
-4.3450015259
-4.7460015259
-5.2840015259
-5.0550015259
-4.8870015259
-4.8050015259
-4.3780015259
-4.1910015259
-4.0570015259
-4.0990015259
-4.3360015259
-4.6920015259
-4.8540015259
-4.7170015259
-4.7970015259
-4.9140015259
-5.1390015259
-5.7100015259
-5.9440015259
-5.5920015259
-5.2100015259
-4.9520015259
-4.7380015259
-4.9070015259
-4.7980015259
-4.0770015259
-4.3410015259
-4.0740015259
-4.8580015259
-4.9690015259
-4.5010015259
-4.8550015259
-4.3640015259
-4.0630015259
-3.9410015259
-3.7740015259
-3.7780015259
-3.9190015259
-3.9690015259
-3.7220015259
-4.0020015259
-4.5910015259
-4.9910015259
-4.6370015259
-4.5950015259
-4.6060015259
-4.5710015259
-4.8880015259
-5.0810015259
-4.8700015259
-4.7550015259
-4.8740015259
-5.1090015259
-5.0460015259
-5.2730015259
-5.1910015259
-5.0630015259
-4.5700015259
-4.3860015259
-4.3270015259
-4.5250015259
-4.9890015259
-4.9750015259
-4.3940015259
-4.6040015259
-4.9090015259
-5.0240015259
-4.6630015259
-4.4700015259
-4.6680015259
-4.5490015259
-4.3520015259
-4.1920015259
-4.0560015259
-4.4190015259
-4.4100015259
-4.5340015259
-4.6250015259
-4.9640015259
-5.0870015259
-5.1940015259
-5.0370015259
-4.9800015259
-4.8680015259
-4.8060015259
-4.6560015259
-4.3140015259
-3.8450015259
-4.1360015259
-4.7260015259
-4.7730015259
-4.7230015259
-4.2190015259
-4.3860015259
-4.7450015259
-4.2700015259
-3.8140015259
-2.9310015259
-3.4250015259
-5.4180015259
-5.8320015259
-6.6940015259
-6.5600015259
-5.3080015259
-4.1940015259
-6.0240015259
-7.0130015259
-5.9140015259
-4.9120015259
-4.1830015259
-3.8960015259
-4.1690015259
-4.5000015259
-5.0680015259
-5.3120015259
-5.2940015259
-6.1060015259
-5.0500015259
-4.3610015259
-3.8330015259
-3.7340015259
-3.7460015259
-3.9360015259
-4.0350015259
-3.8870015259
-4.4450015259
-5.0510015259
-5.4340015259
-6.2890015259
-6.3620015259
-6.2910015259
-7.0840015259
-7.4250015259
-7.0700015259
-6.4470015259
-5.8940015259
-5.2350015259
-5.2350015259
-5.3550015259
-6.4280015259
-6.7160015259
-6.7830015259
-6.4540015259
-5.5370015259
-5.4870015259
-5.6440015259
-5.0750015259
-4.7350015259
-5.0370015259
-5.0410015259
-4.8630015259
-4.7940015259
-5.1650015259
-5.1590015259
-4.8540015259
-5.6690015259
-5.6450015259
-5.3920015259
-5.2260015259
-5.1470015259
-5.3930015259
-5.1220015259
-4.7570015259
-4.4370015259
-4.8560015259
-4.6820015259
-3.8380015259
-3.4400015259
-3.7450015259
-3.7510015259
-3.7170015259
-3.5780015259
-3.7800015259
-4.5870015259
-5.7220015259
-5.6790015259
-6.1630015259
-7.0800015259
-6.7920015259
-5.6690015259
-5.1840015259
-4.9880015259
-5.0900015259
-4.8460015259
-4.8850015259
-5.7220015259
-6.1370015259
-6.3560015259
-6.4140015259
-6.4340015259
-6.5870015259
-5.8570015259
-5.2940015259
-5.1120015259
-4.7770015259
-4.4330015259
-4.8990015259
-5.6020015259
-5.3830015259
-5.4550015259
-5.1590015259
-4.9450015259
-4.6560015259
-4.0650015259
-3.8780015259
-4.3520015259
-5.1130015259
-4.6470015259
-4.3960015259
-4.0360015259
-3.5300015259
-3.6470015259
-3.7120015259
-3.4270015259
-3.7920015259
-4.5620015259
-5.1100015259
-5.8210015259
-6.0670015259
-6.0270015259
-5.0990015259
-4.1620015259
-3.7430015259
-3.4220015259
-3.3770015259
-4.0890015259
-5.7370015259
-5.9900015259
-4.8470015259
-4.2950015259
-4.5880015259
-4.6560015259
-5.3190015259
-5.3460015259
-4.0510015259
-2.7700015259
-2.8530015259
-2.8040015259
-3.4880015259
-4.7890015259
-5.4120015259
-5.7150015259
-6.0730015259
-6.5690015259
-6.0760015259
-6.0710015259
-5.6850015259
-4.7130015259
-3.8400015259
-3.4100015259
-3.5500015259
-3.0950015259
-3.2940015259
-4.1590015259
-4.7840015259
-5.7240015259
-5.7880015259
-5.5880015259
-6.0310015259
-5.9290015259
-4.4780015259
-4.2430015259
-4.8040015259
-5.0740015259
-4.6490015259
-4.4580015259
-4.8590015259
-4.1580015259
-4.0150015259
-4.6270015259
-4.3470015259
-4.6620015259
-5.6890015259
-6.5540015259
-6.5490015259
-6.4650015259
-6.5820015259
-6.2480015259
-5.7390015259
-5.0520015259
-4.9900015259
-4.7700015259
-4.4360015259
-4.2320015259
-5.0550015259
-5.6820015259
-5.5000015259
-5.6860015259
-5.9830015259
-5.6670015259
-5.6750015259
-5.9240015259
-5.3110015259
-5.8090015259
-6.2880015259
-6.2680015259
-5.5100015259
-5.1840015259
-5.2560015259
-5.2380015259
-4.9950015259
-4.8940015259
-5.1510015259
-4.9790015259
-6.0870015259
-6.0150015259
-5.7730015259
-5.2600015259
-5.5730015259
-5.8750015259
-5.5940015259
-5.6220015259
-5.5840015259
-4.9710015259
-4.5410015259
-4.3990015259
-4.1880015259
-3.9210015259
-3.9880015259
-4.6820015259
-4.8630015259
-6.1240015259
-7.1720015259
-7.2140015259
-7.0590015259
-7.3660015259
-7.0850015259
-6.1500015259
-5.8540015259
-5.6550015259
-5.2470015259
-5.2070015259
-5.8370015259
-5.4180015259
-4.5930015259
-3.9460015259
-3.6150015259
-3.2010015259
-3.1620015259
-3.1790015259
-3.0790015259
-3.6610015259
-4.9810015259
-6.3380015259
-6.4480015259
-7.3020015259
-6.9180015259
-7.8020015259
-7.4520015259
-7.6720015259
-7.8670015259
-8.1200015259
-8.3450015259
-7.9370015259
-8.1860015259
-7.8440015259
-7.6110015259
-6.9220015259
-7.6070015259
-6.9740015259
-6.2510015259
-6.2300015259
-6.2580015259
-6.3780015259
-6.5470015259
-6.9240015259
-7.3740015259
-6.8750015259
-6.7500015259
-7.2130015259
-7.3290015259
-7.7030015259
-8.0740015259
-8.1720015259
-7.6490015259
-6.7300015259
-6.9050015259
-6.5250015259
-6.4430015259
-7.1220015259
-7.5100015259
-7.5290015259
-7.7240015259
-7.4660015259
-7.5820015259
-8.2640015259
-8.3110015259
-8.3300015259
-7.7540015259
-7.9150015259
-7.3260015259
-6.5480015259
-6.1920015259
-5.9470015259
-5.6380015259
-6.5160015259
-8.5570015259
-9.0610015259
-7.5740015259
-7.1270015259
-7.6970015259
-7.6370015259
-7.1950015259
-7.6000015259
-6.8840015259
-6.4610015259
-6.0230015259
-5.4030015259
-4.8520015259
-4.8840015259
-5.9250015259
-6.5630015259
-7.4390015259
-7.4180015259
-6.9200015259
-6.1880015259
-4.9560015259
-3.8500015259
-3.9820015259
-4.1950015259
-4.2870015259
-4.7610015259
-5.6760015259
-6.6140015259
-5.5680015259
-4.8710015259
-5.8330015259
-7.2230015259
-6.0700015259
-5.1560015259
-4.6840015259
-5.0160015259
-5.5720015259
-7.4390015259
-7.3130015259
-6.6760015259
-7.0470015259
-7.0770015259
-6.3110015259
-5.5060015259
-5.1940015259
-5.2530015259
-4.6470015259
-4.4190015259
-4.9930015259
-5.5070015259
-5.4140015259
-5.7530015259
-6.2910015259
-6.2770015259
-6.0640015259
-6.8330015259
-6.8830015259
-6.4720015259
-7.0570015259
-6.9410015259
-6.2930015259
-5.7330015259
-5.9000015259
-6.0630015259
-5.9120015259
-5.6300015259
-6.3840015259
-7.2170015259
-7.1310015259
-7.4510015259
-6.5650015259
-6.8620015259
-7.5860015259
-7.9110015259
-7.5820015259
-6.4390015259
-6.8970015259
-7.9090015259
-8.3670015259
-8.1920015259
-7.5870015259
-7.4550015259
-6.2580015259
-6.0950015259
-6.8560015259
-6.7060015259
-6.6690015259
-6.2990015259
-6.3410015259
-6.0710015259
-5.3180015259
-5.4850015259
-6.1650015259
-6.5180015259
-7.3930015259
-8.3050015259
-8.9610015259
-8.6550015259
-7.6340015259
-6.8300015259
-6.8440015259
-8.8760015259
-10.984001526
-9.9920015259
-9.8590015259
-9.6300015259
-6.6550015259
-5.4230015259
-8.1210015259
-6.6440015259
-5.0660015259
-5.6760015259
-5.7650015259
-4.9270015259
-6.0770015259
-5.9900015259
-4.3760015259
-5.3570015259
-7.2400015259
-7.7430015259
-6.6650015259
-6.5110015259
-5.3600015259
-4.0620015259
-4.5460015259
-5.1040015259
-4.6750015259
-4.1300015259
-4.4560015259
-4.6630015259
-4.3410015259
-4.4980015259
-4.4700015259
-3.8030015259
-3.6610015259
-3.7120015259
-4.5560015259
-5.9060015259
-6.1920015259
-5.2610015259
-5.1890015259
-5.3470015259
-4.5790015259
-4.4840015259
-4.6660015259
-4.1690015259
-4.1000015259
-4.0470015259
-3.8670015259
-3.6580015259
-3.9680015259
-3.6370015259
-3.6940015259
-4.4330015259
-4.5250015259
-4.0200015259
-3.8160015259
-3.5940015259
-3.6590015259
-3.6580015259
-3.2470015259
-3.6580015259
-4.2640015259
-4.1160015259
-4.9070015259
-4.9480015259
-4.7820015259
-5.0580015259
-4.3160015259
-3.8900015259
-4.0670015259
-3.5370015259
-3.3360015259
-3.3070015259
-2.8770015259
-2.4710015259
-2.7490015259
-3.4600015259
-3.0410015259
-2.7910015259
-2.6070015259
-3.7000015259
-3.4310015259
-2.7270015259
-2.2120015259
-2.3520015259
-2.8810015259
-2.9450015259
-4.0630015259
-5.1660015259
-5.6450015259
-5.6570015259
-4.6820015259
-4.8180015259
-5.0920015259
-4.7200015259
-5.1850015259
-5.6470015259
-5.1130015259
-4.4990015259
-4.3480015259
-4.8940015259
-5.5390015259
-5.3030015259
-5.1160015259
-5.3190015259
-5.5830015259
-5.8510015259
-5.7280015259
-5.5860015259
-5.4220015259
-5.0850015259
-4.8780015259
-5.0000015259
-4.7860015259
-5.2820015259
-6.5050015259
-6.7290015259
-6.9340015259
-6.8890015259
-6.4860015259
-5.9670015259
-6.2440015259
-6.1610015259
-6.2480015259
-6.1280015259
-5.9980015259
-5.5140015259
-5.6220015259
-6.1270015259
-5.3000015259
-4.7030015259
-4.0530015259
-3.3170015259
-3.6620015259
-4.2940015259
-4.9590015259
-5.1920015259
-5.8260015259
-6.5480015259
-7.1460015259
-7.1690015259
-7.4560015259
-6.9920015259
-6.1760015259
-6.2110015259
-5.5320015259
-5.2050015259
-5.5060015259
-5.5420015259
-5.6580015259
-5.0640015259
-5.2400015259
-5.5050015259
-4.9260015259
-4.6000015259
-4.7840015259
-5.5050015259
-6.0020015259
-6.7570015259
-6.9780015259
-7.2670015259
-7.2750015259
-6.3890015259
-5.4260015259
-5.3390015259
-5.4950015259
-5.0310015259
-5.2750015259
-6.0180015259
-5.9270015259
-5.1030015259
-4.9450015259
-4.5280015259
-5.0910015259
-5.6650015259
-6.5290015259
-6.0290015259
-5.0310015259
-4.6980015259
-4.3310015259
-4.5120015259
-4.5510015259
-5.1250015259
-5.1840015259
-5.1100015259
-5.2920015259
-4.9840015259
-4.7050015259
-5.0170015259
-4.5810015259
-4.5760015259
-4.7800015259
-4.3680015259
-4.5980015259
-5.1600015259
-5.2140015259
-4.5530015259
-4.2540015259
-5.4090015259
-4.9160015259
-4.1640015259
-4.3940015259
-3.8310015259
-3.5340015259
-3.2780015259
-3.4290015259
-3.5290015259
-3.9000015259
-4.6620015259
-4.7660015259
-4.9820015259
-4.9800015259
-5.4530015259
-5.7700015259
-5.7050015259
-6.6030015259
-5.9360015259
-6.1430015259
-5.2320015259
-5.2850015259
-5.3540015259
-4.8380015259
-4.6600015259
-5.1550015259
-5.2510015259
-4.6750015259
-5.4900015259
-5.6730015259
-6.2520015259
-6.7720015259
-5.8660015259
-4.3650015259
-4.6830015259
-4.7320015259
-5.0260015259
-4.8390015259
-4.9350015259
-3.5540015259
-2.9280015259
-3.2340015259
-3.6110015259
-3.6070015259
-4.0360015259
-4.2010015259
-4.0070015259
-3.7090015259
-3.7560015259
-3.6270015259
-2.7900015259
-4.4920015259
-9.8630015259
-16.938001526
-19.572001526
-10.957001526
-10.134001526
-5.2100015259
-6.1370015259
-7.8090015259
-3.6000015259
-1.8810015259
-3.8290015259
-4.7460015259
-5.6710015259
-4.5770015259
-4.4270015259
-8.4760015259
-13.743001526
-9.7960015259
-10.726001526
-13.831001526
-13.786001526
-8.3670015259
-6.9180015259
-7.7930015259
-9.8720015259
-10.306001526
-9.2930015259
-7.6300015259
-3.8110015259
-4.8270015259
-6.5150015259
-7.1300015259
-8.8970015259
-7.2120015259
-9.0350015259
-8.8170015259
-9.6290015259
-8.7790015259
-8.3790015259
-6.8800015259
-6.9980015259
-6.7010015259
-6.9280015259
-8.3060015259
-9.2720015259
-8.8760015259
-8.7310015259
-8.4160015259
-7.5010015259
-6.6140015259
-7.2040015259
-6.6750015259
-5.8010015259
-5.9840015259
-6.9800015259
-7.9250015259
-9.6800015259
-9.2250015259
-7.7640015259
-7.5050015259
-7.4150015259
-6.8170015259
-6.2400015259
-6.3560015259
-6.6250015259
-7.1320015259
-7.4340015259
-8.2740015259
-8.3320015259
-7.6290015259
-6.7480015259
-6.2450015259
-5.9950015259
-5.7530015259
-5.7080015259
-5.8150015259
-6.2920015259
-6.8150015259
-7.0350015259
-6.8560015259
-6.7440015259
-6.7540015259
-6.1120015259
-6.3110015259
-6.3670015259
-5.9430015259
-6.1940015259
-6.5820015259
-6.2680015259
-6.1280015259
-5.9020015259
-5.7620015259
-6.4140015259
-5.9700015259
-5.8840015259
-5.6180015259
-5.4170015259
-5.4280015259
-5.7740015259
-5.3020015259
-5.3960015259
-4.7440015259
-4.1590015259
-3.5110015259
-3.3610015259
-3.6870015259
-3.2680015259
-4.1530015259
-4.3820015259
-4.7760015259
-5.1100015259
-4.3630015259
-4.1730015259
-4.3310015259
-4.1880015259
-4.7850015259
-5.0580015259
-5.6080015259
-6.0430015259
-5.6850015259
-5.2390015259
-4.6900015259
-4.7700015259
-5.5720015259
-5.8510015259
-5.7210015259
-5.5270015259
-5.7890015259
-5.8450015259
-5.9770015259
-6.0230015259
-5.4110015259
-4.8110015259
-4.6960015259
-4.8950015259
-4.8820015259
-5.0080015259
-4.9140015259
-5.0650015259
-4.8690015259
-4.5060015259
-4.2030015259
-4.5310015259
-5.2830015259
-5.6330015259
-5.4910015259
-6.5570015259
-7.1310015259
-6.2050015259
-6.0380015259
-6.2790015259
-6.2390015259
-6.0420015259
-6.2700015259
-5.7160015259
-5.1090015259
-4.5250015259
-4.5930015259
-4.8660015259
-5.6600015259
-6.3290015259
-5.7580015259
-5.5570015259
-5.5800015259
-5.4700015259
-4.8690015259
-5.6210015259
-5.3450015259
-4.9940015259
-5.1730015259
-5.5680015259
-5.2310015259
-5.2330015259
-5.5620015259
-5.5240015259
-6.0510015259
-6.7910015259
-6.7360015259
-6.6020015259
-7.6650015259
-7.7640015259
-7.5990015259
-7.6940015259
-6.6950015259
-5.0300015259
-4.3670015259
-4.1290015259
-3.9960015259
-4.6530015259
-5.8420015259
-6.6510015259
-7.6560015259
-7.4650015259
-6.5660015259
-8.0370015259
-11.785001526
-13.152001526
-13.234001526
-11.259001526
-9.9380015259
-10.558001526
-12.301001526
-16.463001526
-19.457001526
-13.021001526
-9.9800015259
-9.3310015259
-8.8320015259
-11.709001526
-13.672001526
-15.922001526
-15.342001526
-15.336001526
-17.771001526
-17.608001526
-10.944001526
-7.2070015259
-6.6390015259
-5.0000015259
-2.0690015259
0.059998474121
1.0119984741
-0.27900152588
-0.39400152588
0.010998474121
0.11699847412
-0.070001525879
-0.68600152588
-0.99300152588
-1.9090015259
-3.8770015259
-3.0750015259
-3.6300015259
-2.5990015259
-2.9410015259
-2.5760015259
-2.4970015259
-2.5270015259
-2.4500015259
-2.7330015259
-2.8830015259
-2.9790015259
-3.8760015259
-5.5300015259
-6.9260015259
-8.5100015259
-11.542001526
-13.418001526
-14.716001526
-16.731001526
-18.791001526
-20.937001526
-21.775001526
-16.898001526
-17.373001526
-15.700001526
-18.318001526
-17.090001526
-18.775001526
-22.069001526
-20.776001526
-18.833001526
-12.637001526
-8.0320015259
-8.9760015259
-10.659001526
-15.439001526
-15.966001526
-15.698001526
-17.701001526
-12.807001526
-8.8790015259
-8.0690015259
-11.259001526
-12.736001526
-14.731001526
-14.923001526
-16.194001526
-18.974001526
-27.201001526
-18.802001526
-18.474001526
-17.978001526
-20.397001526
-21.315001526
-19.046001526
-18.122001526
-17.478001526
-15.196001526
-12.423001526
