3.5725999234e-06
3.5725999234e-06
3.5724052434e-06
3.5722105634e-06
3.5720158834e-06
3.5718212034e-06
3.5716265234e-06
3.5714318434e-06
3.5712371634e-06
3.5710424834e-06
3.5708478234e-06
3.5706531434e-06
3.5704584634e-06
3.5702637834e-06
3.5700691034e-06
3.5698744234e-06
3.5696797434e-06
3.5694850634e-06
3.5692903834e-06
3.5690957034e-06
3.5689010234e-06
3.5687063434e-06
3.5685116634e-06
3.5683169834e-06
3.5681223034e-06
3.5679276234e-06
3.5677329634e-06
3.5675382834e-06
3.5673436034e-06
3.5671489234e-06
3.5669542434e-06
3.5667595634e-06
3.5665648834e-06
3.5663702034e-06
3.5661755234e-06
3.5659808434e-06
3.5657861634e-06
3.5655914834e-06
3.5653968034e-06
3.5652021234e-06
3.5650074434e-06
3.5648127634e-06
3.5646181034e-06
3.5644234234e-06
3.5642287434e-06
3.5640340634e-06
3.5638393834e-06
3.5636447034e-06
3.5634500234e-06
3.5632553434e-06
3.5630606634e-06
3.5628659834e-06
3.5626713034e-06
3.5624766234e-06
3.5622819434e-06
3.5620872634e-06
3.5618925834e-06
3.5616979034e-06
3.5615032234e-06
3.5613085634e-06
3.5611138834e-06
3.5609192034e-06
3.5607245234e-06
3.5605298434e-06
3.5603351634e-06
3.5601404834e-06
3.5599458034e-06
3.5597511234e-06
3.5595564434e-06
3.5593617634e-06
3.5591670834e-06
3.5589724034e-06
3.5587777234e-06
3.5585830434e-06
3.5583883634e-06
3.5581937034e-06
3.5579990234e-06
3.5578043434e-06
3.5576096634e-06
3.5574149834e-06
3.5572203034e-06
3.5570256235e-06
3.5568309435e-06
3.5566362635e-06
3.5564415835e-06
3.5562469035e-06
3.5560522235e-06
3.5558575435e-06
3.5556628635e-06
3.5554681835e-06
3.5552735035e-06
3.5550788235e-06
3.5548841635e-06
3.5546894835e-06
3.5544948035e-06
3.5543001235e-06
3.5541054435e-06
3.5539107635e-06
3.5537160835e-06
3.5535214035e-06
3.5533267235e-06
3.5531320435e-06
3.5529373635e-06
3.5527426835e-06
3.5525480035e-06
3.5523533235e-06
3.5521586435e-06
3.5519639635e-06
3.5517693035e-06
3.5515746235e-06
3.5513799435e-06
3.5511852635e-06
3.5509905835e-06
3.5507959035e-06
3.5506012235e-06
3.5504065435e-06
3.5502118635e-06
3.5500171835e-06
3.5498225035e-06
3.5496278235e-06
3.5494331435e-06
3.5492384635e-06
3.5490437835e-06
3.5488491035e-06
3.5486544435e-06
3.5484597635e-06
3.5482650835e-06
3.5480704035e-06
3.5478757235e-06
3.5476810435e-06
3.5474863635e-06
3.5472916835e-06
3.5470970035e-06
3.5469023235e-06
3.5467076435e-06
3.5465129635e-06
3.5463182835e-06
3.5461236035e-06
3.5459289235e-06
3.5457342435e-06
3.5455395635e-06
3.5453449035e-06
3.5451502235e-06
3.5449555435e-06
3.5447608635e-06
3.5445661835e-06
3.5443715035e-06
3.5441768235e-06
3.5439821435e-06
3.5437874635e-06
3.5435927835e-06
3.5433981035e-06
3.5432034235e-06
3.5430087435e-06
3.5428140635e-06
3.5426193835e-06
3.5424247035e-06
3.5422300435e-06
3.5420353635e-06
3.5418406835e-06
3.5416460035e-06
3.5414513235e-06
3.5412566435e-06
3.5410619635e-06
3.5408672835e-06
3.5406726036e-06
3.5404779236e-06
3.5402832436e-06
3.5400885636e-06
3.5398938836e-06
3.5396992036e-06
3.5395045236e-06
3.5393098436e-06
3.5391151636e-06
3.5389205036e-06
3.5387258236e-06
3.5385311436e-06
3.5383364636e-06
3.5381417836e-06
3.5379471036e-06
3.5377524236e-06
3.5375577436e-06
3.5373630636e-06
3.5371683836e-06
3.5369737036e-06
3.5367790236e-06
3.5365843436e-06
3.5363896636e-06
3.5361949836e-06
3.5360003036e-06
3.5358056436e-06
3.5356109636e-06
3.5354162836e-06
3.5352216036e-06
3.5350269236e-06
3.5348322436e-06
3.5346375636e-06
3.5344428836e-06
3.5342482036e-06
3.5340535236e-06
3.5338588436e-06
3.5336641636e-06
3.5334694836e-06
3.5332748036e-06
3.5330801236e-06
3.5328854436e-06
3.5326907836e-06
3.5324961036e-06
3.5323014236e-06
3.5321067436e-06
3.5319120636e-06
3.5317173836e-06
3.5315227036e-06
3.5313280236e-06
3.5311333436e-06
3.5309386636e-06
3.5307439836e-06
3.5305493036e-06
3.5303546236e-06
3.5301599436e-06
3.5299652636e-06
3.5297705836e-06
3.5295759036e-06
3.5293812436e-06
3.5291865636e-06
3.5289918836e-06
3.5287972036e-06
3.5286025236e-06
3.5284078436e-06
3.5282131636e-06
3.5280184836e-06
3.5278238036e-06
3.5276291236e-06
3.5274344436e-06
3.5272397636e-06
3.5270450836e-06
3.5268504036e-06
3.5266557236e-06
3.5264610436e-06
3.5262663836e-06
3.5260717036e-06
3.5258770236e-06
3.5256823436e-06
3.5254876636e-06
3.5252929836e-06
3.5250983036e-06
3.5249036236e-06
3.5247089436e-06
3.5245142636e-06
3.5243195836e-06
3.5241249037e-06
3.5239302237e-06
3.5237355437e-06
3.5235408637e-06
3.5233461837e-06
3.5231515037e-06
3.5229568437e-06
3.5227621637e-06
3.5225674837e-06
3.5223728037e-06
3.5221781237e-06
3.5219834437e-06
3.5217887637e-06
3.5215940837e-06
3.5213994037e-06
3.5212047237e-06
3.5210100437e-06
3.5208153637e-06
3.5206206837e-06
3.5204260037e-06
3.5202313237e-06
3.5200366437e-06
3.5198419837e-06
3.5196473037e-06
3.5194526237e-06
3.5192579437e-06
3.5190632637e-06
3.5188685837e-06
3.5186739037e-06
3.5184792237e-06
3.5182845437e-06
3.5180898637e-06
3.5178951837e-06
3.5177005037e-06
3.5175058237e-06
3.5173111437e-06
3.5171164637e-06
3.5169217837e-06
3.5167271237e-06
3.5165324437e-06
3.5163377637e-06
3.5161430837e-06
3.5159484037e-06
3.5157537237e-06
3.5155590437e-06
3.5153643637e-06
3.5151696837e-06
3.5149750037e-06
3.5147803237e-06
3.5145856437e-06
3.5143909637e-06
3.5141962837e-06
3.5140016037e-06
3.5138069237e-06
3.5136122437e-06
3.5134175837e-06
3.5132229037e-06
3.5130282237e-06
3.5128335437e-06
3.5126388637e-06
3.5124441837e-06
3.5122495037e-06
3.5120548237e-06
3.5118601437e-06
3.5116654637e-06
3.5114707837e-06
3.5112761037e-06
3.5110814237e-06
3.5108867437e-06
3.5106920637e-06
3.5104973837e-06
3.5103027237e-06
3.5101080437e-06
3.5099133637e-06
3.5097186837e-06
3.5095240037e-06
3.5093293237e-06
3.5091346437e-06
3.5089399637e-06
3.5087452837e-06
3.5085506037e-06
3.5083559237e-06
3.5081612437e-06
3.5079665637e-06
3.5077718837e-06
3.5075772038e-06
3.5073825238e-06
3.5071878438e-06
3.5069931838e-06
3.5067985038e-06
3.5066038238e-06
3.5064091438e-06
3.5062144638e-06
3.5060197838e-06
3.5058251038e-06
3.5056304238e-06
3.5054357438e-06
3.5052410638e-06
3.5050463838e-06
3.5048517038e-06
3.5046570238e-06
3.5044623438e-06
3.5042676638e-06
3.5040729838e-06
3.5038783238e-06
3.5036836438e-06
3.5034889638e-06
3.5032942838e-06
3.5030996038e-06
3.5029049238e-06
3.5027102438e-06
3.5025155638e-06
3.5023208838e-06
3.5021262038e-06
3.5019315238e-06
3.5017368438e-06
3.5015421638e-06
3.5013474838e-06
3.5011528038e-06
3.5009581238e-06
3.5007634638e-06
3.5005687838e-06
3.5003741038e-06
3.5001794238e-06
3.4999847438e-06
3.4997900638e-06
3.4995953838e-06
3.4994007038e-06
3.4992060238e-06
3.4990113438e-06
3.4988166638e-06
3.4986219838e-06
3.4984273038e-06
3.4982326238e-06
3.4980379438e-06
3.4978432638e-06
3.4976485838e-06
3.4974539238e-06
3.4972592438e-06
3.4970645638e-06
3.4968698838e-06
3.4966752038e-06
3.4964805238e-06
3.4962858438e-06
3.4960911638e-06
3.4958964838e-06
3.4957018038e-06
3.4955071238e-06
3.4953124438e-06
3.4951177638e-06
3.4949230838e-06
3.4947284038e-06
3.4945337238e-06
3.4943390638e-06
3.4941443838e-06
3.4939497038e-06
3.4937550238e-06
3.4935603438e-06
3.4933656638e-06
3.4931709838e-06
3.4929763038e-06
3.4927816238e-06
3.4925869438e-06
3.4923922638e-06
3.4921975838e-06
3.4920029038e-06
3.4918082238e-06
3.4916135438e-06
3.4914188638e-06
3.4912241839e-06
3.4910295239e-06
3.4908348439e-06
3.4906401639e-06
3.4904454839e-06
3.4902508039e-06
3.4900561239e-06
3.4898614439e-06
3.4896667639e-06
3.4894720839e-06
3.4892774039e-06
3.4890827239e-06
3.4888880439e-06
3.4886933639e-06
3.4884986839e-06
3.4883040039e-06
3.4881093239e-06
3.4879146639e-06
3.4877199839e-06
3.4875253039e-06
3.4873306239e-06
3.4871359439e-06
3.4869412639e-06
3.4867465839e-06
3.4865519039e-06
3.4863572239e-06
3.4861625439e-06
3.4859678639e-06
3.4857731839e-06
3.4855785039e-06
3.4853838239e-06
3.4851891439e-06
3.4849944639e-06
3.4847998039e-06
3.4846051239e-06
3.4844104439e-06
3.4842157639e-06
3.4840210839e-06
3.4838264039e-06
3.4836317239e-06
3.4834370439e-06
3.4832423639e-06
3.4830476839e-06
3.4828530039e-06
3.4826583239e-06
3.4824636439e-06
3.4822689639e-06
3.4820742839e-06
3.4818796039e-06
3.4816849239e-06
3.4814902639e-06
3.4812955839e-06
3.4811009039e-06
3.4809062239e-06
3.4807115439e-06
3.4805168639e-06
3.4803221839e-06
3.4801275039e-06
3.4799328239e-06
3.4797381439e-06
3.4795434639e-06
3.4793487839e-06
3.4791541039e-06
3.4789594239e-06
3.4787647439e-06
3.4785700639e-06
3.4783754039e-06
3.4781807239e-06
3.4779860439e-06
3.4777913639e-06
3.4775966839e-06
3.4774020039e-06
3.4772073239e-06
3.4770126439e-06
3.4768179639e-06
3.4766232839e-06
3.4764286039e-06
3.4762339239e-06
3.4760392439e-06
3.4758445639e-06
3.4756498839e-06
3.4754552039e-06
3.4752605239e-06
3.4750658639e-06
3.4748711839e-06
3.474676504e-06
3.474481824e-06
3.474287144e-06
3.474092464e-06
3.473897784e-06
3.473703104e-06
3.473508424e-06
3.473313744e-06
3.473119064e-06
3.472924384e-06
3.472729704e-06
3.472535024e-06
3.472340344e-06
3.472145664e-06
3.471951004e-06
3.471756324e-06
3.471561644e-06
3.471366964e-06
3.471172284e-06
3.470977604e-06
3.470782924e-06
3.470588244e-06
3.470393564e-06
3.470198884e-06
3.470004204e-06
3.469809524e-06
3.469614844e-06
3.469420164e-06
3.469225484e-06
3.469030804e-06
3.468836144e-06
3.468641464e-06
3.468446784e-06
3.468252104e-06
3.468057424e-06
3.467862744e-06
3.467668064e-06
3.467473384e-06
3.467278704e-06
3.467084024e-06
3.466889344e-06
3.466694664e-06
3.466499984e-06
3.466305304e-06
3.466110624e-06
3.465915944e-06
3.465721264e-06
3.465526604e-06
3.465331924e-06
3.465137244e-06
3.464942564e-06
3.464747884e-06
3.464553204e-06
3.464358524e-06
3.464163844e-06
3.463969164e-06
3.463774484e-06
3.463579804e-06
3.463385124e-06
3.463190444e-06
3.462995764e-06
3.462801084e-06
3.462606404e-06
3.462411744e-06
3.462217064e-06
3.462022384e-06
3.461827704e-06
3.461633024e-06
3.461438344e-06
3.461243664e-06
3.461048984e-06
3.460854304e-06
3.460659624e-06
3.460464944e-06
3.460270264e-06
3.460075584e-06
3.459880904e-06
3.459686224e-06
3.459491544e-06
3.459296884e-06
3.459102204e-06
3.458907524e-06
3.458712844e-06
3.458518164e-06
3.4583234841e-06
3.4581288041e-06
3.4579341241e-06
3.4577394441e-06
3.4575447641e-06
3.4573500841e-06
3.4571554041e-06
3.4569607241e-06
3.4567660441e-06
3.4565713641e-06
3.4563766841e-06
3.4561820041e-06
3.4559873441e-06
3.4557926641e-06
3.4555979841e-06
3.4554033041e-06
3.4552086241e-06
3.4550139441e-06
3.4548192641e-06
3.4546245841e-06
3.4544299041e-06
3.4542352241e-06
3.4540405441e-06
3.4538458641e-06
3.4536511841e-06
3.4534565041e-06
3.4532618241e-06
3.4530671441e-06
3.4528724841e-06
3.4526778041e-06
3.4524831241e-06
3.4522884441e-06
3.4520937641e-06
3.4518990841e-06
3.4517044041e-06
3.4515097241e-06
3.4513150441e-06
3.4511203641e-06
3.4509256841e-06
3.4507310041e-06
3.4505363241e-06
3.4503416441e-06
3.4501469641e-06
3.4499522841e-06
3.4497576041e-06
3.4495629441e-06
3.4493682641e-06
3.4491735841e-06
3.4489789041e-06
3.4487842241e-06
3.4485895441e-06
3.4483948641e-06
3.4482001841e-06
3.4480055041e-06
3.4478108241e-06
3.4476161441e-06
3.4474214641e-06
3.4472267841e-06
3.4470321041e-06
3.4468374241e-06
3.4466427441e-06
3.4464480841e-06
3.4462534041e-06
3.4460587241e-06
3.4458640441e-06
3.4456693641e-06
3.4454746841e-06
3.4452800041e-06
3.4450853241e-06
3.4448906441e-06
3.4446959641e-06
3.4445012841e-06
3.4443066041e-06
3.4441119241e-06
3.4439172441e-06
3.4437225641e-06
3.4435278841e-06
3.4433332241e-06
3.4431385441e-06
3.4429438641e-06
3.4427491841e-06
3.4425545041e-06
3.4423598241e-06
3.4421651441e-06
3.4419704641e-06
3.4417757842e-06
3.4415811042e-06
3.4413864242e-06
3.4411917442e-06
3.4409970642e-06
3.4408023842e-06
3.4406077042e-06
3.4404130242e-06
3.4402183442e-06
3.4400236842e-06
3.4398290042e-06
3.4396343242e-06
3.4394396442e-06
3.4392449642e-06
3.4390502842e-06
3.4388556042e-06
3.4386609242e-06
3.4384662442e-06
3.4382715642e-06
3.4380768842e-06
3.4378822042e-06
3.4376875242e-06
3.4374928442e-06
3.4372981642e-06
3.4371034842e-06
3.4369088242e-06
3.4367141442e-06
3.4365194642e-06
3.4363247842e-06
3.4361301042e-06
3.4359354242e-06
3.4357407442e-06
3.4355460642e-06
3.4353513842e-06
3.4351567042e-06
3.4349620242e-06
3.4347673442e-06
3.4345726642e-06
3.4343779842e-06
3.4341833042e-06
3.4339886242e-06
3.4337939442e-06
3.4335992842e-06
3.4334046042e-06
3.4332099242e-06
3.4330152442e-06
3.4328205642e-06
3.4326258842e-06
3.4324312042e-06
3.4322365242e-06
3.4320418442e-06
3.4318471642e-06
3.4316524842e-06
3.4314578042e-06
3.4312631242e-06
3.4310684442e-06
3.4308737642e-06
3.4306790842e-06
3.4304844242e-06
3.4302897442e-06
3.4300950642e-06
3.4299003842e-06
3.4297057042e-06
3.4295110242e-06
3.4293163442e-06
3.4291216642e-06
3.4289269842e-06
3.4287323042e-06
3.4285376242e-06
3.4283429442e-06
3.4281482642e-06
3.4279535842e-06
3.4277589042e-06
3.4275642242e-06
3.4273695642e-06
3.4271748842e-06
3.4269802042e-06
3.4267855242e-06
3.4265908442e-06
3.4263961642e-06
3.4262014842e-06
3.4260068042e-06
3.4258121242e-06
3.4256174442e-06
3.4254227643e-06
3.4252280843e-06
3.4250334043e-06
3.4248387243e-06
3.4246440443e-06
3.4244493643e-06
3.4242546843e-06
3.4240600243e-06
3.4238653443e-06
3.4236706643e-06
3.4234759843e-06
3.4232813043e-06
3.4230866243e-06
3.4228919443e-06
3.4226972643e-06
3.4225025843e-06
3.4223079043e-06
3.4221132243e-06
3.4219185443e-06
3.4217238643e-06
3.4215291843e-06
3.4213345043e-06
3.4211398243e-06
3.4209451643e-06
3.4207504843e-06
3.4205558043e-06
3.4203611243e-06
3.4201664443e-06
3.4199717643e-06
3.4197770843e-06
3.4195824043e-06
3.4193877243e-06
3.4191930443e-06
3.4189983643e-06
3.4188036843e-06
3.4186090043e-06
3.4184143243e-06
3.4182196443e-06
3.4180249643e-06
3.4178302843e-06
3.4176356243e-06
3.4174409443e-06
3.4172462643e-06
3.4170515843e-06
3.4168569043e-06
3.4166622243e-06
3.4164675443e-06
3.4162728643e-06
3.4160781843e-06
3.4158835043e-06
3.4156888243e-06
3.4154941443e-06
3.4152994643e-06
3.4151047843e-06
3.4149101043e-06
3.4147154243e-06
3.4145207643e-06
3.4143260843e-06
3.4141314043e-06
3.4139367243e-06
3.4137420443e-06
3.4135473643e-06
3.4133526843e-06
3.4131580043e-06
3.4129633243e-06
3.4127686443e-06
3.4125739643e-06
3.4123792843e-06
3.4121846043e-06
3.4119899243e-06
3.4117952443e-06
3.4116005643e-06
3.4114059043e-06
3.4112112243e-06
3.4110165443e-06
3.4108218643e-06
3.4106271843e-06
3.4104325043e-06
3.4102378243e-06
3.4100431443e-06
3.4098484643e-06
3.4096537843e-06
3.4094591043e-06
3.4092644243e-06
3.4090697443e-06
3.4088750644e-06
3.4086803844e-06
3.4084857044e-06
3.4082910244e-06
3.4080963644e-06
3.4079016844e-06
3.4077070044e-06
3.4075123244e-06
3.4073176444e-06
3.4071229644e-06
3.4069282844e-06
3.4067336044e-06
3.4065389244e-06
3.4063442444e-06
3.4061495644e-06
3.4059548844e-06
3.4057602044e-06
3.4055655244e-06
3.4053708444e-06
3.4051761644e-06
3.4049815044e-06
3.4047868244e-06
3.4045921444e-06
3.4043974644e-06
3.4042027844e-06
3.4040081044e-06
3.4038134244e-06
3.4036187444e-06
3.4034240644e-06
3.4032293844e-06
3.4030347044e-06
3.4028400244e-06
3.4026453444e-06
3.4024506644e-06
3.4022559844e-06
3.4020613044e-06
3.4018666244e-06
3.4016719644e-06
3.4014772844e-06
3.4012826044e-06
3.4010879244e-06
3.4008932444e-06
3.4006985644e-06
3.4005038844e-06
3.4003092044e-06
3.4001145244e-06
3.3999198444e-06
3.3997251644e-06
3.3995304844e-06
3.3993358044e-06
3.3991411244e-06
3.3989464444e-06
3.3987517644e-06
3.3985571044e-06
3.3983624244e-06
3.3981677444e-06
3.3979730644e-06
3.3977783844e-06
3.3975837044e-06
3.3973890244e-06
3.3971943444e-06
3.3969996644e-06
3.3968049844e-06
3.3966103044e-06
3.3964156244e-06
3.3962209444e-06
3.3960262644e-06
3.3958315844e-06
3.3956369044e-06
3.3954422444e-06
3.3952475644e-06
3.3950528844e-06
3.3948582044e-06
3.3946635244e-06
3.3944688444e-06
3.3942741644e-06
3.3940794844e-06
3.3938848044e-06
3.3936901244e-06
3.3934954444e-06
3.3933007644e-06
3.3931060844e-06
3.3929114044e-06
3.3927167244e-06
3.3925220445e-06
3.3923273645e-06
3.3921327045e-06
3.3919380245e-06
3.3917433445e-06
3.3915486645e-06
3.3913539845e-06
3.3911593045e-06
3.3909646245e-06
3.3907699445e-06
3.3905752645e-06
3.3903805845e-06
3.3901859045e-06
3.3899912245e-06
3.3897965445e-06
3.3896018645e-06
3.3894071845e-06
3.3892125045e-06
3.3890178445e-06
3.3888231645e-06
3.3886284845e-06
3.3884338045e-06
3.3882391245e-06
3.3880444445e-06
3.3878497645e-06
3.3876550845e-06
3.3874604045e-06
3.3872657245e-06
3.3870710445e-06
3.3868763645e-06
3.3866816845e-06
3.3864870045e-06
3.3862923245e-06
3.3860976445e-06
3.3859029645e-06
3.3857083045e-06
3.3855136245e-06
3.3853189445e-06
3.3851242645e-06
3.3849295845e-06
3.3847349045e-06
3.3845402245e-06
3.3843455445e-06
3.3841508645e-06
3.3839561845e-06
3.3837615045e-06
3.3835668245e-06
3.3833721445e-06
3.3831774645e-06
3.3829827845e-06
3.3827881045e-06
3.3825934445e-06
3.3823987645e-06
3.3822040845e-06
3.3820094045e-06
3.3818147245e-06
3.3816200445e-06
3.3814253645e-06
3.3812306845e-06
3.3810360045e-06
3.3808413245e-06
3.3806466445e-06
3.3804519645e-06
3.3802572845e-06
3.3800626045e-06
3.3798679245e-06
3.3796732445e-06
3.3794785845e-06
3.3792839045e-06
3.3790892245e-06
3.3788945445e-06
3.3786998645e-06
3.3785051845e-06
3.3783105045e-06
3.3781158245e-06
3.3779211445e-06
3.3777264645e-06
3.3775317845e-06
3.3773371045e-06
3.3771424245e-06
3.3769477445e-06
3.3767530645e-06
3.3765583845e-06
3.3763637045e-06
3.3761690445e-06
3.3759743646e-06
3.3757796846e-06
3.3755850046e-06
3.3753903246e-06
3.3751956446e-06
3.3750009646e-06
3.3748062846e-06
3.3746116046e-06
3.3744169246e-06
3.3742222446e-06
3.3740275646e-06
3.3738328846e-06
3.3736382046e-06
3.3734435246e-06
3.3732488446e-06
3.3730541846e-06
3.3728595046e-06
3.3726648246e-06
3.3724701446e-06
3.3722754646e-06
3.3720807846e-06
3.3718861046e-06
3.3716914246e-06
3.3714967446e-06
3.3713020646e-06
3.3711073846e-06
3.3709127046e-06
3.3707180246e-06
3.3705233446e-06
3.3703286646e-06
3.3701339846e-06
3.3699393246e-06
3.3697446446e-06
3.3695499646e-06
3.3693552846e-06
3.3691606046e-06
3.3689659246e-06
3.3687712446e-06
3.3685765646e-06
3.3683818846e-06
3.3681872046e-06
3.3679925246e-06
3.3677978446e-06
3.3676031646e-06
3.3674084846e-06
3.3672138046e-06
3.3670191246e-06
3.3668244446e-06
3.3666297846e-06
3.3664351046e-06
3.3662404246e-06
3.3660457446e-06
3.3658510646e-06
3.3656563846e-06
3.3654617046e-06
3.3652670246e-06
3.3650723446e-06
3.3648776646e-06
3.3646829846e-06
3.3644883046e-06
3.3642936246e-06
3.3640989446e-06
3.3639042646e-06
3.3637095846e-06
3.3635149246e-06
3.3633202446e-06
3.3631255646e-06
3.3629308846e-06
3.3627362046e-06
3.3625415246e-06
3.3623468446e-06
3.3621521646e-06
3.3619574846e-06
3.3617628046e-06
3.3615681246e-06
3.3613734446e-06
3.3611787646e-06
3.3609840846e-06
3.3607894046e-06
3.3605947246e-06
3.3604000446e-06
3.3602053846e-06
3.3600107046e-06
3.3598160246e-06
3.3596213447e-06
3.3594266647e-06
3.3592319847e-06
3.3590373047e-06
3.3588426247e-06
3.3586479447e-06
3.3584532647e-06
3.3582585847e-06
3.3580639047e-06
3.3578692247e-06
3.3576745447e-06
3.3574798647e-06
3.3572851847e-06
3.3570905247e-06
3.3568958447e-06
3.3567011647e-06
3.3565064847e-06
3.3563118047e-06
3.3561171247e-06
3.3559224447e-06
3.3557277647e-06
3.3555330847e-06
3.3553384047e-06
3.3551437247e-06
3.3549490447e-06
3.3547543647e-06
3.3545596847e-06
3.3543650047e-06
3.3541703247e-06
3.3539756647e-06
3.3537809847e-06
3.3535863047e-06
3.3533916247e-06
3.3531969447e-06
3.3530022647e-06
3.3528075847e-06
3.3526129047e-06
3.3524182247e-06
3.3522235447e-06
3.3520288647e-06
3.3518341847e-06
3.3516395047e-06
3.3514448247e-06
3.3512501447e-06
3.3510554647e-06
3.3508607847e-06
3.3506661247e-06
3.3504714447e-06
3.3502767647e-06
3.3500820847e-06
3.3498874047e-06
3.3496927247e-06
3.3494980447e-06
3.3493033647e-06
3.3491086847e-06
3.3489140047e-06
3.3487193247e-06
3.3485246447e-06
3.3483299647e-06
3.3481352847e-06
3.3479406047e-06
3.3477459247e-06
3.3475512647e-06
3.3473565847e-06
3.3471619047e-06
3.3469672247e-06
3.3467725447e-06
3.3465778647e-06
3.3463831847e-06
3.3461885047e-06
3.3459938247e-06
3.3457991447e-06
3.3456044647e-06
3.3454097847e-06
3.3452151047e-06
3.3450204247e-06
3.3448257447e-06
3.3446310647e-06
3.3444363847e-06
3.3442417247e-06
3.3440470447e-06
3.3438523647e-06
3.3436576847e-06
3.3434630047e-06
3.3432683247e-06
3.3430736448e-06
3.3428789648e-06
3.3426842848e-06
3.3424896048e-06
3.3422949248e-06
3.3421002448e-06
3.3419055648e-06
3.3417108848e-06
3.3415162048e-06
3.3413215248e-06
3.3411268648e-06
3.3409321848e-06
3.3407375048e-06
3.3405428248e-06
3.3403481448e-06
3.3401534648e-06
3.3399587848e-06
3.3397641048e-06
3.3395694248e-06
3.3393747448e-06
3.3391800648e-06
3.3389853848e-06
3.3387907048e-06
3.3385960248e-06
3.3384013448e-06
3.3382066648e-06
3.3380120048e-06
3.3378173248e-06
3.3376226448e-06
3.3374279648e-06
3.3372332848e-06
3.3370386048e-06
3.3368439248e-06
3.3366492448e-06
3.3364545648e-06
3.3362598848e-06
3.3360652048e-06
3.3358705248e-06
3.3356758448e-06
3.3354811648e-06
3.3352864848e-06
3.3350918048e-06
3.3348971248e-06
3.3347024648e-06
3.3345077848e-06
3.3343131048e-06
3.3341184248e-06
3.3339237448e-06
3.3337290648e-06
3.3335343848e-06
3.3333397048e-06
3.3331450248e-06
3.3329503448e-06
3.3327556648e-06
3.3325609848e-06
3.3323663048e-06
3.3321716248e-06
3.3319769448e-06
3.3317822648e-06
3.3315876048e-06
3.3313929248e-06
3.3311982448e-06
3.3310035648e-06
3.3308088848e-06
3.3306142048e-06
3.3304195248e-06
3.3302248448e-06
3.3300301648e-06
3.3298354848e-06
3.3296408048e-06
3.3294461248e-06
3.3292514448e-06
3.3290567648e-06
3.3288620848e-06
3.3286674048e-06
3.3284727248e-06
3.3282780648e-06
3.3280833848e-06
3.3278887048e-06
3.3276940248e-06
3.3274993448e-06
3.3273046648e-06
3.3271099848e-06
3.3269153048e-06
3.3267206249e-06
3.3265259449e-06
3.3263312649e-06
3.3261365849e-06
3.3259419049e-06
3.3257472249e-06
3.3255525449e-06
3.3253578649e-06
3.3251632049e-06
3.3249685249e-06
3.3247738449e-06
3.3245791649e-06
3.3243844849e-06
3.3241898049e-06
3.3239951249e-06
3.3238004449e-06
3.3236057649e-06
3.3234110849e-06
3.3232164049e-06
3.3230217249e-06
3.3228270449e-06
3.3226323649e-06
3.3224376849e-06
3.3222430049e-06
3.3220483449e-06
3.3218536649e-06
3.3216589849e-06
3.3214643049e-06
3.3212696249e-06
3.3210749449e-06
3.3208802649e-06
3.3206855849e-06
3.3204909049e-06
3.3202962249e-06
3.3201015449e-06
3.3199068649e-06
3.3197121849e-06
3.3195175049e-06
3.3193228249e-06
3.3191281449e-06
3.3189334649e-06
3.3187388049e-06
3.3185441249e-06
3.3183494449e-06
3.3181547649e-06
3.3179600849e-06
3.3177654049e-06
3.3175707249e-06
3.3173760449e-06
3.3171813649e-06
3.3169866849e-06
3.3167920049e-06
3.3165973249e-06
3.3164026449e-06
3.3162079649e-06
3.3160132849e-06
3.3158186049e-06
3.3156239449e-06
3.3154292649e-06
3.3152345849e-06
3.3150399049e-06
3.3148452249e-06
3.3146505449e-06
3.3144558649e-06
3.3142611849e-06
3.3140665049e-06
3.3138718249e-06
3.3136771449e-06
3.3134824649e-06
3.3132877849e-06
3.3130931049e-06
3.3128984249e-06
3.3127037449e-06
3.3125090649e-06
3.3123144049e-06
3.3121197249e-06
3.3119250449e-06
3.3117303649e-06
3.3115356849e-06
3.3113410049e-06
3.3111463249e-06
3.3109516449e-06
3.3107569649e-06
3.3105622849e-06
3.3103676049e-06
3.310172925e-06
3.309978245e-06
3.309783565e-06
3.309588885e-06
3.309394205e-06
3.309199545e-06
3.309004865e-06
3.308810185e-06
3.308615505e-06
3.308420825e-06
3.308226145e-06
3.308031465e-06
3.307836785e-06
3.307642105e-06
3.307447425e-06
3.307252745e-06
3.307058065e-06
3.306863385e-06
3.306668705e-06
3.306474025e-06
3.306279345e-06
3.306084685e-06
3.305890005e-06
3.305695325e-06
3.305500645e-06
3.305305965e-06
3.305111285e-06
3.304916605e-06
3.304721925e-06
3.304527245e-06
3.304332565e-06
3.304137885e-06
3.303943205e-06
3.303748525e-06
3.303553845e-06
3.303359165e-06
3.303164485e-06
3.302969805e-06
3.302775145e-06
3.302580465e-06
3.302385785e-06
3.302191105e-06
3.301996425e-06
3.301801745e-06
3.301607065e-06
3.301412385e-06
3.301217705e-06
3.301023025e-06
3.300828345e-06
3.300633665e-06
3.300438985e-06
3.300244305e-06
3.300049625e-06
3.299854945e-06
3.299660285e-06
3.299465605e-06
3.299270925e-06
3.299076245e-06
3.298881565e-06
3.298686885e-06
3.298492205e-06
3.298297525e-06
3.298102845e-06
3.297908165e-06
3.297713485e-06
3.297518805e-06
3.297324125e-06
3.297129445e-06
3.296934765e-06
3.296740085e-06
3.296545405e-06
3.296350745e-06
3.296156065e-06
3.295961385e-06
3.295766705e-06
3.295572025e-06
3.295377345e-06
3.295182665e-06
3.294987985e-06
3.294793305e-06
3.294598625e-06
3.294403945e-06
3.294209265e-06
3.294014585e-06
3.2938199051e-06
3.2936252251e-06
3.2934305451e-06
3.2932358851e-06
3.2930412051e-06
3.2928465251e-06
3.2926518451e-06
3.2924571651e-06
3.2922624851e-06
3.2920678051e-06
3.2918731251e-06
3.2916784451e-06
3.2914837651e-06
3.2912890851e-06
3.2910944051e-06
3.2908997251e-06
3.2907050451e-06
3.2905103651e-06
3.2903156851e-06
3.2901210251e-06
3.2899263451e-06
3.2897316651e-06
3.2895369851e-06
3.2893423051e-06
3.2891476251e-06
3.2889529451e-06
3.2887582651e-06
3.2885635851e-06
3.2883689051e-06
3.2881742251e-06
3.2879795451e-06
3.2877848651e-06
3.2875901851e-06
3.2873955051e-06
3.2872008251e-06
3.2870061451e-06
3.2868114851e-06
3.2866168051e-06
3.2864221251e-06
3.2862274451e-06
3.2860327651e-06
3.2858380851e-06
3.2856434051e-06
3.2854487251e-06
3.2852540451e-06
3.2850593651e-06
3.2848646851e-06
3.2846700051e-06
3.2844753251e-06
3.2842806451e-06
3.2840859651e-06
3.2838912851e-06
3.2836966251e-06
3.2835019451e-06
3.2833072651e-06
3.2831125851e-06
3.2829179051e-06
3.2827232251e-06
3.2825285451e-06
3.2823338651e-06
3.2821391851e-06
3.2819445051e-06
3.2817498251e-06
3.2815551451e-06
3.2813604651e-06
3.2811657851e-06
3.2809711051e-06
3.2807764251e-06
3.2805817451e-06
3.2803870851e-06
3.2801924051e-06
3.2799977251e-06
3.2798030451e-06
3.2796083651e-06
3.2794136851e-06
3.2792190051e-06
3.2790243251e-06
3.2788296451e-06
3.2786349651e-06
3.2784402851e-06
3.2782456051e-06
3.2780509251e-06
3.2778562451e-06
3.2776615651e-06
3.2774668851e-06
3.2772722252e-06
3.2770775452e-06
3.2768828652e-06
3.2766881852e-06
3.2764935052e-06
3.2762988252e-06
3.2761041452e-06
3.2759094652e-06
3.2757147852e-06
3.2755201052e-06
3.2753254252e-06
3.2751307452e-06
3.2749360652e-06
3.2747413852e-06
3.2745467052e-06
3.2743520252e-06
3.2741573652e-06
3.2739626852e-06
3.2737680052e-06
3.2735733252e-06
3.2733786452e-06
3.2731839652e-06
3.2729892852e-06
3.2727946052e-06
3.2725999252e-06
3.2724052452e-06
3.2722105652e-06
3.2720158852e-06
3.2718212052e-06
3.2716265252e-06
3.2714318452e-06
3.2712371652e-06
3.2710424852e-06
3.2708478252e-06
3.2706531452e-06
3.2704584652e-06
3.2702637852e-06
3.2700691052e-06
3.2698744252e-06
3.2696797452e-06
3.2694850652e-06
3.2692903852e-06
3.2690957052e-06
3.2689010252e-06
3.2687063452e-06
3.2685116652e-06
3.2683169852e-06
3.2681223052e-06
3.2679276252e-06
3.2677329652e-06
3.2675382852e-06
3.2673436052e-06
3.2671489252e-06
3.2669542452e-06
3.2667595652e-06
3.2665648852e-06
3.2663702052e-06
3.2661755252e-06
3.2659808452e-06
3.2657861652e-06
3.2655914852e-06
3.2653968052e-06
3.2652021252e-06
3.2650074452e-06
3.2648127652e-06
3.2646181052e-06
3.2644234252e-06
3.2642287452e-06
3.2640340652e-06
3.2638393852e-06
3.2636447052e-06
3.2634500252e-06
3.2632553452e-06
3.2630606652e-06
3.2628659852e-06
3.2626713052e-06
3.2624766252e-06
3.2622819452e-06
3.2620872652e-06
3.2618925852e-06
3.2616979052e-06
3.2615032252e-06
3.2613085652e-06
3.2611138852e-06
3.2609192053e-06
3.2607245253e-06
3.2605298453e-06
3.2603351653e-06
3.2601404853e-06
3.2599458053e-06
3.2597511253e-06
3.2595564453e-06
3.2593617653e-06
3.2591670853e-06
3.2589724053e-06
3.2587777253e-06
3.2585830453e-06
3.2583883653e-06
3.2581937053e-06
3.2579990253e-06
3.2578043453e-06
3.2576096653e-06
3.2574149853e-06
3.2572203053e-06
3.2570256253e-06
3.2568309453e-06
3.2566362653e-06
3.2564415853e-06
3.2562469053e-06
3.2560522253e-06
3.2558575453e-06
3.2556628653e-06
3.2554681853e-06
3.2552735053e-06
3.2550788253e-06
3.2548841653e-06
3.2546894853e-06
3.2544948053e-06
3.2543001253e-06
3.2541054453e-06
3.2539107653e-06
3.2537160853e-06
3.2535214053e-06
3.2533267253e-06
3.2531320453e-06
3.2529373653e-06
3.2527426853e-06
3.2525480053e-06
3.2523533253e-06
3.2521586453e-06
3.2519639653e-06
3.2517693053e-06
3.2515746253e-06
3.2513799453e-06
3.2511852653e-06
3.2509905853e-06
3.2507959053e-06
3.2506012253e-06
3.2504065453e-06
3.2502118653e-06
3.2500171853e-06
3.2498225053e-06
3.2496278253e-06
3.2494331453e-06
3.2492384653e-06
3.2490437853e-06
3.2488491053e-06
3.2486544453e-06
3.2484597653e-06
3.2482650853e-06
3.2480704053e-06
3.2478757253e-06
3.2476810453e-06
3.2474863653e-06
3.2472916853e-06
3.2470970053e-06
3.2469023253e-06
3.2467076453e-06
3.2465129653e-06
3.2463182853e-06
3.2461236053e-06
3.2459289253e-06
3.2457342453e-06
3.2455395653e-06
3.2453449053e-06
3.2451502253e-06
3.2449555453e-06
3.2447608653e-06
3.2445661853e-06
3.2443715054e-06
3.2441768254e-06
3.2439821454e-06
3.2437874654e-06
3.2435927854e-06
3.2433981054e-06
3.2432034254e-06
3.2430087454e-06
3.2428140654e-06
3.2426193854e-06
3.2424247054e-06
3.2422300454e-06
3.2420353654e-06
3.2418406854e-06
3.2416460054e-06
3.2414513254e-06
3.2412566454e-06
3.2410619654e-06
3.2408672854e-06
3.2406726054e-06
3.2404779254e-06
3.2402832454e-06
3.2400885654e-06
3.2398938854e-06
3.2396992054e-06
3.2395045254e-06
3.2393098454e-06
3.2391151654e-06
3.2389205054e-06
3.2387258254e-06
3.2385311454e-06
3.2383364654e-06
3.2381417854e-06
3.2379471054e-06
3.2377524254e-06
3.2375577454e-06
3.2373630654e-06
3.2371683854e-06
3.2369737054e-06
3.2367790254e-06
3.2365843454e-06
3.2363896654e-06
3.2361949854e-06
3.2360003054e-06
3.2358056454e-06
3.2356109654e-06
3.2354162854e-06
3.2352216054e-06
3.2350269254e-06
3.2348322454e-06
3.2346375654e-06
3.2344428854e-06
3.2342482054e-06
3.2340535254e-06
3.2338588454e-06
3.2336641654e-06
3.2334694854e-06
3.2332748054e-06
3.2330801254e-06
3.2328854454e-06
3.2326907854e-06
3.2324961054e-06
3.2323014254e-06
3.2321067454e-06
3.2319120654e-06
3.2317173854e-06
3.2315227054e-06
3.2313280254e-06
3.2311333454e-06
3.2309386654e-06
3.2307439854e-06
3.2305493054e-06
3.2303546254e-06
3.2301599454e-06
3.2299652654e-06
3.2297705854e-06
3.2295759054e-06
3.2293812454e-06
3.2291865654e-06
3.2289918854e-06
3.2287972054e-06
3.2286025254e-06
3.2284078454e-06
3.2282131654e-06
3.2280184855e-06
3.2278238055e-06
3.2276291255e-06
3.2274344455e-06
3.2272397655e-06
3.2270450855e-06
3.2268504055e-06
3.2266557255e-06
3.2264610455e-06
3.2262663855e-06
3.2260717055e-06
3.2258770255e-06
3.2256823455e-06
3.2254876655e-06
3.2252929855e-06
3.2250983055e-06
3.2249036255e-06
3.2247089455e-06
3.2245142655e-06
3.2243195855e-06
3.2241249055e-06
3.2239302255e-06
3.2237355455e-06
3.2235408655e-06
3.2233461855e-06
3.2231515055e-06
3.2229568455e-06
3.2227621655e-06
3.2225674855e-06
3.2223728055e-06
3.2221781255e-06
3.2219834455e-06
3.2217887655e-06
3.2215940855e-06
3.2213994055e-06
3.2212047255e-06
3.2210100455e-06
3.2208153655e-06
3.2206206855e-06
3.2204260055e-06
3.2202313255e-06
3.2200366455e-06
3.2198419855e-06
3.2196473055e-06
3.2194526255e-06
3.2192579455e-06
3.2190632655e-06
3.2188685855e-06
3.2186739055e-06
3.2184792255e-06
3.2182845455e-06
3.2180898655e-06
3.2178951855e-06
3.2177005055e-06
3.2175058255e-06
3.2173111455e-06
3.2171164655e-06
3.2169217855e-06
3.2167271255e-06
3.2165324455e-06
3.2163377655e-06
3.2161430855e-06
3.2159484055e-06
3.2157537255e-06
3.2155590455e-06
3.2153643655e-06
3.2151696855e-06
3.2149750055e-06
3.2147803255e-06
3.2145856455e-06
3.2143909655e-06
3.2141962855e-06
3.2140016055e-06
3.2138069255e-06
3.2136122455e-06
3.2134175855e-06
3.2132229055e-06
3.2130282255e-06
3.2128335455e-06
3.2126388655e-06
3.2124441855e-06
3.2122495055e-06
3.2120548255e-06
3.2118601455e-06
3.2116654655e-06
3.2114707856e-06
3.2112761056e-06
3.2110814256e-06
3.2108867456e-06
3.2106920656e-06
3.2104973856e-06
3.2103027256e-06
3.2101080456e-06
3.2099133656e-06
3.2097186856e-06
3.2095240056e-06
3.2093293256e-06
3.2091346456e-06
3.2089399656e-06
3.2087452856e-06
3.2085506056e-06
3.2083559256e-06
3.2081612456e-06
3.2079665656e-06
3.2077718856e-06
3.2075772056e-06
3.2073825256e-06
3.2071878456e-06
3.2069931856e-06
3.2067985056e-06
3.2066038256e-06
3.2064091456e-06
3.2062144656e-06
3.2060197856e-06
3.2058251056e-06
3.2056304256e-06
3.2054357456e-06
3.2052410656e-06
3.2050463856e-06
3.2048517056e-06
3.2046570256e-06
3.2044623456e-06
3.2042676656e-06
3.2040729856e-06
3.2038783256e-06
3.2036836456e-06
3.2034889656e-06
3.2032942856e-06
3.2030996056e-06
3.2029049256e-06
3.2027102456e-06
3.2025155656e-06
3.2023208856e-06
3.2021262056e-06
3.2019315256e-06
3.2017368456e-06
3.2015421656e-06
3.2013474856e-06
3.2011528056e-06
3.2009581256e-06
3.2007634656e-06
3.2005687856e-06
3.2003741056e-06
3.2001794256e-06
3.1999847456e-06
3.1997900656e-06
3.1995953856e-06
3.1994007056e-06
3.1992060256e-06
3.1990113456e-06
3.1988166656e-06
3.1986219856e-06
3.1984273056e-06
3.1982326256e-06
3.1980379456e-06
3.1978432656e-06
3.1976485856e-06
3.1974539256e-06
3.1972592456e-06
3.1970645656e-06
3.1968698856e-06
3.1966752056e-06
3.1964805256e-06
3.1962858456e-06
3.1960911656e-06
3.1958964856e-06
3.1957018056e-06
3.1955071256e-06
3.1953124456e-06
3.1951177657e-06
3.1949230857e-06
3.1947284057e-06
3.1945337257e-06
3.1943390657e-06
3.1941443857e-06
3.1939497057e-06
3.1937550257e-06
3.1935603457e-06
3.1933656657e-06
3.1931709857e-06
3.1929763057e-06
3.1927816257e-06
3.1925869457e-06
3.1923922657e-06
3.1921975857e-06
3.1920029057e-06
3.1918082257e-06
3.1916135457e-06
3.1914188657e-06
3.1912241857e-06
3.1910295257e-06
3.1908348457e-06
3.1906401657e-06
3.1904454857e-06
3.1902508057e-06
3.1900561257e-06
3.1898614457e-06
3.1896667657e-06
3.1894720857e-06
3.1892774057e-06
3.1890827257e-06
3.1888880457e-06
3.1886933657e-06
3.1884986857e-06
3.1883040057e-06
3.1881093257e-06
3.1879146657e-06
3.1877199857e-06
3.1875253057e-06
3.1873306257e-06
3.1871359457e-06
3.1869412657e-06
3.1867465857e-06
3.1865519057e-06
3.1863572257e-06
3.1861625457e-06
3.1859678657e-06
3.1857731857e-06
3.1855785057e-06
3.1853838257e-06
3.1851891457e-06
3.1849944657e-06
3.1847998057e-06
3.1846051257e-06
3.1844104457e-06
3.1842157657e-06
3.1840210857e-06
3.1838264057e-06
3.1836317257e-06
3.1834370457e-06
3.1832423657e-06
3.1830476857e-06
3.1828530057e-06
3.1826583257e-06
3.1824636457e-06
3.1822689657e-06
3.1820742857e-06
3.1818796057e-06
3.1816849257e-06
3.1814902657e-06
3.1812955857e-06
3.1811009057e-06
3.1809062257e-06
3.1807115457e-06
3.1805168657e-06
3.1803221857e-06
3.1801275057e-06
3.1799328257e-06
3.1797381457e-06
3.1795434657e-06
3.1793487857e-06
3.1791541057e-06
3.1789594257e-06
3.1787647457e-06
3.1785700658e-06
3.1783754058e-06
3.1781807258e-06
3.1779860458e-06
3.1777913658e-06
3.1775966858e-06
3.1774020058e-06
3.1772073258e-06
3.1770126458e-06
3.1768179658e-06
3.1766232858e-06
3.1764286058e-06
3.1762339258e-06
3.1760392458e-06
3.1758445658e-06
3.1756498858e-06
3.1754552058e-06
3.1752605258e-06
3.1750658658e-06
3.1748711858e-06
3.1746765058e-06
3.1744818258e-06
3.1742871458e-06
3.1740924658e-06
3.1738977858e-06
3.1737031058e-06
3.1735084258e-06
3.1733137458e-06
3.1731190658e-06
3.1729243858e-06
3.1727297058e-06
3.1725350258e-06
3.1723403458e-06
3.1721456658e-06
3.1719510058e-06
3.1717563258e-06
3.1715616458e-06
3.1713669658e-06
3.1711722858e-06
3.1709776058e-06
3.1707829258e-06
3.1705882458e-06
3.1703935658e-06
3.1701988858e-06
3.1700042058e-06
3.1698095258e-06
3.1696148458e-06
3.1694201658e-06
3.1692254858e-06
3.1690308058e-06
3.1688361458e-06
3.1686414658e-06
3.1684467858e-06
3.1682521058e-06
3.1680574258e-06
3.1678627458e-06
3.1676680658e-06
3.1674733858e-06
3.1672787058e-06
3.1670840258e-06
3.1668893458e-06
3.1666946658e-06
3.1664999858e-06
3.1663053058e-06
3.1661106258e-06
3.1659159458e-06
3.1657212658e-06
3.1655266058e-06
3.1653319258e-06
3.1651372458e-06
3.1649425658e-06
3.1647478858e-06
3.1645532058e-06
3.1643585258e-06
3.1641638458e-06
3.1639691658e-06
3.1637744858e-06
3.1635798058e-06
3.1633851258e-06
3.1631904458e-06
3.1629957658e-06
3.1628010858e-06
3.1626064058e-06
3.1624117458e-06
3.1622170659e-06
3.1620223859e-06
3.1618277059e-06
3.1616330259e-06
3.1614383459e-06
3.1612436659e-06
3.1610489859e-06
3.1608543059e-06
3.1606596259e-06
3.1604649459e-06
3.1602702659e-06
3.1600755859e-06
3.1598809059e-06
3.1596862259e-06
3.1594915459e-06
3.1592968859e-06
3.1591022059e-06
3.1589075259e-06
3.1587128459e-06
3.1585181659e-06
3.1583234859e-06
3.1581288059e-06
3.1579341259e-06
3.1577394459e-06
3.1575447659e-06
3.1573500859e-06
3.1571554059e-06
3.1569607259e-06
3.1567660459e-06
3.1565713659e-06
3.1563766859e-06
3.1561820059e-06
3.1559873459e-06
3.1557926659e-06
3.1555979859e-06
3.1554033059e-06
3.1552086259e-06
3.1550139459e-06
3.1548192659e-06
3.1546245859e-06
3.1544299059e-06
3.1542352259e-06
3.1540405459e-06
3.1538458659e-06
3.1536511859e-06
3.1534565059e-06
3.1532618259e-06
3.1530671459e-06
3.1528724859e-06
3.1526778059e-06
3.1524831259e-06
3.1522884459e-06
3.1520937659e-06
3.1518990859e-06
3.1517044059e-06
3.1515097259e-06
3.1513150459e-06
3.1511203659e-06
3.1509256859e-06
3.1507310059e-06
3.1505363259e-06
3.1503416459e-06
3.1501469659e-06
3.1499522859e-06
3.1497576059e-06
3.1495629459e-06
3.1493682659e-06
3.1491735859e-06
3.1489789059e-06
3.1487842259e-06
3.1485895459e-06
3.1483948659e-06
3.1482001859e-06
3.1480055059e-06
3.1478108259e-06
3.1476161459e-06
3.1474214659e-06
3.1472267859e-06
3.1470321059e-06
3.1468374259e-06
3.1466427459e-06
3.1464480859e-06
3.1462534059e-06
3.1460587259e-06
3.1458640459e-06
3.145669366e-06
3.145474686e-06
3.145280006e-06
3.145085326e-06
3.144890646e-06
3.144695966e-06
3.144501286e-06
3.144306606e-06
3.144111926e-06
3.143917246e-06
3.143722566e-06
3.143527886e-06
3.143333226e-06
3.143138546e-06
3.142943866e-06
3.142749186e-06
3.142554506e-06
3.142359826e-06
3.142165146e-06
3.141970466e-06
3.141775786e-06
3.141581106e-06
3.141386426e-06
3.141191746e-06
3.140997066e-06
3.140802386e-06
3.140607706e-06
3.140413026e-06
3.140218346e-06
3.140023686e-06
3.139829006e-06
3.139634326e-06
3.139439646e-06
3.139244966e-06
3.139050286e-06
3.138855606e-06
3.138660926e-06
3.138466246e-06
3.138271566e-06
3.138076886e-06
3.137882206e-06
3.137687526e-06
3.137492846e-06
3.137298166e-06
3.137103486e-06
3.136908826e-06
3.136714146e-06
3.136519466e-06
3.136324786e-06
3.136130106e-06
3.135935426e-06
3.135740746e-06
3.135546066e-06
3.135351386e-06
3.135156706e-06
3.134962026e-06
3.134767346e-06
3.134572666e-06
3.134377986e-06
3.134183306e-06
3.133988626e-06
3.133793946e-06
3.133599286e-06
3.133404606e-06
3.133209926e-06
3.133015246e-06
3.132820566e-06
3.132625886e-06
3.132431206e-06
3.132236526e-06
3.132041846e-06
3.131847166e-06
3.131652486e-06
3.131457806e-06
3.131263126e-06
3.131068446e-06
3.130873766e-06
3.130679086e-06
3.130484426e-06
3.130289746e-06
3.130095066e-06
3.129900386e-06
3.129705706e-06
3.129511026e-06
3.1293163461e-06
3.1291216661e-06
3.1289269861e-06
3.1287323061e-06
3.1285376261e-06
3.1283429461e-06
3.1281482661e-06
3.1279535861e-06
3.1277589061e-06
3.1275642261e-06
3.1273695661e-06
3.1271748861e-06
3.1269802061e-06
3.1267855261e-06
3.1265908461e-06
3.1263961661e-06
3.1262014861e-06
3.1260068061e-06
3.1258121261e-06
3.1256174461e-06
3.1254227661e-06
3.1252280861e-06
3.1250334061e-06
3.1248387261e-06
3.1246440461e-06
3.1244493661e-06
3.1242546861e-06
3.1240600261e-06
3.1238653461e-06
3.1236706661e-06
3.1234759861e-06
3.1232813061e-06
3.1230866261e-06
3.1228919461e-06
3.1226972661e-06
3.1225025861e-06
3.1223079061e-06
3.1221132261e-06
3.1219185461e-06
3.1217238661e-06
3.1215291861e-06
3.1213345061e-06
3.1211398261e-06
3.1209451661e-06
3.1207504861e-06
3.1205558061e-06
3.1203611261e-06
3.1201664461e-06
3.1199717661e-06
3.1197770861e-06
3.1195824061e-06
3.1193877261e-06
3.1191930461e-06
3.1189983661e-06
3.1188036861e-06
3.1186090061e-06
3.1184143261e-06
3.1182196461e-06
3.1180249661e-06
3.1178302861e-06
3.1176356261e-06
3.1174409461e-06
3.1172462661e-06
3.1170515861e-06
3.1168569061e-06
3.1166622261e-06
3.1164675461e-06
3.1162728661e-06
3.1160781861e-06
3.1158835061e-06
3.1156888261e-06
3.1154941461e-06
3.1152994661e-06
3.1151047861e-06
3.1149101061e-06
3.1147154261e-06
3.1145207661e-06
3.1143260861e-06
3.1141314061e-06
3.1139367261e-06
3.1137420461e-06
3.1135473661e-06
3.1133526861e-06
3.1131580061e-06
3.1129633261e-06
3.1127686462e-06
3.1125739662e-06
3.1123792862e-06
3.1121846062e-06
3.1119899262e-06
3.1117952462e-06
3.1116005662e-06
3.1114059062e-06
3.1112112262e-06
3.1110165462e-06
3.1108218662e-06
3.1106271862e-06
3.1104325062e-06
3.1102378262e-06
3.1100431462e-06
3.1098484662e-06
3.1096537862e-06
3.1094591062e-06
3.1092644262e-06
3.1090697462e-06
3.1088750662e-06
3.1086803862e-06
3.1084857062e-06
3.1082910262e-06
3.1080963662e-06
3.1079016862e-06
3.1077070062e-06
3.1075123262e-06
3.1073176462e-06
3.1071229662e-06
3.1069282862e-06
3.1067336062e-06
3.1065389262e-06
3.1063442462e-06
3.1061495662e-06
3.1059548862e-06
3.1057602062e-06
3.1055655262e-06
3.1053708462e-06
3.1051761662e-06
3.1049815062e-06
3.1047868262e-06
3.1045921462e-06
3.1043974662e-06
3.1042027862e-06
3.1040081062e-06
3.1038134262e-06
3.1036187462e-06
3.1034240662e-06
3.1032293862e-06
3.1030347062e-06
3.1028400262e-06
3.1026453462e-06
3.1024506662e-06
3.1022559862e-06
3.1020613062e-06
3.1018666262e-06
3.1016719662e-06
3.1014772862e-06
3.1012826062e-06
3.1010879262e-06
3.1008932462e-06
3.1006985662e-06
3.1005038862e-06
3.1003092062e-06
3.1001145262e-06
3.0999198462e-06
3.0997251662e-06
3.0995304862e-06
3.0993358062e-06
3.0991411262e-06
3.0989464462e-06
3.0987517662e-06
3.0985571062e-06
3.0983624262e-06
3.0981677462e-06
3.0979730662e-06
3.0977783862e-06
3.0975837062e-06
3.0973890262e-06
3.0971943462e-06
3.0969996662e-06
3.0968049862e-06
3.0966103062e-06
3.0964156262e-06
3.0962209463e-06
3.0960262663e-06
3.0958315863e-06
3.0956369063e-06
3.0954422463e-06
3.0952475663e-06
3.0950528863e-06
3.0948582063e-06
3.0946635263e-06
3.0944688463e-06
3.0942741663e-06
3.0940794863e-06
3.0938848063e-06
3.0936901263e-06
3.0934954463e-06
3.0933007663e-06
3.0931060863e-06
3.0929114063e-06
3.0927167263e-06
3.0925220463e-06
3.0923273663e-06
3.0921327063e-06
3.0919380263e-06
3.0917433463e-06
3.0915486663e-06
3.0913539863e-06
3.0911593063e-06
3.0909646263e-06
3.0907699463e-06
3.0905752663e-06
3.0903805863e-06
3.0901859063e-06
3.0899912263e-06
3.0897965463e-06
3.0896018663e-06
3.0894071863e-06
3.0892125063e-06
3.0890178463e-06
3.0888231663e-06
3.0886284863e-06
3.0884338063e-06
3.0882391263e-06
3.0880444463e-06
3.0878497663e-06
3.0876550863e-06
3.0874604063e-06
3.0872657263e-06
3.0870710463e-06
3.0868763663e-06
3.0866816863e-06
3.0864870063e-06
3.0862923263e-06
3.0860976463e-06
3.0859029663e-06
3.0857083063e-06
3.0855136263e-06
3.0853189463e-06
3.0851242663e-06
3.0849295863e-06
3.0847349063e-06
3.0845402263e-06
3.0843455463e-06
3.0841508663e-06
3.0839561863e-06
3.0837615063e-06
3.0835668263e-06
3.0833721463e-06
3.0831774663e-06
3.0829827863e-06
3.0827881063e-06
3.0825934463e-06
3.0823987663e-06
3.0822040863e-06
3.0820094063e-06
3.0818147263e-06
3.0816200463e-06
3.0814253663e-06
3.0812306863e-06
3.0810360063e-06
3.0808413263e-06
3.0806466463e-06
3.0804519663e-06
3.0802572863e-06
3.0800626063e-06
3.0798679264e-06
3.0796732464e-06
3.0794785864e-06
3.0792839064e-06
3.0790892264e-06
3.0788945464e-06
3.0786998664e-06
3.0785051864e-06
3.0783105064e-06
3.0781158264e-06
3.0779211464e-06
3.0777264664e-06
3.0775317864e-06
3.0773371064e-06
3.0771424264e-06
3.0769477464e-06
3.0767530664e-06
3.0765583864e-06
3.0763637064e-06
3.0761690464e-06
3.0759743664e-06
3.0757796864e-06
3.0755850064e-06
3.0753903264e-06
3.0751956464e-06
3.0750009664e-06
3.0748062864e-06
3.0746116064e-06
3.0744169264e-06
3.0742222464e-06
3.0740275664e-06
3.0738328864e-06
3.0736382064e-06
3.0734435264e-06
3.0732488464e-06
3.0730541864e-06
3.0728595064e-06
3.0726648264e-06
3.0724701464e-06
3.0722754664e-06
3.0720807864e-06
3.0718861064e-06
3.0716914264e-06
3.0714967464e-06
3.0713020664e-06
3.0711073864e-06
3.0709127064e-06
3.0707180264e-06
3.0705233464e-06
3.0703286664e-06
3.0701339864e-06
3.0699393264e-06
3.0697446464e-06
3.0695499664e-06
3.0693552864e-06
3.0691606064e-06
3.0689659264e-06
3.0687712464e-06
3.0685765664e-06
3.0683818864e-06
3.0681872064e-06
3.0679925264e-06
3.0677978464e-06
3.0676031664e-06
3.0674084864e-06
3.0672138064e-06
3.0670191264e-06
3.0668244464e-06
3.0666297864e-06
3.0664351064e-06
3.0662404264e-06
3.0660457464e-06
3.0658510664e-06
3.0656563864e-06
3.0654617064e-06
3.0652670264e-06
3.0650723464e-06
3.0648776664e-06
3.0646829864e-06
3.0644883064e-06
3.0642936264e-06
3.0640989464e-06
3.0639042664e-06
3.0637095864e-06
3.0635149264e-06
3.0633202465e-06
3.0631255665e-06
3.0629308865e-06
3.0627362065e-06
3.0625415265e-06
3.0623468465e-06
3.0621521665e-06
3.0619574865e-06
3.0617628065e-06
3.0615681265e-06
3.0613734465e-06
3.0611787665e-06
3.0609840865e-06
3.0607894065e-06
3.0605947265e-06
3.0604000465e-06
3.0602053865e-06
3.0600107065e-06
3.0598160265e-06
3.0596213465e-06
3.0594266665e-06
3.0592319865e-06
3.0590373065e-06
3.0588426265e-06
3.0586479465e-06
3.0584532665e-06
3.0582585865e-06
3.0580639065e-06
3.0578692265e-06
3.0576745465e-06
3.0574798665e-06
3.0572851865e-06
3.0570905265e-06
3.0568958465e-06
3.0567011665e-06
3.0565064865e-06
3.0563118065e-06
3.0561171265e-06
3.0559224465e-06
3.0557277665e-06
3.0555330865e-06
3.0553384065e-06
3.0551437265e-06
3.0549490465e-06
3.0547543665e-06
3.0545596865e-06
3.0543650065e-06
3.0541703265e-06
3.0539756665e-06
3.0537809865e-06
3.0535863065e-06
3.0533916265e-06
3.0531969465e-06
3.0530022665e-06
3.0528075865e-06
3.0526129065e-06
3.0524182265e-06
3.0522235465e-06
3.0520288665e-06
3.0518341865e-06
3.0516395065e-06
3.0514448265e-06
3.0512501465e-06
3.0510554665e-06
3.0508607865e-06
3.0506661265e-06
3.0504714465e-06
3.0502767665e-06
3.0500820865e-06
3.0498874065e-06
3.0496927265e-06
3.0494980465e-06
3.0493033665e-06
3.0491086865e-06
3.0489140065e-06
3.0487193265e-06
3.0485246465e-06
3.0483299665e-06
3.0481352865e-06
3.0479406065e-06
3.0477459265e-06
3.0475512665e-06
3.0473565865e-06
3.0471619065e-06
3.0469672266e-06
3.0467725466e-06
3.0465778666e-06
3.0463831866e-06
3.0461885066e-06
3.0459938266e-06
3.0457991466e-06
3.0456044666e-06
3.0454097866e-06
3.0452151066e-06
3.0450204266e-06
3.0448257466e-06
3.0446310666e-06
3.0444363866e-06
3.0442417266e-06
3.0440470466e-06
3.0438523666e-06
3.0436576866e-06
3.0434630066e-06
3.0432683266e-06
3.0430736466e-06
3.0428789666e-06
3.0426842866e-06
3.0424896066e-06
3.0422949266e-06
3.0421002466e-06
3.0419055666e-06
3.0417108866e-06
3.0415162066e-06
3.0413215266e-06
3.0411268666e-06
3.0409321866e-06
3.0407375066e-06
3.0405428266e-06
3.0403481466e-06
3.0401534666e-06
3.0399587866e-06
3.0397641066e-06
3.0395694266e-06
3.0393747466e-06
3.0391800666e-06
3.0389853866e-06
3.0387907066e-06
3.0385960266e-06
3.0384013466e-06
3.0382066666e-06
3.0380120066e-06
3.0378173266e-06
3.0376226466e-06
3.0374279666e-06
3.0372332866e-06
3.0370386066e-06
3.0368439266e-06
3.0366492466e-06
3.0364545666e-06
3.0362598866e-06
3.0360652066e-06
3.0358705266e-06
3.0356758466e-06
3.0354811666e-06
3.0352864866e-06
3.0350918066e-06
3.0348971266e-06
3.0347024666e-06
3.0345077866e-06
3.0343131066e-06
3.0341184266e-06
3.0339237466e-06
3.0337290666e-06
3.0335343866e-06
3.0333397066e-06
3.0331450266e-06
3.0329503466e-06
3.0327556666e-06
3.0325609866e-06
3.0323663066e-06
3.0321716266e-06
3.0319769466e-06
3.0317822666e-06
3.0315876066e-06
3.0313929266e-06
3.0311982466e-06
3.0310035666e-06
3.0308088866e-06
3.0306142066e-06
3.0304195267e-06
3.0302248467e-06
3.0300301667e-06
3.0298354867e-06
3.0296408067e-06
3.0294461267e-06
3.0292514467e-06
3.0290567667e-06
3.0288620867e-06
3.0286674067e-06
3.0284727267e-06
3.0282780667e-06
3.0280833867e-06
3.0278887067e-06
3.0276940267e-06
3.0274993467e-06
3.0273046667e-06
3.0271099867e-06
3.0269153067e-06
3.0267206267e-06
3.0265259467e-06
3.0263312667e-06
3.0261365867e-06
3.0259419067e-06
3.0257472267e-06
3.0255525467e-06
3.0253578667e-06
3.0251632067e-06
3.0249685267e-06
3.0247738467e-06
3.0245791667e-06
3.0243844867e-06
3.0241898067e-06
3.0239951267e-06
3.0238004467e-06
3.0236057667e-06
3.0234110867e-06
3.0232164067e-06
3.0230217267e-06
3.0228270467e-06
3.0226323667e-06
3.0224376867e-06
3.0222430067e-06
3.0220483467e-06
3.0218536667e-06
3.0216589867e-06
3.0214643067e-06
3.0212696267e-06
3.0210749467e-06
3.0208802667e-06
3.0206855867e-06
3.0204909067e-06
3.0202962267e-06
3.0201015467e-06
3.0199068667e-06
3.0197121867e-06
3.0195175067e-06
3.0193228267e-06
3.0191281467e-06
3.0189334667e-06
3.0187388067e-06
3.0185441267e-06
3.0183494467e-06
3.0181547667e-06
3.0179600867e-06
3.0177654067e-06
3.0175707267e-06
3.0173760467e-06
3.0171813667e-06
3.0169866867e-06
3.0167920067e-06
3.0165973267e-06
3.0164026467e-06
3.0162079667e-06
3.0160132867e-06
3.0158186067e-06
3.0156239467e-06
3.0154292667e-06
3.0152345867e-06
3.0150399067e-06
3.0148452267e-06
3.0146505467e-06
3.0144558667e-06
3.0142611867e-06
3.0140665068e-06
3.0138718268e-06
3.0136771468e-06
3.0134824668e-06
3.0132877868e-06
3.0130931068e-06
3.0128984268e-06
3.0127037468e-06
3.0125090668e-06
3.0123144068e-06
3.0121197268e-06
3.0119250468e-06
3.0117303668e-06
3.0115356868e-06
3.0113410068e-06
3.0111463268e-06
3.0109516468e-06
3.0107569668e-06
3.0105622868e-06
3.0103676068e-06
3.0101729268e-06
3.0099782468e-06
3.0097835668e-06
3.0095888868e-06
3.0093942068e-06
3.0091995468e-06
3.0090048668e-06
3.0088101868e-06
3.0086155068e-06
3.0084208268e-06
3.0082261468e-06
3.0080314668e-06
3.0078367868e-06
3.0076421068e-06
3.0074474268e-06
3.0072527468e-06
3.0070580668e-06
3.0068633868e-06
3.0066687068e-06
3.0064740268e-06
3.0062793468e-06
3.0060846868e-06
3.0058900068e-06
3.0056953268e-06
3.0055006468e-06
3.0053059668e-06
3.0051112868e-06
3.0049166068e-06
3.0047219268e-06
3.0045272468e-06
3.0043325668e-06
3.0041378868e-06
3.0039432068e-06
3.0037485268e-06
3.0035538468e-06
3.0033591668e-06
3.0031644868e-06
3.0029698068e-06
3.0027751468e-06
3.0025804668e-06
3.0023857868e-06
3.0021911068e-06
3.0019964268e-06
3.0018017468e-06
3.0016070668e-06
3.0014123868e-06
3.0012177068e-06
3.0010230268e-06
3.0008283468e-06
3.0006336668e-06
3.0004389868e-06
3.0002443068e-06
3.0000496268e-06
2.9998549468e-06
2.9996602868e-06
2.9994656068e-06
2.9992709268e-06
2.9990762468e-06
2.9988815668e-06
2.9986868868e-06
2.9984922068e-06
2.9982975268e-06
2.9981028468e-06
2.9979081668e-06
2.9977134868e-06
2.9975188069e-06
2.9973241269e-06
2.9971294469e-06
2.9969347669e-06
2.9967400869e-06
2.9965454069e-06
2.9963507469e-06
2.9961560669e-06
2.9959613869e-06
2.9957667069e-06
2.9955720269e-06
2.9953773469e-06
2.9951826669e-06
2.9949879869e-06
2.9947933069e-06
2.9945986269e-06
2.9944039469e-06
2.9942092669e-06
2.9940145869e-06
2.9938199069e-06
2.9936252269e-06
2.9934305469e-06
2.9932358869e-06
2.9930412069e-06
2.9928465269e-06
2.9926518469e-06
2.9924571669e-06
2.9922624869e-06
2.9920678069e-06
2.9918731269e-06
2.9916784469e-06
2.9914837669e-06
2.9912890869e-06
2.9910944069e-06
2.9908997269e-06
2.9907050469e-06
2.9905103669e-06
2.9903156869e-06
2.9901210269e-06
2.9899263469e-06
2.9897316669e-06
2.9895369869e-06
2.9893423069e-06
2.9891476269e-06
2.9889529469e-06
2.9887582669e-06
2.9885635869e-06
2.9883689069e-06
2.9881742269e-06
2.9879795469e-06
2.9877848669e-06
2.9875901869e-06
2.9873955069e-06
2.9872008269e-06
2.9870061469e-06
2.9868114869e-06
2.9866168069e-06
2.9864221269e-06
2.9862274469e-06
2.9860327669e-06
2.9858380869e-06
2.9856434069e-06
2.9854487269e-06
2.9852540469e-06
2.9850593669e-06
2.9848646869e-06
2.9846700069e-06
2.9844753269e-06
2.9842806469e-06
2.9840859669e-06
2.9838912869e-06
2.9836966269e-06
2.9835019469e-06
2.9833072669e-06
2.9831125869e-06
2.9829179069e-06
2.9827232269e-06
2.9825285469e-06
2.9823338669e-06
2.9821391869e-06
2.9819445069e-06
2.9817498269e-06
2.9815551469e-06
2.9813604669e-06
2.981165787e-06
2.980971107e-06
2.980776427e-06
2.980581747e-06
2.980387087e-06
2.980192407e-06
2.979997727e-06
2.979803047e-06
2.979608367e-06
2.979413687e-06
2.979219007e-06
2.979024327e-06
2.978829647e-06
2.978634967e-06
2.978440287e-06
2.978245607e-06
2.978050927e-06
2.977856247e-06
2.977661567e-06
2.977466887e-06
2.977272227e-06
2.977077547e-06
2.976882867e-06
2.976688187e-06
2.976493507e-06
2.976298827e-06
2.976104147e-06
2.975909467e-06
2.975714787e-06
2.975520107e-06
2.975325427e-06
2.975130747e-06
2.974936067e-06
2.974741387e-06
2.974546707e-06
2.974352027e-06
2.974157367e-06
2.973962687e-06
2.973768007e-06
2.973573327e-06
2.973378647e-06
2.973183967e-06
2.972989287e-06
2.972599927e-06
2.972599927e-06
2.974253107e-06
2.975906307e-06
2.977559487e-06
2.979212687e-06
2.980865867e-06
2.9825190669e-06
2.9841722469e-06
2.9858254469e-06
2.9874786269e-06
2.9891318269e-06
2.9907850069e-06
2.9924382069e-06
2.9940913869e-06
2.9957445869e-06
2.9973977669e-06
2.9990509668e-06
3.0007041468e-06
3.0023573468e-06
3.0040105268e-06
3.0056637268e-06
3.0073169068e-06
3.0089701068e-06
3.0106232868e-06
3.0122764668e-06
3.0139296668e-06
3.0155828467e-06
3.0172360467e-06
3.0188892267e-06
3.0205424267e-06
3.0221956067e-06
3.0238488067e-06
3.0255019867e-06
3.0271551867e-06
3.0288083667e-06
3.0304615667e-06
3.0321147466e-06
3.0337679466e-06
3.0354211266e-06
3.0370743266e-06
3.0387275066e-06
3.0403807066e-06
3.0420338866e-06
3.0436870866e-06
3.0453402666e-06
3.0469934666e-06
3.0486466465e-06
3.0502998465e-06
3.0519530265e-06
3.0536062065e-06
3.0552594065e-06
3.0569125865e-06
3.0585657865e-06
3.0602189665e-06
3.0618721665e-06
3.0635253464e-06
3.0651785464e-06
3.0668317264e-06
3.0684849264e-06
3.0701381064e-06
3.0717913064e-06
3.0734444864e-06
3.0750976864e-06
3.0767508664e-06
3.0784040664e-06
3.0800572463e-06
3.0817104463e-06
3.0833636263e-06
3.0850168263e-06
3.0866700063e-06
3.0883232063e-06
3.0899763863e-06
3.0916295663e-06
3.0932827663e-06
3.0949359463e-06
3.0965891462e-06
3.0982423262e-06
3.0998955262e-06
3.1015487062e-06
3.1032019062e-06
3.1048550862e-06
3.1065082862e-06
3.1081614662e-06
3.1098146662e-06
3.1114678462e-06
3.1131210461e-06
3.1147742261e-06
3.1164274261e-06
3.1180806061e-06
3.1197338061e-06
3.1213869861e-06
3.1230401861e-06
3.1246933661e-06
3.1263465661e-06
3.1279997461e-06
3.129652926e-06
3.131306126e-06
3.132959306e-06
3.134612506e-06
3.136265686e-06
3.137918886e-06
3.139572066e-06
3.141225266e-06
3.142878446e-06
3.144531646e-06
3.1461848259e-06
3.1478380259e-06
3.1494912059e-06
3.1511444059e-06
3.1527975859e-06
3.1544507859e-06
3.1561039659e-06
3.1577571659e-06
3.1594103459e-06
3.1610635459e-06
3.1627167258e-06
3.1643699258e-06
3.1660231058e-06
3.1676763058e-06
3.1693294858e-06
3.1709826658e-06
3.1726358658e-06
3.1742890458e-06
3.1759422458e-06
3.1775954258e-06
3.1792486257e-06
3.1809018057e-06
3.1825550057e-06
3.1842081857e-06
3.1858613857e-06
3.1875145657e-06
3.1891677657e-06
3.1908209457e-06
3.1924741457e-06
3.1941273257e-06
3.1957805256e-06
3.1974337056e-06
3.1990869056e-06
3.2007400856e-06
3.2023932856e-06
3.2040464656e-06
3.2056996656e-06
3.2073528456e-06
3.2090060256e-06
3.2106592256e-06
3.2123124055e-06
3.2139656055e-06
3.2156187855e-06
3.2172719855e-06
3.2189251655e-06
3.2205783655e-06
3.2222315455e-06
3.2238847455e-06
3.2255379255e-06
3.2271911255e-06
3.2288443054e-06
3.2304975054e-06
3.2321506854e-06
3.2338038854e-06
3.2354570654e-06
3.2371102654e-06
3.2387634454e-06
3.2404166454e-06
3.2420698254e-06
3.2437230254e-06
3.2453762053e-06
3.2470293853e-06
3.2486825853e-06
3.2503357653e-06
3.2519889653e-06
3.2536421453e-06
3.2552953453e-06
3.2569485253e-06
3.2586017253e-06
3.2602549053e-06
3.2619081052e-06
3.2635612852e-06
3.2652144852e-06
3.2668676652e-06
3.2685208652e-06
3.2701740452e-06
3.2718272452e-06
3.2734804252e-06
3.2751336252e-06
3.2767868052e-06
3.2784400051e-06
3.2800931851e-06
3.2817463851e-06
3.2833995651e-06
3.2850527651e-06
3.2867059451e-06
3.2883591251e-06
3.2900123251e-06
3.2916655051e-06
3.2933187051e-06
3.294971885e-06
3.296625085e-06
3.298278265e-06
3.299931465e-06
3.301584645e-06
3.303237845e-06
3.304891025e-06
3.306544225e-06
3.308197405e-06
3.309850605e-06
3.3115037849e-06
3.3131569849e-06
3.3148101649e-06
3.3164633649e-06
3.3181165449e-06
3.3197697449e-06
3.3214229249e-06
3.3230761249e-06
3.3247293049e-06
3.3263824849e-06
3.3280356848e-06
3.3296888648e-06
3.3313420648e-06
3.3329952448e-06
3.3346484448e-06
3.3363016248e-06
3.3379548248e-06
3.3396080048e-06
3.3412612048e-06
3.3429143848e-06
3.3445675847e-06
3.3462207647e-06
3.3478739647e-06
3.3495271447e-06
3.3511803447e-06
3.3528335247e-06
3.3544867247e-06
3.3561399047e-06
3.3577931047e-06
3.3594462847e-06
3.3610994846e-06
3.3627526646e-06
3.3644058446e-06
3.3660590446e-06
3.3677122246e-06
3.3693654246e-06
3.3710186046e-06
3.3726718046e-06
3.3743249846e-06
3.3759781846e-06
3.3776313645e-06
3.3792845645e-06
3.3809377445e-06
3.3825909445e-06
3.3842441245e-06
3.3858973245e-06
3.3875505045e-06
3.3892037045e-06
3.3908568845e-06
3.3925100845e-06
3.3941632644e-06
3.3958164644e-06
3.3974696444e-06
3.3991228444e-06
3.4007760244e-06
3.4024292244e-06
3.4040824044e-06
3.4057355844e-06
3.4073887844e-06
3.4090419644e-06
3.4106951643e-06
3.4123483443e-06
3.4140015443e-06
3.4156547243e-06
3.4173079243e-06
3.4189611043e-06
3.4206143043e-06
3.4222674843e-06
3.4239206843e-06
3.4255738642e-06
3.4272270642e-06
3.4288802442e-06
3.4305334442e-06
3.4321866242e-06
3.4338398242e-06
3.4354930042e-06
3.4371462042e-06
3.4387993842e-06
3.4404525842e-06
3.4421057641e-06
3.4437589441e-06
3.4454121441e-06
3.4470653241e-06
3.4487185241e-06
3.4503717041e-06
3.4520249041e-06
3.4536780841e-06
3.4553312841e-06
3.4569844641e-06
3.458637664e-06
3.460290844e-06
3.461944044e-06
3.463597224e-06
3.465250424e-06
3.466903604e-06
3.468556804e-06
3.470209984e-06
3.471863184e-06
3.473516364e-06
3.4751695639e-06
3.4768227439e-06
3.4784759439e-06
3.4801291239e-06
3.4817823039e-06
3.4834355039e-06
3.4850886839e-06
3.4867418839e-06
3.4883950639e-06
3.4900482639e-06
3.4917014438e-06
3.4933546438e-06
3.4950078238e-06
3.4966610238e-06
3.4983142038e-06
3.4999674038e-06
3.5016205838e-06
3.5032737838e-06
3.5049269638e-06
3.5065801638e-06
3.5082333437e-06
3.5098865437e-06
3.5115397237e-06
3.5131929237e-06
3.5148461037e-06
3.5164993037e-06
3.5181524837e-06
3.5198056837e-06
3.5214588637e-06
3.5231120437e-06
3.5247652436e-06
3.5264184236e-06
3.5280716236e-06
3.5297248036e-06
3.5313780036e-06
3.5330311836e-06
3.5346843836e-06
3.5363375636e-06
3.5379907636e-06
3.5396439436e-06
3.5412971435e-06
3.5429503235e-06
3.5446035235e-06
3.5462567035e-06
3.5479099035e-06
3.5495630835e-06
3.5512162835e-06
3.5528694635e-06
3.5545226635e-06
3.5561758435e-06
3.5578290434e-06
3.5594822234e-06
3.5611354034e-06
3.5627886034e-06
3.5644417834e-06
3.5660949834e-06
3.5677481634e-06
3.5694013634e-06
3.5710545434e-06
3.5727077434e-06
3.5743609233e-06
3.5760141233e-06
3.5776673033e-06
3.5793205033e-06
3.5809736833e-06
3.5826268833e-06
3.5842800633e-06
3.5859332633e-06
3.5875864433e-06
3.5892396433e-06
3.5908928232e-06
3.5925460232e-06
3.5941992032e-06
3.5958524032e-06
3.5975055832e-06
3.5991587632e-06
3.6008119632e-06
3.6024651432e-06
3.6041183432e-06
3.6057715232e-06
3.6074247231e-06
3.6090779031e-06
3.6107311031e-06
3.6123842831e-06
3.6140374831e-06
3.6156906631e-06
3.6173438631e-06
3.6189970431e-06
3.6206502431e-06
3.6223034231e-06
3.623956623e-06
3.625609803e-06
3.627263003e-06
3.628916183e-06
3.630569383e-06
3.632222563e-06
3.633875763e-06
3.635528943e-06
3.637182143e-06
3.638835323e-06
3.6404885029e-06
3.6421417029e-06
3.6437948829e-06
3.6454480829e-06
3.6471012629e-06
3.6487544629e-06
3.6504076429e-06
3.6520608429e-06
3.6537140229e-06
3.6553672229e-06
3.6570204028e-06
3.6586736028e-06
3.6603267828e-06
3.6619799828e-06
3.6636331628e-06
3.6652863628e-06
3.6669395428e-06
3.6685927428e-06
3.6702459228e-06
3.6718991228e-06
3.6735523027e-06
3.6752055027e-06
3.6768586827e-06
3.6785118627e-06
3.6801650627e-06
3.6818182427e-06
3.6834714427e-06
3.6851246227e-06
3.6867778227e-06
3.6884310027e-06
3.6900842026e-06
3.6917373826e-06
3.6933905826e-06
3.6950437626e-06
3.6966969626e-06
3.6983501426e-06
3.7000033426e-06
3.7016565226e-06
3.7033097226e-06
3.7049629026e-06
3.7066161025e-06
3.7082692825e-06
3.7099224825e-06
3.7115756625e-06
3.7132288625e-06
3.7148820425e-06
3.7165352225e-06
3.7181884225e-06
3.7198416025e-06
3.7214948025e-06
3.7231479824e-06
3.7248011824e-06
3.7264543624e-06
3.7281075624e-06
3.7297607424e-06
3.7314139424e-06
3.7330671224e-06
3.7347203224e-06
3.7363735024e-06
3.7380267024e-06
3.7396798823e-06
3.7413330823e-06
3.7429862623e-06
3.7446394623e-06
3.7462926423e-06
3.7479458423e-06
3.7495990223e-06
3.7512522223e-06
3.7529054023e-06
3.7545586023e-06
3.7562117822e-06
3.7578649622e-06
3.7595181622e-06
3.7611713422e-06
3.7628245422e-06
3.7644777222e-06
3.7661309222e-06
3.7677841022e-06
3.7694373022e-06
3.7710904821e-06
3.7727436821e-06
3.7743968621e-06
3.7760500621e-06
3.7777032421e-06
3.7793564421e-06
3.7810096221e-06
3.7826628221e-06
3.7843160021e-06
3.7859692021e-06
3.787622382e-06
3.789275582e-06
3.790928762e-06
3.792581962e-06
3.794235142e-06
3.795888322e-06
3.797541522e-06
3.799194702e-06
3.800847902e-06
3.802501082e-06
3.8041542819e-06
3.8058074619e-06
3.8074606619e-06
3.8091138419e-06
3.8107670419e-06
3.8124202219e-06
3.8140734219e-06
3.8157266019e-06
3.8173798019e-06
3.8190329819e-06
3.8206861818e-06
3.8223393618e-06
3.8239925618e-06
3.8256457418e-06
3.8272989418e-06
3.8289521218e-06
3.8306053218e-06
3.8322585018e-06
3.8339116818e-06
3.8355648818e-06
3.8372180617e-06
3.8388712617e-06
3.8405244417e-06
3.8421776417e-06
3.8438308217e-06
3.8454840217e-06
3.8471372017e-06
3.8487904017e-06
3.8504435817e-06
3.8520967817e-06
3.8537499616e-06
3.8554031616e-06
3.8570563416e-06
3.8587095416e-06
3.8603627216e-06
3.8620159216e-06
3.8636691016e-06
3.8653223016e-06
3.8669754816e-06
3.8686286816e-06
3.8702818615e-06
3.8719350615e-06
3.8735882415e-06
3.8752414215e-06
3.8768946215e-06
3.8785478015e-06
3.8802010015e-06
3.8818541815e-06
3.8835073815e-06
3.8851605615e-06
3.8868137614e-06
3.8884669414e-06
3.8901201414e-06
3.8917733214e-06
3.8934265214e-06
3.8950797014e-06
3.8967329014e-06
3.8983860814e-06
3.9000392814e-06
3.9016924614e-06
3.9033456613e-06
3.9049988413e-06
3.9066520413e-06
3.9083052213e-06
3.9099584213e-06
3.9116116013e-06
3.9132647813e-06
3.9149179813e-06
3.9165711613e-06
3.9182243613e-06
3.9198775412e-06
3.9215307412e-06
3.9231839212e-06
3.9248371212e-06
3.9264903012e-06
3.9281435012e-06
3.9297966812e-06
3.9314498812e-06
3.9331030612e-06
3.9347562612e-06
3.9364094411e-06
3.9380626411e-06
3.9397158211e-06
3.9413690211e-06
3.9430222011e-06
3.9446754011e-06
3.9463285811e-06
3.9479817811e-06
3.9496349611e-06
3.9512881611e-06
3.952941341e-06
3.954594521e-06
3.956247721e-06
3.957900901e-06
3.959554101e-06
3.961207281e-06
3.962860481e-06
3.964513661e-06
3.966166861e-06
3.967820041e-06
3.9694732409e-06
3.9711264209e-06
3.9727796209e-06
3.9744328009e-06
3.9760860009e-06
3.9777391809e-06
3.9793923809e-06
3.9810455609e-06
3.9826987609e-06
3.9843519409e-06
3.9860051408e-06
3.9876583208e-06
3.9893115208e-06
3.9909647008e-06
3.9926178808e-06
3.9942710808e-06
3.9959242608e-06
3.9975774608e-06
3.9992306408e-06
4.0008838408e-06
4.0025370207e-06
4.0041902207e-06
4.0058434007e-06
4.0074966007e-06
4.0091497807e-06
4.0108029807e-06
4.0124561607e-06
4.0141093607e-06
4.0157625407e-06
4.0174157407e-06
4.0190689206e-06
4.0207221206e-06
4.0223753006e-06
4.0240285006e-06
4.0256816806e-06
4.0273348806e-06
4.0289880606e-06
4.0306412406e-06
4.0322944406e-06
4.0339476206e-06
4.0356008205e-06
4.0372540005e-06
4.0389072005e-06
4.0405603805e-06
4.0422135805e-06
4.0438667605e-06
4.0455199605e-06
4.0471731405e-06
4.0488263405e-06
4.0504795205e-06
4.0521327204e-06
4.0537859004e-06
4.0554391004e-06
4.0570922804e-06
4.0587454804e-06
4.0603986604e-06
4.0620518604e-06
4.0637050404e-06
4.0653582404e-06
4.0670114204e-06
4.0686646203e-06
4.0703178003e-06
4.0719709803e-06
4.0736241803e-06
4.0752773603e-06
4.0769305603e-06
4.0785837403e-06
4.0802369403e-06
4.0818901203e-06
4.0835433203e-06
4.0851965002e-06
4.0868497002e-06
4.0885028802e-06
4.0901560802e-06
4.0918092602e-06
4.0934624602e-06
4.0951156402e-06
4.0967688402e-06
4.0984220202e-06
4.1000752202e-06
4.1017284001e-06
4.1033816001e-06
4.1050347801e-06
4.1066879801e-06
4.1083411601e-06
4.1099943401e-06
4.1116475401e-06
4.1133007201e-06
4.1149539201e-06
4.1166071e-06
4.1182603e-06
4.11991348e-06
4.12156668e-06
4.12321986e-06
4.12487306e-06
4.12652624e-06
4.12817944e-06
4.12983262e-06
4.13148582e-06
4.1331389999e-06
4.1347921999e-06
4.1364453799e-06
4.1380985799e-06
4.1397517599e-06
4.1414049599e-06
4.1430581399e-06
4.1447113399e-06
4.1463645199e-06
4.1480176999e-06
4.1496708998e-06
4.1513240798e-06
4.1529772798e-06
4.1546304598e-06
4.1562836598e-06
4.1579368398e-06
4.1595900398e-06
4.1612432198e-06
4.1628964198e-06
4.1645495998e-06
4.1662027997e-06
4.1678559797e-06
4.1695091797e-06
4.1711623597e-06
4.1728155597e-06
4.1744687397e-06
4.1761219397e-06
4.1777751197e-06
4.1794283197e-06
4.1810814997e-06
4.1827346996e-06
4.1843878796e-06
4.1860410796e-06
4.1876942596e-06
4.1893474396e-06
4.1910006396e-06
4.1926538196e-06
4.1943070196e-06
4.1959601996e-06
4.1976133996e-06
4.1992665795e-06
4.2009197795e-06
4.2025729595e-06
4.2042261595e-06
4.2058793395e-06
4.2075325395e-06
4.2091857195e-06
4.2108389195e-06
4.2124920995e-06
4.2141452995e-06
4.2157984794e-06
4.2174516794e-06
4.2191048594e-06
4.2207580594e-06
4.2224112394e-06
4.2240644394e-06
4.2257176194e-06
4.2273707994e-06
4.2290239994e-06
4.2306771794e-06
4.2323303793e-06
4.2339835593e-06
4.2356367593e-06
4.2372899393e-06
4.2389431393e-06
4.2405963193e-06
4.2422495193e-06
4.2439026993e-06
4.2455558993e-06
4.2472090793e-06
4.2488622792e-06
4.2505154592e-06
4.2521686592e-06
4.2538218392e-06
4.2554750392e-06
4.2571282192e-06
4.2587814192e-06
4.2604345992e-06
4.2620877992e-06
4.2637409792e-06
4.2653941591e-06
4.2670473591e-06
4.2687005391e-06
4.2703537391e-06
4.2720069191e-06
4.2736601191e-06
4.2753132991e-06
4.2769664991e-06
4.2786196791e-06
4.2802728791e-06
4.281926059e-06
4.283579259e-06
4.285232439e-06
4.286885639e-06
4.288538819e-06
4.290192019e-06
4.291845199e-06
4.293498399e-06
4.295151579e-06
4.296804779e-06
4.2984579589e-06
4.3001111589e-06
4.3017643389e-06
4.3034175389e-06
4.3050707189e-06
4.3067238989e-06
4.3083770989e-06
4.3100302789e-06
4.3116834789e-06
4.3133366589e-06
4.3149898588e-06
4.3166430388e-06
4.3182962388e-06
4.3199494188e-06
4.3216026188e-06
4.3232557988e-06
4.3249089988e-06
4.3265621788e-06
4.3282153788e-06
4.3298685588e-06
4.3315217587e-06
4.3331749387e-06
4.3348281387e-06
4.3364813187e-06
4.3381345187e-06
4.3397876987e-06
4.3414408987e-06
4.3430940787e-06
4.3447472587e-06
4.3464004587e-06
4.3480536386e-06
4.3497068386e-06
4.3513600186e-06
4.3530132186e-06
4.3546663986e-06
4.3563195986e-06
4.3579727786e-06
4.3596259786e-06
4.3612791586e-06
4.3629323586e-06
4.3645855385e-06
4.3662387385e-06
4.3678919185e-06
4.3695451185e-06
4.3711982985e-06
4.3728514985e-06
4.3745046785e-06
4.3761578785e-06
4.3778110585e-06
4.3794642585e-06
4.3811174384e-06
4.3827706184e-06
4.3844238184e-06
4.3860769984e-06
4.3877301984e-06
4.3893833784e-06
4.3910365784e-06
4.3926897584e-06
4.3943429584e-06
4.3959961384e-06
4.3976493383e-06
4.3993025183e-06
4.4009557183e-06
4.4026088983e-06
4.4042620983e-06
4.4059152783e-06
4.4075684783e-06
4.4092216583e-06
4.4108748583e-06
4.4125280383e-06
4.4141812382e-06
4.4158344182e-06
4.4174876182e-06
4.4191407982e-06
4.4207939982e-06
4.4224471782e-06
4.4241003582e-06
4.4257535582e-06
4.4274067382e-06
4.4290599382e-06
4.4307131181e-06
4.4323663181e-06
4.4340194981e-06
4.4356726981e-06
4.4373258781e-06
4.4389790781e-06
4.4406322581e-06
4.4422854581e-06
4.4439386381e-06
4.4455918381e-06
4.447245018e-06
4.448898218e-06
4.450551398e-06
4.452204598e-06
4.453857778e-06
4.455510978e-06
4.457164158e-06
4.458817358e-06
4.460470538e-06
4.4621237179e-06
4.4637769179e-06
4.4654300979e-06
4.4670832979e-06
4.4687364779e-06
4.4703896779e-06
4.4720428579e-06
4.4736960579e-06
4.4753492379e-06
4.4770024379e-06
4.4786556178e-06
4.4803088178e-06
4.4819619978e-06
4.4836151978e-06
4.4852683778e-06
4.4869215778e-06
4.4885747578e-06
4.4902279578e-06
4.4918811378e-06
4.4935343378e-06
4.4951875177e-06
4.4968407177e-06
4.4984938977e-06
4.5001470777e-06
4.5018002777e-06
4.5034534577e-06
4.5051066577e-06
4.5067598377e-06
4.5084130377e-06
4.5100662177e-06
4.5117194176e-06
4.5133725976e-06
4.5150257976e-06
4.5166789776e-06
4.5183321776e-06
4.5199853576e-06
4.5216385576e-06
4.5232917376e-06
4.5249449376e-06
4.5265981176e-06
4.5282513175e-06
4.5299044975e-06
4.5315576975e-06
4.5332108775e-06
4.5348640775e-06
4.5365172575e-06
4.5381704575e-06
4.5398236375e-06
4.5414768175e-06
4.5431300175e-06
4.5447831974e-06
4.5464363974e-06
4.5480895774e-06
4.5497427774e-06
4.5513959574e-06
4.5530491574e-06
4.5547023374e-06
4.5563555374e-06
4.5580087174e-06
4.5596619174e-06
4.5613150973e-06
4.5629682973e-06
4.5646214773e-06
4.5662746773e-06
4.5679278573e-06
4.5695810573e-06
4.5712342373e-06
4.5728874373e-06
4.5745406173e-06
4.5761938173e-06
4.5778469972e-06
4.5795001772e-06
4.5811533772e-06
4.5828065572e-06
4.5844597572e-06
4.5861129372e-06
4.5877661372e-06
4.5894193172e-06
4.5910725172e-06
4.5927256972e-06
4.5943788971e-06
4.5960320771e-06
4.5976852771e-06
4.5993384571e-06
4.6009916571e-06
4.6026448371e-06
4.6042980371e-06
4.6059512171e-06
4.6076044171e-06
4.6092575971e-06
4.610910797e-06
4.612563977e-06
4.614217177e-06
4.615870357e-06
4.617523537e-06
4.619176737e-06
4.620829917e-06
4.622483117e-06
4.624136297e-06
4.625789497e-06
4.6274426769e-06
4.6290958769e-06
4.6307490569e-06
4.6324022569e-06
4.6340554369e-06
4.6357086369e-06
4.6373618169e-06
4.6390150169e-06
4.6406681969e-06
4.6423213969e-06
4.6439745768e-06
4.6456277768e-06
4.6472809568e-06
4.6489341568e-06
4.6505873368e-06
4.6522405368e-06
4.6538937168e-06
4.6555469168e-06
4.6572000968e-06
4.6588532768e-06
4.6605064767e-06
4.6621596567e-06
4.6638128567e-06
4.6654660367e-06
4.6671192367e-06
4.6687724167e-06
4.6704256167e-06
4.6720787967e-06
4.6737319967e-06
4.6753851767e-06
4.6770383766e-06
4.6786915566e-06
4.6803447566e-06
4.6819979366e-06
4.6836511366e-06
4.6853043166e-06
4.6869575166e-06
4.6886106966e-06
4.6902638966e-06
4.6919170766e-06
4.6935702765e-06
4.6952234565e-06
4.6968766365e-06
4.6985298365e-06
4.7001830165e-06
4.7018362165e-06
4.7034893965e-06
4.7051425965e-06
4.7067957765e-06
4.7084489765e-06
4.7101021564e-06
4.7117553564e-06
4.7134085364e-06
4.7150617364e-06
4.7167149164e-06
4.7183681164e-06
4.7200212964e-06
4.7216744964e-06
4.7233276764e-06
4.7249808764e-06
4.7266340563e-06
4.7282872563e-06
4.7299404363e-06
4.7315936363e-06
4.7332468163e-06
4.7348999963e-06
4.7365531963e-06
4.7382063763e-06
4.7398595763e-06
4.7415127563e-06
4.7431659562e-06
4.7448191362e-06
4.7464723362e-06
4.7481255162e-06
4.7497787162e-06
4.7514318962e-06
4.7530850962e-06
4.7547382762e-06
4.7563914762e-06
4.7580446562e-06
4.7596978561e-06
4.7613510361e-06
4.7630042361e-06
4.7646574161e-06
4.7663106161e-06
4.7679637961e-06
4.7696169961e-06
4.7712701761e-06
4.7729233761e-06
4.7745765561e-06
4.776229736e-06
4.777882936e-06
4.779536116e-06
4.781189316e-06
4.782842496e-06
4.784495696e-06
4.786148876e-06
4.787802076e-06
4.789455256e-06
4.791108456e-06
4.7927616359e-06
4.7944148359e-06
4.7960680159e-06
4.7977212159e-06
4.7993743959e-06
4.8010275959e-06
4.8026807759e-06
4.8043339759e-06
4.8059871559e-06
4.8076403559e-06
4.8092935358e-06
4.8125999158e-06
