4.7925999159e-06
4.7925999159e-06
4.7962537559e-06
4.7999076159e-06
4.8035614559e-06
4.8072152959e-06
4.8108691558e-06
4.8145229958e-06
4.8181768358e-06
4.8218306758e-06
4.8254845357e-06
4.8291383757e-06
4.8327922157e-06
4.8364460757e-06
4.8400999157e-06
4.8437537556e-06
4.8474076156e-06
4.8510614556e-06
4.8547152956e-06
4.8583691555e-06
4.8620229955e-06
4.8656768355e-06
4.8693306755e-06
4.8729845355e-06
4.8766383754e-06
4.8802922154e-06
4.8839460754e-06
4.8875999154e-06
4.8912537553e-06
4.8949076153e-06
4.8985614553e-06
4.9022152953e-06
4.9058691553e-06
4.9095229952e-06
4.9131768352e-06
4.9168306752e-06
4.9204845352e-06
4.9241383751e-06
4.9277922151e-06
4.9314460751e-06
4.9350999151e-06
4.9387537551e-06
4.942407615e-06
4.946061455e-06
4.949715295e-06
4.953369155e-06
4.9570229949e-06
4.9606768349e-06
4.9643306749e-06
4.9679845349e-06
4.9716383749e-06
4.9752922148e-06
4.9789460748e-06
4.9825999148e-06
4.9862537548e-06
4.9899076147e-06
4.9935614547e-06
4.9972152947e-06
5.0008691547e-06
5.0045229947e-06
5.0081768346e-06
5.0118306746e-06
5.0154845346e-06
5.0191383746e-06
5.0227922145e-06
5.0264460745e-06
5.0300999145e-06
5.0337537545e-06
5.0374076145e-06
5.0410614544e-06
5.0447152944e-06
5.0483691544e-06
5.0520229944e-06
5.0556768343e-06
5.0593306743e-06
5.0629845343e-06
5.0666383743e-06
5.0702922143e-06
5.0739460742e-06
5.0775999142e-06
5.0812537542e-06
5.0849076142e-06
5.0885614541e-06
5.0922152941e-06
5.0958691541e-06
5.0995229941e-06
5.1031768341e-06
5.106830674e-06
5.110484534e-06
5.114138374e-06
5.117792214e-06
5.1214460739e-06
5.1250999139e-06
5.1287537539e-06
5.1324076139e-06
5.1360614539e-06
5.1397152938e-06
5.1433691538e-06
5.1470229938e-06
5.1506768338e-06
5.1543306737e-06
5.1579845337e-06
5.1616383737e-06
5.1652922137e-06
5.1689460737e-06
5.1725999136e-06
5.1762537536e-06
5.1799076136e-06
5.1835614536e-06
5.1872152935e-06
5.1908691535e-06
5.1945229935e-06
5.1981768335e-06
5.2018306735e-06
5.2054845334e-06
5.2091383734e-06
5.2127922134e-06
5.2164460734e-06
5.2200999133e-06
5.2237537533e-06
5.2274076133e-06
5.2310614533e-06
5.2347152933e-06
5.2383691532e-06
5.2420229932e-06
5.2456768332e-06
5.2493306732e-06
5.2529845331e-06
5.2566383731e-06
5.2602922131e-06
5.2639460731e-06
5.2675999131e-06
5.271253753e-06
5.274907613e-06
5.278561453e-06
5.282215293e-06
5.2858691529e-06
5.2895229929e-06
5.2931768329e-06
5.2968306729e-06
5.3004845329e-06
5.3041383728e-06
5.3077922128e-06
5.3114460728e-06
5.3150999128e-06
5.3187537527e-06
5.3224076127e-06
5.3260614527e-06
5.3297152927e-06
5.3333691527e-06
5.3370229926e-06
5.3406768326e-06
5.3443306726e-06
5.3479845326e-06
5.3516383725e-06
5.3552922125e-06
5.3589460725e-06
5.3625999125e-06
5.3662537525e-06
5.3699076124e-06
5.3735614524e-06
5.3772152924e-06
5.3808691524e-06
5.3845229923e-06
5.3881768323e-06
5.3918306723e-06
5.3954845323e-06
5.3991383723e-06
5.4027922122e-06
5.4064460722e-06
5.4100999122e-06
5.4137537522e-06
5.4174076121e-06
5.4210614521e-06
5.4247152921e-06
5.4283691521e-06
5.4320229921e-06
5.435676832e-06
5.439330672e-06
5.442984532e-06
5.446638372e-06
5.4502922119e-06
5.4539460719e-06
5.4575999119e-06
5.4612537519e-06
5.4649076119e-06
5.4685614518e-06
5.4722152918e-06
5.4758691518e-06
5.4795229918e-06
5.4831768317e-06
5.4868306717e-06
5.4904845317e-06
5.4941383717e-06
5.4977922117e-06
5.5014460716e-06
5.5050999116e-06
5.5087537516e-06
5.5124076116e-06
5.5160614515e-06
5.5197152915e-06
5.5233691515e-06
5.5270229915e-06
5.5306768315e-06
5.5343306714e-06
5.5379845314e-06
5.5416383714e-06
5.5452922114e-06
5.5525999113e-06
5.5525999113e-06
5.5544504513e-06
5.5563009713e-06
5.5581515113e-06
5.5600020513e-06
5.5618525713e-06
5.5637031113e-06
5.5655536512e-06
5.5674041912e-06
5.5692547112e-06
5.5711052512e-06
5.5729557912e-06
5.5748063112e-06
5.5766568512e-06
5.5785073912e-06
5.5803579112e-06
5.5822084511e-06
5.5840589911e-06
5.5859095111e-06
5.5877600511e-06
5.5896105911e-06
5.5914611111e-06
5.5933116511e-06
5.5951621911e-06
5.5970127311e-06
5.598863251e-06
5.600713791e-06
5.602564331e-06
5.604414851e-06
5.606265391e-06
5.608115931e-06
5.609966451e-06
5.611816991e-06
5.613667531e-06
5.6155180509e-06
5.6173685909e-06
5.6192191309e-06
5.6210696709e-06
5.6229201909e-06
5.6247707309e-06
5.6266212709e-06
5.6284717909e-06
5.6303223309e-06
5.6321728708e-06
5.6340233908e-06
5.6358739308e-06
5.6377244708e-06
5.6395749908e-06
5.6414255308e-06
5.6432760708e-06
5.6451266108e-06
5.6469771307e-06
5.6488276707e-06
5.6506782107e-06
5.6525287307e-06
5.6543792707e-06
5.6562298107e-06
5.6580803307e-06
5.6599308707e-06
5.6617814107e-06
5.6636319306e-06
5.6654824706e-06
5.6673330106e-06
5.6691835306e-06
5.6710340706e-06
5.6728846106e-06
5.6747351506e-06
5.6765856706e-06
5.6784362106e-06
5.6802867505e-06
5.6821372705e-06
5.6839878105e-06
5.6858383505e-06
5.6876888705e-06
5.6895394105e-06
5.6913899505e-06
5.6932404705e-06
5.6950910105e-06
5.6969415504e-06
5.6987920904e-06
5.7006426104e-06
5.7024931504e-06
5.7043436904e-06
5.7061942104e-06
5.7080447504e-06
5.7098952904e-06
5.7117458104e-06
5.7135963503e-06
5.7154468903e-06
5.7172974103e-06
5.7191479503e-06
5.7209984903e-06
5.7228490303e-06
5.7246995503e-06
5.7265500903e-06
5.7284006303e-06
5.7302511502e-06
5.7321016902e-06
5.7339522302e-06
5.7358027502e-06
5.7376532902e-06
5.7395038302e-06
5.7413543502e-06
5.7432048902e-06
5.7450554302e-06
5.7469059501e-06
5.7487564901e-06
5.7506070301e-06
5.7524575701e-06
5.7543080901e-06
5.7561586301e-06
5.7580091701e-06
5.7598596901e-06
5.7617102301e-06
5.76356077e-06
5.76541129e-06
5.76726183e-06
5.76911237e-06
5.77096289e-06
5.77281343e-06
5.77466397e-06
5.77651451e-06
5.77836503e-06
5.7802155699e-06
5.7820661099e-06
5.7839166299e-06
5.7857671699e-06
5.7876177099e-06
5.7894682299e-06
5.7913187699e-06
5.7931693099e-06
5.7950198298e-06
5.7968703698e-06
5.7987209098e-06
5.8005714498e-06
5.8024219698e-06
5.8042725098e-06
5.8061230498e-06
5.8079735698e-06
5.8098241098e-06
5.8116746497e-06
5.8135251697e-06
5.8153757097e-06
5.8172262497e-06
5.8190767697e-06
5.8209273097e-06
5.8227778497e-06
5.8246283697e-06
5.8264789097e-06
5.8283294496e-06
5.8301799896e-06
5.8320305096e-06
5.8338810496e-06
5.8357315896e-06
5.8375821096e-06
5.8394326496e-06
5.8412831896e-06
5.8431337096e-06
5.8449842495e-06
5.8468347895e-06
5.8486853095e-06
5.8505358495e-06
5.8523863895e-06
5.8542369295e-06
5.8560874495e-06
5.8579379895e-06
5.8597885295e-06
5.8616390494e-06
5.8634895894e-06
5.8653401294e-06
5.8671906494e-06
5.8690411894e-06
5.8708917294e-06
5.8727422494e-06
5.8745927894e-06
5.8764433294e-06
5.8782938693e-06
5.8801443893e-06
5.8819949293e-06
5.8838454693e-06
5.8856959893e-06
5.8875465293e-06
5.8893970693e-06
5.8912475893e-06
5.8930981293e-06
5.8949486692e-06
5.8967991892e-06
5.8986497292e-06
5.9005002692e-06
5.9023507892e-06
5.9042013292e-06
5.9060518692e-06
5.9079024092e-06
5.9097529292e-06
5.9116034691e-06
5.9134540091e-06
5.9153045291e-06
5.9171550691e-06
5.9190056091e-06
5.9208561291e-06
5.9227066691e-06
5.9245572091e-06
5.9264077291e-06
5.928258269e-06
5.930108809e-06
5.931959349e-06
5.933809869e-06
5.935660409e-06
5.937510949e-06
5.939361469e-06
5.941212009e-06
5.9430625489e-06
5.9449130689e-06
5.9467636089e-06
5.9486141489e-06
5.9504646689e-06
5.9523152089e-06
5.9541657489e-06
5.9560162889e-06
5.9578668089e-06
5.9597173488e-06
5.9615678888e-06
5.9634184088e-06
5.9652689488e-06
5.9671194888e-06
5.9689700088e-06
5.9708205488e-06
5.9726710888e-06
5.9745216088e-06
5.9763721487e-06
5.9782226887e-06
5.9800732087e-06
5.9819237487e-06
5.9837742887e-06
5.9856248287e-06
5.9874753487e-06
5.9893258887e-06
5.9911764287e-06
5.9930269486e-06
5.9948774886e-06
5.9967280286e-06
5.9985785486e-06
6.0004290886e-06
6.0022796286e-06
6.0041301486e-06
6.0059806886e-06
6.0078312286e-06
6.0096817685e-06
6.0115322885e-06
6.0133828285e-06
6.0152333685e-06
6.0170838885e-06
6.0189344285e-06
6.0207849685e-06
6.0226354885e-06
6.0244860285e-06
6.0263365684e-06
6.0281870884e-06
6.0300376284e-06
6.0318881684e-06
6.0337387084e-06
6.0355892284e-06
6.0374397684e-06
6.0392903084e-06
6.0411408284e-06
6.0429913683e-06
6.0448419083e-06
6.0466924283e-06
6.0485429683e-06
6.0503935083e-06
6.0522440283e-06
6.0540945683e-06
6.0559451083e-06
6.0577956283e-06
6.0596461682e-06
6.0614967082e-06
6.0633472482e-06
6.0651977682e-06
6.0670483082e-06
6.0688988482e-06
6.0725999082e-06
6.0725999082e-06
6.0125999085e-06
5.9525999089e-06
5.8925999093e-06
5.8325999096e-06
5.77259991e-06
5.6525999107e-06
5.6525999107e-06
5.6392665708e-06
5.612599911e-06
5.6725999106e-06
5.6725999106e-06
5.6392665708e-06
5.5725999112e-06
5.5725999112e-06
5.5725999112e-06
5.5725999112e-06
5.5792665712e-06
5.5859332511e-06
5.5925999111e-06
5.599266571e-06
5.605933251e-06
5.612599911e-06
5.6192665709e-06
5.6325999108e-06
5.6325999108e-06
5.6525999107e-06
5.6725999106e-06
5.6925999105e-06
5.7125999104e-06
5.7325999102e-06
5.7525999101e-06
5.77259991e-06
5.7925999099e-06
5.8125999097e-06
5.8325999096e-06
5.8525999095e-06
5.8725999094e-06
5.8925999093e-06
5.9125999091e-06
5.932599909e-06
5.9525999089e-06
5.9725999088e-06
6.0125999085e-06
6.0125999085e-06
6.0119201085e-06
6.0112403085e-06
6.0105605085e-06
6.0098807085e-06
6.0092009085e-06
6.0085211086e-06
6.0078413086e-06
6.0071615086e-06
6.0064817086e-06
6.0058019086e-06
6.0051221086e-06
6.0044423286e-06
6.0037625286e-06
6.0030827286e-06
6.0024029286e-06
6.0017231286e-06
6.0010433286e-06
6.0003635286e-06
5.9996837286e-06
5.9990039286e-06
5.9983241286e-06
5.9976443286e-06
5.9969645286e-06
5.9962847286e-06
5.9956049286e-06
5.9949251286e-06
5.9942453286e-06
5.9935655286e-06
5.9928857286e-06
5.9922059287e-06
5.9915261287e-06
5.9908463287e-06
5.9901665287e-06
5.9894867287e-06
5.9888069287e-06
5.9881271487e-06
5.9874473487e-06
5.9867675487e-06
5.9860877487e-06
5.9854079487e-06
5.9847281487e-06
5.9840483487e-06
5.9833685487e-06
5.9826887487e-06
5.9820089487e-06
5.9813291487e-06
5.9806493487e-06
5.9799695487e-06
5.9792897487e-06
5.9786099487e-06
5.9779301487e-06
5.9772503487e-06
5.9765705487e-06
5.9758907488e-06
5.9752109488e-06
5.9745311488e-06
5.9738513488e-06
5.9731715488e-06
5.9724917688e-06
5.9718119688e-06
5.9711321688e-06
5.9704523688e-06
5.9697725688e-06
5.9690927688e-06
5.9684129688e-06
5.9677331688e-06
5.9670533688e-06
5.9663735688e-06
5.9656937688e-06
5.9650139688e-06
5.9643341688e-06
5.9636543688e-06
5.9629745688e-06
5.9622947688e-06
5.9616149688e-06
5.9609351688e-06
5.9602553688e-06
5.9595755688e-06
5.9588957689e-06
5.9582159689e-06
5.9575361689e-06
5.9568563689e-06
5.9561765889e-06
5.9554967889e-06
5.9548169889e-06
5.9541371889e-06
5.9534573889e-06
5.9527775889e-06
5.9520977889e-06
5.9514179889e-06
5.9507381889e-06
5.9500583889e-06
5.9493785889e-06
5.9486987889e-06
5.9480189889e-06
5.9473391889e-06
5.9466593889e-06
5.9459795889e-06
5.9452997889e-06
5.9446199889e-06
5.9439401889e-06
5.9432603889e-06
5.942580589e-06
5.941900789e-06
5.941220989e-06
5.940541209e-06
5.939861409e-06
5.939181609e-06
5.938501809e-06
5.937822009e-06
5.937142209e-06
5.936462409e-06
5.935782609e-06
5.935102809e-06
5.934423009e-06
5.933743209e-06
5.933063409e-06
5.932383609e-06
5.931703809e-06
5.931024009e-06
5.930344209e-06
5.929664409e-06
5.928984609e-06
5.928304809e-06
5.927625009e-06
5.926945209e-06
5.9262654091e-06
5.9255856091e-06
5.9249058091e-06
5.9242260291e-06
5.9235462291e-06
5.9228664291e-06
5.9221866291e-06
5.9215068291e-06
5.9208270291e-06
5.9201472291e-06
5.9194674291e-06
5.9187876291e-06
5.9181078291e-06
5.9174280291e-06
5.9167482291e-06
5.9160684291e-06
5.9153886291e-06
5.9147088291e-06
5.9140290291e-06
5.9133492291e-06
5.9126694291e-06
5.9119896291e-06
5.9113098291e-06
5.9106300291e-06
5.9099502292e-06
5.9092704292e-06
5.9085906492e-06
5.9079108492e-06
5.9072310492e-06
5.9065512492e-06
5.9058714492e-06
5.9051916492e-06
5.9045118492e-06
5.9038320492e-06
5.9031522492e-06
5.9024724492e-06
5.9017926492e-06
5.9011128492e-06
5.9004330492e-06
5.8997532492e-06
5.8990734492e-06
5.8983936492e-06
5.8977138492e-06
5.8970340492e-06
5.8963542492e-06
5.8956744492e-06
5.8949946492e-06
5.8943148492e-06
5.8936350492e-06
5.8929552493e-06
5.8922754693e-06
5.8915956693e-06
5.8909158693e-06
5.8902360693e-06
5.8895562693e-06
5.8888764693e-06
5.8881966693e-06
5.8875168693e-06
5.8868370693e-06
5.8861572693e-06
5.8854774693e-06
5.8847976693e-06
5.8841178693e-06
5.8834380693e-06
5.8827582693e-06
5.8820784693e-06
5.8813986693e-06
5.8807188693e-06
5.8800390693e-06
5.8793592693e-06
5.8786794693e-06
5.8779996693e-06
5.8773198693e-06
5.8766400694e-06
5.8759602894e-06
5.8752804894e-06
5.8746006894e-06
5.8739208894e-06
5.8732410894e-06
5.8725612894e-06
5.8718814894e-06
5.8712016894e-06
5.8705218894e-06
5.8698420894e-06
5.8691622894e-06
5.8684824894e-06
5.8678026894e-06
5.8671228894e-06
5.8664430894e-06
5.8657632894e-06
5.8650834894e-06
5.8644036894e-06
5.8637238894e-06
5.8630440894e-06
5.8623642894e-06
5.8616844894e-06
5.8610046894e-06
5.8603249095e-06
5.8596451095e-06
5.8589653095e-06
5.8582855095e-06
5.8576057095e-06
5.8569259095e-06
5.8562461095e-06
5.8555663095e-06
5.8548865095e-06
5.8542067095e-06
5.8535269095e-06
5.8528471095e-06
5.8521673095e-06
5.8514875095e-06
5.8508077095e-06
5.8501279095e-06
5.8494481095e-06
5.8487683095e-06
5.8480885095e-06
5.8474087095e-06
5.8467289095e-06
5.8460491095e-06
5.8453693095e-06
5.8446895095e-06
5.8440097296e-06
5.8433299296e-06
5.8426501296e-06
5.8419703296e-06
5.8412905296e-06
5.8406107296e-06
5.8399309296e-06
5.8392511296e-06
5.8385713296e-06
5.8378915296e-06
5.8372117296e-06
5.8365319296e-06
5.8358521296e-06
5.8351723296e-06
5.8344925296e-06
5.8338127296e-06
5.8331329296e-06
5.8324531296e-06
5.8317733296e-06
5.8310935296e-06
5.8304137296e-06
5.8297339296e-06
5.8290541296e-06
5.8283743496e-06
5.8276945497e-06
5.8270147497e-06
5.8263349497e-06
5.8256551497e-06
5.8249753497e-06
5.8242955497e-06
5.8236157497e-06
5.8229359497e-06
5.8222561497e-06
5.8215763497e-06
5.8208965497e-06
5.8202167497e-06
5.8195369497e-06
5.8188571497e-06
5.8181773497e-06
5.8174975497e-06
5.8168177497e-06
5.8161379497e-06
5.8154581497e-06
5.8147783497e-06
5.8140985497e-06
5.8134187497e-06
5.8127389497e-06
5.8120591697e-06
5.8113793697e-06
5.8106995698e-06
5.8100197698e-06
5.8093399698e-06
5.8086601698e-06
5.8079803698e-06
5.8073005698e-06
5.8066207698e-06
5.8059409698e-06
5.8052611698e-06
5.8045813698e-06
5.8039015698e-06
5.8032217698e-06
5.8025419698e-06
5.8018621698e-06
5.8011823698e-06
5.8005025698e-06
5.7998227698e-06
5.7991429698e-06
5.7984631698e-06
5.7977833698e-06
5.7971035698e-06
5.7964237898e-06
5.7957439898e-06
5.7950641898e-06
5.7943843899e-06
5.7937045899e-06
5.7930247899e-06
5.7923449899e-06
5.7916651899e-06
5.7909853899e-06
5.7903055899e-06
5.7896257899e-06
5.7889459899e-06
5.7882661899e-06
5.7875863899e-06
5.7869065899e-06
5.7862267899e-06
5.7855469899e-06
5.7848671899e-06
5.7841873899e-06
5.7835075899e-06
5.7828277899e-06
5.7821479899e-06
5.7814681899e-06
5.7807883899e-06
5.7801086099e-06
5.7794288099e-06
5.7787490099e-06
5.77806921e-06
5.77738941e-06
5.77670961e-06
5.77602981e-06
5.77535001e-06
5.77467021e-06
5.77399041e-06
5.77331061e-06
5.77263081e-06
5.77195101e-06
5.77127121e-06
5.77059141e-06
5.76991161e-06
5.76923181e-06
5.76855201e-06
5.76787221e-06
5.76719241e-06
5.76651261e-06
5.76583281e-06
5.76515301e-06
5.76447323e-06
5.76379343e-06
5.76311363e-06
5.76243383e-06
5.7617540301e-06
5.7610742301e-06
5.7603944301e-06
5.7597146301e-06
5.7590348301e-06
5.7583550301e-06
5.7576752301e-06
5.7569954301e-06
5.7563156301e-06
5.7556358301e-06
5.7549560301e-06
5.7542762301e-06
5.7535964301e-06
5.7529166301e-06
5.7522368301e-06
5.7515570301e-06
5.7508772301e-06
5.7501974301e-06
5.7495176301e-06
5.7488378301e-06
5.7481580501e-06
5.7474782501e-06
5.7467984501e-06
5.7461186501e-06
5.7454388502e-06
5.7447590502e-06
5.7440792502e-06
5.7433994502e-06
5.7427196502e-06
5.7420398502e-06
5.7413600502e-06
5.7406802502e-06
5.7400004502e-06
5.7393206502e-06
5.7386408502e-06
5.7379610502e-06
5.7372812502e-06
5.7366014502e-06
5.7359216502e-06
5.7352418502e-06
5.7345620502e-06
5.7338822502e-06
5.7332024502e-06
5.7325226702e-06
5.7318428702e-06
5.7311630702e-06
5.7304832702e-06
5.7298034702e-06
5.7291236702e-06
5.7284438703e-06
5.7277640703e-06
5.7270842703e-06
5.7264044703e-06
5.7257246703e-06
5.7250448703e-06
5.7243650703e-06
5.7236852703e-06
5.7230054703e-06
5.7223256703e-06
5.7216458703e-06
5.7209660703e-06
5.7202862703e-06
5.7196064703e-06
5.7189266703e-06
5.7182468703e-06
5.7175670703e-06
5.7168872703e-06
5.7162074903e-06
5.7155276903e-06
5.7148478903e-06
5.7141680903e-06
5.7134882903e-06
5.7128084903e-06
5.7121286904e-06
5.7114488904e-06
5.7107690904e-06
5.7100892904e-06
5.7094094904e-06
5.7087296904e-06
5.7080498904e-06
5.7073700904e-06
5.7066902904e-06
5.7060104904e-06
5.7053306904e-06
5.7046508904e-06
5.7039710904e-06
5.7032912904e-06
5.7026114904e-06
5.7019316904e-06
5.7012518904e-06
5.7005721104e-06
5.6998923104e-06
5.6992125104e-06
5.6985327104e-06
5.6978529104e-06
5.6971731104e-06
5.6964933104e-06
5.6958135105e-06
5.6951337105e-06
5.6944539105e-06
5.6937741105e-06
5.6930943105e-06
5.6924145105e-06
5.6917347105e-06
5.6910549105e-06
5.6903751105e-06
5.6896953105e-06
5.6890155105e-06
5.6883357105e-06
5.6876559105e-06
5.6869761105e-06
5.6862963105e-06
5.6856165105e-06
5.6849367105e-06
5.6842569305e-06
5.6835771305e-06
5.6828973305e-06
5.6822175305e-06
5.6815377305e-06
5.6808579305e-06
5.6801781305e-06
5.6794983306e-06
5.6788185306e-06
5.6781387306e-06
5.6774589306e-06
5.6767791306e-06
5.6760993306e-06
5.6754195306e-06
5.6747397306e-06
5.6740599306e-06
5.6733801306e-06
5.6727003306e-06
5.6720205306e-06
5.6713407306e-06
5.6706609306e-06
5.6699811306e-06
5.6693013306e-06
5.6686215306e-06
5.6679417506e-06
5.6672619506e-06
5.6665821506e-06
5.6659023506e-06
5.6652225506e-06
5.6645427506e-06
5.6638629506e-06
5.6631831507e-06
5.6625033507e-06
5.6618235507e-06
5.6611437507e-06
5.6604639507e-06
5.6597841507e-06
5.6591043507e-06
5.6584245507e-06
5.6577447507e-06
5.6570649507e-06
5.6563851507e-06
5.6557053507e-06
5.6550255507e-06
5.6543457507e-06
5.6536659507e-06
5.6529861507e-06
5.6523063707e-06
5.6516265707e-06
5.6509467707e-06
5.6502669707e-06
5.6495871707e-06
5.6489073707e-06
5.6482275707e-06
5.6475477707e-06
5.6468679707e-06
5.6461881708e-06
5.6455083708e-06
5.6448285708e-06
5.6441487708e-06
5.6434689708e-06
5.6427891708e-06
5.6421093708e-06
5.6414295708e-06
5.6407497708e-06
5.6400699708e-06
5.6393901708e-06
5.6387103708e-06
5.6380305708e-06
5.6373507708e-06
5.6366709708e-06
5.6359911908e-06
5.6353113908e-06
5.6346315908e-06
5.6339517908e-06
5.6332719908e-06
5.6325921908e-06
5.6319123908e-06
5.6312325908e-06
5.6305527908e-06
5.6298729909e-06
5.6291931909e-06
5.6285133909e-06
5.6278335909e-06
5.6271537909e-06
5.6264739909e-06
5.6257941909e-06
5.6251143909e-06
5.6244345909e-06
5.6237547909e-06
5.6230749909e-06
5.6223951909e-06
5.6217153909e-06
5.6210355909e-06
5.6203558109e-06
5.6196760109e-06
5.6189962109e-06
5.6183164109e-06
5.6176366109e-06
5.6169568109e-06
5.6162770109e-06
5.6155972109e-06
5.6149174109e-06
5.6142376109e-06
5.613557811e-06
5.612878011e-06
5.612198211e-06
5.611518411e-06
5.610838611e-06
5.610158811e-06
5.609479011e-06
5.608799211e-06
5.608119411e-06
5.607439611e-06
5.606759811e-06
5.606080011e-06
5.605400211e-06
5.604720411e-06
5.604040631e-06
5.603360831e-06
5.602681031e-06
5.602001231e-06
5.601321431e-06
5.600641631e-06
5.599961831e-06
5.599282031e-06
5.598602231e-06
5.597922431e-06
5.5972426311e-06
5.5965628311e-06
5.5958830311e-06
5.5952032311e-06
5.5945234311e-06
5.5938436311e-06
5.5931638311e-06
5.5924840311e-06
5.5918042311e-06
5.5911244311e-06
5.5904446311e-06
5.5897648311e-06
5.5890850311e-06
5.5884052511e-06
5.5877254511e-06
5.5870456511e-06
5.5863658511e-06
5.5856860511e-06
5.5850062511e-06
5.5843264511e-06
5.5836466511e-06
5.5829668511e-06
5.5822870511e-06
5.5816072511e-06
5.5809274512e-06
5.5802476512e-06
5.5795678512e-06
5.5788880512e-06
5.5782082512e-06
5.5775284512e-06
5.5768486512e-06
5.5761688512e-06
5.5754890512e-06
5.5748092512e-06
5.5741294512e-06
5.5734496512e-06
5.5727698512e-06
5.5720900712e-06
5.5714102712e-06
5.5707304712e-06
5.5700506712e-06
5.5693708712e-06
5.5686910712e-06
5.5680112712e-06
5.5673314712e-06
5.5666516712e-06
5.5659718712e-06
5.5652920712e-06
5.5646122712e-06
5.5639324713e-06
5.5632526713e-06
5.5625728713e-06
5.5618930713e-06
5.5612132713e-06
5.5605334713e-06
5.5598536713e-06
5.5591738713e-06
5.5584940713e-06
5.5578142713e-06
5.5571344713e-06
5.5564546913e-06
5.5557748913e-06
5.5550950913e-06
5.5544152913e-06
5.5537354913e-06
5.5530556913e-06
5.5523758913e-06
5.5516960913e-06
5.5510162913e-06
5.5503364913e-06
5.5496566913e-06
5.5489768913e-06
5.5482970913e-06
5.5476172914e-06
5.5469374914e-06
5.5462576914e-06
5.5455778914e-06
5.5448980914e-06
5.5442182914e-06
5.5435384914e-06
5.5428586914e-06
5.5421788914e-06
5.5414990914e-06
5.5408192914e-06
5.5401395114e-06
5.5394597114e-06
5.5387799114e-06
5.5381001114e-06
5.5374203114e-06
5.5367405114e-06
5.5360607114e-06
5.5353809114e-06
5.5347011114e-06
5.5340213114e-06
5.5333415114e-06
5.5326617114e-06
5.5319819114e-06
5.5313021115e-06
5.5306223115e-06
5.5299425115e-06
5.5292627115e-06
5.5285829115e-06
5.5279031115e-06
5.5272233115e-06
5.5265435115e-06
5.5258637115e-06
5.5251839115e-06
5.5245041315e-06
5.5238243315e-06
5.5231445315e-06
5.5224647315e-06
5.5217849315e-06
5.5211051315e-06
5.5204253315e-06
5.5197455315e-06
5.5190657315e-06
5.5183859315e-06
5.5177061315e-06
5.5170263315e-06
5.5163465315e-06
5.5156667315e-06
5.5149869316e-06
5.5143071316e-06
5.5136273316e-06
5.5129475316e-06
5.5122677316e-06
5.5115879316e-06
5.5109081316e-06
5.5102283316e-06
5.5095485316e-06
5.5088687316e-06
5.5081889516e-06
5.5075091516e-06
5.5068293516e-06
5.5061495516e-06
5.5054697516e-06
5.5047899516e-06
5.5041101516e-06
5.5034303516e-06
5.5027505516e-06
5.5020707516e-06
5.5013909516e-06
5.5007111516e-06
5.5000313516e-06
5.4993515516e-06
5.4986717517e-06
5.4979919517e-06
5.4973121517e-06
5.4966323517e-06
5.4959525517e-06
5.4952727517e-06
5.4945929517e-06
5.4939131517e-06
5.4932333517e-06
5.4925535717e-06
5.4918737717e-06
5.4911939717e-06
5.4905141717e-06
5.4898343717e-06
5.4891545717e-06
5.4884747717e-06
5.4877949717e-06
5.4871151717e-06
5.4864353717e-06
5.4857555717e-06
5.4850757717e-06
5.4843959717e-06
5.4837161717e-06
5.4830363717e-06
5.4823565717e-06
5.4816767718e-06
5.4809969718e-06
5.4803171718e-06
5.4796373718e-06
5.4789575718e-06
5.4782777718e-06
5.4775979718e-06
5.4769181718e-06
5.4762383918e-06
5.4755585918e-06
5.4748787918e-06
5.4741989918e-06
5.4735191918e-06
5.4728393918e-06
5.4721595918e-06
5.4714797918e-06
5.4707999918e-06
5.4701201918e-06
5.4694403918e-06
5.4687605918e-06
5.4680807918e-06
5.4674009918e-06
5.4667211918e-06
5.4660413918e-06
5.4653615919e-06
5.4646817919e-06
5.4640019919e-06
5.4633221919e-06
5.4626423919e-06
5.4619625919e-06
5.4612827919e-06
5.4606029919e-06
5.4599232119e-06
5.4592434119e-06
5.4585636119e-06
5.4578838119e-06
5.4572040119e-06
5.4565242119e-06
5.4558444119e-06
5.4551646119e-06
5.4544848119e-06
5.4538050119e-06
5.4531252119e-06
5.4524454119e-06
5.4517656119e-06
5.4510858119e-06
5.4504060119e-06
5.4497262119e-06
5.449046412e-06
5.448366612e-06
5.447686812e-06
5.447007012e-06
5.446327212e-06
5.445647412e-06
5.444967612e-06
5.444287832e-06
5.443608032e-06
5.442928232e-06
5.442248432e-06
5.441568632e-06
5.440888832e-06
5.440209032e-06
5.439529232e-06
5.438849432e-06
5.438169632e-06
5.437489832e-06
5.436810032e-06
5.436130232e-06
5.435450432e-06
5.434770632e-06
5.434090832e-06
5.433411032e-06
5.4327312321e-06
5.4320514321e-06
5.4313716321e-06
5.4306918321e-06
5.4300120321e-06
5.4293322321e-06
5.4286524321e-06
5.4279726521e-06
5.4272928521e-06
5.4266130521e-06
5.4259332521e-06
5.4252534521e-06
5.4245736521e-06
5.4238938521e-06
5.4232140521e-06
5.4225342521e-06
5.4218544521e-06
5.4211746521e-06
5.4204948521e-06
5.4198150521e-06
5.4191352521e-06
5.4184554521e-06
5.4177756521e-06
5.4170958521e-06
5.4164160522e-06
5.4157362522e-06
5.4150564522e-06
5.4143766522e-06
5.4136968522e-06
5.4130170522e-06
5.4123372722e-06
5.4116574722e-06
5.4109776722e-06
5.4102978722e-06
5.4096180722e-06
5.4089382722e-06
5.4082584722e-06
5.4075786722e-06
5.4068988722e-06
5.4062190722e-06
5.4055392722e-06
5.4048594722e-06
5.4041796722e-06
5.4034998722e-06
5.4028200722e-06
5.4021402722e-06
5.4014604722e-06
5.4007806722e-06
5.4001008722e-06
5.3994210723e-06
5.3987412723e-06
5.3980614723e-06
5.3973816723e-06
5.3967018723e-06
5.3960220923e-06
5.3953422923e-06
5.3946624923e-06
5.3939826923e-06
5.3933028923e-06
5.3926230923e-06
5.3919432923e-06
5.3912634923e-06
5.3905836923e-06
5.3899038923e-06
5.3892240923e-06
5.3885442923e-06
5.3878644923e-06
5.3871846923e-06
5.3865048923e-06
5.3858250923e-06
5.3851452923e-06
5.3844654923e-06
5.3837856923e-06
5.3831058924e-06
5.3824260924e-06
5.3817462924e-06
5.3810664924e-06
5.3803867124e-06
5.3797069124e-06
5.3790271124e-06
5.3783473124e-06
5.3776675124e-06
5.3769877124e-06
5.3763079124e-06
5.3756281124e-06
5.3749483124e-06
5.3742685124e-06
5.3735887124e-06
5.3729089124e-06
5.3722291124e-06
5.3715493124e-06
5.3708695124e-06
5.3701897124e-06
5.3695099124e-06
5.3688301124e-06
5.3681503124e-06
5.3674705124e-06
5.3667907125e-06
5.3661109125e-06
5.3654311125e-06
5.3647513125e-06
5.3640715325e-06
5.3633917325e-06
5.3627119325e-06
5.3620321325e-06
5.3613523325e-06
5.3606725325e-06
5.3599927325e-06
5.3593129325e-06
5.3586331325e-06
5.3579533325e-06
5.3572735325e-06
5.3565937325e-06
5.3559139325e-06
5.3552341325e-06
5.3545543325e-06
5.3538745325e-06
5.3531947325e-06
5.3525149325e-06
5.3518351325e-06
5.3511553325e-06
5.3504755326e-06
5.3497957326e-06
5.3491159326e-06
5.3484361526e-06
5.3477563526e-06
5.3470765526e-06
5.3463967526e-06
5.3457169526e-06
5.3450371526e-06
5.3443573526e-06
5.3436775526e-06
5.3429977526e-06
5.3423179526e-06
5.3416381526e-06
5.3409583526e-06
5.3402785526e-06
5.3395987526e-06
5.3389189526e-06
5.3382391526e-06
5.3375593526e-06
5.3368795526e-06
5.3361997526e-06
5.3355199526e-06
5.3348401526e-06
5.3341603527e-06
5.3334805527e-06
5.3328007527e-06
5.3321209727e-06
5.3314411727e-06
5.3307613727e-06
5.3300815727e-06
5.3294017727e-06
5.3287219727e-06
5.3280421727e-06
5.3273623727e-06
5.3266825727e-06
5.3260027727e-06
5.3253229727e-06
5.3246431727e-06
5.3239633727e-06
5.3232835727e-06
5.3226037727e-06
5.3219239727e-06
5.3212441727e-06
5.3205643727e-06
5.3198845727e-06
5.3192047727e-06
5.3185249727e-06
5.3178451727e-06
5.3171653728e-06
5.3164855928e-06
5.3158057928e-06
5.3151259928e-06
5.3144461928e-06
5.3137663928e-06
5.3130865928e-06
5.3124067928e-06
5.3117269928e-06
5.3110471928e-06
5.3103673928e-06
5.3096875928e-06
5.3090077928e-06
5.3083279928e-06
5.3076481928e-06
5.3069683928e-06
5.3062885928e-06
5.3056087928e-06
5.3049289928e-06
5.3042491928e-06
5.3035693928e-06
5.3028895928e-06
5.3022097928e-06
5.3015299928e-06
5.3008501929e-06
5.3001704129e-06
5.2994906129e-06
5.2988108129e-06
5.2981310129e-06
5.2974512129e-06
5.2967714129e-06
5.2960916129e-06
5.2954118129e-06
5.2947320129e-06
5.2940522129e-06
5.2933724129e-06
5.2926926129e-06
5.2920128129e-06
5.2913330129e-06
5.2906532129e-06
5.2899734129e-06
5.2892936129e-06
5.2886138129e-06
5.2879340129e-06
5.2872542129e-06
5.2865744129e-06
5.2858946129e-06
5.2852148129e-06
5.284535033e-06
5.283855233e-06
5.283175433e-06
5.282495633e-06
5.281815833e-06
5.281136033e-06
5.280456233e-06
5.279776433e-06
5.279096633e-06
5.278416833e-06
5.277737033e-06
5.277057233e-06
5.276377433e-06
5.275697633e-06
5.275017833e-06
5.274338033e-06
5.273658233e-06
5.272978433e-06
5.272298633e-06
5.271618833e-06
5.270939033e-06
5.270259233e-06
5.269579433e-06
5.268899633e-06
5.2682198531e-06
5.2675400531e-06
5.2668602531e-06
5.2661804531e-06
5.2655006531e-06
5.2648208531e-06
5.2641410531e-06
5.2634612531e-06
5.2627814531e-06
5.2621016531e-06
5.2614218531e-06
5.2607420531e-06
5.2600622531e-06
5.2593824531e-06
5.2587026531e-06
5.2580228531e-06
5.2573430531e-06
5.2566632531e-06
5.2559834531e-06
5.2553036531e-06
5.2546238531e-06
5.2539440531e-06
5.2532642531e-06
5.2525844731e-06
5.2519046732e-06
5.2512248732e-06
5.2505450732e-06
5.2498652732e-06
5.2491854732e-06
5.2485056732e-06
5.2478258732e-06
5.2471460732e-06
5.2464662732e-06
5.2457864732e-06
5.2451066732e-06
5.2444268732e-06
5.2437470732e-06
5.2430672732e-06
5.2423874732e-06
5.2417076732e-06
5.2410278732e-06
5.2403480732e-06
5.2396682732e-06
5.2389884732e-06
5.2383086732e-06
5.2376288732e-06
5.2369490732e-06
5.2362692932e-06
5.2355894932e-06
5.2349096933e-06
5.2342298933e-06
5.2335500933e-06
5.2328702933e-06
5.2321904933e-06
5.2315106933e-06
5.2308308933e-06
5.2301510933e-06
5.2294712933e-06
5.2287914933e-06
5.2281116933e-06
5.2274318933e-06
5.2267520933e-06
5.2260722933e-06
5.2253924933e-06
5.2247126933e-06
5.2240328933e-06
5.2233530933e-06
5.2226732933e-06
5.2219934933e-06
5.2213136933e-06
5.2206338933e-06
5.2199541133e-06
5.2192743133e-06
5.2185945134e-06
5.2179147134e-06
5.2172349134e-06
5.2165551134e-06
5.2158753134e-06
5.2151955134e-06
5.2145157134e-06
5.2138359134e-06
5.2131561134e-06
5.2124763134e-06
5.2117965134e-06
5.2111167134e-06
5.2104369134e-06
5.2097571134e-06
5.2090773134e-06
5.2083975134e-06
5.2077177134e-06
5.2070379134e-06
5.2063581134e-06
5.2056783134e-06
5.2049985134e-06
5.2043187334e-06
5.2036389334e-06
5.2029591334e-06
5.2022793335e-06
5.2015995335e-06
5.2009197335e-06
5.2002399335e-06
5.1995601335e-06
5.1988803335e-06
5.1982005335e-06
5.1975207335e-06
5.1968409335e-06
5.1961611335e-06
5.1954813335e-06
5.1948015335e-06
5.1941217335e-06
5.1934419335e-06
5.1927621335e-06
5.1920823335e-06
5.1914025335e-06
5.1907227335e-06
5.1900429335e-06
5.1893631335e-06
5.1886833335e-06
5.1880035535e-06
5.1873237535e-06
5.1866439535e-06
5.1859641536e-06
5.1852843536e-06
5.1846045536e-06
5.1839247536e-06
5.1832449536e-06
5.1825651536e-06
5.1818853536e-06
5.1812055536e-06
5.1805257536e-06
5.1798459536e-06
5.1791661536e-06
5.1784863536e-06
5.1778065536e-06
5.1771267536e-06
5.1764469536e-06
5.1757671536e-06
5.1750873536e-06
5.1744075536e-06
5.1737277536e-06
5.1730479536e-06
5.1723681736e-06
5.1716883736e-06
5.1710085736e-06
5.1703287736e-06
5.1696489736e-06
5.1689691737e-06
5.1682893737e-06
5.1676095737e-06
5.1669297737e-06
5.1662499737e-06
5.1655701737e-06
5.1648903737e-06
5.1642105737e-06
5.1635307737e-06
5.1628509737e-06
5.1621711737e-06
5.1614913737e-06
5.1608115737e-06
5.1601317737e-06
5.1594519737e-06
5.1587721737e-06
5.1580923737e-06
5.1574125737e-06
5.1567327737e-06
5.1560529937e-06
5.1553731937e-06
5.1546933937e-06
5.1540135937e-06
5.1533337937e-06
5.1526539938e-06
5.1519741938e-06
5.1512943938e-06
5.1506145938e-06
5.1499347938e-06
5.1492549938e-06
5.1485751938e-06
5.1478953938e-06
5.1472155938e-06
5.1465357938e-06
5.1458559938e-06
5.1451761938e-06
5.1444963938e-06
5.1438165938e-06
5.1431367938e-06
5.1424569938e-06
5.1417771938e-06
5.1410973938e-06
5.1404176138e-06
5.1397378138e-06
5.1390580138e-06
5.1383782138e-06
5.1376984138e-06
5.1370186138e-06
5.1363388139e-06
5.1356590139e-06
5.1349792139e-06
5.1342994139e-06
5.1336196139e-06
5.1329398139e-06
5.1322600139e-06
5.1315802139e-06
5.1309004139e-06
5.1302206139e-06
5.1295408139e-06
5.1288610139e-06
5.1281812139e-06
5.1275014139e-06
5.1268216139e-06
5.1261418139e-06
5.1254620139e-06
5.1247822139e-06
5.1241024339e-06
5.1234226339e-06
5.1227428339e-06
5.1220630339e-06
5.1213832339e-06
5.1207034339e-06
5.120023634e-06
5.119343834e-06
5.118664034e-06
5.117984234e-06
5.117304434e-06
5.116624634e-06
5.115944834e-06
5.115265034e-06
5.114585234e-06
5.113905434e-06
5.113225634e-06
5.112545834e-06
5.111866034e-06
5.111186234e-06
5.110506434e-06
5.109826634e-06
5.109146834e-06
5.108467054e-06
5.107787254e-06
5.107107454e-06
5.106427654e-06
5.105747854e-06
5.105068054e-06
5.104388254e-06
5.1037084541e-06
5.1030286541e-06
5.1023488541e-06
5.1016690541e-06
5.1009892541e-06
5.1003094541e-06
5.0996296541e-06
5.0989498541e-06
5.0982700541e-06
5.0975902541e-06
5.0969104541e-06
5.0962306541e-06
5.0955508541e-06
5.0948710541e-06
5.0941912541e-06
5.0935114541e-06
5.0928316541e-06
5.0921518741e-06
5.0914720741e-06
5.0907922741e-06
5.0901124741e-06
5.0894326741e-06
5.0887528741e-06
5.0880730741e-06
5.0873932741e-06
5.0867134742e-06
5.0860336742e-06
5.0853538742e-06
5.0846740742e-06
5.0839942742e-06
5.0833144742e-06
5.0826346742e-06
5.0819548742e-06
5.0812750742e-06
5.0805952742e-06
5.0799154742e-06
5.0792356742e-06
5.0785558742e-06
5.0778760742e-06
5.0771962742e-06
5.0765164942e-06
5.0758366942e-06
5.0751568942e-06
5.0744770942e-06
5.0737972942e-06
5.0731174942e-06
5.0724376942e-06
5.0717578942e-06
5.0710780942e-06
5.0703982943e-06
5.0697184943e-06
5.0690386943e-06
5.0683588943e-06
5.0676790943e-06
5.0669992943e-06
5.0663194943e-06
5.0656396943e-06
5.0649598943e-06
5.0642800943e-06
5.0636002943e-06
5.0629204943e-06
5.0622406943e-06
5.0615608943e-06
5.0608810943e-06
5.0602013143e-06
5.0595215143e-06
5.0588417143e-06
5.0581619143e-06
5.0574821143e-06
5.0568023143e-06
5.0561225143e-06
5.0554427143e-06
5.0547629143e-06
5.0540831144e-06
5.0534033144e-06
5.0527235144e-06
5.0520437144e-06
5.0513639144e-06
5.0506841144e-06
5.0500043144e-06
5.0493245144e-06
5.0486447144e-06
5.0479649144e-06
5.0472851144e-06
5.0466053144e-06
5.0459255144e-06
5.0452457144e-06
5.0445659344e-06
5.0438861344e-06
5.0432063344e-06
5.0425265344e-06
5.0418467344e-06
5.0411669344e-06
5.0404871344e-06
5.0398073344e-06
5.0391275344e-06
5.0384477344e-06
5.0377679345e-06
5.0370881345e-06
5.0364083345e-06
5.0357285345e-06
5.0350487345e-06
5.0343689345e-06
5.0336891345e-06
5.0330093345e-06
5.0323295345e-06
5.0316497345e-06
5.0309699345e-06
5.0302901345e-06
5.0296103345e-06
5.0289305345e-06
5.0282507545e-06
5.0275709545e-06
5.0268911545e-06
5.0262113545e-06
5.0255315545e-06
5.0248517545e-06
5.0241719545e-06
5.0234921545e-06
5.0228123545e-06
5.0221325545e-06
5.0214527546e-06
5.0207729546e-06
5.0200931546e-06
5.0194133546e-06
5.0187335546e-06
5.0180537546e-06
5.0173739546e-06
5.0166941546e-06
5.0160143546e-06
5.0153345546e-06
5.0146547546e-06
5.0139749546e-06
5.0132951546e-06
5.0126153546e-06
5.0119355746e-06
5.0112557746e-06
5.0105759746e-06
5.0098961746e-06
5.0092163746e-06
5.0085365746e-06
5.0078567746e-06
5.0071769746e-06
5.0064971746e-06
5.0058173746e-06
5.0051375746e-06
5.0044577747e-06
5.0037779747e-06
5.0030981747e-06
5.0024183747e-06
5.0017385747e-06
5.0010587747e-06
5.0003789747e-06
4.9996991747e-06
4.9990193747e-06
4.9983395747e-06
4.9976597747e-06
4.9969799747e-06
4.9963001947e-06
4.9956203947e-06
4.9949405947e-06
4.9942607947e-06
4.9935809947e-06
4.9929011947e-06
4.9922213947e-06
4.9915415947e-06
4.9908617947e-06
4.9901819947e-06
4.9895021947e-06
4.9888223947e-06
4.9881425948e-06
4.9874627948e-06
4.9867829948e-06
4.9861031948e-06
4.9854233948e-06
4.9847435948e-06
4.9840637948e-06
4.9833839948e-06
4.9827041948e-06
4.9820243948e-06
4.9813445948e-06
4.9806647948e-06
4.9799850148e-06
4.9793052148e-06
4.9786254148e-06
4.9779456148e-06
4.9772658148e-06
4.9765860148e-06
4.9759062148e-06
4.9752264148e-06
4.9745466148e-06
4.9738668148e-06
4.9731870148e-06
4.9725072148e-06
4.9718274149e-06
4.9711476149e-06
4.9704678149e-06
4.9697880149e-06
4.9691082149e-06
4.9684284149e-06
4.9677486149e-06
4.9670688149e-06
4.9663890149e-06
4.9657092149e-06
4.9650294149e-06
4.9643496349e-06
4.9636698349e-06
4.9629900349e-06
4.9623102349e-06
4.9616304349e-06
4.9609506349e-06
4.9602708349e-06
4.9595910349e-06
4.9589112349e-06
4.9582314349e-06
4.9575516349e-06
4.9568718349e-06
4.9561920349e-06
4.955512235e-06
4.954832435e-06
4.954152635e-06
4.953472835e-06
4.952793035e-06
4.952113235e-06
4.951433435e-06
4.950753635e-06
4.950073835e-06
4.949394035e-06
4.948714235e-06
4.948034455e-06
4.947354655e-06
4.946674855e-06
4.945995055e-06
4.945315255e-06
4.944635455e-06
4.943955655e-06
4.943275855e-06
4.942596055e-06
4.941916255e-06
4.941236455e-06
4.940556655e-06
4.939876855e-06
4.9391970551e-06
4.9385172551e-06
4.9378374551e-06
4.9371576551e-06
4.9364778551e-06
4.9357980551e-06
4.9351182551e-06
4.9344384551e-06
4.9337586551e-06
4.9330788551e-06
4.9323990751e-06
4.9317192751e-06
4.9310394751e-06
4.9303596751e-06
4.9296798751e-06
4.9290000751e-06
4.9283202751e-06
4.9276404751e-06
4.9269606751e-06
4.9262808751e-06
4.9256010751e-06
4.9249212751e-06
4.9242414751e-06
4.9235616751e-06
4.9228818751e-06
4.9222020752e-06
4.9215222752e-06
4.9208424752e-06
4.9201626752e-06
4.9194828752e-06
4.9188030752e-06
4.9181232752e-06
4.9174434752e-06
4.9167636752e-06
4.9160838952e-06
4.9154040952e-06
4.9147242952e-06
4.9140444952e-06
4.9133646952e-06
4.9126848952e-06
4.9120050952e-06
4.9113252952e-06
4.9106454952e-06
4.9099656952e-06
4.9092858952e-06
4.9086060952e-06
4.9079262952e-06
4.9072464952e-06
4.9065666952e-06
4.9058868953e-06
4.9052070953e-06
4.9045272953e-06
4.9038474953e-06
4.9031676953e-06
4.9024878953e-06
4.9018080953e-06
4.9011282953e-06
4.9004485153e-06
4.8997687153e-06
4.8990889153e-06
4.8984091153e-06
4.8977293153e-06
4.8970495153e-06
4.8963697153e-06
4.8956899153e-06
4.8950101153e-06
4.8943303153e-06
4.8936505153e-06
4.8929707153e-06
4.8922909153e-06
4.8916111153e-06
4.8909313153e-06
4.8902515153e-06
4.8895717154e-06
4.8888919154e-06
4.8882121154e-06
4.8875323154e-06
4.8868525154e-06
4.8861727154e-06
4.8854929154e-06
4.8848131154e-06
4.8841333354e-06
4.8834535354e-06
4.8827737354e-06
4.8820939354e-06
4.8814141354e-06
4.8807343354e-06
4.8800545354e-06
4.8793747354e-06
4.8786949354e-06
4.8780151354e-06
4.8773353354e-06
4.8766555354e-06
4.8759757354e-06
4.8752959354e-06
4.8746161354e-06
4.8739363354e-06
4.8732565355e-06
4.8725767355e-06
4.8718969355e-06
4.8712171355e-06
4.8705373355e-06
4.8698575355e-06
4.8691777355e-06
4.8684979555e-06
4.8678181555e-06
4.8671383555e-06
4.8664585555e-06
4.8657787555e-06
4.8650989555e-06
4.8644191555e-06
4.8637393555e-06
4.8630595555e-06
4.8623797555e-06
4.8616999555e-06
4.8610201555e-06
4.8603403555e-06
4.8596605555e-06
4.8589807555e-06
4.8583009555e-06
4.8576211555e-06
4.8569413556e-06
4.8562615556e-06
4.8555817556e-06
4.8549019556e-06
4.8542221556e-06
4.8535423556e-06
4.8528625556e-06
4.8521827756e-06
4.8515029756e-06
4.8508231756e-06
4.8501433756e-06
4.8494635756e-06
4.8487837756e-06
4.8481039756e-06
4.8474241756e-06
4.8467443756e-06
4.8460645756e-06
4.8453847756e-06
4.8447049756e-06
4.8440251756e-06
4.8433453756e-06
4.8426655756e-06
4.8419857756e-06
4.8413059756e-06
4.8406261756e-06
4.8399463757e-06
4.8392665757e-06
4.8385867757e-06
4.8379069757e-06
4.8372271757e-06
4.8365473957e-06
4.8358675957e-06
4.8351877957e-06
4.8345079957e-06
4.8338281957e-06
4.8331483957e-06
4.8324685957e-06
4.8317887957e-06
4.8311089957e-06
4.8304291957e-06
4.8297493957e-06
4.8290695957e-06
4.8283897957e-06
4.8277099957e-06
4.8270301957e-06
4.8263503957e-06
4.8256705957e-06
4.8249907957e-06
4.8243109957e-06
4.8236311958e-06
4.8229513958e-06
4.8222715958e-06
4.8215917958e-06
4.8209119958e-06
4.8202322158e-06
4.8195524158e-06
4.8188726158e-06
4.8181928158e-06
4.8175130158e-06
4.8168332158e-06
4.8161534158e-06
4.8154736158e-06
4.8147938158e-06
4.8141140158e-06
4.8134342158e-06
4.8127544158e-06
4.8120746158e-06
4.8113948158e-06
4.8107150158e-06
4.8100352158e-06
4.8093554158e-06
4.8086756158e-06
4.8079958158e-06
4.8073160159e-06
4.8066362159e-06
4.8059564159e-06
4.8052766159e-06
4.8045968359e-06
4.8039170359e-06
4.8032372359e-06
4.8025574359e-06
4.8018776359e-06
4.8011978359e-06
4.8005180359e-06
4.7998382359e-06
4.7991584359e-06
4.7984786359e-06
4.7977988359e-06
4.7971190359e-06
4.7964392359e-06
4.7957594359e-06
4.7950796359e-06
4.7943998359e-06
4.7937200359e-06
4.7930402359e-06
4.7923604359e-06
4.7916806359e-06
4.791000836e-06
4.790321036e-06
4.789641236e-06
4.788961436e-06
4.788281656e-06
4.787601856e-06
4.786922056e-06
4.786242256e-06
4.785562456e-06
4.784882656e-06
4.784202856e-06
4.783523056e-06
4.782843256e-06
4.782163456e-06
4.781483656e-06
4.780803856e-06
4.780124056e-06
4.779444256e-06
4.778764456e-06
4.778084656e-06
4.777404856e-06
4.776725056e-06
4.776045256e-06
4.775365456e-06
4.7746856561e-06
4.7740058561e-06
4.7733260561e-06
4.7726462561e-06
4.7719664761e-06
4.7712866761e-06
4.7706068761e-06
4.7699270761e-06
4.7692472761e-06
4.7685674761e-06
4.7678876761e-06
4.7672078761e-06
4.7665280761e-06
4.7658482761e-06
4.7651684761e-06
4.7644886761e-06
4.7638088761e-06
4.7631290761e-06
4.7624492761e-06
4.7617694761e-06
4.7610896761e-06
4.7604098761e-06
4.7597300761e-06
4.7590502761e-06
4.7583704761e-06
4.7576906762e-06
4.7570108762e-06
4.7563310962e-06
4.7556512962e-06
4.7549714962e-06
4.7542916962e-06
4.7536118962e-06
4.7529320962e-06
4.7522522962e-06
4.7515724962e-06
4.7508926962e-06
4.7502128962e-06
4.7495330962e-06
4.7488532962e-06
4.7481734962e-06
4.7474936962e-06
4.7468138962e-06
4.7461340962e-06
4.7454542962e-06
4.7447744962e-06
4.7440946962e-06
4.7434148962e-06
4.7427350962e-06
4.7420552962e-06
4.7413754963e-06
4.7406956963e-06
4.7400159163e-06
4.7393361163e-06
4.7386563163e-06
4.7379765163e-06
4.7372967163e-06
4.7366169163e-06
4.7359371163e-06
4.7352573163e-06
4.7345775163e-06
4.7338977163e-06
4.7332179163e-06
4.7325381163e-06
4.7318583163e-06
4.7311785163e-06
4.7304987163e-06
4.7298189163e-06
4.7291391163e-06
4.7284593163e-06
4.7277795163e-06
4.7270997163e-06
4.7264199163e-06
4.7257401163e-06
4.7250603164e-06
4.7243805364e-06
4.7237007364e-06
4.7230209364e-06
4.7223411364e-06
4.7216613364e-06
4.7209815364e-06
4.7203017364e-06
4.7196219364e-06
4.7189421364e-06
4.7182623364e-06
4.7175825364e-06
4.7169027364e-06
4.7162229364e-06
4.7155431364e-06
4.7148633364e-06
4.7141835364e-06
4.7135037364e-06
4.7128239364e-06
4.7121441364e-06
4.7114643364e-06
4.7107845364e-06
4.7101047364e-06
4.7094249364e-06
4.7087451365e-06
4.7080653565e-06
4.7073855565e-06
4.7067057565e-06
4.7060259565e-06
4.7053461565e-06
4.7046663565e-06
4.7039865565e-06
4.7033067565e-06
4.7026269565e-06
4.7019471565e-06
4.7012673565e-06
4.7005875565e-06
4.6999077565e-06
4.6992279565e-06
4.6985481565e-06
4.6978683565e-06
4.6971885565e-06
4.6965087565e-06
4.6958289565e-06
4.6951491565e-06
4.6944693565e-06
4.6937895565e-06
4.6931097565e-06
4.6924299766e-06
4.6917501766e-06
4.6910703766e-06
4.6903905766e-06
4.6897107766e-06
4.6890309766e-06
4.6883511766e-06
4.6876713766e-06
4.6869915766e-06
4.6863117766e-06
4.6856319766e-06
4.6849521766e-06
4.6842723766e-06
4.6835925766e-06
4.6829127766e-06
4.6822329766e-06
4.6815531766e-06
4.6808733766e-06
4.6801935766e-06
4.6795137766e-06
4.6788339766e-06
4.6781541766e-06
4.6774743766e-06
4.6767945766e-06
4.6761147966e-06
4.6754349967e-06
4.6747551967e-06
4.6740753967e-06
4.6733955967e-06
4.6727157967e-06
4.6720359967e-06
4.6713561967e-06
4.6706763967e-06
4.6699965967e-06
4.6693167967e-06
4.6686369967e-06
4.6679571967e-06
4.6672773967e-06
4.6665975967e-06
4.6659177967e-06
4.6652379967e-06
4.6645581967e-06
4.6638783967e-06
4.6631985967e-06
4.6625187967e-06
4.6618389967e-06
4.6611591967e-06
4.6604794167e-06
4.6597996167e-06
4.6591198168e-06
4.6584400168e-06
4.6577602168e-06
4.6570804168e-06
4.6564006168e-06
4.6557208168e-06
4.6550410168e-06
4.6543612168e-06
4.6536814168e-06
4.6530016168e-06
4.6523218168e-06
4.6516420168e-06
4.6509622168e-06
4.6502824168e-06
4.6496026168e-06
4.6489228168e-06
4.6482430168e-06
4.6475632168e-06
4.6468834168e-06
4.6462036168e-06
4.6455238168e-06
4.6448440168e-06
4.6441642368e-06
4.6434844368e-06
4.6428046369e-06
4.6421248369e-06
4.6414450369e-06
4.6407652369e-06
4.6400854369e-06
4.6394056369e-06
4.6387258369e-06
4.6380460369e-06
4.6373662369e-06
4.6366864369e-06
4.6360066369e-06
4.6353268369e-06
4.6346470369e-06
4.6339672369e-06
4.6332874369e-06
4.6326076369e-06
4.6319278369e-06
4.6312480369e-06
4.6305682369e-06
4.6298884369e-06
4.6292086369e-06
4.6285288569e-06
4.6278490569e-06
4.6271692569e-06
4.626489457e-06
4.625809657e-06
4.625129857e-06
4.624450057e-06
4.623770257e-06
4.623090457e-06
4.622410657e-06
4.621730857e-06
4.621051057e-06
4.620371257e-06
4.619691457e-06
4.619011657e-06
4.618331857e-06
4.617652057e-06
4.616972257e-06
4.616292457e-06
4.615612657e-06
4.614932857e-06
4.614253057e-06
4.613573257e-06
4.612893457e-06
4.612213677e-06
4.611533877e-06
4.610854077e-06
4.6101742771e-06
4.6094944771e-06
4.6088146771e-06
4.6081348771e-06
4.6074550771e-06
4.6067752771e-06
4.6060954771e-06
4.6054156771e-06
4.6047358771e-06
4.6040560771e-06
4.6033762771e-06
4.6026964771e-06
4.6020166771e-06
4.6013368771e-06
4.6006570771e-06
4.5999772771e-06
4.5992974771e-06
4.5986176771e-06
4.5979378771e-06
4.5972580771e-06
4.5965782971e-06
4.5958984971e-06
4.5952186971e-06
4.5945388971e-06
4.5938590971e-06
4.5931792972e-06
4.5924994972e-06
4.5918196972e-06
4.5911398972e-06
4.5904600972e-06
4.5897802972e-06
4.5891004972e-06
4.5884206972e-06
4.5877408972e-06
4.5870610972e-06
4.5863812972e-06
4.5857014972e-06
4.5850216972e-06
4.5843418972e-06
4.5836620972e-06
4.5829822972e-06
4.5823024972e-06
4.5816226972e-06
4.5809428972e-06
4.5802631172e-06
4.5795833172e-06
4.5789035172e-06
4.5782237172e-06
4.5775439172e-06
4.5768641173e-06
4.5761843173e-06
4.5755045173e-06
4.5748247173e-06
4.5741449173e-06
4.5734651173e-06
4.5727853173e-06
4.5721055173e-06
4.5714257173e-06
4.5707459173e-06
4.5700661173e-06
4.5693863173e-06
4.5687065173e-06
4.5680267173e-06
4.5673469173e-06
4.5666671173e-06
4.5659873173e-06
4.5653075173e-06
4.5646277173e-06
4.5639479373e-06
4.5632681373e-06
4.5625883373e-06
4.5619085373e-06
4.5612287373e-06
4.5605489374e-06
4.5598691374e-06
4.5591893374e-06
4.5585095374e-06
4.5578297374e-06
4.5571499374e-06
4.5564701374e-06
4.5557903374e-06
4.5551105374e-06
4.5544307374e-06
4.5537509374e-06
4.5530711374e-06
4.5523913374e-06
4.5517115374e-06
4.5510317374e-06
4.5503519374e-06
4.5496721374e-06
4.5489923374e-06
4.5483125574e-06
4.5476327574e-06
4.5469529574e-06
4.5462731574e-06
4.5455933574e-06
4.5449135574e-06
4.5442337575e-06
4.5435539575e-06
4.5428741575e-06
4.5421943575e-06
4.5415145575e-06
4.5408347575e-06
4.5401549575e-06
4.5394751575e-06
4.5387953575e-06
4.5381155575e-06
4.5374357575e-06
4.5367559575e-06
4.5360761575e-06
4.5353963575e-06
4.5347165575e-06
4.5340367575e-06
4.5333569575e-06
4.5326771575e-06
4.5319973775e-06
4.5313175775e-06
4.5306377775e-06
4.5299579775e-06
4.5292781775e-06
4.5285983775e-06
4.5279185776e-06
4.5272387776e-06
4.5265589776e-06
4.5258791776e-06
4.5251993776e-06
4.5245195776e-06
4.5238397776e-06
4.5231599776e-06
4.5224801776e-06
4.5218003776e-06
4.5211205776e-06
4.5204407776e-06
4.5197609776e-06
4.5190811776e-06
4.5184013776e-06
4.5177215776e-06
4.5170417776e-06
4.5163619976e-06
4.5156821976e-06
4.5150023976e-06
4.5143225976e-06
4.5136427976e-06
4.5129629976e-06
4.5122831976e-06
4.5116033976e-06
4.5109235977e-06
4.5102437977e-06
4.5095639977e-06
4.5088841977e-06
4.5082043977e-06
4.5075245977e-06
4.5068447977e-06
4.5061649977e-06
4.5054851977e-06
4.5048053977e-06
4.5041255977e-06
4.5034457977e-06
4.5027659977e-06
4.5020861977e-06
4.5014063977e-06
4.5007265977e-06
4.5000468177e-06
4.4993670177e-06
4.4986872177e-06
4.4980074177e-06
4.4973276177e-06
4.4966478177e-06
4.4959680177e-06
4.4952882177e-06
4.4946084178e-06
4.4939286178e-06
4.4932488178e-06
4.4925690178e-06
4.4918892178e-06
4.4912094178e-06
4.4905296178e-06
4.4898498178e-06
4.4891700178e-06
4.4884902178e-06
4.4878104178e-06
4.4871306178e-06
4.4864508178e-06
4.4857710178e-06
4.4850912178e-06
4.4844114378e-06
4.4837316378e-06
4.4830518378e-06
4.4823720378e-06
4.4816922378e-06
4.4810124378e-06
4.4803326378e-06
4.4796528378e-06
4.4789730378e-06
4.4782932379e-06
4.4776134379e-06
4.4769336379e-06
4.4762538379e-06
4.4755740379e-06
4.4748942379e-06
4.4742144379e-06
4.4735346379e-06
4.4728548379e-06
4.4721750379e-06
4.4714952379e-06
4.4708154379e-06
4.4701356379e-06
4.4694558379e-06
4.4687760379e-06
4.4680962579e-06
4.4674164579e-06
4.4667366579e-06
4.4660568579e-06
4.4653770579e-06
4.4646972579e-06
4.4640174579e-06
4.4633376579e-06
4.4626578579e-06
4.461978058e-06
4.461298258e-06
4.460618458e-06
4.459938658e-06
4.459258858e-06
4.458579058e-06
4.457899258e-06
4.457219458e-06
4.456539658e-06
4.455859858e-06
4.455180058e-06
4.454500258e-06
4.453820458e-06
4.453140658e-06
4.452460878e-06
4.451781078e-06
4.451101278e-06
4.450421478e-06
4.449741678e-06
4.449061878e-06
4.448382078e-06
4.447702278e-06
4.447022478e-06
4.446342678e-06
4.445662878e-06
4.4449830781e-06
4.4443032781e-06
4.4436234781e-06
4.4429436781e-06
4.4422638781e-06
4.4415840781e-06
4.4409042781e-06
4.4402244781e-06
4.4395446781e-06
4.4388648781e-06
4.4381850781e-06
4.4375052781e-06
4.4368254781e-06
4.4361456981e-06
4.4354658981e-06
4.4347860981e-06
4.4341062981e-06
4.4334264981e-06
4.4327466981e-06
4.4320668981e-06
4.4313870981e-06
4.4307072981e-06
4.4300274981e-06
4.4293476981e-06
4.4286678982e-06
4.4279880982e-06
4.4273082982e-06
4.4266284982e-06
4.4259486982e-06
4.4252688982e-06
4.4245890982e-06
4.4239092982e-06
4.4232294982e-06
4.4225496982e-06
4.4218698982e-06
4.4211900982e-06
4.4205103182e-06
4.4198305182e-06
4.4191507182e-06
4.4184709182e-06
4.4177911182e-06
4.4171113182e-06
4.4164315182e-06
4.4157517182e-06
4.4150719182e-06
4.4143921182e-06
4.4137123182e-06
4.4130325182e-06
4.4123527183e-06
4.4116729183e-06
4.4109931183e-06
4.4103133183e-06
4.4096335183e-06
4.4089537183e-06
4.4082739183e-06
4.4075941183e-06
4.4069143183e-06
4.4062345183e-06
4.4055547183e-06
4.4048749183e-06
4.4041951383e-06
4.4035153383e-06
4.4028355383e-06
4.4021557383e-06
4.4014759383e-06
4.4007961383e-06
4.4001163383e-06
4.3994365383e-06
4.3987567383e-06
4.3980769383e-06
4.3973971383e-06
4.3967173383e-06
4.3960375384e-06
4.3953577384e-06
4.3946779384e-06
4.3939981384e-06
4.3933183384e-06
4.3926385384e-06
4.3919587384e-06
4.3912789384e-06
4.3905991384e-06
4.3899193384e-06
4.3892395384e-06
4.3885597584e-06
4.3878799584e-06
4.3872001584e-06
4.3865203584e-06
4.3858405584e-06
4.3851607584e-06
4.3844809584e-06
4.3838011584e-06
4.3831213584e-06
4.3824415584e-06
4.3817617584e-06
4.3810819584e-06
4.3804021584e-06
4.3797223585e-06
4.3790425585e-06
4.3783627585e-06
4.3776829585e-06
4.3770031585e-06
4.3763233585e-06
4.3756435585e-06
4.3749637585e-06
4.3742839585e-06
4.3736041585e-06
4.3729243585e-06
4.3722445785e-06
4.3715647785e-06
4.3708849785e-06
4.3702051785e-06
4.3695253785e-06
4.3688455785e-06
4.3681657785e-06
4.3674859785e-06
4.3668061785e-06
4.3661263785e-06
4.3654465785e-06
4.3647667785e-06
4.3640869785e-06
4.3634071785e-06
4.3627273786e-06
4.3620475786e-06
4.3613677786e-06
4.3606879786e-06
4.3600081786e-06
4.3593283786e-06
4.3586485786e-06
4.3579687786e-06
4.3572889786e-06
4.3566091786e-06
4.3559293986e-06
4.3552495986e-06
4.3545697986e-06
4.3538899986e-06
4.3532101986e-06
4.3525303986e-06
4.3518505986e-06
4.3511707986e-06
4.3504909986e-06
4.3498111986e-06
4.3491313986e-06
4.3484515986e-06
4.3477717986e-06
4.3470919986e-06
4.3464121987e-06
4.3457323987e-06
4.3450525987e-06
4.3443727987e-06
4.3436929987e-06
4.3430131987e-06
4.3423333987e-06
4.3416535987e-06
4.3409737987e-06
4.3402940187e-06
4.3396142187e-06
4.3389344187e-06
4.3382546187e-06
4.3375748187e-06
4.3368950187e-06
4.3362152187e-06
4.3355354187e-06
4.3348556187e-06
4.3341758187e-06
4.3334960187e-06
4.3328162187e-06
4.3321364187e-06
4.3314566187e-06
4.3307768187e-06
4.3300970188e-06
4.3294172188e-06
4.3287374188e-06
4.3280576188e-06
4.3273778188e-06
4.3266980188e-06
4.3260182188e-06
4.3253384188e-06
4.3246586188e-06
4.3239788388e-06
4.3232990388e-06
4.3226192388e-06
4.3219394388e-06
4.3212596388e-06
4.3205798388e-06
4.3199000388e-06
4.3192202388e-06
4.3185404388e-06
4.3178606388e-06
4.3171808388e-06
4.3165010388e-06
4.3158212388e-06
4.3151414388e-06
4.3144616388e-06
4.3137818389e-06
4.3131020389e-06
4.3124222389e-06
4.3117424389e-06
4.3110626389e-06
4.3103828389e-06
4.3097030389e-06
4.3090232389e-06
4.3083434589e-06
4.3076636589e-06
4.3069838589e-06
4.3063040589e-06
4.3056242589e-06
4.3049444589e-06
4.3042646589e-06
4.3035848589e-06
4.3029050589e-06
4.3022252589e-06
4.3015454589e-06
4.3008656589e-06
4.3001858589e-06
4.2995060589e-06
4.2988262589e-06
4.2981464589e-06
4.297466659e-06
4.296786859e-06
4.296107059e-06
4.295427259e-06
4.294747459e-06
4.294067659e-06
4.293387859e-06
4.292708059e-06
4.292028279e-06
4.291348479e-06
4.290668679e-06
4.289988879e-06
4.289309079e-06
4.288629279e-06
4.287949479e-06
4.287269679e-06
4.286589879e-06
4.285910079e-06
4.285230279e-06
4.284550479e-06
4.283870679e-06
4.283190879e-06
4.282511079e-06
4.281831279e-06
4.281151479e-06
4.2804716791e-06
4.2797918791e-06
4.2791120791e-06
4.2784322791e-06
4.2777524791e-06
4.2770726791e-06
4.2763928991e-06
4.2757130991e-06
4.2750332991e-06
4.2743534991e-06
4.2736736991e-06
4.2729938991e-06
4.2723140991e-06
4.2716342991e-06
4.2709544991e-06
4.2702746991e-06
4.2695948991e-06
4.2689150991e-06
4.2682352991e-06
4.2675554991e-06
4.2668756991e-06
4.2661958991e-06
4.2655160991e-06
4.2648362991e-06
4.2641564992e-06
4.2634766992e-06
4.2627968992e-06
4.2621170992e-06
4.2614372992e-06
4.2607574992e-06
4.2600777192e-06
4.2593979192e-06
4.2587181192e-06
4.2580383192e-06
4.2573585192e-06
4.2566787192e-06
4.2559989192e-06
4.2553191192e-06
4.2546393192e-06
4.2539595192e-06
4.2525999192e-06
4.2525999192e-06
4.2539136192e-06
4.2552273192e-06
4.2565410192e-06
4.2578547392e-06
4.2591684392e-06
4.2604821392e-06
4.2617958392e-06
4.2631095392e-06
4.2644232392e-06
4.2657369591e-06
4.2670506591e-06
4.2683643591e-06
4.2696780591e-06
4.2709917591e-06
4.2723054591e-06
4.2736191791e-06
4.2749328791e-06
4.2762465791e-06
4.2775602791e-06
4.2788739791e-06
4.2801876791e-06
4.281501399e-06
4.282815099e-06
4.284128799e-06
4.285442499e-06
4.286756199e-06
4.288069899e-06
4.289383619e-06
4.290697319e-06
4.292011019e-06
4.293324719e-06
4.294638419e-06
4.295952119e-06
4.297265839e-06
4.2985795389e-06
4.2998932389e-06
4.3012069389e-06
4.3025206389e-06
4.3038343389e-06
4.3051480589e-06
4.3064617589e-06
4.3077754589e-06
4.3090891589e-06
4.3104028589e-06
4.3117165589e-06
4.3130302789e-06
4.3143439788e-06
4.3156576788e-06
4.3169713788e-06
4.3182850788e-06
4.3195987788e-06
4.3209124988e-06
4.3222261988e-06
4.3235398988e-06
4.3248535988e-06
4.3261672988e-06
4.3274809988e-06
4.3287947188e-06
4.3301084188e-06
4.3314221187e-06
4.3327358187e-06
4.3340495187e-06
4.3353632187e-06
4.3366769387e-06
4.3379906387e-06
4.3393043387e-06
4.3406180387e-06
4.3419317387e-06
4.3432454387e-06
4.3445591387e-06
4.3458728587e-06
4.3471865586e-06
4.3485002586e-06
4.3498139586e-06
4.3511276586e-06
4.3524413586e-06
4.3537550786e-06
4.3550687786e-06
4.3563824786e-06
4.3576961786e-06
4.3590098786e-06
4.3603235786e-06
4.3616372986e-06
4.3629509986e-06
4.3642646985e-06
4.3655783985e-06
4.3668920985e-06
4.3682057985e-06
4.3695195185e-06
4.3708332185e-06
4.3721469185e-06
4.3734606185e-06
4.3747743185e-06
4.3760880185e-06
4.3774017385e-06
4.3787154385e-06
4.3800291384e-06
4.3813428384e-06
4.3826565384e-06
4.3839702384e-06
4.3852839584e-06
4.3865976584e-06
4.3879113584e-06
4.3892250584e-06
4.3905387584e-06
4.3918524584e-06
4.3931661784e-06
4.3944798784e-06
4.3957935784e-06
4.3971072783e-06
4.3984209783e-06
4.3997346783e-06
4.4010483983e-06
4.4023620983e-06
4.4036757983e-06
4.4049894983e-06
4.4063031983e-06
4.4076168983e-06
4.4089306183e-06
4.4102443183e-06
4.4115580183e-06
4.4128717182e-06
4.4141854182e-06
4.4154991182e-06
4.4168128382e-06
4.4181265382e-06
4.4194402382e-06
4.4207539382e-06
4.4220676382e-06
4.4233813382e-06
4.4246950582e-06
4.4260087582e-06
4.4273224582e-06
4.4286361582e-06
4.4299498581e-06
4.4312635581e-06
4.4325772581e-06
4.4338909781e-06
4.4352046781e-06
4.4365183781e-06
4.4378320781e-06
4.4391457781e-06
4.4404594781e-06
4.4417731981e-06
4.4430868981e-06
4.4444005981e-06
4.445714298e-06
4.447027998e-06
4.448341698e-06
4.449655418e-06
4.450969118e-06
4.452282818e-06
4.453596518e-06
4.454910218e-06
4.456223918e-06
4.457537638e-06
4.458851338e-06
4.460165038e-06
4.461478738e-06
4.4627924379e-06
4.4641061379e-06
4.4654198579e-06
4.4667335579e-06
4.4680472579e-06
4.4693609579e-06
4.4706746579e-06
4.4719883579e-06
4.4733020779e-06
4.4746157779e-06
4.4759294779e-06
4.4772431779e-06
4.4785568779e-06
4.4798705778e-06
4.4811842978e-06
4.4824979978e-06
4.4838116978e-06
4.4851253978e-06
4.4864390978e-06
4.4877527978e-06
4.4890665178e-06
4.4903802178e-06
4.4916939178e-06
4.4930076178e-06
4.4943213178e-06
4.4956350177e-06
4.4969487377e-06
4.4982624377e-06
4.4995761377e-06
4.5008898377e-06
4.5022035377e-06
4.5035172377e-06
4.5048309577e-06
4.5061446577e-06
4.5074583577e-06
4.5087720577e-06
4.5100857577e-06
4.5113994577e-06
4.5127131776e-06
4.5140268776e-06
4.5153405776e-06
4.5166542776e-06
4.5179679776e-06
4.5192816776e-06
4.5205953776e-06
4.5219090976e-06
4.5232227976e-06
4.5245364976e-06
4.5258501976e-06
4.5271638976e-06
4.5284775975e-06
4.5297913175e-06
4.5311050175e-06
4.5324187175e-06
4.5337324175e-06
4.5350461175e-06
4.5363598175e-06
4.5376735375e-06
4.5389872375e-06
4.5403009375e-06
4.5416146375e-06
4.5429283375e-06
4.5442420375e-06
4.5455557574e-06
4.5468694574e-06
4.5481831574e-06
4.5494968574e-06
4.5508105574e-06
4.5521242574e-06
4.5534379774e-06
4.5547516774e-06
4.5560653774e-06
4.5573790774e-06
4.5586927774e-06
4.5600064774e-06
4.5613201973e-06
4.5626338973e-06
4.5639475973e-06
4.5652612973e-06
4.5665749973e-06
4.5678886973e-06
4.5692024173e-06
4.5705161173e-06
4.5718298173e-06
4.5731435173e-06
4.5744572173e-06
4.5757709173e-06
4.5770846373e-06
4.5783983372e-06
4.5797120372e-06
4.5810257372e-06
4.5823394372e-06
4.5836531372e-06
4.5849668572e-06
4.5862805572e-06
4.5875942572e-06
4.5889079572e-06
4.5902216572e-06
4.5915353572e-06
4.5928490772e-06
4.5941627771e-06
4.5954764771e-06
4.5967901771e-06
4.5981038771e-06
4.5994175771e-06
4.6007312971e-06
4.6020449971e-06
4.6033586971e-06
4.6046723971e-06
4.6059860971e-06
4.6072997971e-06
4.6086135171e-06
4.6099272171e-06
4.611240917e-06
4.612554617e-06
4.613868317e-06
4.615182017e-06
4.616495717e-06
4.617809437e-06
4.619123137e-06
4.620436837e-06
4.621750537e-06
4.623064237e-06
4.624377937e-06
4.625691657e-06
4.6270053569e-06
4.6283190569e-06
4.6296327569e-06
4.6309464569e-06
4.6322601569e-06
4.6335738769e-06
4.6348875769e-06
4.6362012769e-06
4.6375149769e-06
4.6388286769e-06
4.6401423769e-06
4.6414560969e-06
4.6427697969e-06
4.6440834968e-06
4.6453971968e-06
4.6467108968e-06
4.6480245968e-06
4.6493383168e-06
4.6506520168e-06
4.6519657168e-06
4.6532794168e-06
4.6545931168e-06
4.6559068168e-06
4.6572205368e-06
4.6585342368e-06
4.6598479367e-06
4.6611616367e-06
4.6624753367e-06
4.6637890367e-06
4.6651027567e-06
4.6664164567e-06
4.6677301567e-06
4.6690438567e-06
4.6703575567e-06
4.6716712567e-06
4.6729849767e-06
4.6742986767e-06
4.6756123767e-06
4.6769260766e-06
4.6782397766e-06
4.6795534766e-06
4.6808671966e-06
4.6821808966e-06
4.6834945966e-06
4.6848082966e-06
4.6861219966e-06
4.6874356966e-06
4.6887494166e-06
4.6900631166e-06
4.6913768166e-06
4.6926905165e-06
4.6940042165e-06
4.6953179165e-06
4.6966316365e-06
4.6979453365e-06
4.6992590365e-06
4.7005727365e-06
4.7018864365e-06
4.7032001365e-06
4.7045138365e-06
4.7058275565e-06
4.7071412565e-06
4.7084549565e-06
4.7097686564e-06
4.7110823564e-06
4.7123960564e-06
4.7137097764e-06
4.7150234764e-06
4.7163371764e-06
4.7176508764e-06
4.7189645764e-06
4.7202782764e-06
4.7215919964e-06
4.7229056964e-06
4.7242193964e-06
4.7255330963e-06
4.7268467963e-06
4.7281604963e-06
4.7294742163e-06
4.7307879163e-06
4.7321016163e-06
4.7334153163e-06
4.7347290163e-06
4.7360427163e-06
4.7373564363e-06
4.7386701363e-06
4.7399838363e-06
4.7412975363e-06
4.7426112362e-06
4.7439249362e-06
4.7452386562e-06
4.7465523562e-06
4.7478660562e-06
4.7491797562e-06
4.7504934562e-06
4.7518071562e-06
4.7531208762e-06
4.7544345762e-06
4.7557482762e-06
4.7570619762e-06
4.7583756761e-06
4.7596893761e-06
4.7610030961e-06
4.7623167961e-06
4.7636304961e-06
4.7649441961e-06
4.7662578961e-06
4.7675715961e-06
4.7688853161e-06
4.7701990161e-06
4.7715127161e-06
4.7728264161e-06
4.7741401161e-06
4.775453816e-06
4.776767536e-06
4.778081236e-06
4.779394936e-06
4.780708636e-06
4.782022336e-06
4.783336036e-06
4.784649756e-06
4.785963456e-06
4.787277156e-06
4.788590856e-06
4.789904556e-06
4.7912182559e-06
4.7925319559e-06
4.7938456759e-06
4.7951593759e-06
4.7964730759e-06
4.7977867759e-06
4.7991004759e-06
4.8004141759e-06
4.8017278959e-06
4.8030415959e-06
4.8043552959e-06
4.8056689959e-06
4.8069826959e-06
4.8082963958e-06
4.8096101158e-06
4.8109238158e-06
4.8122375158e-06
4.8135512158e-06
4.8148649158e-06
4.8161786158e-06
4.8174923358e-06
4.8188060358e-06
4.8201197358e-06
4.8214334358e-06
4.8227471358e-06
4.8240608358e-06
4.8253745557e-06
4.8266882557e-06
4.8280019557e-06
4.8293156557e-06
4.8306293557e-06
4.8319430557e-06
4.8332567757e-06
4.8345704757e-06
4.8358841757e-06
4.8371978757e-06
4.8385115757e-06
4.8398252757e-06
4.8411389956e-06
4.8424526956e-06
4.8437663956e-06
4.8450800956e-06
4.8463937956e-06
4.8477074956e-06
4.8490212156e-06
4.8503349156e-06
4.8516486156e-06
4.8529623156e-06
4.8542760156e-06
4.8555897156e-06
4.8569034356e-06
4.8582171355e-06
4.8595308355e-06
4.8608445355e-06
4.8621582355e-06
4.8634719355e-06
4.8647856555e-06
4.8660993555e-06
4.8674130555e-06
4.8687267555e-06
4.8700404555e-06
4.8713541555e-06
4.8726678755e-06
4.8739815754e-06
4.8752952754e-06
4.8766089754e-06
4.8779226754e-06
4.8792363754e-06
4.8805500754e-06
4.8818637954e-06
4.8831774954e-06
4.8844911954e-06
4.8858048954e-06
4.8871185954e-06
4.8884322954e-06
4.8897460154e-06
4.8910597153e-06
4.8923734153e-06
4.8936871153e-06
4.8950008153e-06
4.8963145153e-06
4.8976282353e-06
4.8989419353e-06
4.9002556353e-06
4.9015693353e-06
4.9028830353e-06
4.9041967353e-06
4.9055104553e-06
4.9068241552e-06
4.9081378552e-06
4.9094515552e-06
4.9107652552e-06
4.9120789552e-06
4.9133926752e-06
4.9147063752e-06
4.9160200752e-06
4.9173337752e-06
4.9186474752e-06
4.9199611752e-06
4.9212748952e-06
4.9225885952e-06
4.9239022951e-06
4.9252159951e-06
4.9265296951e-06
4.9278433951e-06
4.9291571151e-06
4.9304708151e-06
4.9317845151e-06
4.9330982151e-06
4.9344119151e-06
4.9357256151e-06
4.9370393351e-06
4.9383530351e-06
4.939666735e-06
4.940980435e-06
4.942294135e-06
4.943607835e-06
4.944921555e-06
4.946235255e-06
4.947548955e-06
4.948862655e-06
4.950176355e-06
4.951490055e-06
4.952803775e-06
4.954117475e-06
4.955431175e-06
4.9567448749e-06
4.9580585749e-06
4.9593722749e-06
4.9606859949e-06
4.9619996949e-06
4.9633133949e-06
4.9646270949e-06
4.9659407949e-06
4.9672544949e-06
4.9685681949e-06
4.9698819149e-06
4.9711956149e-06
4.9725093148e-06
4.9738230148e-06
4.9751367148e-06
4.9764504148e-06
4.9777641348e-06
4.9790778348e-06
4.9803915348e-06
4.9817052348e-06
4.9830189348e-06
4.9843326348e-06
4.9856463548e-06
4.9869600548e-06
4.9882737548e-06
4.9895874547e-06
4.9909011547e-06
4.9922148547e-06
4.9935285747e-06
4.9948422747e-06
4.9961559747e-06
4.9974696747e-06
4.9987833747e-06
5.0000970747e-06
5.0014107947e-06
5.0027244947e-06
5.0040381947e-06
5.0053518946e-06
5.0066655946e-06
5.0079792946e-06
5.0092930146e-06
5.0106067146e-06
5.0119204146e-06
5.0132341146e-06
5.0145478146e-06
5.0158615146e-06
5.0171752346e-06
5.0184889346e-06
5.0198026346e-06
5.0211163346e-06
5.0224300345e-06
5.0237437345e-06
5.0250574545e-06
5.0263711545e-06
5.0276848545e-06
5.0289985545e-06
5.0303122545e-06
5.0316259545e-06
5.0329396745e-06
5.0342533745e-06
5.0355670745e-06
5.0368807745e-06
5.0381944744e-06
5.0395081744e-06
5.0408218944e-06
5.0421355944e-06
5.0434492944e-06
5.0447629944e-06
5.0460766944e-06
5.0473903944e-06
5.0487041144e-06
5.0500178144e-06
5.0513315144e-06
5.0526452144e-06
5.0539589144e-06
5.0552726143e-06
5.0565863143e-06
5.0579000343e-06
5.0592137343e-06
5.0605274343e-06
5.0618411343e-06
5.0631548343e-06
5.0644685343e-06
5.0657822543e-06
5.0670959543e-06
5.0684096543e-06
5.0697233543e-06
5.0710370542e-06
5.0723507542e-06
5.0736644742e-06
5.0749781742e-06
5.0762918742e-06
5.0776055742e-06
5.0789192742e-06
5.0802329742e-06
5.0815466942e-06
5.0828603942e-06
5.0841740942e-06
5.0854877942e-06
5.0868014942e-06
5.0881151941e-06
5.0894289141e-06
5.0907426141e-06
5.0920563141e-06
5.0933700141e-06
5.0946837141e-06
5.0959974141e-06
5.0973111341e-06
5.0986248341e-06
5.0999385341e-06
5.1012522341e-06
5.1025659341e-06
5.103879634e-06
5.105193354e-06
5.106507054e-06
5.107820754e-06
5.109134454e-06
5.110448154e-06
5.111761854e-06
5.113075574e-06
5.114389274e-06
5.115702974e-06
5.117016674e-06
5.118330374e-06
5.119644074e-06
5.1209577939e-06
5.1222714939e-06
5.1235851939e-06
5.1248988939e-06
5.1262125939e-06
5.1275262939e-06
5.1288400139e-06
5.1301537139e-06
5.1314674139e-06
5.1327811139e-06
5.1340948139e-06
5.1354085139e-06
5.1367222339e-06
5.1380359338e-06
5.1393496338e-06
5.1406633338e-06
5.1419770338e-06
5.1432907338e-06
5.1446044538e-06
5.1459181538e-06
5.1472318538e-06
5.1485455538e-06
5.1498592538e-06
5.1511729538e-06
5.1524866538e-06
5.1538003737e-06
5.1551140737e-06
5.1564277737e-06
5.1577414737e-06
5.1590551737e-06
5.1603688737e-06
5.1616825937e-06
5.1629962937e-06
5.1643099937e-06
5.1656236937e-06
5.1669373937e-06
5.1682510937e-06
5.1695648137e-06
5.1708785136e-06
5.1721922136e-06
5.1735059136e-06
5.1748196136e-06
5.1761333136e-06
5.1774470336e-06
5.1787607336e-06
5.1800744336e-06
5.1813881336e-06
5.1827018336e-06
5.1840155336e-06
5.1853292536e-06
5.1866429535e-06
5.1879566535e-06
5.1892703535e-06
5.1905840535e-06
5.1918977535e-06
5.1932114735e-06
5.1945251735e-06
5.1958388735e-06
5.1971525735e-06
5.1984662735e-06
5.1997799735e-06
5.2010936935e-06
5.2024073935e-06
5.2037210934e-06
5.2050347934e-06
5.2063484934e-06
5.2076621934e-06
5.2089759134e-06
5.2102896134e-06
5.2116033134e-06
5.2129170134e-06
5.2142307134e-06
5.2155444134e-06
5.2168581334e-06
5.2181718334e-06
5.2194855333e-06
5.2207992333e-06
5.2221129333e-06
5.2234266333e-06
5.2247403533e-06
5.2260540533e-06
5.2273677533e-06
5.2286814533e-06
5.2299951533e-06
5.2313088533e-06
5.2326225733e-06
5.2339362733e-06
5.2352499733e-06
5.2365636732e-06
5.2378773732e-06
5.2391910732e-06
5.2405047732e-06
5.2418184932e-06
5.2431321932e-06
5.2444458932e-06
5.2457595932e-06
5.2470732932e-06
5.2483869932e-06
5.2497007132e-06
5.2510144132e-06
5.2523281131e-06
5.2536418131e-06
5.2549555131e-06
5.2562692131e-06
5.2575829331e-06
5.2588966331e-06
5.2602103331e-06
5.2615240331e-06
5.2628377331e-06
5.2641514331e-06
5.2654651531e-06
5.2667788531e-06
5.2680925531e-06
5.269406253e-06
5.270719953e-06
5.272033653e-06
5.273347373e-06
5.274661073e-06
5.275974773e-06
5.277288473e-06
5.278602173e-06
5.279915873e-06
5.281229593e-06
5.282543293e-06
5.283856993e-06
5.2851706929e-06
5.2864843929e-06
5.2877980929e-06
5.2891118129e-06
5.2904255129e-06
5.2917392129e-06
5.2930529129e-06
5.2943666129e-06
5.2956803129e-06
5.2969940329e-06
5.2983077329e-06
5.2996214329e-06
5.3009351329e-06
5.3022488328e-06
5.3035625328e-06
5.3048762528e-06
5.3061899528e-06
5.3075036528e-06
5.3088173528e-06
5.3101310528e-06
5.3114447528e-06
5.3127584728e-06
5.3140721728e-06
5.3153858728e-06
5.3166995728e-06
5.3180132727e-06
5.3193269727e-06
5.3206406927e-06
5.3219543927e-06
5.3232680927e-06
5.3245817927e-06
5.3258954927e-06
5.3272091927e-06
5.3285228927e-06
5.3298366127e-06
5.3311503127e-06
5.3324640127e-06
5.3337777127e-06
5.3350914126e-06
5.3364051126e-06
5.3377188326e-06
5.3390325326e-06
5.3403462326e-06
5.3416599326e-06
5.3429736326e-06
5.3442873326e-06
5.3456010526e-06
5.3469147526e-06
5.3482284526e-06
5.3495421526e-06
5.3508558525e-06
5.3521695525e-06
5.3534832725e-06
5.3547969725e-06
5.3561106725e-06
5.3574243725e-06
5.3587380725e-06
5.3600517725e-06
5.3613654925e-06
5.3626791925e-06
5.3639928925e-06
5.3653065925e-06
5.3666202925e-06
5.3679339924e-06
5.3692477124e-06
5.3705614124e-06
5.3718751124e-06
5.3731888124e-06
5.3745025124e-06
5.3758162124e-06
5.3771299324e-06
5.3784436324e-06
5.3797573324e-06
5.3810710324e-06
5.3823847324e-06
5.3836984323e-06
5.3850121523e-06
5.3863258523e-06
5.3876395523e-06
5.3889532523e-06
5.3902669523e-06
5.3915806523e-06
5.3928943723e-06
5.3942080723e-06
5.3955217723e-06
5.3968354723e-06
5.3981491723e-06
5.3994628723e-06
5.4007765922e-06
5.4020902922e-06
5.4034039922e-06
5.4047176922e-06
5.4060313922e-06
5.4073450922e-06
5.4086588122e-06
5.4099725122e-06
5.4125999122e-06
5.4125999122e-06
5.4124946522e-06
5.4123893922e-06
5.4122841322e-06
5.4121788522e-06
5.4120735922e-06
5.4119683322e-06
5.4118630722e-06
5.4117578122e-06
5.4116525522e-06
5.4115472722e-06
5.4114420122e-06
5.4113367522e-06
5.4112314922e-06
5.4111262322e-06
5.4110209722e-06
5.4109156922e-06
5.4108104322e-06
5.4107051722e-06
5.4105999122e-06
5.4104946522e-06
5.4103893922e-06
5.4102841322e-06
5.4101788522e-06
5.4100735922e-06
5.4099683322e-06
5.4098630722e-06
5.4097578122e-06
5.4096525522e-06
5.4095472722e-06
5.4094420122e-06
5.4093367522e-06
5.4092314922e-06
5.4091262322e-06
5.4090209722e-06
5.4089156922e-06
5.4088104322e-06
5.4087051722e-06
5.4085999122e-06
5.4084946522e-06
5.4083893922e-06
5.4082841322e-06
5.4081788522e-06
5.4080735922e-06
5.4079683322e-06
5.4078630722e-06
5.4077578122e-06
5.4076525522e-06
5.4075472722e-06
5.4074420122e-06
5.4073367522e-06
5.4072314922e-06
5.4071262322e-06
5.4070209722e-06
5.4069156922e-06
5.4068104322e-06
5.4067051722e-06
5.4065999122e-06
5.4064946522e-06
5.4063893922e-06
5.4062841322e-06
5.4061788522e-06
5.4060735922e-06
5.4059683322e-06
5.4058630722e-06
5.4057578122e-06
5.4056525522e-06
5.4055472722e-06
5.4054420122e-06
5.4053367522e-06
5.4052314922e-06
5.4051262322e-06
5.4050209722e-06
5.4049156922e-06
5.4048104322e-06
5.4047051722e-06
5.4045999122e-06
5.4044946522e-06
5.4043893922e-06
5.4042841322e-06
5.4041788522e-06
5.4040735922e-06
5.4039683322e-06
5.4038630722e-06
5.4037578122e-06
5.4036525522e-06
5.4035472722e-06
5.4034420122e-06
5.4033367522e-06
5.4032314922e-06
5.4031262322e-06
5.4030209722e-06
5.4029156922e-06
5.4028104322e-06
5.4027051722e-06
5.4025999122e-06
5.4024946522e-06
5.4023893922e-06
5.4022841322e-06
5.4021788522e-06
5.4020735922e-06
5.4019683322e-06
5.4018630722e-06
5.4017578122e-06
5.4016525522e-06
5.4015472722e-06
5.4014420122e-06
5.4013367522e-06
5.4012314922e-06
5.4011262322e-06
5.4010209722e-06
5.4009156922e-06
5.4008104322e-06
5.4007051722e-06
5.4005999122e-06
5.4004946522e-06
5.4003893922e-06
5.4002841322e-06
5.4001788522e-06
5.4000735922e-06
5.3999683323e-06
5.3998630723e-06
5.3997578123e-06
5.3996525523e-06
5.3995472723e-06
5.3994420123e-06
5.3993367523e-06
5.3992314923e-06
5.3991262323e-06
5.3990209723e-06
5.3989156923e-06
5.3988104323e-06
5.3987051723e-06
5.3985999123e-06
5.3984946523e-06
5.3983893923e-06
5.3982841323e-06
5.3981788523e-06
5.3980735923e-06
5.3979683323e-06
5.3978630723e-06
5.3977578123e-06
5.3976525523e-06
5.3975472723e-06
5.3974420123e-06
5.3973367523e-06
5.3972314923e-06
5.3971262323e-06
5.3970209723e-06
5.3969156923e-06
5.3968104323e-06
5.3967051723e-06
5.3965999123e-06
5.3964946523e-06
5.3963893923e-06
5.3962841323e-06
5.3961788523e-06
5.3960735923e-06
5.3959683323e-06
5.3958630723e-06
5.3957578123e-06
5.3956525523e-06
5.3955472723e-06
5.3954420123e-06
5.3953367523e-06
5.3952314923e-06
5.3951262323e-06
5.3950209723e-06
5.3949156923e-06
5.3948104323e-06
5.3947051723e-06
5.3945999123e-06
5.3944946523e-06
5.3943893923e-06
5.3942841323e-06
5.3941788523e-06
5.3940735923e-06
5.3939683323e-06
5.3938630723e-06
5.3937578123e-06
5.3936525523e-06
5.3935472723e-06
5.3934420123e-06
5.3933367523e-06
5.3932314923e-06
5.3931262323e-06
5.3930209723e-06
5.3929156923e-06
5.3928104323e-06
5.3925999123e-06
