2616193
2616294
2616393
2616493
2616593
2616693
2616793
2616894
2616994
2617094
2617194
2617293
2617393
2617493
2617593
2617694
2617794
2617893
2617994
2618093
2618193
2618294
2618393
2618493
2618594
2618694
2618794
2618893
2618993
2619093
2619194
2619293
2619394
2619493
2619593
2619694
2619793
2619894
2619993
2620093
2620193
2620293
2620393
2620493
2620594
2620694
2620794
2620893
2620993
2621093
2621193
2621294
2621394
2621493
2621593
2621694
2621793
2621894
2621994
2622094
2622194
2622293
2622393
2622493
2622594
2622694
2622794
2622894
2622993
2623094
2623194
2623293
2623394
2623494
2623594
2623693
2623793
2623894
2623993
2624093
2624194
2624294
2624394
2624493
2624593
2624693
2624793
2624893
2624994
2625093
2625194
2625293
2625393
2625493
2625593
2625694
2625793
2625894
2625994
2626094
2626194
2626294
2626393
2626494
2626593
2626693
2626794
2626894
2626993
2627093
2627193
2627293
2627393
2627494
2627594
2627693
2627794
2627894
2627994
2628093
2628194
2628294
2628394
2628493
2628593
2628693
2628794
2628893
2628993
2629093
2629193
2629293
2629393
2629493
2629594
2629693
2629793
2629893
2629994
2630094
2630194
2630293
2630394
2630494
2630594
2630694
2630793
2630893
2630993
2631093
2631193
2631293
2631394
2631493
2631594
2631693
2631793
2631894
2631994
2632094
2632194
2632294
2632394
2632494
2632594
2632693
2632793
2632894
2632993
2633093
2633194
2633293
2633394
2633493
2633594
2633694
2633794
2633894
2633994
2634094
2634193
2634293
2634393
2634493
2634593
2634694
2634793
2634893
2634994
2635093
2635193
2635294
2635394
2635494
2635594
2635694
2635793
2635893
2635993
2636093
2636194
2636294
2636394
2636493
2636593
2636693
2636793
2636894
2636994
2637093
2637193
2637294
2637394
2637493
2637594
2637694
2637793
2637893
2637994
2638094
2638194
2638294
2638394
2638494
2638593
2638693
2638794
2638893
2638993
2639093
2639193
2639294
2639393
2639494
2639594
2639694
2639794
2639893
2639994
2640094
2640193
2640294
2640394
2640493
2640594
2640694
2640794
2640893
2640994
2641093
2641194
2641294
2641394
2641493
2641594
2641693
2641794
2641893
2641994
2642093
2642193
2642293
2642394
2642493
2642594
2642694
2642793
2642894
2642993
2643093
2643194
2643293
2643393
2643493
2643593
2643694
2643793
2643893
2643994
2644094
2644193
2644293
2644394
2644494
2644594
2644694
2644794
2644893
2644993
2645093
2645194
2645293
2645393
2645494
2645593
2645694
2645793
2645894
2645993
2646094
2646193
2646294
2646394
2646494
2646594
2646693
2646793
2646894
2646993
2647093
2647193
2647294
2647393
2647493
2647593
2647694
2647793
2647894
2647994
2648093
2648193
2648293
2648393
2648493
2648594
2648693
2648793
2648894
2648993
2649093
2649194
2649293
2649394
2649494
2649594
2649693
2649793
2649893
2649994
2650094
2650194
2650293
2650393
2650494
2650594
2650693
2650794
2650893
2650993
2651094
2651194
2651293
2651393
2651494
2651593
2651694
2651794
2651893
2651994
2652094
2652193
2652293
2652394
2652493
2652594
2652694
2652793
2652893
2652994
2653094
2653194
2653293
2653393
2653494
2653593
2653693
2653793
2653894
2653994
2654093
2654193
2654293
2654393
2654493
2654593
2654694
2654793
2654894
2654993
2655093
2655194
2655294
2655394
2655493
2655594
2655693
2655793
2655893
2655994
2656094
2656193
2656294
2656393
2656493
2656593
2656693
2656793
2656893
2656993
2657093
2657193
2657294
2657394
2657493
2657594
2657694
2657794
2657893
2657994
2658093
2658194
2658294
2658394
2658493
2658593
2658693
2658794
2658893
2658993
2659093
2659193
2659293
2659393
2659493
2659594
2659694
2659794
2659894
2659994
2660093
2660194
2660294
2660394
2660493
2660594
2660693
2660794
2660894
2660994
2661093
2661194
2661293
2661394
2661493
2661593
2661693
2661793
2661893
2661993
2662093
2662193
2662293
2662393
2662493
2662594
2662694
2662794
2662894
2662994
2663093
2663193
2663294
2663394
2663494
2663593
2663694
2663794
2663894
2663993
2664094
2664194
2664294
2664393
2664494
2664593
2664693
2664793
2664893
2664994
2665094
2665194
2665294
2665393
2665494
2665593
2665694
2665793
2665894
2665993
2666093
2666193
2666293
2666393
2666494
2666593
2666693
2666794
2666893
2666994
2667094
2667194
2667294
2667394
2667493
2667594
2667694
2667794
2667893
2667993
2668094
2668194
2668293
2668393
2668493
2668594
2668694
2668794
2668894
2668993
2669094
2669193
2669294
2669394
2669493
2669593
2669693
2669793
2669894
2669994
2670093
2670194
2670294
2670393
2670493
2670593
2670693
2670793
2670894
2670993
2671094
2671193
2671293
2671394
2671494
2671594
2671693
2671793
2671893
2671994
2672094
2672193
2672294
2672394
2672493
2672594
2672693
2672793
2672893
2672993
2673093
2673193
2673293
2673394
2673494
2673594
2673694
2673794
2673893
2673994
2674094
2674194
2674293
2674394
2674494
2674593
2674693
2674794
2674893
2674993
2675094
2675194
2675293
2675394
2675494
2675593
2675693
2675794
2675893
2675994
2676093
2676193
2676293
2676394
2676494
2676593
2676693
2676793
2676894
2676993
2677094
2677193
2677293
2677393
2677493
2677594
2677694
2677794
2677893
2677994
2678093
2678193
2678293
2678394
2678494
2678594
2678693
2678794
2678894
2678993
2679094
2679193
2679293
2679393
2679494
2679593
2679693
2679793
2679894
2679993
2680093
2680194
2680293
2680394
2680494
2680593
2680693
2680794
2680893
2680993
2681094
2681194
2681294
2681393
2681494
2681593
2681694
2681793
2681894
2681994
2682093
2682193
2682293
2682394
2682493
2682594
2682693
2682793
2682894
2682994
2683094
2683193
2683293
2683393
2683493
2683593
2683693
2683794
2683894
2683994
2684094
2684194
2684294
2684393
2684493
2684593
2684693
2684793
2684894
2684993
2685094
2685193
2685294
2685394
2685493
2685594
2685693
2685793
2685893
2685993
2686094
2686194
2686293
2686394
2686493
2686594
2686694
2686793
2686894
2686993
2687094
2687194
2687293
2687393
2687494
2687594
2687694
2687793
2687893
2687994
2688093
2688194
2688294
2688393
2688493
2688594
2688693
2688793
2688894
2688994
2689094
2689193
2689293
2689393
2689493
2689594
2689694
2689794
2689893
2689993
2690093
2690193
2690294
2690393
2690493
2690594
2690694
2690794
2690893
2690994
2691094
2691193
2691293
2691393
2691493
2691593
2691693
2691794
2691893
2691994
2692093
2692193
2692293
2692393
2692494
2692593
2692694
2692793
2692894
2692993
2693093
2693193
2693293
2693394
2693494
2693593
2693693
2693794
2693894
2693993
2694093
2694193
2694294
2694394
2694493
2694593
2694694
2694794
2694894
2694993
2695093
2695194
2695294
2695393
2695494
2695594
2695693
2695794
2695893
2695994
2696094
2696193
2696293
2696394
2696494
2696594
2696694
2696794
2696893
2696993
2697094
2697194
2697294
2697394
2697494
2697593
2697694
2697793
2697894
2697993
2698093
2698194
2698294
2698394
2698493
2698593
2698694
2698793
2698894
2698993
2699093
2699194
2699293
2699393
2699493
2699593
2699693
2699793
2699893
2699993
2700094
2700194
2700294
2700393
2700494
2700593
2700694
2700794
2700894
2700994
2701094
2701193
2701294
2701394
2701494
2701593
2701693
2701793
2701893
2701994
2702093
2702193
2702293
2702394
2702493
2702594
2702693
2702793
2702893
2702993
2703094
2703194
2703294
2703394
2703494
2703593
2703693
2703794
2703894
2703994
2704093
2704194
2704294
2704394
2704494
2704594
2704694
2704793
2704893
2704993
2705093
2705193
2705293
2705394
2705494
2705593
2705693
2705794
2705894
2705993
2706093
2706194
2706294
2706394
2706493
2706593
2706693
2706793
2706893
2706993
2707093
2707194
2707293
2707394
2707493
2707593
2707694
2707794
2707893
2707993
2708093
2708194
2708293
2708393
2708493
2708594
2708693
2708794
2708894
2708994
2709094
2709194
2709294
2709394
2709494
2709594
2709694
2709794
2709893
2709993
2710093
2710194
2710293
2710393
2710493
2710594
2710693
2710794
2710894
2710993
2711093
2711193
2711294
2711394
2711493
2711593
2711693
2711793
2711893
2711993
2712093
2712194
2712294
2712393
2712494
2712593
2712693
2712793
2712893
2712993
2713093
2713194
2713293
2713394
2713493
2713594
2713693
2713794
2713894
2713994
2714093
2714194
2714293
2714393
2714494
2714593
2714694
2714793
2714893
2714993
2715093
2715193
2715294
2715393
2715493
2715594
2715693
2715793
2715893
2715993
2716093
2716194
2716294
2716393
2716493
2716594
2716693
2716793
2716894
2716994
2717093
2717194
2717293
2717394
2717493
2717593
2717693
2717793
2717893
2717993
2718094
2718193
2718294
2718394
2718494
2718594
2718694
2718794
2718894
2718994
2719093
2719194
2719293
2719394
2719493
2719594
2719693
2719794
2719893
2719993
2720094
2720193
2720293
2720393
2720494
2720594
2720694
2720793
2720894
2720994
2721094
2721194
2721294
2721394
2721494
2721593
2721694
2721793
2721894
2721993
2722093
2722194
2722293
2722394
2722493
2722594
2722694
2722794
2722893
2722994
2723094
2723193
2723294
2723393
2723494
2723594
2723694
2723793
2723894
2723993
2724093
2724193
2724294
2724393
2724493
2724593
2724693
2724793
2724894
2724994
2725093
2725194
2725294
2725393
2725494
2725593
2725693
2725793
2725893
2725993
2726094
2726193
2726294
2726394
2726493
2726594
2726694
2726793
2726893
2726993
2727094
2727193
2727294
2727393
2727493
2727594
2727694
2727794
2727894
2727994
2728093
2728194
2728293
2728393
2728494
2728594
2728693
2728794
2728893
2728993
2729094
2729193
2729293
2729393
2729494
2729593
2729693
2729793
2729894
2729994
2730093
2730194
2730293
2730393
2730494
2730593
2730694
2730794
2730893
2730994
2731093
2731193
2731294
2731393
2731493
2731593
2731694
2731793
2731893
2731993
2732093
2732193
2732293
2732394
2732493
2732594
2732693
2732793
2732894
2732993
2733094
2733194
2733294
2733394
2733494
2733593
2733694
2733793
2733893
2733993
2734093
2734193
2734294
2734393
2734493
2734594
2734694
2734793
2734893
2734994
2735093
2735193
2735293
2735394
2735493
2735594
2735693
2735793
2735893
2735994
2736094
2736193
2736293
2736393
2736494
2736594
2736693
2736794
2736894
2736994
2737093
2737193
2737293
2737394
2737494
2737594
2737694
2737793
2737894
2737994
2738093
2738193
2738294
2738394
2738494
2738593
2738693
2738794
2738894
2738993
2739093
2739193
2739294
2739393
2739494
2739594
2739693
2739793
2739893
2739994
2740094
2740194
2740294
2740393
2740493
2740594
2740694
2740794
2740894
2740994
2741093
2741194
2741293
2741393
2741494
2741593
2741694
2741793
2741893
2741993
2742094
2742194
2742293
2742394
2742493
2742594
2742694
2742794
2742894
2742993
2743094
2743193
2743294
2743394
2743493
2743594
2743694
2743794
2743893
2743994
2744093
2744193
2744294
2744394
2744494
2744593
2744693
2744793
2744894
2744993
2745094
2745194
2745293
2745394
2745493
2745594
2745693
2745794
2745893
2745994
2746093
2746193
2746293
2746394
2746493
2746594
2746694
2746794
2746893
2746994
2747093
2747194
2747294
2747393
2747494
2747593
2747693
2747794
2747893
2747994
2748093
2748193
2748293
2748393
2748493
2748594
2748693
2748793
2748893
2748994
2749093
2749194
2749294
2749394
2749493
2749593
2749693
2749793
2749894
2749994
2750093
2750193
2750293
2750394
2750494
2750593
2750694
2750794
2750893
2750994
2751093
2751193
2751294
2751394
2751494
2751594
2751694
2751793
2751894
2751994
2752094
2752193
2752293
2752393
2752493
2752593
2752694
2752793
2752894
2752993
2753094
2753194
2753294
2753394
2753494
2753594
2753694
2753794
2753894
2753994
2754093
2754193
2754293
2754394
2754494
2754593
2754693
2754794
2754893
2754993
2755094
2755193
2755293
2755393
2755494
2755594
2755693
2755793
2755893
2755994
2756093
2756193
2756294
2756393
2756493
2756593
2756694
2756793
2756894
2756993
2757093
2757193
2757294
2757393
2757493
2757593
2757694
2757794
2757894
2757993
2758094
2758194
2758294
2758393
2758493
2758593
2758693
2758793
2758893
2758994
2759093
2759193
2759294
2759393
2759494
2759594
2759693
2759794
2759893
2759994
2760093
2760193
2760294
2760393
2760493
2760593
2760694
2760793
2760893
2760994
2761093
2761193
2761293
2761393
2761493
2761594
2761693
2761794
2761894
2761993
2762094
2762194
2762293
2762393
2762493
2762594
2762693
2762794
2762894
2762993
2763093
2763193
2763293
2763393
2763493
2763594
2763694
2763793
2763894
2763994
2764093
2764193
2764294
2764393
2764493
2764594
2764693
2764794
2764894
2764993
2765094
2765194
2765294
2765394
2765493
2765594
2765693
2765793
2765894
2765993
2766094
2766194
2766294
2766394
2766494
2766594
2766694
2766793
2766894
2766994
2767094
2767193
2767293
2767393
2767494
2767594
2767694
2767793
2767893
2767994
2768093
2768194
2768293
2768394
2768494
2768593
2768694
2768794
2768894
2768994
2769094
2769194
2769293
2769393
2769494
2769593
2769694
2769794
2769893
2769993
2770093
2770193
2770293
2770393
2770493
2770594
2770694
2770794
2770893
2770994
2771093
2771193
2771294
2771393
2771494
2771593
2771694
2771793
2771894
2771994
2772094
2772194
2772293
2772394
2772494
2772594
2772694
2772793
2772894
2772993
2773094
2773193
2773293
2773394
2773493
2773594
2773694
2773794
2773893
2773993
2774094
2774194
2774293
2774394
2774494
2774593
2774694
2774793
2774893
2774993
2775093
2775193
2775294
2775394
2775494
2775593
2775693
2775793
2775894
2775994
2776093
2776193
2776294
2776394
2776494
2776594
2776693
2776793
2776894
2776994
2777094
2777193
2777293
2777393
2777493
2777594
2777693
2777794
2777894
2777994
2778094
2778193
2778294
2778394
2778493
2778593
2778694
2778793
2778893
2778994
2779093
2779194
2779294
2779394
2779493
2779594
2779693
2779793
2779893
2779994
2780094
2780193
2780293
2780394
2780493
2780593
2780694
2780793
2780893
2780993
2781093
2781193
2781293
2781394
2781494
2781593
2781694
2781794
2781894
2781993
2782093
2782194
2782294
2782393
2782493
2782594
2782694
2782794
2782894
2782993
2783093
2783193
2783293
2783394
2783494
2783594
2783694
2783794
2783893
2783993
2784093
2784194
2784293
2784394
2784493
2784594
2784693
2784793
2784894
2784993
2785093
2785193
2785294
2785394
2785494
2785594
2785694
2785793
2785894
2785994
2786093
2786194
2786293
2786394
2786494
2786593
2786693
2786794
2786893
2786994
2787093
2787193
2787294
2787394
2787493
2787594
2787693
2787793
2787894
2787993
2788093
2788193
2788293
2788394
2788493
2788593
2788693
2788793
2788894
2788993
2789094
2789194
2789294
2789394
2789494
2789593
2789694
2789793
2789893
2789994
2790093
2790193
2790294
2790394
2790494
2790594
2790694
2790793
2790894
2790994
2791094
2791194
2791294
2791393
2791493
2791593
2791694
2791794
2791894
2791993
2792094
2792193
2792293
2792394
2792493
2792593
2792693
2792793
2792893
2792994
2793094
2793193
2793294
2793393
2793493
2793594
2793693
2793794
2793893
2793993
2794093
2794194
2794293
2794394
2794494
2794594
2794694
2794794
2794893
2794993
2795093
2795194
2795294
2795394
2795494
2795593
2795694
2795793
2795893
2795994
2796094
2796193
2796293
2796394
2796494
2796593
2796694
2796793
2796893
2796993
2797094
2797194
2797294
2797394
2797494
2797594
2797694
2797793
2797893
2797994
2798094
2798193
2798293
2798393
2798494
2798594
2798694
2798793
2798894
2798994
2799093
2799193
2799293
2799393
2799494
2799593
2799693
2799793
2799894
2799993
2800094
2800194
2800294
2800394
2800494
2800593
2800694
2800793
2800893
2800993
2801093
2801194
2801293
2801393
2801494
2801593
2801693
2801793
2801894
2801993
2802094
2802194
2802294
2802394
2802493
2802593
2802694
2802793
2802893
2802994
2803094
2803193
2803294
2803393
2803493
2803593
2803694
2803793
2803893
2803994
2804094
2804193
2804294
2804393
2804494
2804593
2804694
2804794
2804893
2804994
2805094
2805193
2805294
2805394
2805494
2805593
2805694
2805793
2805894
2805993
2806094
2806193
2806294
2806393
2806494
2806594
2806694
2806794
2806893
2806994
2807093
2807193
2807294
2807393
2807494
2807594
2807694
2807793
2807894
2807994
2808094
2808193
2808293
2808393
2808493
2808594
2808694
2808794
2808893
2808994
2809094
2809194
2809294
2809393
2809493
2809593
2809694
2809794
2809893
2809993
2810093
2810193
2810293
2810393
2810493
2810593
2810693
2810794
2810894
2810993
2811093
2811194
2811293
2811393
2811493
2811593
2811693
2811793
2811893
2811993
2812094
2812194
2812293
2812394
2812493
2812593
2812694
2812793
2812894
2812993
2813094
2813194
2813294
2813393
2813494
2813594
2813693
2813793
2813894
2813994
2814094
2814193
2814293
2814393
2814494
2814594
2814694
2814793
2814893
2814994
2815094
2815193
2815294
2815394
2815493
2815593
2815694
2815793
2815893
2815994
2816093
2816194
2816294
2816393
2816494
2816593
2816693
2816793
2816893
2816994
2817093
2817193
2817293
2817393
2817493
2817593
2817693
2817794
2817894
2817994
2818093
2818193
2818294
2818393
2818493
2818594
2818694
2818794
2818894
2818993
2819094
2819193
2819294
2819393
2819494
2819593
2819694
2819794
2819893
2819994
2820093
2820193
2820293
2820394
2820493
2820593
2820693
2820794
2820893
2820994
2821093
2821193
2821294
2821394
2821494
2821593
2821694
2821794
2821894
2821993
2822094
2822194
2822294
2822394
2822494
2822593
2822693
2822794
2822894
2822994
2823094
2823194
2823293
2823393
2823493
2823593
2823693
2823793
2823893
2823994
2824093
2824193
2824294
2824394
2824494
2824593
2824694
2824793
2824894
2824993
2825094
2825193
2825293
2825394
2825493
2825593
2825693
2825794
2825893
2825993
2826093
2826194
2826294
2826394
2826494
2826594
2826693
2826793
2826893
2826993
2827093
2827194
2827294
2827393
2827494
2827594
2827693
2827793
2827894
2827993
2828093
2828194
2828293
2828393
2828494
2828593
2828694
2828793
2828893
2828993
2829094
2829194
2829293
2829394
2829494
2829594
2829693
2829793
2829894
2829994
2830094
2830194
2830293
2830393
2830493
2830593
2830694
2830794
2830894
2830994
2831093
2831194
2831293
2831393
2831494
2831594
2831694
2831794
2831894
2831994
2832093
2832194
2832293
2832393
2832493
2832593
2832694
2832793
2832893
2832993
2833093
2833194
2833293
2833393
2833493
2833593
2833694
2833794
2833893
2833993
2834094
2834193
2834294
2834393
2834494
2834594
2834694
2834794
2834893
2834994
2835094
2835193
2835294
2835394
2835493
2835594
2835693
2835794
2835893
2835994
2836093
2836194
2836293
2836393
2836494
2836593
2836694
2836794
2836893
2836994
2837093
2837193
2837293
2837394
2837493
2837593
2837693
2837793
2837894
2837993
2838094
2838194
2838293
2838394
2838494
2838594
2838694
2838793
2838894
2838993
2839093
2839194
2839293
2839393
2839493
2839593
2839694
2839794
2839893
2839994
2840094
2840193
2840294
2840394
2840494
2840594
2840693
2840793
2840893
2840993
2841094
2841194
2841294
2841393
2841494
2841593
2841693
2841793
2841893
2841994
2842094
2842194
2842294
2842393
2842493
2842593
2842693
2842793
2842893
2842993
2843093
2843193
2843293
2843394
2843494
2843594
2843694
2843793
2843894
2843994
2844093
2844194
2844293
2844394
2844494
2844593
2844694
2844793
2844893
2844994
2845094
2845194
2845294
2845393
2845494
2845594
2845693
2845794
2845893
2845994
2846094
2846194
2846293
2846394
2846494
2846593
2846694
2846793
2846893
2846993
2847093
2847194
2847294
2847394
2847493
2847593
2847694
2847793
2847893
2847994
2848093
2848194
2848293
2848394
2848493
2848593
2848694
2848794
2848893
2848993
2849093
2849194
2849293
2849393
2849493
2849593
2849694
2849793
2849894
2849993
2850093
2850194
2850293
2850393
2850493
2850593
2850694
2850793
2850894
2850994
2851093
2851194
2851294
2851393
2851493
2851593
2851694
2851793
2851894
2851994
2852094
2852193
2852293
2852393
2852494
2852593
2852694
2852793
2852894
2852993
2853094
2853193
2853293
2853393
2853494
2853593
2853693
2853793
2853894
2853994
2854094
2854194
2854293
2854394
2854494
2854593
2854693
2854793
2854894
2854993
2855093
2855194
2855294
2855394
2855493
2855594
2855693
2855794
2855893
2855993
2856094
2856194
2856294
2856394
2856493
2856594
2856694
2856793
2856893
2856993
2857094
2857194
2857293
2857393
2857494
2857593
2857694
2857793
2857894
2857993
2858094
2858194
2858294
2858394
2858493
2858594
2858694
2858794
2858893
2858993
2859093
2859193
2859294
2859393
2859493
2859594
2859693
2859793
2859894
2859993
2860094
2860194
2860294
2860394
2860494
2860593
2860693
2860794
2860894
2860993
2861094
2861193
2861293
2861394
2861494
2861594
2861694
2861793
2861893
2861994
2862093
2862193
2862294
2862393
2862494
2862593
2862694
2862794
2862893
2862994
2863094
2863194
2863294
2863394
2863494
2863594
2863693
2863794
2863894
2863994
2864094
2864193
2864294
2864394
2864494
2864593
2864694
2864794
2864894
2864994
2865094
2865193
2865293
2865394
2865494
2865593
2865693
2865793
2865893
2865994
2866093
2866193
2866294
2866393
2866494
2866593
2866694
2866793
2866893
2866993
2867093
2867193
2867293
2867393
2867494
2867593
2867693
2867794
2867894
2867993
2868094
2868193
2868294
2868394
2868494
2868593
2868694
2868794
2868893
2868993
2869093
2869193
2869294
2869393
2869493
2869593
2869693
2869794
2869894
2869993
2870093
2870194
2870293
2870393
2870493
2870594
2870694
2870794
2870894
2870994
2871093
2871193
2871294
2871394
2871494
2871593
2871693
2871793
2871893
2871993
2872093
2872193
2872293
2872393
2872494
2872593
2872693
2872793
2872893
2872994
2873093
2873193
2873294
2873393
2873493
2873593
2873693
2873793
2873893
2873994
2874093
2874193
2874293
2874393
2874493
2874594
2874694
2874793
2874894
2874993
2875094
2875193
2875293
2875394
2875493
2875593
2875694
2875793
2875893
2875994
2876094
2876193
2876294
2876393
2876493
2876593
2876694
2876794
2876893
2876993
2877093
2877194
2877294
2877393
2877494
2877593
2877693
2877794
2877894
2877993
2878094
2878194
2878294
2878394
2878494
2878594
2878693
2878793
2878893
2878993
2879093
2879194
2879293
2879393
2879494
2879594
2879693
2879793
2879893
2879994
2880094
2880193
2880293
2880393
2880493
2880593
2880693
2880793
2880894
2880993
2881094
2881194
2881293
2881393
2881494
2881593
2881694
2881793
2881893
2881994
2882094
2882194
2882294
2882393
2882493
2882593
2882693
2882793
2882894
2882994
2883093
2883194
2883293
2883393
2883494
2883593
2883694
2883794
2883893
2883993
2884093
2884193
2884294
2884393
2884493
2884594
2884693
2884794
2884893
2884993
2885094
2885194
2885293
2885394
2885493
2885594
2885694
2885794
2885894
2885993
2886093
2886194
2886294
2886394
2886493
2886593
2886694
2886793
2886894
2886993
2887093
2887194
2887293
2887393
2887494
2887593
2887694
2887794
2887893
2887993
2888093
2888194
2888294
2888394
2888493
2888593
2888694
2888794
2888894
2888993
2889093
2889193
2889293
2889394
2889493
2889593
2889693
2889793
2889893
2889994
2890093
2890194
2890294
2890394
2890494
2890594
2890694
2890793
2890893
2890994
2891094
2891194
2891293
2891394
2891493
2891593
2891693
2891794
2891894
2891994
2892094
2892194
2892294
2892394
2892493
2892594
2892694
2892793
2892893
2892994
2893093
2893193
2893293
2893393
2893493
2893594
2893694
2893793
2893894
2893994
2894094
2894194
2894294
2894394
2894494
2894594
2894694
2894793
2894894
2894994
2895094
2895193
2895293
2895394
2895493
2895593
2895693
2895793
2895893
2895994
2896094
2896193
2896293
2896394
2896493
2896593
2896693
2896793
2896893
2896994
2897094
2897194
2897294
2897394
2897493
2897594
2897693
2897794
2897893
2897993
2898094
2898194
2898294
2898393
2898493
2898593
2898694
2898794
2898894
2898994
2899094
2899194
2899294
2899393
2899494
2899594
2899693
2899794
2899894
2899994
2900093
2900194
2900294
2900394
2900493
2900594
2900694
2900793
2900894
2900993
2901093
2901194
2901293
2901394
2901494
2901594
2901693
2901793
2901894
2901993
2902094
2902194
2902293
2902394
2902494
2902593
2902693
2902794
2902893
2902993
2903094
2903194
2903293
2903394
2903493
2903594
2903693
2903793
2903893
2903993
2904094
2904194
2904294
2904394
2904494
2904593
2904693
2904793
2904894
2904993
2905093
2905194
2905294
2905394
2905494
2905593
2905694
2905793
2905894
2905993
2906094
2906194
2906293
2906394
2906493
2906594
2906694
2906793
2906894
2906993
2907094
2907193
2907293
2907394
2907494
2907593
2907694
2907793
2907894
2907994
2908093
2908193
2908293
2908394
2908494
2908593
2908694
2908793
2908894
2908993
2909094
2909193
2909293
2909394
2909493
2909594
2909694
2909794
2909894
2909993
2910093
2910193
2910294
2910394
2910494
2910594
2910694
2910793
2910893
2910993
2911093
2911193
2911293
2911394
2911494
2911593
2911694
2911793
2911894
2911993
2912094
2912194
2912294
2912394
2912493
2912594
2912694
2912794
2912893
2912993
2913093
2913193
2913294
2913393
2913493
2913594
2913693
2913794
2913894
2913993
2914094
2914193
2914293
2914393
2914493
2914594
2914693
2914793
2914893
2914993
2915093
2915194
2915293
2915394
2915494
2915593
2915693
2915793
2915893
2915994
2916093
2916193
2916294
2916394
2916494
2916594
2916694
2916794
2916893
2916994
2917093
2917193
2917294
2917393
2917494
2917593
2917693
2917794
2917893
2917993
2918093
2918193
2918294
2918394
2918494
2918594
2918694
2918793
2918894
2918993
2919093
2919194
2919294
2919394
2919494
2919594
2919693
2919794
2919893
2919994
2920094
2920193
2920294
2920394
2920494
2920594
2920693
2920793
2920893
2920994
2921094
2921193
2921293
2921394
2921493
2921593
2921693
2921793
2921893
2921993
2922094
2922193
2922293
2922394
2922494
2922593
2922693
2922793
2922893
2922993
2923093
2923194
2923293
2923393
2923493
2923593
2923693
2923794
2923894
2923993
2924093
2924194
2924294
2924394
2924493
2924593
2924693
2924793
2924893
2924994
2925093
2925194
2925293
2925393
2925493
2925594
2925693
2925794
2925894
2925994
2926093
2926193
2926294
2926394
2926494
2926594
2926694
2926794
2926894
2926994
2927094
2927193
2927293
2927393
2927493
2927594
2927694
2927794
2927893
2927994
2928093
2928194
2928294
2928394
2928493
2928594
2928694
2928793
2928894
2928993
2929093
2929193
2929293
2929394
2929493
2929594
2929694
2929794
2929894
2929993
2930094
2930194
2930294
2930394
2930494
2930593
2930693
2930794
2930893
2930994
2931093
2931193
2931294
2931393
2931494
2931593
2931693
2931794
2931893
2931993
2932094
2932193
2932293
2932393
2932493
2932593
2932694
2932794
2932893
2932993
2933093
2933194
2933294
2933393
2933494
2933594
2933693
2933793
2933893
2933994
2934093
2934193
2934294
2934393
2934494
2934594
2934693
2934793
2934894
2934993
2935093
2935194
2935294
2935394
2935494
2935593
2935693
2935794
2935893
2935993
2936094
2936194
2936294
2936394
2936494
2936593
2936693
2936794
2936894
2936994
2937093
2937193
2937294
2937394
2937493
2937593
2937693
2937793
2937894
2937994
2938093
2938193
2938294
2938393
2938494
2938593
2938694
2938793
2938894
2938993
2939093
2939194
2939294
2939393
2939493
2939593
2939693
2939794
2939894
2939994
2940094
2940193
2940293
2940394
2940493
2940593
2940693
2940793
2940893
2940994
2941094
2941193
2941293
2941394
2941494
2941593
2941693
2941793
2941894
2941993
2942094
2942193
2942293
2942393
2942493
2942593
2942694
2942794
2942894
2942993
2943093
2943193
2943294
2943393
2943493
2943593
2943694
2943793
2943893
2943993
2944094
2944193
2944293
2944393
2944494
2944593
2944693
2944793
2944894
2944993
2945094
2945193
2945294
2945393
2945493
2945593
2945694
2945793
2945894
2945994
2946093
2946193
2946293
2946394
2946494
2946594
2946693
2946793
2946893
2946993
2947094
2947193
2947293
2947393
2947494
2947593
2947693
2947794
2947893
2947993
2948093
2948194
2948294
2948394
2948494
2948593
2948693
2948794
2948893
2948993
2949093
2949194
2949294
2949393
2949494
2949594
2949693
2949794
2949893
2949994
2950093
2950193
2950294
2950394
2950493
2950593
2950694
2950793
2950893
2950993
2951093
2951193
2951294
2951394
2951494
2951594
2951694
2951794
2951893
2951994
2952094
2952193
2952294
2952393
2952494
2952594
2952694
2952793
2952894
2952993
2953094
2953194
2953293
2953393
2953494
2953594
2953693
2953793
2953894
2953993
2954094
2954194
2954294
2954393
2954494
2954594
2954693
2954793
2954893
2954994
2955093
2955194
2955293
2955393
2955493
2955594
2955694
2955793
2955893
2955993
2956093
2956194
2956294
2956394
2956494
2956593
2956694
2956793
2956893
2956994
2957094
2957193
2957293
2957394
2957493
2957593
2957693
2957794
2957894
2957993
2958093
2958194
2958294
2958394
2958494
2958594
2958693
2958793
2958894
2958993
2959094
2959193
2959293
2959394
2959493
2959593
2959693
2959794
2959893
2959994
2960094
2960193
2960293
2960393
2960493
2960593
2960694
2960794
2960893
2960994
2961094
2961193
2961293
2961394
2961493
2961593
2961693
2961793
2961894
2961994
2962093
2962193
2962293
2962394
2962494
2962593
2962694
2962794
2962893
2962994
2963094
2963194
2963293
2963393
2963494
2963594
2963694
2963793
2963894
2963994
2964094
2964194
2964294
2964393
2964494
2964593
2964694
2964794
2964893
2964993
2965093
2965194
2965294
2965394
2965494
2965594
2965694
2965794
2965894
2965994
2966094
2966193
2966293
2966394
2966494
2966593
2966693
2966794
2966894
2966993
2967094
2967193
2967294
2967393
2967493
2967593
2967693
2967794
2967894
2967993
2968093
2968194
2968293
2968394
2968493
2968593
2968693
2968794
2968893
2968994
2969093
2969194
2969293
2969393
2969493
2969594
2969693
2969794
2969893
2969993
2970094
2970193
2970294
2970393
2970493
2970594
2970693
2970793
2970893
2970993
2971094
2971194
2971293
2971394
2971493
2971594
2971693
2971793
2971894
2971994
2972094
2972193
2972293
2972393
2972493
2972593
2972694
2972794
2972893
2972994
2973093
2973193
2973294
2973394
2973493
2973593
2973694
2973794
2973894
2973994
2974093
2974193
2974293
2974394
2974494
2974594
2974693
2974793
2974893
2974994
2975094
2975193
2975294
2975393
2975494
2975594
2975693
2975793
2975893
2975993
2976094
2976193
2976293
2976393
2976494
2976593
2976694
2976794
2976894
2976993
2977093
2977194
2977294
2977394
2977494
2977593
2977694
2977794
2977894
2977993
2978094
2978194
2978294
2978393
2978494
2978594
2978694
2978793
2978893
2978994
2979093
2979193
2979294
2979394
2979493
2979593
2979694
2979793
2979894
2979994
2980093
2980193
2980294
2980394
2980493
2980594
2980693
2980793
2980894
2980993
2981094
2981193
2981293
2981393
2981494
2981593
2981694
2981794
2981893
2981993
2982093
2982193
2982294
2982394
2982494
2982593
2982693
2982793
2982893
2982994
2983094
2983194
2983294
2983394
2983494
2983593
2983694
2983794
2983893
2983994
2984093
2984193
2984293
2984394
2984493
2984593
2984694
2984793
2984893
2984994
2985093
2985194
2985293
2985394
2985493
2985593
2985694
2985793
2985894
2985993
2986094
2986194
2986294
2986394
2986493
2986594
2986693
2986794
2986893
2986994
2987093
2987193
2987294
2987393
2987493
2987593
2987693
2987794
2987893
2987994
2988094
2988194
2988293
2988394
2988493
2988593
2988693
2988794
2988894
2988994
2989094
2989194
2989293
2989394
2989494
2989594
2989694
2989793
2989893
2989993
2990094
2990194
2990293
2990394
2990493
2990593
2990693
2990794
2990894
2990994
2991093
2991194
2991293
2991393
2991494
2991594
2991694
2991794
2991893
2991993
2992094
2992193
2992293
2992393
2992493
2992593
2992693
2992793
2992894
2992994
2993094
2993194
2993293
2993394
2993494
2993593
2993694
2993794
2993893
2993993
2994094
2994194
2994293
2994394
2994493
2994594
2994693
2994793
2994894
2994993
2995093
2995193
2995294
2995393
2995493
2995594
2995694
2995793
2995894
2995994
2996094
2996193
2996294
2996393
2996493
2996593
2996693
2996794
2996893
2996994
2997093
2997193
2997293
2997394
2997494
2997594
2997694
2997794
2997893
2997994
2998093
2998194
2998294
2998393
2998493
2998593
2998694
2998793
2998893
2998993
2999094
2999194
2999294
2999394
2999493
2999593
2999694
2999793
2999893
2999994
3000093
3000194
3000294
3000393
3000493
3000593
3000693
3000793
3000894
3000994
3001094
3001193
3001294
3001393
3001493
3001593
3001694
3001794
3001894
3001993
3002093
3002194
3002294
3002394
3002494
3002594
3002694
3002794
3002894
3002993
3003093
3003193
3003294
3003394
3003493
3003593
3003694
3003794
3003894
3003993
3004093
3004194
3004293
3004393
3004494
3004593
3004694
3004793
3004894
3004994
3005094
3005194
3005293
3005393
3005494
3005594
3005693
3005794
3005894
3005993
3006093
3006193
3006294
3006394
3006493
3006594
3006694
3006793
3006893
3006993
3007094
3007194
3007294
3007394
3007493
3007593
3007694
3007793
3007893
3007993
3008093
3008193
3008294
3008393
3008493
3008593
3008693
3008793
3008893
3008993
3009094
3009193
3009294
3009394
3009493
3009594
3009693
3009794
3009893
3009994
3010093
3010194
3010293
3010393
3010493
3010594
3010693
3010793
3010893
3010994
3011093
3011194
3011294
3011393
3011493
3011593
3011693
3011794
3011893
3011993
3012094
3012194
3012294
3012393
3012493
3012593
3012693
3012794
3012893
3012994
3013094
3013194
3013293
3013394
3013493
3013594
3013693
3013794
3013893
3013994
3014093
3014193
3014294
3014394
3014493
3014593
3014693
3014794
3014894
3014994
3015094
3015194
3015294
3015394
3015494
3015594
3015694
3015794
3015893
3015994
3016093
3016193
3016293
3016394
3016493
3016594
3016693
3016793
3016893
3016993
3017093
3017193
3017293
3017394
3017494
3017593
3017694
3017793
3017894
3017994
3018094
3018194
3018293
3018393
3018493
3018593
3018693
3018793
3018894
3018994
3019093
3019194
3019294
3019394
3019493
3019593
3019694
3019793
3019894
3019994
3020093
3020194
3020294
3020394
3020493
3020593
3020693
3020794
3020894
3020994
3021093
3021194
3021294
3021393
3021493
3021594
3021694
3021794
3021893
3021993
3022094
3022193
3022293
3022393
3022493
3022594
3022694
3022793
3022893
3022993
3023093
3023194
3023294
3023393
3023493
3023594
3023694
3023793
3023894
3023994
3024093
3024194
3024293
3024393
3024494
3024593
3024694
3024793
3024894
3024993
3025094
3025193
3025293
3025394
3025493
3025593
3025694
3025794
3025893
3025994
3026094
3026194
3026293
3026394
3026494
3026594
3026693
3026793
3026893
3026993
3027094
3027193
3027294
3027393
3027494
3027594
3027694
3027793
3027893
3027994
3028094
3028194
3028293
3028394
3028493
3028593
3028694
3028794
3028893
3028994
3029094
3029194
3029293
3029394
3029494
3029594
3029693
3029793
3029893
3029994
3030093
3030193
3030294
3030393
3030493
3030593
3030693
3030794
3030893
3030993
3031094
3031194
3031294
3031394
3031493
3031593
3031693
3031793
3031893
3031993
3032094
3032193
3032293
3032393
3032493
3032594
3032693
3032794
3032894
3032993
3033094
3033194
3033294
3033393
3033494
3033593
3033693
3033794
3033894
3033994
3034094
3034193
3034294
3034394
3034493
3034593
3034694
3034793
3034893
3034993
3035094
3035194
3035293
3035394
3035493
3035593
3035694
