(2022, 32, 650152864)
(2022, 32, 650155367)
(2022, 32, 650157865)
(2022, 32, 650160368)
(2022, 32, 650162864)
(2022, 32, 650165367)
(2022, 32, 650167865)
(2022, 32, 650170366)
(2022, 32, 650172866)
(2022, 32, 650175370)
(2022, 32, 650177868)
(2022, 32, 650180365)
(2022, 32, 650182866)
(2022, 32, 650185364)
(2022, 32, 650187866)
(2022, 32, 650190367)
(2022, 32, 650192865)
(2022, 32, 650195372)
(2022, 32, 650197911)
(2022, 32, 650200414)
(2022, 32, 650202909)
(2022, 32, 650205412)
(2022, 32, 650207909)
(2022, 32, 650210413)
(2022, 32, 650212910)
(2022, 32, 650215413)
(2022, 32, 650217910)
(2022, 32, 650220409)
(2022, 32, 650222913)
(2022, 32, 650225413)
(2022, 32, 650227912)
(2022, 32, 650230412)
(2022, 32, 650232914)
(2022, 32, 650235409)
(2022, 32, 650237916)
(2022, 32, 650240412)
(2022, 32, 650242912)
(2022, 32, 650245414)
(2022, 32, 650247910)
(2022, 32, 650250414)
(2022, 32, 650252910)
(2022, 32, 650255411)
(2022, 32, 650257988)
(2022, 32, 650260487)
(2022, 32, 650262989)
(2022, 32, 650265487)
(2022, 32, 650267992)
(2022, 32, 650270490)
(2022, 32, 650272990)
(2022, 32, 650275489)
(2022, 32, 650277987)
(2022, 32, 650280490)
(2022, 32, 650282992)
(2022, 32, 650285485)
(2022, 32, 650287991)
(2022, 32, 650290488)
(2022, 32, 650292988)
(2022, 32, 650295488)
(2022, 32, 650297987)
(2022, 32, 650300488)
(2022, 32, 650302989)
(2022, 32, 650305487)
(2022, 32, 650307987)
(2022, 32, 650310489)
(2022, 32, 650312989)
(2022, 32, 650315489)
(2022, 32, 650318031)
(2022, 32, 650320531)
(2022, 32, 650323029)
(2022, 32, 650325529)
(2022, 32, 650328031)
(2022, 32, 650330534)
(2022, 32, 650333030)
(2022, 32, 650335530)
(2022, 32, 650338030)
(2022, 32, 650340532)
(2022, 32, 650343030)
(2022, 32, 650345531)
(2022, 32, 650348035)
(2022, 32, 650350530)
(2022, 32, 650353031)
(2022, 32, 650355530)
(2022, 32, 650358032)
(2022, 32, 650360530)
(2022, 32, 650363029)
(2022, 32, 650365533)
(2022, 32, 650368029)
(2022, 32, 650370536)
(2022, 32, 650373034)
(2022, 32, 650375529)
(2022, 32, 650378079)
(2022, 32, 650380579)
(2022, 32, 650383078)
(2022, 32, 650385577)
(2022, 32, 650388077)
(2022, 32, 650390577)
(2022, 32, 650393078)
(2022, 32, 650395581)
(2022, 32, 650398079)
(2022, 32, 650400581)
(2022, 32, 650403082)
(2022, 32, 650405582)
(2022, 32, 650408080)
(2022, 32, 650410578)
(2022, 32, 650413079)
(2022, 32, 650415580)
(2022, 32, 650418082)
(2022, 32, 650420580)
(2022, 32, 650423079)
(2022, 32, 650425576)
(2022, 32, 650428078)
(2022, 32, 650430583)
(2022, 32, 650433078)
(2022, 32, 650435581)
(2022, 32, 650438127)
(2022, 32, 650440630)
(2022, 32, 650443131)
(2022, 32, 650445626)
(2022, 32, 650448127)
(2022, 32, 650450628)
(2022, 32, 650453128)
(2022, 32, 650455627)
(2022, 32, 650458127)
(2022, 32, 650460626)
(2022, 32, 650463125)
(2022, 32, 650465631)
(2022, 32, 650468127)
(2022, 32, 650470630)
(2022, 32, 650473126)
(2022, 32, 650475629)
(2022, 32, 650478130)
(2022, 32, 650480628)
(2022, 32, 650483129)
(2022, 32, 650485627)
(2022, 32, 650488126)
(2022, 32, 650490627)
(2022, 32, 650493126)
(2022, 32, 650495628)
(2022, 32, 650498174)
(2022, 32, 650500675)
(2022, 32, 650503174)
(2022, 32, 650505672)
(2022, 32, 650508173)
(2022, 32, 650510671)
(2022, 32, 650513171)
(2022, 32, 650515672)
(2022, 32, 650518172)
(2022, 32, 650520676)
(2022, 32, 650523173)
(2022, 32, 650525672)
(2022, 32, 650528171)
(2022, 32, 650530674)
(2022, 32, 650533172)
(2022, 32, 650535673)
(2022, 32, 650538172)
(2022, 32, 650540673)
(2022, 32, 650543174)
(2022, 32, 650545671)
(2022, 32, 650548173)
(2022, 32, 650550673)
(2022, 32, 650553172)
(2022, 32, 650555672)
(2022, 32, 650558221)
(2022, 32, 650560719)
(2022, 32, 650563227)
(2022, 32, 650565717)
(2022, 32, 650568222)
(2022, 32, 650570721)
(2022, 32, 650573219)
(2022, 32, 650575717)
(2022, 32, 650578220)
(2022, 32, 650580718)
(2022, 32, 650583219)
(2022, 32, 650585719)
(2022, 32, 650588216)
(2022, 32, 650590723)
(2022, 32, 650593218)
(2022, 32, 650595719)
(2022, 32, 650598220)
(2022, 32, 650600719)
(2022, 32, 650603216)
(2022, 32, 650605718)
(2022, 32, 650608219)
(2022, 32, 650610721)
(2022, 32, 650613217)
(2022, 32, 650615717)
(2022, 32, 650618258)
(2022, 32, 650620760)
(2022, 32, 650623260)
(2022, 32, 650625762)
(2022, 32, 650628259)
(2022, 32, 650630766)
(2022, 32, 650633263)
(2022, 32, 650635759)
(2022, 32, 650638261)
(2022, 32, 650640762)
(2022, 32, 650643261)
(2022, 32, 650645758)
(2022, 32, 650648260)
(2022, 32, 650650762)
(2022, 32, 650653263)
(2022, 32, 650655763)
(2022, 32, 650658259)
(2022, 32, 650660760)
(2022, 32, 650663262)
(2022, 32, 650665764)
(2022, 32, 650668258)
(2022, 32, 650670764)
(2022, 32, 650673263)
(2022, 32, 650675759)
(2022, 32, 650678309)
(2022, 32, 650680808)
(2022, 32, 650683308)
(2022, 32, 650685807)
(2022, 32, 650688309)
(2022, 32, 650690810)
(2022, 32, 650693310)
(2022, 32, 650695806)
(2022, 32, 650698308)
(2022, 32, 650700806)
(2022, 32, 650703316)
(2022, 32, 650705806)
(2022, 32, 650708306)
(2022, 32, 650710807)
(2022, 32, 650713311)
(2022, 32, 650715806)
(2022, 32, 650718307)
(2022, 32, 650720807)
(2022, 32, 650723309)
(2022, 32, 650725808)
(2022, 32, 650728309)
(2022, 32, 650730810)
(2022, 32, 650733312)
(2022, 32, 650735810)
(2022, 32, 650738360)
(2022, 32, 650740855)
(2022, 32, 650743355)
(2022, 32, 650745854)
(2022, 32, 650748355)
(2022, 32, 650750854)
(2022, 32, 650753358)
(2022, 32, 650755856)
(2022, 32, 650758356)
(2022, 32, 650760854)
(2022, 32, 650763355)
(2022, 32, 650765855)
(2022, 32, 650768354)
(2022, 32, 650770855)
(2022, 32, 650773356)
(2022, 32, 650775860)
(2022, 32, 650778354)
(2022, 32, 650780857)
(2022, 32, 650783355)
(2022, 32, 650785853)
(2022, 32, 650788354)
(2022, 32, 650790853)
(2022, 32, 650793354)
(2022, 32, 650795856)
(2022, 32, 650798399)
(2022, 32, 650800902)
(2022, 32, 650803398)
(2022, 32, 650805900)
(2022, 32, 650808403)
(2022, 32, 650810898)
(2022, 32, 650813399)
(2022, 32, 650815901)
(2022, 32, 650818400)
(2022, 32, 650820900)
(2022, 32, 650823402)
(2022, 32, 650825903)
(2022, 32, 650828402)
(2022, 32, 650830899)
(2022, 32, 650833401)
(2022, 32, 650835900)
(2022, 32, 650838399)
(2022, 32, 650840899)
(2022, 32, 650843399)
(2022, 32, 650845905)
(2022, 32, 650848401)
(2022, 32, 650850903)
(2022, 32, 650853401)
(2022, 32, 650855901)
(2022, 32, 650858447)
(2022, 32, 650860944)
(2022, 32, 650863442)
(2022, 32, 650865956)
(2022, 32, 650868443)
(2022, 32, 650870947)
(2022, 32, 650873448)
(2022, 32, 650875943)
(2022, 32, 650878454)
(2022, 32, 650880943)
(2022, 32, 650883447)
(2022, 32, 650885943)
(2022, 32, 650888453)
(2022, 32, 650890943)
(2022, 32, 650893442)
(2022, 32, 650895944)
(2022, 32, 650898442)
(2022, 32, 650900941)
(2022, 32, 650903446)
(2022, 32, 650905947)
(2022, 32, 650908445)
(2022, 32, 650910945)
(2022, 32, 650913443)
(2022, 32, 650915942)
(2022, 32, 650918490)
(2022, 32, 650920985)
(2022, 32, 650923487)
(2022, 32, 650925985)
(2022, 32, 650928488)
(2022, 32, 650930986)
(2022, 32, 650933487)
(2022, 32, 650935987)
(2022, 32, 650938491)
(2022, 32, 650940987)
(2022, 32, 650943491)
(2022, 32, 650945988)
(2022, 32, 650948486)
(2022, 32, 650950986)
(2022, 32, 650953484)
(2022, 32, 650955988)
(2022, 32, 650958486)
(2022, 32, 650960985)
(2022, 32, 650963489)
(2022, 32, 650965989)
(2022, 32, 650968487)
(2022, 32, 650970987)
(2022, 32, 650973485)
(2022, 32, 650975987)
(2022, 32, 650978531)
(2022, 32, 650981037)
(2022, 32, 650983531)
(2022, 32, 650986030)
(2022, 32, 650988529)
(2022, 32, 650991030)
(2022, 32, 650993532)
(2022, 32, 650996028)
(2022, 32, 650998530)
(2022, 32, 651001034)
(2022, 32, 651003530)
(2022, 32, 651006028)
(2022, 32, 651008528)
(2022, 32, 651011033)
(2022, 32, 651013529)
(2022, 32, 651016032)
(2022, 32, 651018530)
(2022, 32, 651021030)
(2022, 32, 651023529)
(2022, 32, 651026030)
(2022, 32, 651028530)
(2022, 32, 651031033)
(2022, 32, 651033528)
(2022, 32, 651036032)
(2022, 32, 651038576)
(2022, 32, 651041078)
(2022, 32, 651043578)
(2022, 32, 651046077)
(2022, 32, 651048576)
(2022, 32, 651051077)
(2022, 32, 651053577)
(2022, 32, 651056078)
(2022, 32, 651058575)
(2022, 32, 651061074)
(2022, 32, 651063575)
(2022, 32, 651066078)
(2022, 32, 651068576)
(2022, 32, 651071076)
(2022, 32, 651073576)
(2022, 32, 651076077)
(2022, 32, 651078575)
(2022, 32, 651081076)
(2022, 32, 651083579)
(2022, 32, 651086077)
(2022, 32, 651088577)
(2022, 32, 651091078)
(2022, 32, 651093575)
(2022, 32, 651096077)
(2022, 32, 651098626)
(2022, 32, 651101117)
(2022, 32, 651103619)
(2022, 32, 651106121)
(2022, 32, 651108625)
(2022, 32, 651111122)
(2022, 32, 651113619)
(2022, 32, 651116123)
(2022, 32, 651118618)
(2022, 32, 651121122)
(2022, 32, 651123620)
(2022, 32, 651126118)
(2022, 32, 651128622)
(2022, 32, 651131121)
(2022, 32, 651133622)
(2022, 32, 651136120)
(2022, 32, 651138620)
(2022, 32, 651141122)
(2022, 32, 651143622)
(2022, 32, 651146119)
(2022, 32, 651148623)
(2022, 32, 651151122)
(2022, 32, 651153621)
(2022, 32, 651156119)
(2022, 32, 651158663)
(2022, 32, 651161163)
(2022, 32, 651163661)
(2022, 32, 651166163)
(2022, 32, 651168664)
(2022, 32, 651171163)
(2022, 32, 651173666)
(2022, 32, 651176168)
(2022, 32, 651178662)
(2022, 32, 651181166)
(2022, 32, 651183665)
(2022, 32, 651186161)
(2022, 32, 651188664)
(2022, 32, 651191162)
(2022, 32, 651193666)
(2022, 32, 651196164)
(2022, 32, 651198664)
(2022, 32, 651201166)
(2022, 32, 651203661)
(2022, 32, 651206163)
(2022, 32, 651208662)
(2022, 32, 651211162)
(2022, 32, 651213662)
(2022, 32, 651216162)
(2022, 32, 651218708)
(2022, 32, 651221209)
(2022, 32, 651223705)
(2022, 32, 651226209)
(2022, 32, 651228708)
(2022, 32, 651231209)
(2022, 32, 651233710)
(2022, 32, 651236207)
(2022, 32, 651238708)
(2022, 32, 651241212)
(2022, 32, 651243708)
(2022, 32, 651246212)
(2022, 32, 651248708)
(2022, 32, 651251209)
(2022, 32, 651253711)
(2022, 32, 651256212)
(2022, 32, 651258711)
(2022, 32, 651261213)
(2022, 32, 651263709)
(2022, 32, 651266207)
(2022, 32, 651268710)
(2022, 32, 651271210)
(2022, 32, 651273708)
(2022, 32, 651276210)
(2022, 32, 651278754)
(2022, 32, 651281252)
(2022, 32, 651283752)
(2022, 32, 651286250)
(2022, 32, 651288748)
(2022, 32, 651291251)
(2022, 32, 651293749)
(2022, 32, 651296253)
(2022, 32, 651298755)
(2022, 32, 651301255)
(2022, 32, 651303752)
(2022, 32, 651306250)
(2022, 32, 651308753)
(2022, 32, 651311249)
(2022, 32, 651313750)
(2022, 32, 651316252)
(2022, 32, 651318755)
(2022, 32, 651321254)
(2022, 32, 651323750)
(2022, 32, 651326250)
(2022, 32, 651328749)
(2022, 32, 651331249)
(2022, 32, 651333753)
(2022, 32, 651336249)
(2022, 32, 651338795)
(2022, 32, 651341299)
(2022, 32, 651343798)
(2022, 32, 651346297)
(2022, 32, 651348801)
(2022, 32, 651351297)
(2022, 32, 651353800)
(2022, 32, 651356297)
(2022, 32, 651358800)
(2022, 32, 651361298)
(2022, 32, 651363794)
(2022, 32, 651366297)
(2022, 32, 651368795)
(2022, 32, 651371295)
(2022, 32, 651373795)
(2022, 32, 651376296)
(2022, 32, 651378796)
(2022, 32, 651381295)
(2022, 32, 651383799)
(2022, 32, 651386295)
(2022, 32, 651388799)
(2022, 32, 651391296)
(2022, 32, 651393796)
(2022, 32, 651396297)
(2022, 32, 651398841)
(2022, 32, 651401344)
(2022, 32, 651403840)
(2022, 32, 651406341)
(2022, 32, 651408843)
(2022, 32, 651411344)
(2022, 32, 651413839)
(2022, 32, 651416341)
(2022, 32, 651418840)
(2022, 32, 651421341)
(2022, 32, 651423843)
(2022, 32, 651426341)
(2022, 32, 651428842)
(2022, 32, 651431342)
(2022, 32, 651433842)
(2022, 32, 651436344)
(2022, 32, 651438843)
(2022, 32, 651441342)
(2022, 32, 651443843)
(2022, 32, 651446341)
(2022, 32, 651448844)
(2022, 32, 651451344)
(2022, 32, 651453840)
(2022, 32, 651456342)
(2022, 32, 651458886)
(2022, 32, 651461384)
(2022, 32, 651463884)
(2022, 32, 651466384)
(2022, 32, 651468884)
(2022, 32, 651471385)
(2022, 32, 651473885)
(2022, 32, 651476384)
(2022, 32, 651478885)
(2022, 32, 651481386)
(2022, 32, 651483883)
(2022, 32, 651486384)
(2022, 32, 651488885)
(2022, 32, 651491384)
(2022, 32, 651493886)
(2022, 32, 651496386)
(2022, 32, 651498884)
(2022, 32, 651501383)
(2022, 32, 651503885)
(2022, 32, 651506387)
(2022, 32, 651508883)
(2022, 32, 651511383)
(2022, 32, 651513883)
(2022, 32, 651516383)
(2022, 32, 651518931)
(2022, 32, 651521432)
(2022, 32, 651523932)
(2022, 32, 651526429)
(2022, 32, 651528927)
(2022, 32, 651531427)
(2022, 32, 651533929)
(2022, 32, 651536429)
(2022, 32, 651538931)
(2022, 32, 651541430)
(2022, 32, 651543928)
(2022, 32, 651546430)
(2022, 32, 651548928)
(2022, 32, 651551430)
(2022, 32, 651553930)
(2022, 32, 651556429)
(2022, 32, 651558931)
(2022, 32, 651561429)
(2022, 32, 651563929)
(2022, 32, 651566427)
(2022, 32, 651568928)
(2022, 32, 651571428)
(2022, 32, 651573927)
(2022, 32, 651576433)
(2022, 32, 651578973)
(2022, 32, 651581476)
(2022, 32, 651583972)
(2022, 32, 651586474)
(2022, 32, 651588975)
(2022, 32, 651591473)
(2022, 32, 651593975)
(2022, 32, 651596473)
(2022, 32, 651598973)
(2022, 32, 651601475)
(2022, 32, 651603975)
(2022, 32, 651606473)
(2022, 32, 651608974)
(2022, 32, 651611475)
(2022, 32, 651613974)
(2022, 32, 651616477)
(2022, 32, 651618973)
(2022, 32, 651621476)
(2022, 32, 651623971)
(2022, 32, 651626474)
(2022, 32, 651628974)
(2022, 32, 651631472)
(2022, 32, 651633975)
(2022, 32, 651636475)
(2022, 32, 651639017)
(2022, 32, 651641518)
(2022, 32, 651644019)
(2022, 32, 651646521)
(2022, 32, 651649019)
(2022, 32, 651651519)
(2022, 32, 651654016)
(2022, 32, 651656521)
(2022, 32, 651659022)
(2022, 32, 651661519)
(2022, 32, 651664018)
(2022, 32, 651666519)
(2022, 32, 651669017)
(2022, 32, 651671520)
(2022, 32, 651674018)
(2022, 32, 651676516)
(2022, 32, 651679017)
(2022, 32, 651681516)
(2022, 32, 651684019)
(2022, 32, 651686518)
(2022, 32, 651689018)
(2022, 32, 651691519)
(2022, 32, 651694019)
(2022, 32, 651696517)
(2022, 32, 651699062)
(2022, 32, 651701565)
(2022, 32, 651704062)
(2022, 32, 651706569)
(2022, 32, 651709063)
(2022, 32, 651711567)
(2022, 32, 651714070)
(2022, 32, 651716564)
(2022, 32, 651719069)
(2022, 32, 651721566)
(2022, 32, 651724062)
(2022, 32, 651726564)
(2022, 32, 651729063)
(2022, 32, 651731565)
(2022, 32, 651734068)
(2022, 32, 651736568)
(2022, 32, 651739063)
(2022, 32, 651741566)
(2022, 32, 651744066)
(2022, 32, 651746566)
(2022, 32, 651749066)
(2022, 32, 651751563)
(2022, 32, 651754064)
(2022, 32, 651756566)
(2022, 32, 651759113)
(2022, 32, 651761612)
(2022, 32, 651764115)
(2022, 32, 651766611)
(2022, 32, 651769114)
(2022, 32, 651771613)
(2022, 32, 651774112)
(2022, 32, 651776612)
(2022, 32, 651779110)
(2022, 32, 651781611)
(2022, 32, 651784110)
(2022, 32, 651786616)
(2022, 32, 651789114)
(2022, 32, 651791612)
(2022, 32, 651794111)
(2022, 32, 651796610)
(2022, 32, 651799112)
(2022, 32, 651801612)
(2022, 32, 651804115)
(2022, 32, 651806611)
(2022, 32, 651809116)
(2022, 32, 651811614)
(2022, 32, 651814111)
(2022, 32, 651816610)
(2022, 32, 651819157)
(2022, 32, 651821657)
(2022, 32, 651824161)
(2022, 32, 651826660)
(2022, 32, 651829155)
(2022, 32, 651831655)
(2022, 32, 651834158)
(2022, 32, 651836654)
(2022, 32, 651839155)
(2022, 32, 651841654)
(2022, 32, 651844157)
(2022, 32, 651846659)
(2022, 32, 651849160)
(2022, 32, 651851655)
(2022, 32, 651854159)
(2022, 32, 651856656)
(2022, 32, 651859160)
(2022, 32, 651861657)
(2022, 32, 651864157)
(2022, 32, 651866654)
(2022, 32, 651869154)
(2022, 32, 651871654)
(2022, 32, 651874154)
(2022, 32, 651876656)
(2022, 32, 651879200)
(2022, 32, 651881703)
(2022, 32, 651884201)
(2022, 32, 651886698)
(2022, 32, 651889199)
(2022, 32, 651891699)
(2022, 32, 651894201)
(2022, 32, 651896698)
(2022, 32, 651899198)
(2022, 32, 651901702)
(2022, 32, 651904200)
(2022, 32, 651906701)
(2022, 32, 651909200)
(2022, 32, 651911702)
(2022, 32, 651914201)
(2022, 32, 651916701)
(2022, 32, 651919201)
(2022, 32, 651921698)
(2022, 32, 651924200)
(2022, 32, 651926698)
(2022, 32, 651929199)
(2022, 32, 651931705)
(2022, 32, 651934202)
(2022, 32, 651936701)
(2022, 32, 651939240)
(2022, 32, 651941744)
(2022, 32, 651944243)
(2022, 32, 651946744)
(2022, 32, 651949246)
(2022, 32, 651951745)
(2022, 32, 651954242)
(2022, 32, 651956745)
(2022, 32, 651959245)
(2022, 32, 651961746)
(2022, 32, 651964245)
(2022, 32, 651966742)
(2022, 32, 651969240)
(2022, 32, 651971741)
(2022, 32, 651974243)
(2022, 32, 651976740)
(2022, 32, 651979239)
(2022, 32, 651981744)
(2022, 32, 651984243)
(2022, 32, 651986739)
(2022, 32, 651989243)
(2022, 32, 651991743)
(2022, 32, 651994243)
(2022, 32, 651996741)
(2022, 32, 651999287)
(2022, 32, 652001784)
(2022, 32, 652004285)
(2022, 32, 652006785)
(2022, 32, 652009285)
(2022, 32, 652011785)
(2022, 32, 652014286)
(2022, 32, 652016785)
(2022, 32, 652019286)
(2022, 32, 652021786)
(2022, 32, 652024285)
(2022, 32, 652026786)
(2022, 32, 652029284)
(2022, 32, 652031785)
(2022, 32, 652034284)
(2022, 32, 652036785)
(2022, 32, 652039288)
(2022, 32, 652041784)
(2022, 32, 652044289)
(2022, 32, 652046788)
(2022, 32, 652049286)
(2022, 32, 652051785)
(2022, 32, 652054290)
(2022, 32, 652056784)
(2022, 32, 652059340)
(2022, 32, 652061827)
(2022, 32, 652064330)
(2022, 32, 652066827)
(2022, 32, 652069329)
(2022, 32, 652071829)
(2022, 32, 652074331)
(2022, 32, 652076828)
(2022, 32, 652079335)
(2022, 32, 652081828)
(2022, 32, 652084332)
(2022, 32, 652086827)
(2022, 32, 652089334)
(2022, 32, 652091830)
(2022, 32, 652094337)
(2022, 32, 652096829)
(2022, 32, 652099329)
(2022, 32, 652101828)
(2022, 32, 652104332)
(2022, 32, 652106830)
(2022, 32, 652109330)
(2022, 32, 652111830)
(2022, 32, 652114327)
(2022, 32, 652116829)
(2022, 32, 652119375)
(2022, 32, 652121876)
(2022, 32, 652124377)
(2022, 32, 652126873)
(2022, 32, 652129374)
(2022, 32, 652131871)
(2022, 32, 652134372)
(2022, 32, 652136872)
(2022, 32, 652139375)
(2022, 32, 652141872)
(2022, 32, 652144372)
(2022, 32, 652146876)
(2022, 32, 652149375)
(2022, 32, 652151873)
(2022, 32, 652154371)
(2022, 32, 652156872)
(2022, 32, 652159374)
(2022, 32, 652161875)
(2022, 32, 652164373)
(2022, 32, 652166872)
(2022, 32, 652169373)
(2022, 32, 652171871)
(2022, 32, 652174373)
(2022, 32, 652176873)
(2022, 32, 652179421)
(2022, 32, 652181918)
(2022, 32, 652184419)
(2022, 32, 652186919)
(2022, 32, 652189420)
(2022, 32, 652191924)
(2022, 32, 652194419)
(2022, 32, 652196920)
(2022, 32, 652199419)
(2022, 32, 652201918)
(2022, 32, 652204422)
(2022, 32, 652206920)
(2022, 32, 652209422)
(2022, 32, 652211919)
(2022, 32, 652214425)
(2022, 32, 652216921)
(2022, 32, 652219420)
(2022, 32, 652221919)
(2022, 32, 652224418)
(2022, 32, 652226920)
(2022, 32, 652229418)
(2022, 32, 652231919)
(2022, 32, 652234420)
(2022, 32, 652236922)
(2022, 32, 652239465)
(2022, 32, 652241963)
(2022, 32, 652244468)
(2022, 32, 652246968)
(2022, 32, 652249467)
(2022, 32, 652251968)
(2022, 32, 652254463)
(2022, 32, 652256965)
(2022, 32, 652259467)
(2022, 32, 652261967)
(2022, 32, 652264468)
(2022, 32, 652266964)
(2022, 32, 652269467)
(2022, 32, 652271966)
(2022, 32, 652274465)
(2022, 32, 652276965)
(2022, 32, 652279464)
(2022, 32, 652281963)
(2022, 32, 652284467)
(2022, 32, 652286964)
(2022, 32, 652289464)
(2022, 32, 652291963)
(2022, 32, 652294464)
(2022, 32, 652296963)
(2022, 32, 652299507)
(2022, 32, 652302008)
(2022, 32, 652304507)
(2022, 32, 652307012)
(2022, 32, 652309508)
(2022, 32, 652312011)
(2022, 32, 652314511)
(2022, 32, 652317008)
(2022, 32, 652319510)
(2022, 32, 652322010)
(2022, 32, 652324509)
(2022, 32, 652327011)
(2022, 32, 652329511)
(2022, 32, 652332011)
(2022, 32, 652334509)
(2022, 32, 652337013)
(2022, 32, 652339510)
(2022, 32, 652342011)
(2022, 32, 652344513)
(2022, 32, 652347010)
(2022, 32, 652349509)
(2022, 32, 652352009)
(2022, 32, 652354509)
(2022, 32, 652357008)
(2022, 32, 652359559)
(2022, 32, 652362058)
(2022, 32, 652364556)
(2022, 32, 652367055)
(2022, 32, 652369558)
(2022, 32, 652372055)
(2022, 32, 652374554)
(2022, 32, 652377058)
(2022, 32, 652379554)
(2022, 32, 652382057)
(2022, 32, 652384558)
(2022, 32, 652387054)
(2022, 32, 652389557)
(2022, 32, 652392056)
(2022, 32, 652394559)
(2022, 32, 652397059)
(2022, 32, 652399558)
(2022, 32, 652402056)
(2022, 32, 652404559)
(2022, 32, 652407056)
(2022, 32, 652409556)
(2022, 32, 652412056)
(2022, 32, 652414554)
(2022, 32, 652417056)
(2022, 32, 652419605)
(2022, 32, 652422102)
(2022, 32, 652424604)
(2022, 32, 652427102)
(2022, 32, 652429603)
(2022, 32, 652432104)
(2022, 32, 652434604)
(2022, 32, 652437106)
(2022, 32, 652439604)
(2022, 32, 652442104)
(2022, 32, 652444606)
(2022, 32, 652447103)
(2022, 32, 652449604)
(2022, 32, 652452102)
(2022, 32, 652454607)
(2022, 32, 652457105)
(2022, 32, 652459602)
(2022, 32, 652462103)
(2022, 32, 652464602)
(2022, 32, 652467104)
(2022, 32, 652469602)
(2022, 32, 652472104)
(2022, 32, 652474602)
(2022, 32, 652477104)
(2022, 32, 652479651)
(2022, 32, 652482150)
(2022, 32, 652484653)
(2022, 32, 652487149)
(2022, 32, 652489649)
(2022, 32, 652492149)
(2022, 32, 652494654)
(2022, 32, 652497150)
(2022, 32, 652499649)
(2022, 32, 652502150)
(2022, 32, 652504649)
(2022, 32, 652507148)
(2022, 32, 652509651)
(2022, 32, 652512150)
(2022, 32, 652514649)
(2022, 32, 652517150)
(2022, 32, 652519652)
(2022, 32, 652522150)
(2022, 32, 652524649)
(2022, 32, 652527151)
(2022, 32, 652529654)
(2022, 32, 652532154)
(2022, 32, 652534648)
(2022, 32, 652537150)
(2022, 32, 652539699)
(2022, 32, 652542195)
(2022, 32, 652544698)
(2022, 32, 652547199)
(2022, 32, 652549696)
(2022, 32, 652552199)
(2022, 32, 652554696)
(2022, 32, 652557201)
(2022, 32, 652559696)
(2022, 32, 652562197)
(2022, 32, 652564697)
(2022, 32, 652567200)
(2022, 32, 652569698)
(2022, 32, 652572198)
(2022, 32, 652574699)
(2022, 32, 652577196)
(2022, 32, 652579697)
(2022, 32, 652582195)
(2022, 32, 652584698)
(2022, 32, 652587197)
(2022, 32, 652589700)
(2022, 32, 652592199)
(2022, 32, 652594695)
(2022, 32, 652597196)
(2022, 32, 652599741)
(2022, 32, 652602240)
(2022, 32, 652604738)
(2022, 32, 652607236)
(2022, 32, 652609736)
(2022, 32, 652612236)
(2022, 32, 652614739)
(2022, 32, 652617237)
(2022, 32, 652619740)
(2022, 32, 652622238)
(2022, 32, 652624737)
(2022, 32, 652627239)
(2022, 32, 652629740)
(2022, 32, 652632238)
(2022, 32, 652634736)
(2022, 32, 652637242)
(2022, 32, 652639737)
(2022, 32, 652642237)
(2022, 32, 652644736)
(2022, 32, 652647239)
(2022, 32, 652649736)
(2022, 32, 652652236)
(2022, 32, 652654740)
(2022, 32, 652657240)
(2022, 32, 652659781)
(2022, 32, 652662282)
(2022, 32, 652664783)
(2022, 32, 652667282)
(2022, 32, 652669783)
(2022, 32, 652672284)
(2022, 32, 652674782)
(2022, 32, 652677280)
(2022, 32, 652679782)
(2022, 32, 652682281)
(2022, 32, 652684785)
(2022, 32, 652687281)
(2022, 32, 652689784)
(2022, 32, 652692283)
(2022, 32, 652694785)
(2022, 32, 652697285)
(2022, 32, 652699780)
(2022, 32, 652702282)
(2022, 32, 652704782)
(2022, 32, 652707280)
(2022, 32, 652709784)
(2022, 32, 652712285)
(2022, 32, 652714783)
(2022, 32, 652717281)
(2022, 32, 652719830)
(2022, 32, 652722329)
(2022, 32, 652724831)
(2022, 32, 652727327)
(2022, 32, 652729829)
(2022, 32, 652732329)
(2022, 32, 652734830)
(2022, 32, 652737329)
(2022, 32, 652739831)
(2022, 32, 652742330)
(2022, 32, 652744830)
(2022, 32, 652747331)
(2022, 32, 652749827)
(2022, 32, 652752332)
(2022, 32, 652754828)
(2022, 32, 652757328)
(2022, 32, 652759830)
(2022, 32, 652762328)
(2022, 32, 652764830)
(2022, 32, 652767328)
(2022, 32, 652769827)
(2022, 32, 652772328)
(2022, 32, 652774829)
(2022, 32, 652777329)
(2022, 32, 652779872)
(2022, 32, 652782374)
(2022, 32, 652784876)
(2022, 32, 652787374)
(2022, 32, 652789873)
(2022, 32, 652792373)
(2022, 32, 652794874)
(2022, 32, 652797374)
(2022, 32, 652799872)
(2022, 32, 652802376)
(2022, 32, 652804877)
(2022, 32, 652807373)
(2022, 32, 652809874)
(2022, 32, 652812373)
(2022, 32, 652814875)
(2022, 32, 652817373)
(2022, 32, 652819875)
(2022, 32, 652822374)
(2022, 32, 652824875)
(2022, 32, 652827375)
(2022, 32, 652829874)
(2022, 32, 652832377)
(2022, 32, 652834874)
(2022, 32, 652837373)
(2022, 32, 652839917)
(2022, 32, 652842418)
(2022, 32, 652844916)
(2022, 32, 652847417)
(2022, 32, 652849915)
(2022, 32, 652852420)
(2022, 32, 652854919)
(2022, 32, 652857416)
(2022, 32, 652859920)
(2022, 32, 652862421)
(2022, 32, 652864918)
(2022, 32, 652867415)
(2022, 32, 652869920)
(2022, 32, 652872420)
(2022, 32, 652874916)
(2022, 32, 652877416)
(2022, 32, 652879916)
(2022, 32, 652882420)
(2022, 32, 652884919)
(2022, 32, 652887418)
(2022, 32, 652889918)
(2022, 32, 652892417)
(2022, 32, 652894916)
(2022, 32, 652897422)
(2022, 32, 652899963)
(2022, 32, 652902460)
(2022, 32, 652904962)
(2022, 32, 652907459)
(2022, 32, 652909960)
(2022, 32, 652912461)
(2022, 32, 652914962)
(2022, 32, 652917461)
(2022, 32, 652919961)
(2022, 32, 652922459)
(2022, 32, 652924963)
(2022, 32, 652927461)
(2022, 32, 652929958)
(2022, 32, 652932459)
(2022, 32, 652934961)
(2022, 32, 652937461)
(2022, 32, 652939959)
(2022, 32, 652942462)
(2022, 32, 652944963)
(2022, 32, 652947460)
(2022, 32, 652949961)
(2022, 32, 652952459)
(2022, 32, 652954958)
(2022, 32, 652957458)
(2022, 32, 652960005)
(2022, 32, 652962502)
(2022, 32, 652965001)
(2022, 32, 652967503)
(2022, 32, 652970003)
(2022, 32, 652972505)
(2022, 32, 652975005)
(2022, 32, 652977503)
(2022, 32, 652980001)
(2022, 32, 652982504)
(2022, 32, 652985004)
(2022, 32, 652987502)
(2022, 32, 652990001)
(2022, 32, 652992503)
(2022, 32, 652995001)
(2022, 32, 652997505)
(2022, 32, 653000003)
(2022, 32, 653002502)
(2022, 32, 653005001)
(2022, 32, 653007508)
(2022, 32, 653010002)
(2022, 32, 653012503)
(2022, 32, 653015003)
(2022, 32, 653017507)
(2022, 32, 653020049)
(2022, 32, 653022546)
(2022, 32, 653025049)
(2022, 32, 653027545)
(2022, 32, 653030045)
(2022, 32, 653032546)
(2022, 32, 653035048)
(2022, 32, 653037547)
(2022, 32, 653040045)
(2022, 32, 653042547)
(2022, 32, 653045050)
(2022, 32, 653047546)
(2022, 32, 653050048)
(2022, 32, 653052546)
(2022, 32, 653055044)
(2022, 32, 653057546)
(2022, 32, 653060049)
(2022, 32, 653062550)
(2022, 32, 653065049)
(2022, 32, 653067550)
(2022, 32, 653070044)
(2022, 32, 653072545)
(2022, 32, 653075044)
(2022, 32, 653077545)
(2022, 32, 653080093)
(2022, 32, 653082599)
(2022, 32, 653085092)
(2022, 32, 653087594)
(2022, 32, 653090093)
(2022, 32, 653092593)
(2022, 32, 653095091)
(2022, 32, 653097592)
(2022, 32, 653100091)
(2022, 32, 653102595)
(2022, 32, 653105092)
(2022, 32, 653107592)
(2022, 32, 653110093)
(2022, 32, 653112594)
(2022, 32, 653115091)
(2022, 32, 653117593)
(2022, 32, 653120094)
(2022, 32, 653122591)
(2022, 32, 653125092)
(2022, 32, 653127597)
(2022, 32, 653130092)
(2022, 32, 653132596)
(2022, 32, 653135095)
(2022, 32, 653137599)
(2022, 32, 653140136)
(2022, 32, 653142634)
(2022, 32, 653145134)
(2022, 32, 653147635)
(2022, 32, 653150138)
(2022, 32, 653152635)
(2022, 32, 653155135)
(2022, 32, 653157640)
(2022, 32, 653160141)
(2022, 32, 653162636)
(2022, 32, 653165138)
(2022, 32, 653167639)
(2022, 32, 653170136)
(2022, 32, 653172636)
(2022, 32, 653175136)
(2022, 32, 653177636)
(2022, 32, 653180135)
(2022, 32, 653182635)
(2022, 32, 653185138)
(2022, 32, 653187636)
(2022, 32, 653190136)
(2022, 32, 653192636)
(2022, 32, 653195137)
(2022, 32, 653197636)
(2022, 32, 653200218)
(2022, 32, 653202717)
(2022, 32, 653205221)
(2022, 32, 653207719)
(2022, 32, 653210217)
(2022, 32, 653212719)
(2022, 32, 653215216)
(2022, 32, 653217721)
(2022, 32, 653220219)
(2022, 32, 653222720)
(2022, 32, 653225215)
(2022, 32, 653227718)
(2022, 32, 653230217)
(2022, 32, 653232718)
(2022, 32, 653235217)
(2022, 32, 653237717)
(2022, 32, 653240219)
(2022, 32, 653242719)
(2022, 32, 653245217)
(2022, 32, 653247718)
(2022, 32, 653250219)
(2022, 32, 653252720)
(2022, 32, 653255218)
(2022, 32, 653257720)
(2022, 32, 653260261)
(2022, 32, 653262763)
(2022, 32, 653265262)
(2022, 32, 653267763)
(2022, 32, 653270261)
(2022, 32, 653272759)
(2022, 32, 653275265)
(2022, 32, 653277761)
(2022, 32, 653280261)
(2022, 32, 653282761)
(2022, 32, 653285259)
(2022, 32, 653287763)
(2022, 32, 653290260)
(2022, 32, 653292762)
(2022, 32, 653295259)
(2022, 32, 653297763)
(2022, 32, 653300261)
(2022, 32, 653302761)
(2022, 32, 653305265)
(2022, 32, 653307759)
(2022, 32, 653310264)
(2022, 32, 653312760)
(2022, 32, 653315260)
(2022, 32, 653317761)
(2022, 32, 653320306)
(2022, 32, 653322808)
(2022, 32, 653325306)
(2022, 32, 653327808)
(2022, 32, 653330310)
(2022, 32, 653332807)
(2022, 32, 653335310)
(2022, 32, 653337805)
(2022, 32, 653340311)
(2022, 32, 653342807)
(2022, 32, 653345308)
(2022, 32, 653347806)
(2022, 32, 653350306)
(2022, 32, 653352806)
(2022, 32, 653355310)
(2022, 32, 653357808)
(2022, 32, 653360308)
(2022, 32, 653362810)
(2022, 32, 653365309)
(2022, 32, 653367807)
(2022, 32, 653370307)
(2022, 32, 653372809)
(2022, 32, 653375308)
(2022, 32, 653377812)
(2022, 32, 653380367)
(2022, 32, 653382867)
(2022, 32, 653385371)
(2022, 32, 653387871)
(2022, 32, 653390367)
(2022, 32, 653392865)
(2022, 32, 653395369)
(2022, 32, 653397868)
(2022, 32, 653400370)
(2022, 32, 653402870)
(2022, 32, 653405368)
(2022, 32, 653407866)
(2022, 32, 653410366)
(2022, 32, 653412869)
(2022, 32, 653415369)
(2022, 32, 653417869)
(2022, 32, 653420369)
(2022, 32, 653422869)
(2022, 32, 653425368)
(2022, 32, 653427867)
(2022, 32, 653430366)
(2022, 32, 653432866)
(2022, 32, 653435366)
(2022, 32, 653437869)
(2022, 32, 653440411)
(2022, 32, 653442911)
(2022, 32, 653445414)
(2022, 32, 653447914)
(2022, 32, 653450412)
(2022, 32, 653452913)
(2022, 32, 653455411)
(2022, 32, 653457914)
(2022, 32, 653460413)
(2022, 32, 653462912)
(2022, 32, 653465414)
(2022, 32, 653467914)
(2022, 32, 653470414)
(2022, 32, 653472914)
(2022, 32, 653475415)
(2022, 32, 653477914)
(2022, 32, 653480412)
(2022, 32, 653482912)
(2022, 32, 653485418)
(2022, 32, 653487915)
(2022, 32, 653490412)
(2022, 32, 653492912)
(2022, 32, 653495415)
(2022, 32, 653497912)
(2022, 32, 653500458)
(2022, 32, 653502964)
(2022, 32, 653505459)
(2022, 32, 653507957)
(2022, 32, 653510459)
(2022, 32, 653512960)
(2022, 32, 653515458)
(2022, 32, 653517959)
(2022, 32, 653520460)
(2022, 32, 653522957)
(2022, 32, 653525458)
(2022, 32, 653527959)
(2022, 32, 653530457)
(2022, 32, 653532958)
(2022, 32, 653535457)
(2022, 32, 653537961)
(2022, 32, 653540461)
(2022, 32, 653542957)
(2022, 32, 653545459)
(2022, 32, 653547960)
(2022, 32, 653550457)
(2022, 32, 653552958)
(2022, 32, 653555457)
(2022, 32, 653557958)
(2022, 32, 653560505)
(2022, 32, 653563006)
(2022, 32, 653565504)
(2022, 32, 653568005)
(2022, 32, 653570502)
(2022, 32, 653573007)
(2022, 32, 653575506)
(2022, 32, 653578003)
(2022, 32, 653580503)
(2022, 32, 653583005)
(2022, 32, 653585504)
(2022, 32, 653588009)
(2022, 32, 653590503)
(2022, 32, 653593004)
(2022, 32, 653595507)
(2022, 32, 653598006)
(2022, 32, 653600507)
(2022, 32, 653603003)
(2022, 32, 653605506)
(2022, 32, 653608004)
(2022, 32, 653610506)
(2022, 32, 653613005)
(2022, 32, 653615506)
(2022, 32, 653618008)
(2022, 32, 653620581)
(2022, 32, 653623082)
(2022, 32, 653625581)
(2022, 32, 653628081)
(2022, 32, 653630580)
(2022, 32, 653633083)
(2022, 32, 653635580)
(2022, 32, 653638081)
(2022, 32, 653640586)
(2022, 32, 653643080)
(2022, 32, 653645579)
(2022, 32, 653648081)
(2022, 32, 653650581)
(2022, 32, 653653079)
(2022, 32, 653655586)
(2022, 32, 653658080)
(2022, 32, 653660583)
(2022, 32, 653663083)
(2022, 32, 653665587)
(2022, 32, 653668082)
(2022, 32, 653670580)
(2022, 32, 653673080)
(2022, 32, 653675583)
(2022, 32, 653678080)
(2022, 32, 653680626)
(2022, 32, 653683126)
(2022, 32, 653685629)
(2022, 32, 653688124)
(2022, 32, 653690626)
(2022, 32, 653693126)
(2022, 32, 653695631)
(2022, 32, 653698126)
(2022, 32, 653700627)
(2022, 32, 653703124)
(2022, 32, 653705626)
(2022, 32, 653708125)
(2022, 32, 653710627)
(2022, 32, 653713123)
(2022, 32, 653715627)
(2022, 32, 653718123)
(2022, 32, 653720626)
(2022, 32, 653723125)
(2022, 32, 653725627)
(2022, 32, 653728126)
(2022, 32, 653730625)
(2022, 32, 653733128)
(2022, 32, 653735628)
(2022, 32, 653738124)
(2022, 32, 653740669)
(2022, 32, 653743168)
(2022, 32, 653745669)
(2022, 32, 653748169)
(2022, 32, 653750667)
(2022, 32, 653753167)
(2022, 32, 653755668)
(2022, 32, 653758168)
(2022, 32, 653760669)
(2022, 32, 653763169)
(2022, 32, 653765666)
(2022, 32, 653768171)
(2022, 32, 653770672)
(2022, 32, 653773168)
(2022, 32, 653775668)
(2022, 32, 653778170)
(2022, 32, 653780670)
(2022, 32, 653783169)
(2022, 32, 653785668)
(2022, 32, 653788170)
(2022, 32, 653790668)
(2022, 32, 653793171)
(2022, 32, 653795669)
(2022, 32, 653798168)
(2022, 32, 653800712)
(2022, 32, 653803213)
(2022, 32, 653805712)
(2022, 32, 653808217)
(2022, 32, 653810716)
(2022, 32, 653813211)
(2022, 32, 653815714)
(2022, 32, 653818214)
(2022, 32, 653820714)
(2022, 32, 653823216)
(2022, 32, 653825715)
(2022, 32, 653828216)
(2022, 32, 653830713)
(2022, 32, 653833215)
(2022, 32, 653835714)
(2022, 32, 653838214)
(2022, 32, 653840714)
(2022, 32, 653843215)
(2022, 32, 653845716)
(2022, 32, 653848214)
(2022, 32, 653850713)
(2022, 32, 653853215)
(2022, 32, 653855715)
(2022, 32, 653858216)
(2022, 32, 653860755)
(2022, 32, 653863256)
(2022, 32, 653865755)
(2022, 32, 653868259)
(2022, 32, 653870757)
(2022, 32, 653873255)
(2022, 32, 653875756)
(2022, 32, 653878257)
(2022, 32, 653880754)
(2022, 32, 653883256)
(2022, 32, 653885756)
(2022, 32, 653888257)
(2022, 32, 653890755)
(2022, 32, 653893253)
(2022, 32, 653895753)
(2022, 32, 653898259)
(2022, 32, 653900754)
(2022, 32, 653903255)
(2022, 32, 653905758)
(2022, 32, 653908255)
(2022, 32, 653910757)
(2022, 32, 653913260)
(2022, 32, 653915756)
(2022, 32, 653918260)
(2022, 32, 653920798)
(2022, 32, 653923302)
(2022, 32, 653925800)
(2022, 32, 653928302)
(2022, 32, 653930800)
(2022, 32, 653933302)
(2022, 32, 653935801)
(2022, 32, 653938300)
(2022, 32, 653940800)
(2022, 32, 653943298)
(2022, 32, 653945797)
(2022, 32, 653948301)
(2022, 32, 653950801)
(2022, 32, 653953299)
(2022, 32, 653955800)
(2022, 32, 653958297)
(2022, 32, 653960801)
(2022, 32, 653963297)
(2022, 32, 653965799)
(2022, 32, 653968298)
(2022, 32, 653970798)
(2022, 32, 653973303)
(2022, 32, 653975799)
(2022, 32, 653978299)
(2022, 32, 653980844)
(2022, 32, 653983340)
(2022, 32, 653985848)
(2022, 32, 653988343)
(2022, 32, 653990844)
(2022, 32, 653993342)
(2022, 32, 653995841)
(2022, 32, 653998340)
(2022, 32, 654000845)
(2022, 32, 654003340)
(2022, 32, 654005841)
(2022, 32, 654008340)
(2022, 32, 654010840)
(2022, 32, 654013341)
(2022, 32, 654015842)
(2022, 32, 654018345)
(2022, 32, 654020848)
(2022, 32, 654023345)
(2022, 32, 654025842)
(2022, 32, 654028339)
(2022, 32, 654030843)
(2022, 32, 654033341)
(2022, 32, 654035842)
(2022, 32, 654038345)
(2022, 32, 654040887)
(2022, 32, 654043388)
(2022, 32, 654045886)
(2022, 32, 654048384)
(2022, 32, 654050885)
(2022, 32, 654053385)
(2022, 32, 654055891)
(2022, 32, 654058387)
(2022, 32, 654060884)
(2022, 32, 654063386)
(2022, 32, 654065885)
(2022, 32, 654068384)
(2022, 32, 654070885)
(2022, 32, 654073388)
(2022, 32, 654075884)
(2022, 32, 654078388)
(2022, 32, 654080883)
(2022, 32, 654083385)
(2022, 32, 654085885)
(2022, 32, 654088386)
(2022, 32, 654090886)
(2022, 32, 654093390)
(2022, 32, 654095890)
(2022, 32, 654098385)
(2022, 32, 654100930)
(2022, 32, 654103432)
(2022, 32, 654105931)
(2022, 32, 654108430)
(2022, 32, 654110930)
(2022, 32, 654113430)
(2022, 32, 654115929)
(2022, 32, 654118431)
(2022, 32, 654120930)
(2022, 32, 654123432)
(2022, 32, 654125928)
(2022, 32, 654128431)
(2022, 32, 654130930)
(2022, 32, 654133432)
(2022, 32, 654135930)
(2022, 32, 654138431)
(2022, 32, 654140929)
(2022, 32, 654143432)
(2022, 32, 654145930)
(2022, 32, 654148430)
(2022, 32, 654150928)
(2022, 32, 654153429)
(2022, 32, 654155928)
(2022, 32, 654158428)
(2022, 32, 654160981)
(2022, 32, 654163479)
(2022, 32, 654165979)
(2022, 32, 654168478)
(2022, 32, 654170978)
(2022, 32, 654173477)
(2022, 32, 654175980)
(2022, 32, 654178478)
(2022, 32, 654180977)
(2022, 32, 654183477)
(2022, 32, 654185977)
(2022, 32, 654188479)
(2022, 32, 654190978)
(2022, 32, 654193480)
(2022, 32, 654195979)
(2022, 32, 654198481)
(2022, 32, 654200978)
(2022, 32, 654203478)
(2022, 32, 654205980)
(2022, 32, 654208476)
(2022, 32, 654210978)
(2022, 32, 654213478)
(2022, 32, 654215981)
(2022, 32, 654218483)
(2022, 32, 654221022)
(2022, 32, 654223524)
(2022, 32, 654226024)
(2022, 32, 654228527)
(2022, 32, 654231026)
(2022, 32, 654233523)
(2022, 32, 654236030)
(2022, 32, 654238524)
(2022, 32, 654241036)
(2022, 32, 654243525)
(2022, 32, 654246028)
(2022, 32, 654248525)
(2022, 32, 654251025)
(2022, 32, 654253523)
(2022, 32, 654256028)
(2022, 32, 654258523)
(2022, 32, 654261024)
(2022, 32, 654263528)
(2022, 32, 654266021)
(2022, 32, 654268524)
(2022, 32, 654271025)
(2022, 32, 654273525)
(2022, 32, 654276026)
(2022, 32, 654278524)
(2022, 32, 654281070)
(2022, 32, 654283573)
(2022, 32, 654286073)
(2022, 32, 654288571)
(2022, 32, 654291068)
(2022, 32, 654293569)
(2022, 32, 654296069)
(2022, 32, 654298573)
(2022, 32, 654301068)
(2022, 32, 654303570)
(2022, 32, 654306069)
(2022, 32, 654308572)
(2022, 32, 654311070)
(2022, 32, 654313572)
(2022, 32, 654316071)
(2022, 32, 654318568)
(2022, 32, 654321068)
(2022, 32, 654323573)
(2022, 32, 654326067)
(2022, 32, 654328570)
(2022, 32, 654331068)
(2022, 32, 654333567)
(2022, 32, 654336069)
(2022, 32, 654338568)
(2022, 32, 654341118)
(2022, 32, 654343616)
(2022, 32, 654346118)
(2022, 32, 654348619)
(2022, 32, 654351116)
(2022, 32, 654353615)
(2022, 32, 654356114)
(2022, 32, 654358621)
(2022, 32, 654361116)
(2022, 32, 654363617)
(2022, 32, 654366119)
(2022, 32, 654368619)
(2022, 32, 654371120)
(2022, 32, 654373615)
(2022, 32, 654376116)
(2022, 32, 654378616)
(2022, 32, 654381116)
(2022, 32, 654383618)
(2022, 32, 654386115)
(2022, 32, 654388615)
(2022, 32, 654391116)
(2022, 32, 654393618)
(2022, 32, 654396120)
(2022, 32, 654398616)
(2022, 32, 654401166)
(2022, 32, 654403666)
(2022, 32, 654406167)
(2022, 32, 654408663)
(2022, 32, 654411165)
(2022, 32, 654413663)
(2022, 32, 654416167)
(2022, 32, 654418666)
(2022, 32, 654421166)
(2022, 32, 654423664)
(2022, 32, 654426164)
(2022, 32, 654428667)
(2022, 32, 654431162)
(2022, 32, 654433662)
(2022, 32, 654436165)
(2022, 32, 654438662)
(2022, 32, 654441163)
(2022, 32, 654443662)
(2022, 32, 654446163)
(2022, 32, 654448662)
(2022, 32, 654451163)
(2022, 32, 654453661)
(2022, 32, 654456167)
(2022, 32, 654458661)
(2022, 32, 654461210)
(2022, 32, 654463707)
(2022, 32, 654466207)
(2022, 32, 654468709)
(2022, 32, 654471208)
(2022, 32, 654473710)
(2022, 32, 654476205)
(2022, 32, 654478709)
(2022, 32, 654481209)
(2022, 32, 654483707)
(2022, 32, 654486211)
(2022, 32, 654488707)
(2022, 32, 654491208)
(2022, 32, 654493708)
(2022, 32, 654496207)
(2022, 32, 654498714)
(2022, 32, 654501208)
(2022, 32, 654503709)
(2022, 32, 654506207)
(2022, 32, 654508711)
(2022, 32, 654511207)
(2022, 32, 654513707)
(2022, 32, 654516206)
(2022, 32, 654518707)
(2022, 32, 654521253)
(2022, 32, 654523754)
(2022, 32, 654526252)
(2022, 32, 654528754)
(2022, 32, 654531253)
(2022, 32, 654533754)
(2022, 32, 654536251)
(2022, 32, 654538751)
(2022, 32, 654541253)
(2022, 32, 654543754)
(2022, 32, 654546254)
(2022, 32, 654548754)
(2022, 32, 654551252)
(2022, 32, 654553754)
(2022, 32, 654556251)
(2022, 32, 654558753)
(2022, 32, 654561252)
(2022, 32, 654563751)
(2022, 32, 654566252)
(2022, 32, 654568755)
(2022, 32, 654571252)
(2022, 32, 654573754)
(2022, 32, 654576253)
(2022, 32, 654578755)
(2022, 32, 654581298)
(2022, 32, 654583796)
(2022, 32, 654586296)
(2022, 32, 654588798)
(2022, 32, 654591296)
(2022, 32, 654593797)
(2022, 32, 654596295)
(2022, 32, 654598798)
(2022, 32, 654601295)
(2022, 32, 654603799)
(2022, 32, 654606297)
(2022, 32, 654608801)
(2022, 32, 654611294)
(2022, 32, 654613796)
(2022, 32, 654616297)
(2022, 32, 654618800)
(2022, 32, 654621298)
(2022, 32, 654623794)
(2022, 32, 654626293)
(2022, 32, 654628795)
(2022, 32, 654631298)
(2022, 32, 654633794)
(2022, 32, 654636294)
(2022, 32, 654638798)
(2022, 32, 654641342)
(2022, 32, 654643843)
(2022, 32, 654646342)
(2022, 32, 654648843)
(2022, 32, 654651344)
(2022, 32, 654653844)
(2022, 32, 654656344)
(2022, 32, 654658845)
(2022, 32, 654661344)
(2022, 32, 654663845)
(2022, 32, 654666342)
(2022, 32, 654668842)
(2022, 32, 654671344)
(2022, 32, 654673843)
(2022, 32, 654676344)
(2022, 32, 654678843)
(2022, 32, 654681347)
(2022, 32, 654683846)
(2022, 32, 654686343)
(2022, 32, 654688844)
(2022, 32, 654691346)
(2022, 32, 654693845)
(2022, 32, 654696344)
(2022, 32, 654698844)
(2022, 32, 654701392)
(2022, 32, 654703892)
(2022, 32, 654706397)
(2022, 32, 654708893)
(2022, 32, 654711394)
(2022, 32, 654713894)
(2022, 32, 654716394)
(2022, 32, 654718894)
(2022, 32, 654721393)
(2022, 32, 654723894)
(2022, 32, 654726394)
(2022, 32, 654728893)
(2022, 32, 654731397)
(2022, 32, 654733891)
(2022, 32, 654736391)
(2022, 32, 654738895)
(2022, 32, 654741392)
(2022, 32, 654743892)
(2022, 32, 654746393)
(2022, 32, 654748892)
(2022, 32, 654751391)
(2022, 32, 654753892)
(2022, 32, 654756391)
(2022, 32, 654758892)
(2022, 32, 654761438)
(2022, 32, 654763940)
(2022, 32, 654766442)
(2022, 32, 654768937)
(2022, 32, 654771436)
(2022, 32, 654773937)
(2022, 32, 654776441)
(2022, 32, 654778938)
(2022, 32, 654781437)
(2022, 32, 654783940)
(2022, 32, 654786437)
(2022, 32, 654788937)
(2022, 32, 654791439)
(2022, 32, 654793941)
(2022, 32, 654796437)
(2022, 32, 654798939)
(2022, 32, 654801443)
(2022, 32, 654803940)
(2022, 32, 654806438)
(2022, 32, 654808939)
(2022, 32, 654811437)
(2022, 32, 654813938)
(2022, 32, 654816438)
(2022, 32, 654818937)
(2022, 32, 654821483)
(2022, 32, 654823981)
(2022, 32, 654826483)
(2022, 32, 654828983)
(2022, 32, 654831483)
(2022, 32, 654833985)
(2022, 32, 654836481)
(2022, 32, 654838982)
(2022, 32, 654841484)
(2022, 32, 654843982)
(2022, 32, 654846485)
(2022, 32, 654848983)
(2022, 32, 654851482)
(2022, 32, 654853983)
(2022, 32, 654856482)
(2022, 32, 654858982)
(2022, 32, 654861484)
(2022, 32, 654863984)
(2022, 32, 654866482)
(2022, 32, 654868984)
(2022, 32, 654871482)
(2022, 32, 654873982)
(2022, 32, 654876483)
(2022, 32, 654878984)
(2022, 32, 654881526)
(2022, 32, 654884025)
(2022, 32, 654886525)
(2022, 32, 654889029)
(2022, 32, 654891528)
(2022, 32, 654894024)
(2022, 32, 654896526)
(2022, 32, 654899025)
(2022, 32, 654901527)
(2022, 32, 654904025)
(2022, 32, 654906526)
(2022, 32, 654909026)
(2022, 32, 654911529)
(2022, 32, 654914027)
(2022, 32, 654916526)
(2022, 32, 654919024)
(2022, 32, 654921528)
(2022, 32, 654924025)
(2022, 32, 654926523)
(2022, 32, 654929024)
(2022, 32, 654931526)
(2022, 32, 654934024)
(2022, 32, 654936527)
(2022, 32, 654939025)
(2022, 32, 654941574)
(2022, 32, 654944072)
(2022, 32, 654946576)
(2022, 32, 654949072)
(2022, 32, 654951575)
(2022, 32, 654954072)
(2022, 32, 654956573)
(2022, 32, 654959071)
(2022, 32, 654961575)
(2022, 32, 654964071)
(2022, 32, 654966572)
(2022, 32, 654969073)
(2022, 32, 654971573)
(2022, 32, 654974073)
(2022, 32, 654976573)
(2022, 32, 654979075)
(2022, 32, 654981574)
(2022, 32, 654984073)
(2022, 32, 654986574)
(2022, 32, 654989071)
(2022, 32, 654991573)
(2022, 32, 654994072)
(2022, 32, 654996575)
(2022, 32, 654999071)
(2022, 32, 655001621)
(2022, 32, 655004118)
(2022, 32, 655006622)
(2022, 32, 655009117)
(2022, 32, 655011615)
(2022, 32, 655014120)
(2022, 32, 655016619)
(2022, 32, 655019121)
(2022, 32, 655021620)
(2022, 32, 655024116)
(2022, 32, 655026620)
(2022, 32, 655029117)
(2022, 32, 655031617)
(2022, 32, 655034117)
(2022, 32, 655036620)
(2022, 32, 655039117)
(2022, 32, 655041618)
(2022, 32, 655044117)
(2022, 32, 655046617)
(2022, 32, 655049120)
(2022, 32, 655051618)
(2022, 32, 655054119)
(2022, 32, 655056618)
(2022, 32, 655059120)
(2022, 32, 655061666)
(2022, 32, 655064164)
(2022, 32, 655066662)
(2022, 32, 655069163)
(2022, 32, 655071665)
(2022, 32, 655074163)
(2022, 32, 655076663)
(2022, 32, 655079163)
(2022, 32, 655081661)
(2022, 32, 655084164)
(2022, 32, 655086666)
(2022, 32, 655089163)
(2022, 32, 655091665)
(2022, 32, 655094165)
(2022, 32, 655096666)
(2022, 32, 655099162)
(2022, 32, 655101667)
(2022, 32, 655104166)
(2022, 32, 655106664)
(2022, 32, 655109161)
(2022, 32, 655111662)
(2022, 32, 655114165)
(2022, 32, 655116668)
(2022, 32, 655119163)
(2022, 32, 655121710)
(2022, 32, 655124208)
(2022, 32, 655126708)
(2022, 32, 655129209)
(2022, 32, 655131713)
(2022, 32, 655134212)
(2022, 32, 655136707)
(2022, 32, 655139207)
(2022, 32, 655141712)
(2022, 32, 655144210)
(2022, 32, 655146709)
(2022, 32, 655149207)
(2022, 32, 655151706)
(2022, 32, 655154208)
(2022, 32, 655156712)
(2022, 32, 655159207)
(2022, 32, 655161709)
(2022, 32, 655164209)
(2022, 32, 655166707)
(2022, 32, 655169209)
(2022, 32, 655171711)
(2022, 32, 655174208)
(2022, 32, 655176707)
(2022, 32, 655179209)
(2022, 32, 655181753)
(2022, 32, 655184253)
(2022, 32, 655186758)
(2022, 32, 655189254)
(2022, 32, 655191753)
(2022, 32, 655194257)
(2022, 32, 655196756)
(2022, 32, 655199257)
(2022, 32, 655201754)
(2022, 32, 655204258)
(2022, 32, 655206754)
(2022, 32, 655209256)
(2022, 32, 655211756)
(2022, 32, 655214257)
(2022, 32, 655216757)
(2022, 32, 655219257)
(2022, 32, 655221754)
(2022, 32, 655224259)
(2022, 32, 655226757)
(2022, 32, 655229258)
(2022, 32, 655231755)
(2022, 32, 655234258)
(2022, 32, 655236754)
(2022, 32, 655239254)
(2022, 32, 655241803)
(2022, 32, 655244297)
(2022, 32, 655246802)
(2022, 32, 655249301)
(2022, 32, 655251799)
(2022, 32, 655254298)
(2022, 32, 655256801)
(2022, 32, 655259302)
(2022, 32, 655261799)
(2022, 32, 655264301)
(2022, 32, 655266797)
(2022, 32, 655269298)
(2022, 32, 655271798)
(2022, 32, 655274298)
(2022, 32, 655276799)
(2022, 32, 655279300)
(2022, 32, 655281799)
(2022, 32, 655284298)
(2022, 32, 655286798)
(2022, 32, 655289299)
(2022, 32, 655291801)
(2022, 32, 655294300)
(2022, 32, 655296804)
(2022, 32, 655299302)
(2022, 32, 655301846)
(2022, 32, 655304345)
(2022, 32, 655306848)
(2022, 32, 655309343)
(2022, 32, 655311856)
(2022, 32, 655314348)
(2022, 32, 655316847)
(2022, 32, 655319344)
(2022, 32, 655321845)
(2022, 32, 655324345)
(2022, 32, 655326844)
(2022, 32, 655329344)
(2022, 32, 655331847)
(2022, 32, 655334342)
(2022, 32, 655336845)
(2022, 32, 655339342)
(2022, 32, 655341846)
(2022, 32, 655344342)
(2022, 32, 655346848)
(2022, 32, 655349345)
(2022, 32, 655351846)
(2022, 32, 655354344)
(2022, 32, 655356852)
(2022, 32, 655359344)
(2022, 32, 655361887)
(2022, 32, 655364387)
(2022, 32, 655366887)
(2022, 32, 655369388)
(2022, 32, 655371887)
(2022, 32, 655374386)
(2022, 32, 655376887)
(2022, 32, 655379386)
(2022, 32, 655381885)
(2022, 32, 655384387)
(2022, 32, 655386887)
(2022, 32, 655389384)
(2022, 32, 655391886)
(2022, 32, 655394386)
(2022, 32, 655396889)
(2022, 32, 655399385)
(2022, 32, 655401883)
(2022, 32, 655404388)
(2022, 32, 655406887)
(2022, 32, 655409388)
(2022, 32, 655411887)
(2022, 32, 655414387)
(2022, 32, 655416886)
(2022, 32, 655419386)
(2022, 32, 655421937)
(2022, 32, 655424434)
(2022, 32, 655426933)
(2022, 32, 655429434)
(2022, 32, 655431936)
(2022, 32, 655434435)
(2022, 32, 655436935)
(2022, 32, 655439434)
(2022, 32, 655441934)
(2022, 32, 655444434)
(2022, 32, 655446933)
(2022, 32, 655449435)
(2022, 32, 655451936)
(2022, 32, 655454434)
(2022, 32, 655456934)
(2022, 32, 655459437)
(2022, 32, 655461933)
(2022, 32, 655464438)
(2022, 32, 655466935)
(2022, 32, 655469433)
(2022, 32, 655471938)
(2022, 32, 655474436)
(2022, 32, 655476935)
(2022, 32, 655479435)
(2022, 32, 655482009)
(2022, 32, 655484511)
(2022, 32, 655487010)
(2022, 32, 655489510)
(2022, 32, 655492009)
(2022, 32, 655494510)
(2022, 32, 655497012)
(2022, 32, 655499511)
(2022, 32, 655502013)
(2022, 32, 655504509)
(2022, 32, 655507012)
(2022, 32, 655509515)
(2022, 32, 655512012)
(2022, 32, 655514511)
(2022, 32, 655517012)
(2022, 32, 655519514)
(2022, 32, 655522009)
(2022, 32, 655524509)
(2022, 32, 655527014)
(2022, 32, 655529515)
(2022, 32, 655532013)
(2022, 32, 655534509)
(2022, 32, 655537010)
(2022, 32, 655539510)
(2022, 32, 655542061)
(2022, 32, 655544561)
(2022, 32, 655547061)
(2022, 32, 655549557)
(2022, 32, 655552057)
(2022, 32, 655554556)
(2022, 32, 655557057)
(2022, 32, 655559557)
(2022, 32, 655562059)
(2022, 32, 655564561)
(2022, 32, 655567057)
(2022, 32, 655569559)
(2022, 32, 655572058)
(2022, 32, 655574560)
(2022, 32, 655577058)
(2022, 32, 655579556)
(2022, 32, 655582057)
(2022, 32, 655584560)
(2022, 32, 655587058)
(2022, 32, 655589557)
(2022, 32, 655592062)
(2022, 32, 655594560)
(2022, 32, 655597064)
(2022, 32, 655599560)
(2022, 32, 655602107)
(2022, 32, 655604611)
(2022, 32, 655607109)
(2022, 32, 655609608)
(2022, 32, 655612109)
(2022, 32, 655614613)
(2022, 32, 655617108)
(2022, 32, 655619611)
(2022, 32, 655622109)
(2022, 32, 655624609)
(2022, 32, 655627109)
(2022, 32, 655629609)
(2022, 32, 655632109)
(2022, 32, 655634611)
(2022, 32, 655637108)
(2022, 32, 655639613)
(2022, 32, 655642110)
(2022, 32, 655644613)
(2022, 32, 655647110)
(2022, 32, 655649611)
(2022, 32, 655652108)
(2022, 32, 655654610)
(2022, 32, 655657109)
(2022, 32, 655659607)
(2022, 32, 655662157)
(2022, 32, 655664658)
(2022, 32, 655667156)
(2022, 32, 655669657)
(2022, 32, 655672157)
(2022, 32, 655674659)
(2022, 32, 655677158)
(2022, 32, 655679656)
(2022, 32, 655682157)
(2022, 32, 655684657)
(2022, 32, 655687158)
(2022, 32, 655689655)
(2022, 32, 655692158)
(2022, 32, 655694659)
(2022, 32, 655697154)
(2022, 32, 655699654)
(2022, 32, 655702154)
(2022, 32, 655704656)
(2022, 32, 655707154)
(2022, 32, 655709655)
(2022, 32, 655712155)
(2022, 32, 655714657)
(2022, 32, 655717158)
(2022, 32, 655719660)
(2022, 32, 655722208)
(2022, 32, 655724704)
(2022, 32, 655727205)
(2022, 32, 655729701)
(2022, 32, 655732203)
(2022, 32, 655734706)
(2022, 32, 655737204)
(2022, 32, 655739701)
(2022, 32, 655742201)
(2022, 32, 655744701)
(2022, 32, 655747202)
(2022, 32, 655749703)
(2022, 32, 655752201)
(2022, 32, 655754703)
(2022, 32, 655757202)
(2022, 32, 655759707)
(2022, 32, 655762202)
(2022, 32, 655764706)
(2022, 32, 655767204)
(2022, 32, 655769704)
(2022, 32, 655772204)
(2022, 32, 655774706)
(2022, 32, 655777203)
(2022, 32, 655779702)
(2022, 32, 655782249)
(2022, 32, 655784750)
(2022, 32, 655787248)
(2022, 32, 655789749)
(2022, 32, 655792248)
(2022, 32, 655794750)
(2022, 32, 655797247)
(2022, 32, 655799751)
(2022, 32, 655802253)
(2022, 32, 655804748)
(2022, 32, 655807252)
(2022, 32, 655809752)
(2022, 32, 655812249)
(2022, 32, 655814750)
(2022, 32, 655817247)
(2022, 32, 655819748)
(2022, 32, 655822248)
(2022, 32, 655824747)
(2022, 32, 655827247)
(2022, 32, 655829751)
(2022, 32, 655832247)
(2022, 32, 655834747)
(2022, 32, 655837248)
(2022, 32, 655839749)
(2022, 32, 655842294)
(2022, 32, 655844791)
(2022, 32, 655847295)
(2022, 32, 655849795)
(2022, 32, 655852291)
(2022, 32, 655854792)
(2022, 32, 655857292)
(2022, 32, 655859790)
(2022, 32, 655862291)
(2022, 32, 655864793)
(2022, 32, 655867293)
(2022, 32, 655869792)
(2022, 32, 655872290)
(2022, 32, 655874795)
(2022, 32, 655877293)
(2022, 32, 655879795)
(2022, 32, 655882292)
(2022, 32, 655884793)
(2022, 32, 655887291)
(2022, 32, 655889792)
(2022, 32, 655892297)
(2022, 32, 655894792)
(2022, 32, 655897291)
(2022, 32, 655899791)
(2022, 32, 655902340)
(2022, 32, 655904837)
(2022, 32, 655907336)
(2022, 32, 655909837)
(2022, 32, 655912335)
(2022, 32, 655914837)
(2022, 32, 655917337)
(2022, 32, 655919838)
(2022, 32, 655922348)
(2022, 32, 655924836)
(2022, 32, 655927337)
(2022, 32, 655929835)
(2022, 32, 655932337)
(2022, 32, 655934839)
(2022, 32, 655937335)
(2022, 32, 655939839)
(2022, 32, 655942338)
(2022, 32, 655944835)
(2022, 32, 655947337)
(2022, 32, 655949835)
(2022, 32, 655952338)
(2022, 32, 655954839)
(2022, 32, 655957336)
(2022, 32, 655959837)
(2022, 32, 655962389)
(2022, 32, 655964882)
(2022, 32, 655967384)
(2022, 32, 655969882)
(2022, 32, 655972388)
(2022, 32, 655974881)
(2022, 32, 655977387)
(2022, 32, 655979886)
(2022, 32, 655982389)
(2022, 32, 655984884)
(2022, 32, 655987388)
(2022, 32, 655989885)
(2022, 32, 655992387)
(2022, 32, 655994883)
(2022, 32, 655997382)
(2022, 32, 655999882)
(2022, 32, 656002384)
(2022, 32, 656004883)
(2022, 32, 656007384)
(2022, 32, 656009879)
(2022, 32, 656012381)
(2022, 32, 656014885)
(2022, 32, 656017386)
(2022, 32, 656019881)
(2022, 32, 656022426)
(2022, 32, 656024924)
(2022, 32, 656027429)
(2022, 32, 656029925)
(2022, 32, 656032425)
(2022, 32, 656034925)
(2022, 32, 656037427)
(2022, 32, 656039928)
(2022, 32, 656042428)
(2022, 32, 656044926)
(2022, 32, 656047430)
(2022, 32, 656049927)
(2022, 32, 656052425)
(2022, 32, 656054927)
(2022, 32, 656057428)
(2022, 32, 656059925)
(2022, 32, 656062426)
(2022, 32, 656064925)
(2022, 32, 656067427)
(2022, 32, 656069927)
(2022, 32, 656072428)
(2022, 32, 656074925)
(2022, 32, 656077430)
(2022, 32, 656079925)
(2022, 32, 656082467)
(2022, 32, 656084972)
(2022, 32, 656087470)
(2022, 32, 656089972)
(2022, 32, 656092469)
(2022, 32, 656094969)
(2022, 32, 656097468)
(2022, 32, 656099970)
(2022, 32, 656102470)
(2022, 32, 656104967)
(2022, 32, 656107467)
(2022, 32, 656109970)
(2022, 32, 656112469)
(2022, 32, 656114967)
(2022, 32, 656117470)
(2022, 32, 656119968)
(2022, 32, 656122468)
(2022, 32, 656124968)
(2022, 32, 656127467)
(2022, 32, 656129969)
(2022, 32, 656132471)
(2022, 32, 656134968)
(2022, 32, 656137467)
(2022, 32, 656139971)
(2022, 32, 656142512)
(2022, 32, 656145011)
(2022, 32, 656147510)
(2022, 32, 656150009)
(2022, 32, 656152511)
(2022, 32, 656155010)
(2022, 32, 656157510)
(2022, 32, 656160010)
(2022, 32, 656162509)
(2022, 32, 656165008)
(2022, 32, 656167513)
(2022, 32, 656170013)
(2022, 32, 656172508)
(2022, 32, 656175009)
(2022, 32, 656177509)
(2022, 32, 656180012)
(2022, 32, 656182507)
(2022, 32, 656185009)
(2022, 32, 656187508)
(2022, 32, 656190009)
(2022, 32, 656192509)
(2022, 32, 656195011)
(2022, 32, 656197507)
(2022, 32, 656200009)
(2022, 32, 656202551)
(2022, 32, 656205050)
(2022, 32, 656207553)
(2022, 32, 656210053)
(2022, 32, 656212555)
(2022, 32, 656215051)
(2022, 32, 656217550)
(2022, 32, 656220057)
(2022, 32, 656222553)
(2022, 32, 656225049)
(2022, 32, 656227549)
(2022, 32, 656230053)
(2022, 32, 656232551)
(2022, 32, 656235052)
(2022, 32, 656237550)
(2022, 32, 656240050)
(2022, 32, 656242550)
(2022, 32, 656245052)
(2022, 32, 656247556)
(2022, 32, 656250051)
(2022, 32, 656252550)
(2022, 32, 656255055)
(2022, 32, 656257554)
(2022, 32, 656260053)
(2022, 32, 656262593)
(2022, 32, 656265095)
(2022, 32, 656267595)
(2022, 32, 656270096)
(2022, 32, 656272594)
(2022, 32, 656275096)
(2022, 32, 656277592)
(2022, 32, 656280094)
(2022, 32, 656282593)
(2022, 32, 656285094)
(2022, 32, 656287597)
(2022, 32, 656290094)
(2022, 32, 656292598)
(2022, 32, 656295096)
(2022, 32, 656297594)
(2022, 32, 656300099)
(2022, 32, 656302595)
(2022, 32, 656305094)
(2022, 32, 656307593)
(2022, 32, 656310094)
(2022, 32, 656312597)
(2022, 32, 656315096)
(2022, 32, 656317591)
(2022, 32, 656320093)
(2022, 32, 656322636)
(2022, 32, 656325138)
(2022, 32, 656327638)
(2022, 32, 656330139)
(2022, 32, 656332641)
(2022, 32, 656335142)
(2022, 32, 656337637)
(2022, 32, 656340136)
(2022, 32, 656342638)
(2022, 32, 656345138)
(2022, 32, 656347639)
(2022, 32, 656350136)
(2022, 32, 656352638)
(2022, 32, 656355136)
(2022, 32, 656357639)
(2022, 32, 656360139)
(2022, 32, 656362636)
(2022, 32, 656365139)
(2022, 32, 656367639)
(2022, 32, 656370137)
(2022, 32, 656372638)
(2022, 32, 656375136)
(2022, 32, 656377638)
(2022, 32, 656380137)
(2022, 32, 656382684)
(2022, 32, 656385185)
(2022, 32, 656387682)
(2022, 32, 656390183)
(2022, 32, 656392686)
(2022, 32, 656395182)
(2022, 32, 656397685)
(2022, 32, 656400181)
(2022, 32, 656402682)
(2022, 32, 656405184)
(2022, 32, 656407683)
(2022, 32, 656410188)
(2022, 32, 656412683)
(2022, 32, 656415183)
(2022, 32, 656417683)
(2022, 32, 656420186)
(2022, 32, 656422686)
(2022, 32, 656425184)
(2022, 32, 656427682)
(2022, 32, 656430182)
(2022, 32, 656432683)
(2022, 32, 656435183)
(2022, 32, 656437684)
(2022, 32, 656440187)
(2022, 32, 656442730)
(2022, 32, 656445225)
(2022, 32, 656447728)
(2022, 32, 656450225)
(2022, 32, 656452726)
(2022, 32, 656455229)
(2022, 32, 656457729)
(2022, 32, 656460229)
(2022, 32, 656462730)
(2022, 32, 656465229)
(2022, 32, 656467728)
(2022, 32, 656470227)
(2022, 32, 656472728)
(2022, 32, 656475226)
(2022, 32, 656477725)
(2022, 32, 656480224)
(2022, 32, 656482729)
(2022, 32, 656485226)
(2022, 32, 656487729)
(2022, 32, 656490225)
(2022, 32, 656492728)
(2022, 32, 656495223)
(2022, 32, 656497725)
(2022, 32, 656500225)
(2022, 32, 656502769)
(2022, 32, 656505277)
(2022, 32, 656507774)
(2022, 32, 656510273)
(2022, 32, 656512773)
(2022, 32, 656515277)
(2022, 32, 656517774)
(2022, 32, 656520272)
(2022, 32, 656522770)
(2022, 32, 656525270)
(2022, 32, 656527774)
(2022, 32, 656530269)
(2022, 32, 656532773)
(2022, 32, 656535270)
(2022, 32, 656537773)
(2022, 32, 656540271)
(2022, 32, 656542770)
(2022, 32, 656545273)
(2022, 32, 656547773)
(2022, 32, 656550270)
(2022, 32, 656552771)
(2022, 32, 656555269)
(2022, 32, 656557769)
(2022, 32, 656560274)
(2022, 32, 656562815)
(2022, 32, 656565313)
(2022, 32, 656567814)
(2022, 32, 656570313)
(2022, 32, 656572816)
(2022, 32, 656575315)
(2022, 32, 656577815)
(2022, 32, 656580316)
(2022, 32, 656582815)
(2022, 32, 656585316)
(2022, 32, 656587814)
(2022, 32, 656590312)
(2022, 32, 656592816)
(2022, 32, 656595316)
(2022, 32, 656597816)
(2022, 32, 656600314)
(2022, 32, 656602813)
(2022, 32, 656605314)
(2022, 32, 656607817)
(2022, 32, 656610315)
(2022, 32, 656612817)
(2022, 32, 656615313)
(2022, 32, 656617817)
(2022, 32, 656620317)
(2022, 32, 656622859)
(2022, 32, 656625362)
(2022, 32, 656627860)
(2022, 32, 656630364)
(2022, 32, 656632860)
(2022, 32, 656635361)
(2022, 32, 656637858)
(2022, 32, 656640361)
(2022, 32, 656642862)
(2022, 32, 656645365)
(2022, 32, 656647865)
(2022, 32, 656650359)
(2022, 32, 656652863)
(2022, 32, 656655362)
(2022, 32, 656657860)
(2022, 32, 656660359)
(2022, 32, 656662859)
(2022, 32, 656665360)
(2022, 32, 656667862)
(2022, 32, 656670362)
(2022, 32, 656672860)
(2022, 32, 656675362)
(2022, 32, 656677859)
(2022, 32, 656680363)
(2022, 32, 656682907)
(2022, 32, 656685406)
(2022, 32, 656687907)
(2022, 32, 656690408)
(2022, 32, 656692908)
(2022, 32, 656695406)
(2022, 32, 656697908)
(2022, 32, 656700405)
(2022, 32, 656702909)
(2022, 32, 656705405)
(2022, 32, 656707906)
(2022, 32, 656710404)
(2022, 32, 656712907)
(2022, 32, 656715407)
(2022, 32, 656717908)
(2022, 32, 656720403)
(2022, 32, 656722906)
(2022, 32, 656725404)
(2022, 32, 656727904)
(2022, 32, 656730404)
(2022, 32, 656732906)
(2022, 32, 656735408)
(2022, 32, 656737905)
(2022, 32, 656740408)
(2022, 32, 656742948)
(2022, 32, 656745452)
(2022, 32, 656747949)
(2022, 32, 656750451)
(2022, 32, 656752948)
(2022, 32, 656755451)
(2022, 32, 656757953)
(2022, 32, 656760452)
(2022, 32, 656762953)
(2022, 32, 656765448)
(2022, 32, 656767951)
(2022, 32, 656770449)
(2022, 32, 656772951)
(2022, 32, 656775450)
(2022, 32, 656777947)
(2022, 32, 656780450)
(2022, 32, 656782947)
(2022, 32, 656785452)
(2022, 32, 656787948)
(2022, 32, 656790449)
(2022, 32, 656792950)
(2022, 32, 656795447)
(2022, 32, 656797954)
(2022, 32, 656800453)
(2022, 32, 656802993)
(2022, 32, 656805495)
(2022, 32, 656807994)
(2022, 32, 656810497)
(2022, 32, 656812992)
(2022, 32, 656815492)
(2022, 32, 656817994)
(2022, 32, 656820493)
(2022, 32, 656822995)
(2022, 32, 656825493)
(2022, 32, 656827995)
(2022, 32, 656830491)
(2022, 32, 656832996)
(2022, 32, 656835492)
(2022, 32, 656837994)
(2022, 32, 656840494)
(2022, 32, 656842993)
(2022, 32, 656845495)
(2022, 32, 656847995)
(2022, 32, 656850490)
(2022, 32, 656852991)
(2022, 32, 656855493)
(2022, 32, 656857995)
(2022, 32, 656860491)
(2022, 32, 656863035)
(2022, 32, 656865535)
(2022, 32, 656868038)
(2022, 32, 656870537)
(2022, 32, 656873039)
(2022, 32, 656875539)
(2022, 32, 656878035)
(2022, 32, 656880538)
(2022, 32, 656883037)
(2022, 32, 656885537)
(2022, 32, 656888037)
(2022, 32, 656890536)
(2022, 32, 656893038)
(2022, 32, 656895536)
(2022, 32, 656898036)
(2022, 32, 656900535)
(2022, 32, 656903039)
(2022, 32, 656905539)
(2022, 32, 656908037)
(2022, 32, 656910535)
(2022, 32, 656913036)
(2022, 32, 656915539)
(2022, 32, 656918035)
(2022, 32, 656920537)
(2022, 32, 656923083)
(2022, 32, 656925586)
(2022, 32, 656928084)
(2022, 32, 656930585)
(2022, 32, 656933082)
(2022, 32, 656935581)
(2022, 32, 656938082)
(2022, 32, 656940583)
(2022, 32, 656943083)
(2022, 32, 656945582)
(2022, 32, 656948081)
(2022, 32, 656950585)
(2022, 32, 656953081)
(2022, 32, 656955582)
(2022, 32, 656958082)
(2022, 32, 656960583)
(2022, 32, 656963082)
(2022, 32, 656965583)
(2022, 32, 656968080)
(2022, 32, 656970583)
(2022, 32, 656973082)
(2022, 32, 656975582)
(2022, 32, 656978082)
(2022, 32, 656980582)
(2022, 32, 656983125)
(2022, 32, 656985625)
(2022, 32, 656988130)
(2022, 32, 656990629)
(2022, 32, 656993128)
(2022, 32, 656995630)
(2022, 32, 656998128)
(2022, 32, 657000626)
(2022, 32, 657003127)
(2022, 32, 657005631)
(2022, 32, 657008127)
(2022, 32, 657010628)
(2022, 32, 657013131)
(2022, 32, 657015632)
(2022, 32, 657018127)
(2022, 32, 657020627)
(2022, 32, 657023127)
(2022, 32, 657025630)
(2022, 32, 657028126)
(2022, 32, 657030629)
(2022, 32, 657033132)
(2022, 32, 657035630)
(2022, 32, 657038128)
(2022, 32, 657040627)
(2022, 32, 657043176)
(2022, 32, 657045677)
(2022, 32, 657048179)
(2022, 32, 657050676)
(2022, 32, 657053175)
(2022, 32, 657055676)
(2022, 32, 657058175)
(2022, 32, 657060676)
(2022, 32, 657063180)
(2022, 32, 657065676)
(2022, 32, 657068178)
(2022, 32, 657070678)
(2022, 32, 657073176)
(2022, 32, 657075680)
(2022, 32, 657078179)
(2022, 32, 657080673)
(2022, 32, 657083174)
(2022, 32, 657085675)
(2022, 32, 657088176)
(2022, 32, 657090676)
(2022, 32, 657093176)
(2022, 32, 657095674)
(2022, 32, 657098174)
(2022, 32, 657100674)
(2022, 32, 657103217)
(2022, 32, 657105719)
(2022, 32, 657108221)
(2022, 32, 657110723)
(2022, 32, 657113219)
(2022, 32, 657115722)
(2022, 32, 657118220)
(2022, 32, 657120720)
(2022, 32, 657123218)
(2022, 32, 657125718)
(2022, 32, 657128220)
(2022, 32, 657130720)
(2022, 32, 657133220)
(2022, 32, 657135719)
(2022, 32, 657138221)
(2022, 32, 657140720)
(2022, 32, 657143221)
(2022, 32, 657145718)
(2022, 32, 657148217)
(2022, 32, 657150721)
(2022, 32, 657153220)
(2022, 32, 657155721)
(2022, 32, 657158225)
(2022, 32, 657160716)
(2022, 32, 657163262)
(2022, 32, 657165764)
(2022, 32, 657168260)
(2022, 32, 657170760)
(2022, 32, 657173263)
(2022, 32, 657175765)
(2022, 32, 657178263)
(2022, 32, 657180760)
(2022, 32, 657183264)
(2022, 32, 657185763)
(2022, 32, 657188262)
(2022, 32, 657190762)
(2022, 32, 657193263)
(2022, 32, 657195763)
(2022, 32, 657198260)
(2022, 32, 657200764)
(2022, 32, 657203264)
(2022, 32, 657205764)
(2022, 32, 657208263)
(2022, 32, 657210764)
(2022, 32, 657213266)
(2022, 32, 657215763)
(2022, 32, 657218262)
(2022, 32, 657220761)
(2022, 32, 657223307)
(2022, 32, 657225807)
(2022, 32, 657228305)
(2022, 32, 657230807)
(2022, 32, 657233305)
(2022, 32, 657235807)
(2022, 32, 657238305)
(2022, 32, 657240806)
(2022, 32, 657243308)
(2022, 32, 657245804)
(2022, 32, 657248307)
(2022, 32, 657250806)
(2022, 32, 657253305)
(2022, 32, 657255803)
(2022, 32, 657258308)
(2022, 32, 657260805)
(2022, 32, 657263311)
(2022, 32, 657265804)
(2022, 32, 657268312)
(2022, 32, 657270807)
(2022, 32, 657273311)
(2022, 32, 657275806)
(2022, 32, 657278310)
(2022, 32, 657280805)
(2022, 32, 657283359)
(2022, 32, 657285853)
(2022, 32, 657288357)
(2022, 32, 657290849)
(2022, 32, 657293358)
(2022, 32, 657295847)
(2022, 32, 657298361)
(2022, 32, 657300848)
(2022, 32, 657303353)
(2022, 32, 657305847)
(2022, 32, 657308351)
(2022, 32, 657310848)
(2022, 32, 657313351)
(2022, 32, 657315849)
(2022, 32, 657318348)
(2022, 32, 657320848)
(2022, 32, 657323352)
(2022, 32, 657325847)
(2022, 32, 657328350)
(2022, 32, 657330848)
(2022, 32, 657333348)
(2022, 32, 657335848)
(2022, 32, 657338353)
(2022, 32, 657340850)
(2022, 32, 657343395)
(2022, 32, 657345896)
(2022, 32, 657348396)
(2022, 32, 657350899)
(2022, 32, 657353393)
(2022, 32, 657355894)
(2022, 32, 657358396)
(2022, 32, 657360896)
(2022, 32, 657363394)
(2022, 32, 657365894)
(2022, 32, 657368393)
(2022, 32, 657370894)
(2022, 32, 657373394)
(2022, 32, 657375897)
(2022, 32, 657378393)
(2022, 32, 657380894)
(2022, 32, 657383399)
(2022, 32, 657385894)
(2022, 32, 657388394)
(2022, 32, 657390894)
(2022, 32, 657393396)
(2022, 32, 657395895)
(2022, 32, 657398395)
(2022, 32, 657400894)
(2022, 32, 657403439)
(2022, 32, 657405938)
(2022, 32, 657408442)
(2022, 32, 657410940)
(2022, 32, 657413438)
(2022, 32, 657415938)
(2022, 32, 657418437)
(2022, 32, 657420939)
(2022, 32, 657423438)
(2022, 32, 657425940)
(2022, 32, 657428440)
(2022, 32, 657430939)
(2022, 32, 657433439)
(2022, 32, 657435941)
(2022, 32, 657438441)
(2022, 32, 657440939)
(2022, 32, 657443439)
(2022, 32, 657445938)
(2022, 32, 657448437)
(2022, 32, 657450939)
(2022, 32, 657453440)
(2022, 32, 657455938)
(2022, 32, 657458439)
(2022, 32, 657460940)
(2022, 32, 657463488)
(2022, 32, 657465987)
(2022, 32, 657468488)
(2022, 32, 657470988)
(2022, 32, 657473485)
(2022, 32, 657475988)
(2022, 32, 657478488)
(2022, 32, 657480987)
(2022, 32, 657483488)
(2022, 32, 657485987)
(2022, 32, 657488488)
(2022, 32, 657490985)
(2022, 32, 657493486)
(2022, 32, 657495990)
(2022, 32, 657498487)
(2022, 32, 657500987)
(2022, 32, 657503489)
(2022, 32, 657505987)
(2022, 32, 657508487)
(2022, 32, 657510989)
(2022, 32, 657513486)
(2022, 32, 657515986)
(2022, 32, 657518488)
(2022, 32, 657520987)
(2022, 32, 657523533)
(2022, 32, 657526032)
(2022, 32, 657528537)
(2022, 32, 657531036)
(2022, 32, 657533533)
(2022, 32, 657536033)
(2022, 32, 657538536)
(2022, 32, 657541033)
(2022, 32, 657543536)
(2022, 32, 657546034)
(2022, 32, 657548533)
(2022, 32, 657551033)
(2022, 32, 657553535)
(2022, 32, 657556034)
(2022, 32, 657558532)
(2022, 32, 657561035)
(2022, 32, 657563536)
(2022, 32, 657566031)
(2022, 32, 657568535)
(2022, 32, 657571046)
(2022, 32, 657573532)
(2022, 32, 657576033)
(2022, 32, 657578534)
(2022, 32, 657581035)
(2022, 32, 657583580)
(2022, 32, 657586081)
(2022, 32, 657588580)
(2022, 32, 657591080)
(2022, 32, 657593582)
(2022, 32, 657596078)
(2022, 32, 657598580)
(2022, 32, 657601081)
(2022, 32, 657603582)
(2022, 32, 657606085)
(2022, 32, 657608581)
(2022, 32, 657611084)
(2022, 32, 657613580)
(2022, 32, 657616088)
(2022, 32, 657618585)
(2022, 32, 657621088)
(2022, 32, 657623580)
(2022, 32, 657626089)
(2022, 32, 657628582)
(2022, 32, 657631088)
(2022, 32, 657633582)
(2022, 32, 657636088)
(2022, 32, 657638580)
(2022, 32, 657641088)
(2022, 32, 657643631)
(2022, 32, 657646131)
(2022, 32, 657648628)
(2022, 32, 657651129)
(2022, 32, 657653631)
(2022, 32, 657656132)
(2022, 32, 657658631)
(2022, 32, 657661129)
(2022, 32, 657663629)
(2022, 32, 657666129)
(2022, 32, 657668631)
(2022, 32, 657671130)
(2022, 32, 657673631)
(2022, 32, 657676128)
(2022, 32, 657678630)
(2022, 32, 657681130)
(2022, 32, 657683632)
(2022, 32, 657686130)
(2022, 32, 657688628)
(2022, 32, 657691132)
(2022, 32, 657693631)
(2022, 32, 657696129)
(2022, 32, 657698631)
(2022, 32, 657701128)
(2022, 32, 657703674)
(2022, 32, 657706171)
(2022, 32, 657708672)
(2022, 32, 657711171)
(2022, 32, 657713673)
(2022, 32, 657716172)
(2022, 32, 657718670)
(2022, 32, 657721171)
(2022, 32, 657723676)
(2022, 32, 657726173)
(2022, 32, 657728670)
(2022, 32, 657731175)
(2022, 32, 657733672)
(2022, 32, 657736171)
(2022, 32, 657738674)
(2022, 32, 657741173)
(2022, 32, 657743673)
(2022, 32, 657746171)
(2022, 32, 657748674)
(2022, 32, 657751173)
(2022, 32, 657753671)
(2022, 32, 657756181)
(2022, 32, 657758670)
(2022, 32, 657761176)
(2022, 32, 657763720)
(2022, 32, 657766232)
(2022, 32, 657768719)
(2022, 32, 657771223)
(2022, 32, 657773721)
(2022, 32, 657776221)
(2022, 32, 657778719)
(2022, 32, 657781222)
(2022, 32, 657783721)
(2022, 32, 657786223)
(2022, 32, 657788721)
(2022, 32, 657791219)
(2022, 32, 657793721)
(2022, 32, 657796222)
(2022, 32, 657798723)
(2022, 32, 657801220)
(2022, 32, 657803720)
(2022, 32, 657806221)
(2022, 32, 657808719)
(2022, 32, 657811219)
(2022, 32, 657813725)
(2022, 32, 657816223)
(2022, 32, 657818721)
(2022, 32, 657821220)
(2022, 32, 657823769)
(2022, 32, 657826269)
(2022, 32, 657828770)
(2022, 32, 657831270)
(2022, 32, 657833770)
(2022, 32, 657836272)
(2022, 32, 657838769)
(2022, 32, 657841277)
(2022, 32, 657843769)
(2022, 32, 657846274)
(2022, 32, 657848767)
(2022, 32, 657851275)
(2022, 32, 657853769)
(2022, 32, 657856268)
(2022, 32, 657858770)
(2022, 32, 657861269)
(2022, 32, 657863766)
(2022, 32, 657866266)
(2022, 32, 657868770)
(2022, 32, 657871268)
(2022, 32, 657873768)
(2022, 32, 657876268)
(2022, 32, 657878769)
(2022, 32, 657881267)
(2022, 32, 657883813)
(2022, 32, 657886314)
(2022, 32, 657888811)
(2022, 32, 657891315)
(2022, 32, 657893813)
(2022, 32, 657896313)
(2022, 32, 657898813)
(2022, 32, 657901312)
(2022, 32, 657903816)
(2022, 32, 657906312)
(2022, 32, 657908813)
(2022, 32, 657911311)
(2022, 32, 657913816)
(2022, 32, 657916311)
(2022, 32, 657918813)
(2022, 32, 657921314)
(2022, 32, 657923812)
(2022, 32, 657926311)
(2022, 32, 657928812)
(2022, 32, 657931314)
(2022, 32, 657933815)
(2022, 32, 657936313)
(2022, 32, 657938815)
(2022, 32, 657941311)
(2022, 32, 657943857)
(2022, 32, 657946356)
(2022, 32, 657948859)
(2022, 32, 657951357)
(2022, 32, 657953860)
(2022, 32, 657956358)
(2022, 32, 657958858)
(2022, 32, 657961357)
(2022, 32, 657963862)
(2022, 32, 657966354)
(2022, 32, 657968858)
(2022, 32, 657971359)
(2022, 32, 657973857)
(2022, 32, 657976358)
(2022, 32, 657978856)
(2022, 32, 657981360)
(2022, 32, 657983858)
(2022, 32, 657986356)
(2022, 32, 657988856)
(2022, 32, 657991358)
(2022, 32, 657993858)
(2022, 32, 657996358)
(2022, 32, 657998858)
(2022, 32, 658001356)
(2022, 32, 658003902)
(2022, 32, 658006402)
(2022, 32, 658008903)
(2022, 32, 658011403)
(2022, 32, 658013899)
(2022, 32, 658016399)
(2022, 32, 658018900)
(2022, 32, 658021403)
(2022, 32, 658023904)
(2022, 32, 658026402)
(2022, 32, 658028901)
(2022, 32, 658031400)
(2022, 32, 658033900)
(2022, 32, 658036400)
(2022, 32, 658038904)
(2022, 32, 658041400)
(2022, 32, 658043898)
(2022, 32, 658046403)
(2022, 32, 658048899)
(2022, 32, 658051400)
(2022, 32, 658053899)
(2022, 32, 658056399)
(2022, 32, 658058898)
(2022, 32, 658061403)
(2022, 32, 658063948)
(2022, 32, 658066446)
(2022, 32, 658068948)
(2022, 32, 658071445)
(2022, 32, 658073948)
(2022, 32, 658076445)
(2022, 32, 658078944)
(2022, 32, 658081444)
(2022, 32, 658083945)
(2022, 32, 658086449)
(2022, 32, 658088948)
(2022, 32, 658091446)
(2022, 32, 658093945)
(2022, 32, 658096444)
(2022, 32, 658098947)
(2022, 32, 658101447)
(2022, 32, 658103946)
(2022, 32, 658106445)
(2022, 32, 658108947)
(2022, 32, 658111446)
(2022, 32, 658113945)
(2022, 32, 658116446)
(2022, 32, 658118947)
(2022, 32, 658121448)
(2022, 32, 658123993)
(2022, 32, 658126488)
(2022, 32, 658128995)
(2022, 32, 658131492)
(2022, 32, 658133989)
(2022, 32, 658136490)
(2022, 32, 658138993)
(2022, 32, 658141490)
(2022, 32, 658143989)
(2022, 32, 658146491)
(2022, 32, 658148993)
(2022, 32, 658151490)
(2022, 32, 658153989)
(2022, 32, 658156489)
(2022, 32, 658158993)
(2022, 32, 658161492)
(2022, 32, 658163992)
(2022, 32, 658166493)
(2022, 32, 658168992)
(2022, 32, 658171488)
(2022, 32, 658173990)
(2022, 32, 658176490)
(2022, 32, 658178990)
(2022, 32, 658181488)
(2022, 32, 658184037)
(2022, 32, 658186537)
(2022, 32, 658189038)
(2022, 32, 658191535)
(2022, 32, 658194037)
(2022, 32, 658196534)
(2022, 32, 658199038)
(2022, 32, 658201537)
(2022, 32, 658204036)
(2022, 32, 658206535)
(2022, 32, 658209038)
(2022, 32, 658211538)
(2022, 32, 658214035)
(2022, 32, 658216537)
(2022, 32, 658219034)
(2022, 32, 658221537)
(2022, 32, 658224039)
(2022, 32, 658226535)
(2022, 32, 658229037)
(2022, 32, 658231540)
(2022, 32, 658234038)
(2022, 32, 658236536)
(2022, 32, 658239036)
(2022, 32, 658241536)
(2022, 32, 658244083)
(2022, 32, 658246581)
(2022, 32, 658249085)
(2022, 32, 658251583)
(2022, 32, 658254083)
(2022, 32, 658256581)
(2022, 32, 658259079)
(2022, 32, 658261580)
(2022, 32, 658264079)
(2022, 32, 658266582)
(2022, 32, 658269080)
(2022, 32, 658271580)
(2022, 32, 658274080)
(2022, 32, 658276579)
(2022, 32, 658279081)
(2022, 32, 658281580)
(2022, 32, 658284079)
(2022, 32, 658286582)
(2022, 32, 658289081)
(2022, 32, 658291584)
(2022, 32, 658294080)
(2022, 32, 658296584)
(2022, 32, 658299080)
(2022, 32, 658301579)
(2022, 32, 658304122)
(2022, 32, 658306621)
(2022, 32, 658309122)
(2022, 32, 658311622)
(2022, 32, 658314121)
(2022, 32, 658316621)
(2022, 32, 658319121)
(2022, 32, 658321625)
(2022, 32, 658324125)
(2022, 32, 658326624)
(2022, 32, 658329119)
(2022, 32, 658331624)
(2022, 32, 658334119)
(2022, 32, 658336621)
(2022, 32, 658339123)
(2022, 32, 658341620)
(2022, 32, 658344121)
(2022, 32, 658346625)
(2022, 32, 658349122)
(2022, 32, 658351623)
(2022, 32, 658354123)
(2022, 32, 658356621)
(2022, 32, 658359119)
(2022, 32, 658361624)
(2022, 32, 658364167)
(2022, 32, 658366665)
(2022, 32, 658369163)
(2022, 32, 658371668)
(2022, 32, 658374167)
(2022, 32, 658376664)
(2022, 32, 658379165)
(2022, 32, 658381669)
(2022, 32, 658384169)
(2022, 32, 658386668)
(2022, 32, 658389166)
(2022, 32, 658391668)
(2022, 32, 658394167)
(2022, 32, 658396666)
(2022, 32, 658399166)
(2022, 32, 658401667)
(2022, 32, 658404166)
(2022, 32, 658406666)
(2022, 32, 658409164)
(2022, 32, 658411669)
(2022, 32, 658414168)
(2022, 32, 658416666)
(2022, 32, 658419166)
(2022, 32, 658421666)
(2022, 32, 658424207)
(2022, 32, 658426709)
(2022, 32, 658429211)
(2022, 32, 658431712)
(2022, 32, 658434210)
(2022, 32, 658436713)
(2022, 32, 658439208)
(2022, 32, 658441712)
(2022, 32, 658444208)
(2022, 32, 658446710)
(2022, 32, 658449214)
(2022, 32, 658451711)
(2022, 32, 658454211)
(2022, 32, 658456710)
(2022, 32, 658459212)
(2022, 32, 658461708)
(2022, 32, 658464211)
(2022, 32, 658466712)
(2022, 32, 658469208)
(2022, 32, 658471712)
(2022, 32, 658474211)
(2022, 32, 658476710)
(2022, 32, 658479209)
(2022, 32, 658481708)
(2022, 32, 658484253)
(2022, 32, 658486750)
(2022, 32, 658489256)
(2022, 32, 658491750)
(2022, 32, 658494250)
(2022, 32, 658496751)
(2022, 32, 658499251)
(2022, 32, 658501751)
(2022, 32, 658504255)
(2022, 32, 658506754)
(2022, 32, 658509252)
(2022, 32, 658511752)
(2022, 32, 658514253)
(2022, 32, 658516754)
(2022, 32, 658519250)
(2022, 32, 658521751)
(2022, 32, 658524253)
(2022, 32, 658526753)
(2022, 32, 658529251)
(2022, 32, 658531752)
(2022, 32, 658534252)
(2022, 32, 658536752)
(2022, 32, 658539250)
(2022, 32, 658541751)
(2022, 32, 658544299)
(2022, 32, 658546797)
(2022, 32, 658549299)
(2022, 32, 658551796)
(2022, 32, 658554298)
(2022, 32, 658556799)
(2022, 32, 658559297)
(2022, 32, 658561798)
(2022, 32, 658564296)
(2022, 32, 658566798)
(2022, 32, 658569298)
(2022, 32, 658571798)
(2022, 32, 658574298)
(2022, 32, 658576800)
(2022, 32, 658579295)
(2022, 32, 658581797)
(2022, 32, 658584299)
(2022, 32, 658586797)
(2022, 32, 658589299)
(2022, 32, 658591797)
(2022, 32, 658594299)
(2022, 32, 658596797)
(2022, 32, 658599299)
(2022, 32, 658601799)
(2022, 32, 658604342)
(2022, 32, 658606843)
(2022, 32, 658609342)
(2022, 32, 658611844)
(2022, 32, 658614347)
(2022, 32, 658616842)
(2022, 32, 658619342)
(2022, 32, 658621842)
(2022, 32, 658624344)
(2022, 32, 658626843)
(2022, 32, 658629343)
(2022, 32, 658631840)
(2022, 32, 658634342)
(2022, 32, 658636843)
(2022, 32, 658639342)
(2022, 32, 658641841)
(2022, 32, 658644342)
(2022, 32, 658646843)
(2022, 32, 658649343)
(2022, 32, 658651842)
(2022, 32, 658654341)
(2022, 32, 658656844)
(2022, 32, 658659342)
(2022, 32, 658661843)
(2022, 32, 658664387)
(2022, 32, 658666884)
(2022, 32, 658669381)
(2022, 32, 658671884)
(2022, 32, 658674383)
(2022, 32, 658676884)
(2022, 32, 658679388)
(2022, 32, 658681882)
(2022, 32, 658684385)
(2022, 32, 658686882)
(2022, 32, 658689382)
(2022, 32, 658691881)
(2022, 32, 658694382)
(2022, 32, 658696886)
(2022, 32, 658699385)
(2022, 32, 658701882)
(2022, 32, 658704383)
(2022, 32, 658706889)
(2022, 32, 658709384)
(2022, 32, 658711886)
(2022, 32, 658714386)
(2022, 32, 658716885)
(2022, 32, 658719388)
(2022, 32, 658721885)
(2022, 32, 658724426)
(2022, 32, 658726931)
(2022, 32, 658729426)
(2022, 32, 658731927)
(2022, 32, 658734428)
(2022, 32, 658736927)
(2022, 32, 658739428)
(2022, 32, 658741932)
(2022, 32, 658744427)
(2022, 32, 658746925)
(2022, 32, 658749426)
(2022, 32, 658751928)
(2022, 32, 658754428)
(2022, 32, 658756927)
(2022, 32, 658759429)
(2022, 32, 658761928)
(2022, 32, 658764426)
(2022, 32, 658766926)
(2022, 32, 658769430)
(2022, 32, 658771930)
(2022, 32, 658774426)
(2022, 32, 658776927)
(2022, 32, 658779426)
(2022, 32, 658781932)
(2022, 32, 658784472)
(2022, 32, 658786973)
(2022, 32, 658789476)
(2022, 32, 658791972)
(2022, 32, 658794472)
(2022, 32, 658796974)
(2022, 32, 658799473)
(2022, 32, 658801972)
(2022, 32, 658804472)
(2022, 32, 658806973)
(2022, 32, 658809471)
(2022, 32, 658811975)
(2022, 32, 658814474)
(2022, 32, 658816976)
(2022, 32, 658819476)
(2022, 32, 658821972)
(2022, 32, 658824473)
(2022, 32, 658826973)
(2022, 32, 658829470)
(2022, 32, 658831970)
(2022, 32, 658834471)
(2022, 32, 658836970)
(2022, 32, 658839471)
(2022, 32, 658841971)
(2022, 32, 658844518)
(2022, 32, 658847019)
(2022, 32, 658849520)
(2022, 32, 658852021)
(2022, 32, 658854522)
(2022, 32, 658857018)
(2022, 32, 658859520)
(2022, 32, 658862018)
(2022, 32, 658864521)
(2022, 32, 658867017)
(2022, 32, 658869522)
(2022, 32, 658872019)
(2022, 32, 658874521)
(2022, 32, 658877022)
(2022, 32, 658879518)
(2022, 32, 658882023)
(2022, 32, 658884520)
(2022, 32, 658887019)
(2022, 32, 658889520)
(2022, 32, 658892024)
(2022, 32, 658894519)
(2022, 32, 658897023)
(2022, 32, 658899521)
(2022, 32, 658902018)
(2022, 32, 658904563)
(2022, 32, 658907064)
(2022, 32, 658909567)
(2022, 32, 658912062)
(2022, 32, 658914564)
(2022, 32, 658917063)
(2022, 32, 658919565)
(2022, 32, 658922060)
(2022, 32, 658924565)
(2022, 32, 658927064)
(2022, 32, 658929562)
(2022, 32, 658932062)
(2022, 32, 658934562)
(2022, 32, 658937064)
(2022, 32, 658939562)
(2022, 32, 658942064)
(2022, 32, 658944561)
(2022, 32, 658947061)
(2022, 32, 658949565)
(2022, 32, 658952061)
(2022, 32, 658954562)
(2022, 32, 658957063)
(2022, 32, 658959562)
(2022, 32, 658962065)
(2022, 32, 658964606)
(2022, 32, 658967104)
(2022, 32, 658969608)
(2022, 32, 658972107)
(2022, 32, 658974604)
(2022, 32, 658977107)
(2022, 32, 658979605)
(2022, 32, 658982104)
(2022, 32, 658984618)
(2022, 32, 658987105)
(2022, 32, 658989606)
(2022, 32, 658992105)
(2022, 32, 658994607)
(2022, 32, 658997104)
(2022, 32, 658999604)
(2022, 32, 659002105)
(2022, 32, 659004605)
(2022, 32, 659007106)
(2022, 32, 659009603)
(2022, 32, 659012103)
(2022, 32, 659014605)
(2022, 32, 659017104)
(2022, 32, 659019603)
(2022, 32, 659022107)
(2022, 32, 659024652)
(2022, 32, 659027150)
(2022, 32, 659029651)
(2022, 32, 659032156)
(2022, 32, 659034650)
(2022, 32, 659037156)
(2022, 32, 659039650)
(2022, 32, 659042151)
(2022, 32, 659044651)
(2022, 32, 659047150)
(2022, 32, 659049654)
(2022, 32, 659052151)
(2022, 32, 659054654)
(2022, 32, 659057157)
(2022, 32, 659059651)
(2022, 32, 659062152)
(2022, 32, 659064652)
(2022, 32, 659067152)
(2022, 32, 659069650)
(2022, 32, 659072152)
(2022, 32, 659074651)
(2022, 32, 659077151)
(2022, 32, 659079651)
(2022, 32, 659082154)
(2022, 32, 659084694)
(2022, 32, 659087203)
(2022, 32, 659089696)
(2022, 32, 659092197)
(2022, 32, 659094695)
(2022, 32, 659097194)
(2022, 32, 659099693)
(2022, 32, 659102197)
(2022, 32, 659104694)
(2022, 32, 659107197)
(2022, 32, 659109691)
(2022, 32, 659112193)
(2022, 32, 659114692)
(2022, 32, 659117191)
(2022, 32, 659119696)
(2022, 32, 659122195)
(2022, 32, 659124692)
(2022, 32, 659127192)
(2022, 32, 659129692)
(2022, 32, 659132192)
(2022, 32, 659134692)
(2022, 32, 659137191)
(2022, 32, 659139693)
(2022, 32, 659142194)
(2022, 32, 659144741)
(2022, 32, 659147239)
(2022, 32, 659149737)
(2022, 32, 659152237)
(2022, 32, 659154737)
(2022, 32, 659157240)
(2022, 32, 659159741)
(2022, 32, 659162240)
(2022, 32, 659164738)
(2022, 32, 659167240)
(2022, 32, 659169739)
(2022, 32, 659172240)
(2022, 32, 659174738)
(2022, 32, 659177237)
(2022, 32, 659179740)
(2022, 32, 659182238)
(2022, 32, 659184740)
(2022, 32, 659187237)
(2022, 32, 659189737)
(2022, 32, 659192237)
(2022, 32, 659194738)
(2022, 32, 659197240)
(2022, 32, 659199741)
(2022, 32, 659202239)
(2022, 32, 659204786)
(2022, 32, 659207286)
(2022, 32, 659209789)
(2022, 32, 659212286)
(2022, 32, 659214784)
(2022, 32, 659217286)
(2022, 32, 659219783)
(2022, 32, 659222285)
(2022, 32, 659224783)
(2022, 32, 659227283)
(2022, 32, 659229786)
(2022, 32, 659232283)
(2022, 32, 659234788)
(2022, 32, 659237287)
(2022, 32, 659239784)
(2022, 32, 659242284)
(2022, 32, 659244783)
(2022, 32, 659247289)
(2022, 32, 659249784)
(2022, 32, 659252284)
(2022, 32, 659254785)
(2022, 32, 659257288)
(2022, 32, 659259789)
(2022, 32, 659262283)
(2022, 32, 659264828)
(2022, 32, 659267327)
(2022, 32, 659269828)
(2022, 32, 659272330)
(2022, 32, 659274833)
(2022, 32, 659277331)
(2022, 32, 659279828)
(2022, 32, 659282329)
(2022, 32, 659284828)
(2022, 32, 659287329)
(2022, 32, 659289829)
(2022, 32, 659292331)
(2022, 32, 659294828)
(2022, 32, 659297327)
(2022, 32, 659299832)
(2022, 32, 659302331)
(2022, 32, 659304832)
(2022, 32, 659307330)
(2022, 32, 659309827)
(2022, 32, 659312329)
(2022, 32, 659314831)
(2022, 32, 659317330)
(2022, 32, 659319832)
(2022, 32, 659322329)
(2022, 32, 659324871)
(2022, 32, 659327371)
(2022, 32, 659329872)
(2022, 32, 659332370)
(2022, 32, 659334871)
(2022, 32, 659337372)
(2022, 32, 659339872)
(2022, 32, 659342372)
(2022, 32, 659344871)
(2022, 32, 659347369)
(2022, 32, 659349868)
(2022, 32, 659352370)
(2022, 32, 659354873)
(2022, 32, 659357368)
(2022, 32, 659359871)
(2022, 32, 659362371)
(2022, 32, 659364871)
(2022, 32, 659367371)
(2022, 32, 659369870)
(2022, 32, 659372373)
(2022, 32, 659374870)
(2022, 32, 659377370)
(2022, 32, 659379871)
(2022, 32, 659382371)
(2022, 32, 659384914)
(2022, 32, 659387415)
(2022, 32, 659389917)
(2022, 32, 659392414)
(2022, 32, 659394917)
(2022, 32, 659397415)
(2022, 32, 659399914)
(2022, 32, 659402414)
(2022, 32, 659404917)
(2022, 32, 659407416)
(2022, 32, 659409912)
(2022, 32, 659412420)
(2022, 32, 659414912)
(2022, 32, 659417415)
(2022, 32, 659419916)
(2022, 32, 659422413)
(2022, 32, 659424913)
(2022, 32, 659427415)
(2022, 32, 659429913)
(2022, 32, 659432417)
(2022, 32, 659434916)
(2022, 32, 659437417)
(2022, 32, 659439916)
(2022, 32, 659442415)
(2022, 32, 659444960)
(2022, 32, 659447462)
(2022, 32, 659449963)
(2022, 32, 659452461)
(2022, 32, 659454964)
(2022, 32, 659457462)
(2022, 32, 659459963)
(2022, 32, 659462465)
(2022, 32, 659464963)
(2022, 32, 659467466)
(2022, 32, 659469964)
(2022, 32, 659472461)
(2022, 32, 659474966)
(2022, 32, 659477460)
(2022, 32, 659479962)
(2022, 32, 659482460)
(2022, 32, 659484962)
(2022, 32, 659487463)
(2022, 32, 659489962)
(2022, 32, 659492461)
(2022, 32, 659494961)
(2022, 32, 659497462)
(2022, 32, 659499961)
(2022, 32, 659502461)
(2022, 32, 659505009)
(2022, 32, 659507508)
(2022, 32, 659510009)
(2022, 32, 659512513)
(2022, 32, 659515007)
(2022, 32, 659517510)
(2022, 32, 659520009)
(2022, 32, 659522511)
(2022, 32, 659525007)
(2022, 32, 659527507)
(2022, 32, 659530007)
(2022, 32, 659532507)
(2022, 32, 659535008)
(2022, 32, 659537510)
(2022, 32, 659540011)
(2022, 32, 659542507)
(2022, 32, 659545009)
(2022, 32, 659547509)
(2022, 32, 659550012)
(2022, 32, 659552511)
(2022, 32, 659555008)
(2022, 32, 659557507)
(2022, 32, 659560007)
(2022, 32, 659562509)
(2022, 32, 659565053)
(2022, 32, 659567551)
(2022, 32, 659570051)
(2022, 32, 659572548)
(2022, 32, 659575050)
(2022, 32, 659577550)
(2022, 32, 659580049)
(2022, 32, 659582550)
(2022, 32, 659585052)
(2022, 32, 659587547)
(2022, 32, 659590052)
(2022, 32, 659592550)
(2022, 32, 659595050)
(2022, 32, 659597553)
(2022, 32, 659600051)
(2022, 32, 659602550)
(2022, 32, 659605049)
(2022, 32, 659607549)
(2022, 32, 659610050)
(2022, 32, 659612548)
(2022, 32, 659615057)
(2022, 32, 659617549)
(2022, 32, 659620050)
(2022, 32, 659622552)
(2022, 32, 659625104)
(2022, 32, 659627606)
(2022, 32, 659630100)
(2022, 32, 659632605)
(2022, 32, 659635104)
(2022, 32, 659637604)
(2022, 32, 659640102)
(2022, 32, 659642606)
(2022, 32, 659645101)
(2022, 32, 659647603)
(2022, 32, 659650101)
(2022, 32, 659652606)
(2022, 32, 659655104)
(2022, 32, 659657602)
(2022, 32, 659660102)
(2022, 32, 659662602)
(2022, 32, 659665104)
(2022, 32, 659667601)
(2022, 32, 659670101)
(2022, 32, 659672601)
(2022, 32, 659675105)
(2022, 32, 659677603)
(2022, 32, 659680103)
(2022, 32, 659682604)
(2022, 32, 659685189)
(2022, 32, 659687689)
(2022, 32, 659690189)
(2022, 32, 659692688)
(2022, 32, 659695188)
(2022, 32, 659697690)
(2022, 32, 659700191)
(2022, 32, 659702689)
(2022, 32, 659705189)
(2022, 32, 659707688)
(2022, 32, 659710189)
(2022, 32, 659712691)
(2022, 32, 659715187)
(2022, 32, 659717690)
(2022, 32, 659720187)
(2022, 32, 659722690)
(2022, 32, 659725186)
(2022, 32, 659727689)
(2022, 32, 659730188)
(2022, 32, 659732689)
(2022, 32, 659735186)
(2022, 32, 659737688)
(2022, 32, 659740187)
(2022, 32, 659742689)
(2022, 32, 659745235)
(2022, 32, 659747739)
(2022, 32, 659750237)
(2022, 32, 659752737)
(2022, 32, 659755238)
(2022, 32, 659757737)
(2022, 32, 659760236)
(2022, 32, 659762735)
(2022, 32, 659765235)
(2022, 32, 659767736)
(2022, 32, 659770237)
(2022, 32, 659772736)
(2022, 32, 659775239)
(2022, 32, 659777736)
(2022, 32, 659780237)
(2022, 32, 659782738)
(2022, 32, 659785239)
(2022, 32, 659787738)
(2022, 32, 659790235)
(2022, 32, 659792736)
(2022, 32, 659795234)
(2022, 32, 659797735)
(2022, 32, 659800235)
(2022, 32, 659802736)
(2022, 32, 659805282)
(2022, 32, 659807778)
(2022, 32, 659810282)
(2022, 32, 659812780)
(2022, 32, 659815282)
(2022, 32, 659817780)
(2022, 32, 659820281)
(2022, 32, 659822783)
(2022, 32, 659825280)
(2022, 32, 659827781)
(2022, 32, 659830281)
(2022, 32, 659832784)
(2022, 32, 659835284)
(2022, 32, 659837779)
(2022, 32, 659840282)
(2022, 32, 659842781)
(2022, 32, 659845281)
(2022, 32, 659847782)
(2022, 32, 659850280)
(2022, 32, 659852779)
(2022, 32, 659855282)
(2022, 32, 659857781)
(2022, 32, 659860283)
(2022, 32, 659862780)
(2022, 32, 659865325)
(2022, 32, 659867824)
(2022, 32, 659870328)
(2022, 32, 659872824)
(2022, 32, 659875328)
(2022, 32, 659877824)
(2022, 32, 659880325)
(2022, 32, 659882825)
(2022, 32, 659885324)
(2022, 32, 659887827)
(2022, 32, 659890322)
(2022, 32, 659892822)
(2022, 32, 659895326)
(2022, 32, 659897824)
(2022, 32, 659900324)
(2022, 32, 659902823)
(2022, 32, 659905322)
(2022, 32, 659907824)
(2022, 32, 659910329)
(2022, 32, 659912823)
(2022, 32, 659915324)
(2022, 32, 659917827)
(2022, 32, 659920326)
(2022, 32, 659922826)
(2022, 32, 659925374)
(2022, 32, 659927877)
(2022, 32, 659930373)
(2022, 32, 659932875)
(2022, 32, 659935373)
(2022, 32, 659937875)
(2022, 32, 659940374)
(2022, 32, 659942874)
(2022, 32, 659945374)
(2022, 32, 659947877)
(2022, 32, 659950376)
(2022, 32, 659952875)
(2022, 32, 659955375)
(2022, 32, 659957877)
(2022, 32, 659960376)
(2022, 32, 659962878)
(2022, 32, 659965375)
(2022, 32, 659967872)
(2022, 32, 659970374)
(2022, 32, 659972874)
(2022, 32, 659975374)
(2022, 32, 659977873)
(2022, 32, 659980376)
(2022, 32, 659982876)
(2022, 32, 659985417)
(2022, 32, 659987917)
(2022, 32, 659990419)
(2022, 32, 659992917)
(2022, 32, 659995420)
(2022, 32, 659997917)
(2022, 32, 660000416)
(2022, 32, 660002919)
(2022, 32, 660005416)
(2022, 32, 660007921)
(2022, 32, 660010417)
(2022, 32, 660012916)
(2022, 32, 660015414)
(2022, 32, 660017918)
(2022, 32, 660020415)
(2022, 32, 660022918)
(2022, 32, 660025420)
(2022, 32, 660027920)
(2022, 32, 660030415)
(2022, 32, 660032914)
(2022, 32, 660035419)
(2022, 32, 660037919)
(2022, 32, 660040416)
(2022, 32, 660042916)
(2022, 32, 660045466)
(2022, 32, 660047959)
(2022, 32, 660050459)
(2022, 32, 660052960)
(2022, 32, 660055464)
(2022, 32, 660057959)
(2022, 32, 660060460)
(2022, 32, 660062960)
(2022, 32, 660065462)
(2022, 32, 660067961)
(2022, 32, 660070458)
(2022, 32, 660072962)
(2022, 32, 660075460)
(2022, 32, 660077958)
(2022, 32, 660080461)
(2022, 32, 660082960)
(2022, 32, 660085462)
(2022, 32, 660087959)
(2022, 32, 660090460)
(2022, 32, 660092964)
(2022, 32, 660095464)
(2022, 32, 660097961)
(2022, 32, 660100464)
(2022, 32, 660102962)
(2022, 32, 660105504)
(2022, 32, 660108005)
(2022, 32, 660110503)
(2022, 32, 660113010)
(2022, 32, 660115508)
(2022, 32, 660118008)
(2022, 32, 660120506)
(2022, 32, 660123005)
(2022, 32, 660125503)
(2022, 32, 660128003)
(2022, 32, 660130504)
(2022, 32, 660133007)
(2022, 32, 660135505)
(2022, 32, 660138003)
(2022, 32, 660140503)
(2022, 32, 660143003)
(2022, 32, 660145503)
(2022, 32, 660148004)
(2022, 32, 660150504)
(2022, 32, 660153006)
(2022, 32, 660155502)
(2022, 32, 660158002)
(2022, 32, 660160503)
(2022, 32, 660163002)
(2022, 32, 660165548)
(2022, 32, 660168047)
(2022, 32, 660170548)
(2022, 32, 660173048)
(2022, 32, 660175548)
(2022, 32, 660178048)
(2022, 32, 660180549)
(2022, 32, 660183049)
(2022, 32, 660185546)
(2022, 32, 660188049)
(2022, 32, 660190548)
(2022, 32, 660193050)
(2022, 32, 660195548)
(2022, 32, 660198048)
(2022, 32, 660200548)
(2022, 32, 660203047)
(2022, 32, 660205548)
(2022, 32, 660208052)
(2022, 32, 660210550)
(2022, 32, 660213049)
(2022, 32, 660215547)
(2022, 32, 660218046)
(2022, 32, 660220549)
(2022, 32, 660223045)
(2022, 32, 660225592)
(2022, 32, 660228091)
(2022, 32, 660230595)
(2022, 32, 660233093)
(2022, 32, 660235592)
(2022, 32, 660238092)
(2022, 32, 660240593)
(2022, 32, 660243092)
(2022, 32, 660245592)
(2022, 32, 660248092)
(2022, 32, 660250594)
(2022, 32, 660253093)
(2022, 32, 660255596)
(2022, 32, 660258092)
(2022, 32, 660260594)
(2022, 32, 660263092)
(2022, 32, 660265592)
(2022, 32, 660268093)
(2022, 32, 660270593)
(2022, 32, 660273092)
(2022, 32, 660275596)
(2022, 32, 660278093)
(2022, 32, 660280594)
(2022, 32, 660283095)
(2022, 32, 660285636)
(2022, 32, 660288138)
(2022, 32, 660290635)
(2022, 32, 660293135)
(2022, 32, 660295636)
(2022, 32, 660298136)
(2022, 32, 660300635)
(2022, 32, 660303139)
(2022, 32, 660305634)
(2022, 32, 660308135)
(2022, 32, 660310635)
(2022, 32, 660313138)
(2022, 32, 660315638)
(2022, 32, 660318136)
(2022, 32, 660320636)
(2022, 32, 660323136)
(2022, 32, 660325638)
(2022, 32, 660328137)
(2022, 32, 660330638)
(2022, 32, 660333137)
(2022, 32, 660335637)
(2022, 32, 660338137)
(2022, 32, 660340640)
(2022, 32, 660343139)
(2022, 32, 660345681)
(2022, 32, 660348180)
(2022, 32, 660350682)
(2022, 32, 660353177)
(2022, 32, 660355680)
(2022, 32, 660358179)
(2022, 32, 660360680)
(2022, 32, 660363180)
(2022, 32, 660365677)
(2022, 32, 660368179)
(2022, 32, 660370680)
(2022, 32, 660373179)
(2022, 32, 660375679)
(2022, 32, 660378179)
(2022, 32, 660380677)
(2022, 32, 660383180)
(2022, 32, 660385678)
(2022, 32, 660388178)
(2022, 32, 660390677)
(2022, 32, 660393177)
(2022, 32, 660395678)
(2022, 32, 660398179)
(2022, 32, 660400681)
(2022, 32, 660403178)
(2022, 32, 660405730)
(2022, 32, 660408226)
(2022, 32, 660410726)
(2022, 32, 660413227)
(2022, 32, 660415728)
(2022, 32, 660418224)
(2022, 32, 660420726)
(2022, 32, 660423230)
(2022, 32, 660425728)
(2022, 32, 660428224)
(2022, 32, 660430725)
(2022, 32, 660433227)
(2022, 32, 660435727)
(2022, 32, 660438224)
(2022, 32, 660440723)
(2022, 32, 660443228)
(2022, 32, 660445724)
(2022, 32, 660448228)
(2022, 32, 660450726)
(2022, 32, 660453227)
(2022, 32, 660455728)
(2022, 32, 660458227)
(2022, 32, 660460725)
(2022, 32, 660463224)
(2022, 32, 660465770)
(2022, 32, 660468272)
(2022, 32, 660470772)
(2022, 32, 660473271)
(2022, 32, 660475773)
(2022, 32, 660478269)
(2022, 32, 660480770)
(2022, 32, 660483273)
(2022, 32, 660485773)
(2022, 32, 660488270)
(2022, 32, 660490772)
(2022, 32, 660493270)
(2022, 32, 660495770)
(2022, 32, 660498271)
(2022, 32, 660500770)
(2022, 32, 660503270)
(2022, 32, 660505770)
(2022, 32, 660508272)
(2022, 32, 660510771)
(2022, 32, 660513273)
(2022, 32, 660515770)
(2022, 32, 660518272)
(2022, 32, 660520772)
(2022, 32, 660523271)
(2022, 32, 660525818)
(2022, 32, 660528326)
(2022, 32, 660530821)
(2022, 32, 660533324)
(2022, 32, 660535822)
(2022, 32, 660538321)
(2022, 32, 660540819)
(2022, 32, 660543320)
(2022, 32, 660545818)
(2022, 32, 660548320)
(2022, 32, 660550820)
(2022, 32, 660553320)
(2022, 32, 660555820)
(2022, 32, 660558319)
(2022, 32, 660560819)
(2022, 32, 660563320)
(2022, 32, 660565819)
(2022, 32, 660568322)
(2022, 32, 660570821)
(2022, 32, 660573318)
(2022, 32, 660575819)
(2022, 32, 660578318)
(2022, 32, 660580821)
(2022, 32, 660583320)
(2022, 32, 660585863)
(2022, 32, 660588361)
(2022, 32, 660590861)
(2022, 32, 660593362)
(2022, 32, 660595863)
(2022, 32, 660598364)
(2022, 32, 660600862)
(2022, 32, 660603360)
(2022, 32, 660605863)
(2022, 32, 660608364)
(2022, 32, 660610863)
(2022, 32, 660613361)
(2022, 32, 660615862)
(2022, 32, 660618362)
(2022, 32, 660620861)
(2022, 32, 660623365)
(2022, 32, 660625861)
(2022, 32, 660628362)
(2022, 32, 660630863)
(2022, 32, 660633364)
(2022, 32, 660635862)
(2022, 32, 660638363)
(2022, 32, 660640862)
(2022, 32, 660643361)
(2022, 32, 660645909)
(2022, 32, 660648409)
