-14.737608643
-12.576169164
-10.406186109
-8.3311820859
-6.9254731149
-5.9980613899
-5.1919326529
-5.8508064009
-7.9525109089
-8.0158466019
-7.2315746819
-7.2535554009
-5.7231655969
-5.5205768029
-5.2949559689
-4.9866073439
-4.9377764359
-4.1424421899
-3.9715884639
-4.5783963429
-5.2316841599
-4.9460300759
-5.6378771859
-6.8563003119
-7.9109811159
-8.6126099399
-9.0462382549
-7.9723987839
-6.8551844919
-7.0100185749
-5.5815728759
-5.7964701319
-5.0119958879
-5.6675839139
-5.7201253929
-7.1674995909
-7.8270638379
-7.9702850719
-8.3329541439
-7.0957412539
-5.5987343149
-4.5404029719
-3.5923131539
-2.7978003579
-3.0761116169
-4.1976218709
-4.8978923669
-4.7001329719
-4.9107247059
-5.0751595119
-5.4947940789
-5.5379568629
-7.0157689349
-7.1083132709
-8.1349340539
-7.9340119399
-7.4139309899
-6.6746980689
-7.0746527269
-7.9823683589
-7.9170646919
-7.2843895159
-6.2256063699
-5.6545455299
-5.5442492109
-5.4787067939
-5.2521068029
-4.1005518729
-2.9191000399
-2.4456873309
-2.8748954009
-4.3599060749
-6.0594267349
-5.7865225949
-5.9373078319
-5.5174352889
-4.4828378069
-3.2219664729
-2.5996226809
-3.2240902469
-4.5943210809
-5.9941839349
-6.4483749579
-5.3787582199
-5.9221209449
-5.8842737809
-5.8725239039
-7.0425999259
-7.3276145079
-7.0789151259
-7.0294224509
-7.1144877199
-6.7095266299
-6.2635946549
-6.9586079739
-7.0930089799
-6.8632046009
-7.7542415229
-8.6760751629
-9.2374968969
-8.1826416359
-8.7110052399
-9.2947810309
-8.2627935289
-7.4343966679
-7.6791623869
-7.6190329089
-7.8008659009
-7.9742380039
-8.4358022699
-9.2477441639
-9.0020881009
-8.6434561499
-8.5261519069
-8.1709523509
-8.1188120109
-8.7262679709
-8.4608576189
-8.2724623299
-8.3751233169
-8.7365837459
-8.2075350789
-8.9469376939
-9.2797233929
-8.7006013029
-8.3425957549
-7.2502855059
-6.4154275039
-6.5533874869
-6.3053250759
-6.5206506219
-6.8471685559
-8.5568547069
-12.284883465
-14.571578642
-15.069499128
-16.938841494
-16.818334447
-15.714430951
-15.649151478
-16.666598472
-17.061922431
-14.990085609
-13.967952005
-14.393376462
-16.535963081
-17.18584443
-17.079177391
-16.142511505
-15.076801507
-15.045998962
-15.241092701
-15.374769994
-14.657564824
-14.192863293
-13.44699945
-14.04949236
-14.755516157
-14.204921665
-14.560905472
-15.027273829
-14.792617541
-13.767205982
-13.681600211
-14.184329787
-16.007312307
-14.845358133
-12.961223477
-13.917625426
-13.460844497
-11.162501461
-11.959329424
-11.110689599
-9.9961348839
-12.284682636
-12.012517413
-11.692012283
-9.9664775599
-8.6884974619
-7.8609092679
-7.8261673519
-7.4725279499
-6.9531221349
-7.3569277189
-7.5041738469
-7.1356374939
-6.7062326559
-6.6937406439
-6.8764864019
-7.5140028219
-7.3865178479
-6.5766442039
-6.8881506069
-7.1794281469
-6.6339516179
-6.9081175519
-7.2433750859
-7.2526384909
-7.3333134609
-7.0918978089
-6.7703496469
-6.4745064409
-6.1174662989
-6.1620663389
-6.5696837689
-6.4462486729
-6.1105424459
-6.6465038459
-7.0037747179
-6.8889327019
-6.4610093969
-5.7183594069
-6.2918850799
-5.7618205379
-5.6406742219
-5.4834365259
-6.2140319209
-6.8475874719
-6.8872068829
-7.0417622909
-7.4156710049
-7.4403400409
-7.6318755879
-8.2852722069
-8.3122187799
-7.0673828999
-6.4910496689
-6.7707246279
-6.6477683029
-6.3159182599
-6.6681931539
-7.0123715789
-6.7636647969
-6.9558476859
-7.5686240839
-7.5413290219
-7.7562520469
-7.8265478419
-7.3916060759
-7.3741766549
-7.8015532279
-7.7296846209
-7.5643596119
-8.1954107859
-8.6670857269
-8.5393390809
-8.7853490239
-8.8530521959
-8.2286863669
-7.8987011629
-8.4556332689
-8.2930340109
-7.2872050179
-6.7992983039
-6.7067056019
-6.4142762259
-6.6687186179
-7.4845982139
-6.6669270309
-6.3403636029
-6.8131590769
-7.3225953469
-7.2679589199
-6.4548516399
-5.9560428929
-6.0625812889
-6.0561408279
-5.9695468559
-6.2271126389
-6.1702991249
-6.6451715519
-6.7464502759
-6.1874446419
-5.4882675289
-5.2790233489
-5.2139965599
-5.1495519339
-5.7867693079
-6.9322793639
-6.1171006099
-5.3024969239
-5.4861975929
-6.0819627009
-5.8403784579
-5.8588438139
-6.3565625149
-7.0022453269
-4.6364015519
-1.7373489889
-1.4831203869
-3.6572328409
-5.3580436709
-4.7067424219
-4.7633872949
-4.7977714609
-4.8679293359
-5.2793610659
-5.4830322979
-5.6502686849
-5.8900240619
-6.9422659699
-7.2758134109
-8.6439186309
-7.6257448859
-7.4316014809
-8.2993277819
-7.7689264999
-8.1701168489
-8.5151588699
-9.4457041759
-10.375470643
-9.8253793339
-8.7160036379
-8.9353040029
-9.6204683439
-9.6275427769
-8.9055977899
-8.3458486159
-8.1314320369
-8.9519393969
-9.3151843609
-9.3178401679
-8.6900846889
-8.2275624609
-7.2671194819
-6.6095618559
-6.6164377289
-7.3218864909
-7.9278661259
-7.7060939369
-8.0173367619
-7.7274557169
-7.2995610029
-7.8665212549
-8.1906175839
-8.2809558389
-7.8769926179
-7.6535185499
-8.4568458509
-8.8005966969
-8.3858315069
-8.5627625859
-8.6613081799
-8.9140631839
-8.7078513679
-8.6090454849
-8.3584612839
-7.7740191619
-7.9868365609
-7.4826309799
-6.1820292729
-5.6772733419
-5.1510309459
-5.1635499849
-5.3137288959
-5.7498399229
-6.1429129609
-6.4740443819
-6.3177282819
-6.5641034369
-6.2235291809
-7.3683369969
-7.4232573499
-7.1153878939
-8.9310624779
-8.3893344609
-8.2264206269
-7.7390176259
-6.3052064339
-5.9851899819
-6.4497240069
-7.6214642949
-9.2181897159
-8.4873813949
-8.4220499239
-8.6872824629
-8.1796770199
-7.3760711509
-7.0567000679
-7.3715759389
-7.9832307939
-8.0350557459
-7.4973975789
-7.5722067949
-8.3187544799
-8.3219146089
-7.9068413279
-8.1262600169
-8.7032188859
-8.5005907919
-8.9287717739
-9.1006626919
-9.1970919849
-9.1131054839
-8.1911351069
-6.8508544979
-5.5510781299
-5.4131148569
-6.0549897969
-6.4948018539
-7.0137909189
-7.4499361719
-7.5595788079
-7.4124299229
-7.5113376769
-7.2759542489
-7.0189951049
-6.8562120289
-6.2770578459
-5.7314803349
-6.1670410279
-6.8202067379
-6.8091573039
-6.2370948459
-5.9593537189
-6.3556285529
-6.8013470279
-7.2230760779
-7.6728003639
-7.7166334399
-7.5838855759
-7.5268113689
-7.3627863919
-7.5462927079
-8.3312868039
-8.6639097289
-8.5448909639
-8.7560994569
-9.2164806789
-9.7305960159
-10.032001071
-9.7768710139
-9.2951853059
-9.4280355309
-9.8538317949
-9.7361207079
-9.2861579789
-8.4635088789
-8.1814796029
-8.1232919579
-7.6939003899
-6.6882828279
-5.0934139679
-3.6323766919
-1.8626388779
-0.46658365788
0.099320468121
0.24592471412
0.18465807012
0.15021146612
0.0081900711211
-0.17680916088
-0.69761188888
-1.5527891789
-2.8475114139
-4.1132216359
-4.5724378409
-4.9080187109
-5.7298883059
-6.6004525289
-7.1061524519
-7.1298382629
-6.6244526929
-6.6403922439
-8.0211322859
-9.1943944099
-9.4740525109
-9.3183653229
-9.0374269859
-8.5104023489
-8.6131782859
-9.0110552399
-7.8454408529
-7.3933561849
-8.4090419699
-8.8937466059
-9.9134801919
-11.285376645
-12.046928325
-12.38578439
-12.071657955
-9.4485689379
-9.2464769769
-9.3496787129
-10.509585221
-12.237887526
-18.213669388
-19.471085949
-17.421319675
-15.19874893
-17.265660475
-20.449457051
-22.927934859
-22.301765588
-27.563754584
-37.442952276
-39.421928734
-37.01241868
-36.585789896
-37.899878608
-39.580835344
-40.80237105
-38.125795232
nan
-37.584923409
-36.650969932
-34.675770148
-31.887717629
-30.948799217
-28.748165401
-27.383579738
-27.043109998
-27.467609073
-28.054287503
-28.036368078
-26.469318388
-24.018951647
-23.110234877
-24.420333838
-25.892485141
-27.821787667
-27.076961256
-25.819058664
-24.606611569
-23.915070475
-23.387707606
-22.002429529
-22.107139255
-21.967940188
-22.458632262
-22.150276508
-23.605090293
-24.146466248
-26.380777526
-25.558297713
-24.45902389
-24.5263221
-22.821447398
-20.54240248
-18.112488944
-17.189971019
-16.418948008
-16.167281057
-15.954538537
-15.90254938
-16.511337124
-16.768299296
-16.551480766
-16.805692351
-17.296331777
-17.935072154
-16.404283235
-15.972368651
-15.244327038
-15.613601489
-15.613205707
-16.191885694
-15.192229592
-14.628979526
-14.443799733
-13.153745741
-11.980975449
-11.458981169
-10.590134741
-10.898181643
-11.383385422
-10.690655551
-11.194578682
-11.695497253
-11.908983347
-11.458211474
-10.276348573
-11.379588074
-10.991044387
-10.371333911
-10.900258396
-10.680805274
-10.758271679
-10.783010068
-7.1218709029
-6.1715844979
-5.8984747469
-6.3552735499
-6.2424680199
-7.5425304629
-7.8361209069
-7.2803948139
-6.8296299739
-8.1022495839
-7.8666667799
-6.9892147089
-6.7314259779
-6.2536227419
-6.3001883749
-6.8329433549
-7.0619660909
-6.0363302859
-6.0237416729
-6.8963341259
-8.4364345819
-8.5646728369
-7.2722449669
-6.6024221719
-6.4954869829
-5.9070804329
-6.0107086139
-6.8451470879
-8.4443257379
-8.7825207199
-8.2631568829
-8.5144074519
-7.9517358889
-7.6414595769
-6.9150883479
-6.9082166049
-6.9284573129
-7.1895320899
-7.1538563419
-7.7685914899
-7.7850940139
-8.3101696829
-8.9795628449
-9.6709312069
-10.121837198
-10.443524302
-9.2172451139
-7.8209836629
-7.5922019929
-7.2911580859
-7.1176556379
-7.1605627239
-7.3952355699
-8.5138410469
-8.5132736189
-8.7488046139
-9.6579048389
-8.9083711239
-8.8169006389
-8.7563568509
-8.0934362009
-8.8635500269
-8.6969598659
-8.8567528109
-10.022633103
-9.2168591229
-9.4993305499
-9.6362685779
-9.3107843189
-9.3697228689
-9.5339208239
-9.3616426129
-9.9121663449
-10.081046492
-10.936889012
-11.733361817
-12.447886731
-11.359048326
-10.675765897
-10.613953671
-10.885611577
-11.288677328
-11.57662043
-11.501629532
-11.16934702
-10.524347361
-10.314182668
-9.2578392899
-8.9369746849
-8.4612459699
-7.9703692249
-8.1075202389
-7.5685202739
-8.4576914829
-8.3428960229
-7.9977640409
-7.2346934199
-6.4929059659
-5.6507556139
-5.9790265109
-6.3209612079
-6.8731960689
-6.1646365929
-6.1201334909
-5.7246424709
-5.7619779349
-5.9555206829
-6.0672204939
-6.0833936489
-6.7883622329
-7.0647399509
-7.7625628339
-7.7579444509
-8.6397746169
-9.1193024149
-7.8457443679
-8.1144856669
-7.6578722429
-6.5268356129
-6.4578746229
-5.5762383439
-5.1692379029
-5.1821970059
-5.1208403089
-4.7280797789
-4.5752232429
-4.6883166809
-5.0666233899
-5.6240971439
-6.0601882989
-6.7781639619
-6.5177081179
-5.8118129249
-5.7054663479
-5.3914781989
-5.6492676439
-5.3692946529
-5.0732905009
-5.3822348339
-5.6410047669
-6.0626739659
-6.3281757879
-5.5850701209
-5.1475689829
-4.9791484559
-4.6297094769
-4.3606255409
-4.6166864649
-3.9445120869
-3.7612759899
-4.5332812549
-4.2104826399
-3.9983272709
-3.8256456249
-4.6009636819
-4.7364758439
-5.3826435419
-5.2465950179
-5.6962340439
-6.5962136049
-6.6363490729
-6.6163154739
-7.6284108919
-8.2424946859
-7.9624308809
-7.5567222769
-9.1481601219
-9.2711699699
-9.0261433049
-9.1672583209
-8.1164793039
-7.3212823939
-7.3386681039
-7.7202491709
-8.8798084999
-8.1871827999
-7.4880779709
-7.9304189489
-8.2894038519
-7.7275529429
-6.8719185599
-6.8544096279
-6.7088976559
-8.4956539269
-8.0733641509
-7.4621764229
-7.9865936729
-7.9479053689
-7.5480510119
-5.9298830809
-5.7599019109
-5.4498593899
-5.9098024419
-5.6386883779
-5.5890658339
-5.5377146679
-5.0847506589
-5.5598325899
-5.9222052519
-6.4884055609
-7.0007131719
-6.7586161699
-7.2970810199
-7.7844631769
-6.9515187709
-7.1020921249
-7.7826474729
-7.9641903209
-8.2769873499
-9.0507766699
-9.3309423609
-8.9862072039
-9.3093346769
-9.5092540799
-9.2809623759
-9.0439366389
-9.3966527159
-8.5071425859
-8.9156978179
-9.8964326859
-9.5606013309
-9.3701307949
-9.8539646309
-8.5740562429
-8.2158406289
-6.3700787259
-5.3487986519
-5.8311924739
-5.7090076989
-6.1370728649
-5.9510998279
-6.3250268929
-7.2843422739
-7.5859551569
-6.6506816979
-7.3962459349
-7.5649450969
-7.7527044729
-7.6993001309
-7.6244550909
-7.6077907319
-7.9546602859
-7.6188422249
-7.2902076089
-7.2520581929
-7.4908298249
-6.8453421939
-6.3233923099
-7.3724278819
-7.7937312269
-7.8710763599
-7.9653172149
-7.5499583919
-7.0438931629
-6.5844539549
-6.8630844969
-6.5970420009
-6.7914022689
-7.1425096499
-7.0500614129
-6.9432626589
-7.6337048849
-7.1839250979
-6.6973378989
-7.0922868319
-6.8796015459
-6.6912063029
-6.5936893959
-6.5021566549
-6.7476798519
-6.7168226599
-7.1789354049
-7.5446534159
-7.5603907669
-7.4111193469
-8.1417874939
-8.9518253339
-8.6060028649
-8.0754234879
-8.6945640259
-9.2211548459
-8.5398770009
-8.5984628229
-8.4855072959
-7.8418250819
-7.7678527199
-7.0472051869
-6.6473440629
-7.1539440299
-7.1892237109
-7.5438074689
-7.4215334429
-7.2157686929
-7.5194810449
-8.2371328939
-8.4591492999
-8.8302547999
-8.8431980179
-8.4714281589
-8.4147384179
-9.1432982469
-9.6766093689
-10.314245567
-10.82565814
-9.6252416799
-8.9911206929
-8.8406084729
-7.9913231029
-7.9736458079
-8.3569671109
-8.2173205019
-8.2006869969
-8.5804761189
-7.8164696719
-7.4894547019
-7.4519112039
-6.5353290129
-6.0082492229
-6.0593120799
-6.0464943679
-6.2793173599
-6.2573715399
-6.2854168579
-7.3100728319
-8.7324207929
-8.8580463789
-8.7587231809
-9.6945926109
-9.9040916649
-9.1144342019
-8.3403341489
-8.0689479909
-8.0800434329
-7.8668066129
-7.1290588419
-6.4223091579
-7.1052590419
-7.7366144019
-9.3582654229
-11.387510674
-11.529159694
-9.9929189349
-9.4953322949
-8.9901564849
-9.1254909519
-9.2599563549
-9.6701443359
-9.7767009369
-9.2430938699
-9.6910280859
-9.3205557819
-7.9046725609
-7.6011859769
-8.2578177989
-8.3241972219
-7.2376148389
-7.3923224749
-6.5891415849
-5.7345332009
-5.6654035339
-6.1369226919
-6.7206613489
-6.3706412879
-6.1196256499
-6.3952257159
-7.4597938089
-7.4724892679
-7.8598165289
-8.3958357319
-7.8766907029
-7.6885003139
-7.9627439739
-8.1266015589
-7.3499073859
-7.8217868959
-8.7216922619
-8.9246554849
-9.3526835419
-9.7805130429
-10.035821751
-11.8902404
-11.457080965
-10.042872465
-8.4943399959
-7.5993145109
-7.2260762389
-7.0182708749
-6.5814397329
-5.7123759629
-5.2127723389
-5.8188920859
-7.3834100929
-7.5077833999
-7.0898714709
-6.5980010849
-7.2160935679
-6.9680320379
-6.8356280849
-6.5596759889
-5.7077191139
-6.1232819559
-6.9075841689
-6.8724219109
-7.1861066819
-7.7741688429
-8.2446368449
-8.4724715879
-8.7925636659
-9.2529168219
-9.4620606779
-9.4309256609
-9.4076718869
-9.7096241369
-8.9987199109
-8.9786300369
-8.3262407719
-8.5399100879
-8.5269244719
-8.1296300069
-8.5861135359
-8.1500760899
-8.2668909849
-8.4334309469
-9.6011315149
-10.246336028
-9.7429035789
-9.2851884759
-8.6086578429
-7.8263204909
-7.8886284429
-7.5443004979
-6.6170004649
-5.9873239629
-6.1647420979
-6.6574883369
-6.9481046449
-7.3261574149
-7.9963752289
-8.3775773319
-8.4168452359
-8.2199407889
-8.3134661659
-8.0094007579
-7.6648008689
-7.2811307089
-7.8311671969
-8.8801959529
-9.4625547949
-9.8396236259
-10.647148347
-11.617275013
-10.527087468
-11.788537647
-11.489032265
-10.65551247
-10.441278495
-9.5910923899
-8.4972885029
-8.3904197419
-8.2496018669
-9.0597367679
-9.3472597969
-9.5851029999
-10.514721352
-10.884198635
-10.425480671
-10.640325796
-9.9234576619
-9.7866960519
-9.3966340299
-8.8737370789
-8.9576783299
-9.5577590699
-9.0878033629
-8.7420540219
-8.3539912319
-8.1255583379
-7.7080254099
-7.0143637049
-7.2576046489
-7.6609415819
-7.2364892539
-6.7888713979
-6.6769823789
-5.8993560379
-6.1845577419
-6.4831208329
-6.3798794689
-6.5842878629
-7.2145041199
-7.6279761359
-7.9638312049
-7.6248546779
-7.1846425279
-6.7547232349
-6.4218943409
-6.3478587049
-6.3116767999
-5.4692072999
-5.8544415889
-6.6507708129
-7.0530839299
-7.3274438319
-6.6972340939
-6.1678060889
-6.2057569929
-6.1340179859
-6.3192994539
-6.6216824199
-6.4704733919
-6.2944226969
-6.3955212049
-6.8173893949
-7.4939972369
-7.1010402029
-6.7034503359
-7.1338382979
-8.2874434599
-8.1230205849
-7.9265065429
-9.1240837169
-8.4924624439
-7.7535012889
-7.4314452369
-7.2722480809
-6.8374895679
-6.3699730919
-6.1888133779
-6.3020542109
-5.8964015729
-6.6637060289
-7.9130337709
-8.7470404089
-8.5690142099
-9.9930266289
-10.482838491
-10.87077072
-10.38291307
-9.4593248419
-9.0118521129
-9.6711125789
-9.4619206759
-9.7339935389
-10.311210908
-10.533405033
-10.183130134
-8.9114543689
-7.8503411589
-7.7337746459
-8.3921242959
-8.6926594869
-8.7880587419
-9.1887329359
-8.9206073949
-9.4650404509
-9.7053919639
-9.4662334329
-9.1597680939
-10.509919353
-10.017651362
-9.7497288789
-8.5980825699
-7.8633565689
-7.5454636199
-7.6804551699
-7.9405372509
-7.7763954189
-7.9790173809
-7.5838267719
-7.6723379399
-7.9936808299
-7.9882721909
-8.5908962519
-8.4672335169
-8.0776426069
-7.7635945059
-6.9848150669
-6.8942326219
-6.5702245729
-7.5558385169
-7.7512658509
-7.9553155089
-8.0129762439
-8.2205002319
-6.7687891179
-8.1688972709
-7.8094996329
-8.1151391379
-8.5165923349
-8.8540244579
-8.3690458039
-7.5952583289
-7.3260179599
-7.3118734399
-6.9620043439
-6.7251891279
-6.7002547379
-6.5433827019
-6.5580705319
-6.8690675569
-6.5809812669
-6.5311541829
-6.6962315479
-6.8098874879
-6.7102509679
-6.2934045459
-6.3168898189
-6.5456306999
-7.1666566769
-7.7933391239
-8.0004172259
-7.6979436659
-7.7608135909
-7.8071569929
-7.6185992519
-7.4748598169
-8.4519679359
-7.8731705339
-8.4082457149
-8.5927887429
-8.6054171439
-8.4215817079
-7.4706839159
-7.1329256169
-6.9617551239
-7.2847186439
-8.2853373799
-7.7173903339
-8.8007920689
-8.3701464459
-8.9568053029
-7.6657091789
-7.9077633559
-8.7535129849
-9.5353158089
-10.045496568
-9.7578041079
-9.5868304619
-8.8104015249
-8.7378935289
-8.3281305479
-7.9658585009
-8.1375009299
-8.0038071309
-8.3566863479
-8.0948330119
-8.4358372009
-9.0358335889
-8.2389215569
-8.0573513899
-7.8492900159
-7.7554676589
-7.7422146029
-8.0125559419
-7.9735476629
-9.0241836799
-8.3556084139
-8.2852378179
-8.4397889159
-8.3401874309
-8.4204785379
-8.4733143209
-9.1757199959
-8.7506787419
-8.3821455199
-8.3362143529
-8.2211039569
-7.5876866689
-6.6801041529
-6.2644024959
-6.3818275149
-6.5890014279
-7.7157706439
-9.2908321979
-8.7687117189
-7.6894488189
-8.2880536099
-7.6484827189
-6.7693057699
-7.0737731919
-7.5733732449
-8.4952781559
-9.1653694939
-9.3498981189
-9.5422599729
-8.8817397959
-7.9569677239
-8.0366559829
-8.5315862789
-8.5762407479
-9.1892827999
-9.8019567769
-9.9595732519
-9.4421691669
-9.5796039699
-9.9234653669
-9.7935894599
-9.5127864949
-9.0519060399
-8.9201800509
-9.7231076639
-9.6576923149
-9.7383410519
-10.277302943
-10.814742523
-11.059923171
-12.151142431
-12.192400019
-11.376845924
-11.597232378
-11.024153228
-10.151270937
-10.26675241
-10.357576402
-10.242541478
-9.3065319559
-8.3069379189
-8.7676693519
-8.7053068359
-8.5839331439
-8.2414503549
-7.9266796219
-7.4152559169
-5.8842965399
-5.5222951379
-5.3853884449
-5.5413575379
-5.7881558179
-6.3189232369
-6.6377930589
-7.6294693409
-9.0953534209
-9.5456291049
-8.9447372679
-8.1924830679
-7.4729168079
-7.0962504879
-7.1105395679
-7.3343813289
-7.3158730349
-7.5838192329
-7.4927024219
-7.5914202749
-8.1095005609
-8.3556340349
-8.2791291709
-7.7839019119
-8.0286258509
-8.1038193319
-8.4653808659
-8.1088584049
-7.6649683749
-8.4361700849
-8.7309600439
-8.4925027459
-8.1118265769
-7.6505262069
-7.8494198679
-7.5974392879
-7.8050146009
-7.8655418869
-7.1823498649
-7.5493062879
-7.1192502849
-6.5831457229
-6.3239322159
-6.0594789809
-6.0859474389
-6.5451593389
-6.2825882429
-7.4316108319
-7.3107203889
-6.4420474959
-6.9964441859
-6.7782761729
-6.7019604189
-6.3138114649
-7.1144853439
-7.8664518699
-7.3980388659
-8.3659134939
-8.4663881629
-8.0262698539
-8.3728702829
-8.8039394019
-7.6834845139
-7.2321943789
-7.5922603459
-7.3293208779
-7.7239348879
-8.1467259419
-8.0193067189
-8.3838993769
-9.0982639129
-9.2892374849
-8.8886325459
-9.7456197109
-9.7021032429
-10.202705247
-9.6761116129
-9.1890913379
-8.5635870009
-8.0849167839
-8.4690170919
-8.8664636959
-10.466724408
-10.958082467
-11.135178679
-9.5425809249
-10.337681781
-9.4032763279
-10.306621713
-10.03638982
-9.9400171589
-9.7092489859
-8.7377263919
-9.0442049089
-9.2166317989
-8.6759148919
-9.0520323259
-8.3894452279
-8.0789647969
-7.7404184189
-7.4656401109
-7.4631766949
-7.1834623389
-7.6615734219
-7.3400907909
-6.8984285209
-7.9415896439
-8.0223177879
-7.7733996139
-7.1366129459
-7.1243085009
-6.9670468679
-6.9038021829
-7.1672240969
-7.5308158669
-8.1739040829
-7.2943914599
-6.4149805339
-5.4325137159
-5.6952514279
-6.2311522609
-6.1949519709
-6.1710874319
-7.2407801909
-8.0291884859
-6.9280144709
-6.3211399529
-7.1582987109
-7.8559632189
-8.0539332379
-7.7448468789
-7.2367216199
-6.7499993459
-6.2407328959
-6.4838374859
-5.6961117149
-6.0758410909
-7.0218070179
-7.5130368859
-8.1154636489
-8.7141117599
-8.8159931439
-8.0680542309
-8.9196551179
-8.7109273979
-9.1979672719
-9.6974746059
-8.9683062779
-9.2482146369
-8.9879201919
-8.4534552409
-7.6421401019
-7.0651397509
-5.6036136639
-5.2058988729
-5.3861506929
-5.8359687389
-6.0843491839
-6.0644643549
-6.0181764369
-6.2725560699
-6.2308549909
-6.6332875739
-7.2957613209
-7.9892645849
-9.2395952039
-9.2964740069
-8.4917391579
-8.3951890049
-8.3271840949
-7.8735565259
-7.3182623349
-7.1938443779
-6.5389604339
-6.2316093159
-6.5284334079
-6.5453101019
-5.7696430269
-6.5320931129
-6.7971590219
-6.9657723709
-8.2326570299
-9.4315459349
-10.391523096
-10.617747407
-9.9173338129
-9.1280887629
-7.7506554919
-7.2975621779
-7.5445908919
-7.3552151549
-7.0393350459
-6.5582862909
-6.8548428869
-6.9130179239
-6.9298831089
-7.3009668599
-7.1783974749
-6.6379230749
-6.5460046899
-6.2087634819
-5.7012258319
-6.0415642469
-6.2527753759
-5.8279947869
-5.9851937139
-6.4798017599
-6.6741093899
-7.4203919289
-7.8883462349
-8.5033233899
-8.3711262689
-8.3453846029
-8.2746419739
-8.6590962059
-8.7423825299
-9.3954880219
-8.9724989189
-9.2485789049
-8.9715931899
-8.6091421169
-8.0638052319
-8.2095716109
-7.6320298349
-7.1036098879
-6.7123550959
-6.5382801799
-6.6316562459
-7.0162085559
-7.7358637599
-8.0431105419
-7.4658184219
-8.0651450979
-4.9864711449
-8.3565798149
-5.6502300209
-9.2908035499
-3.9450234479
-4.6298534839
-7.7118001479
-9.3848150109
-9.7890059299
-10.147657907
-10.451517073
-10.236352233
-10.012083596
-8.2024464699
-8.7123481829
-9.5680470419
-9.7084923819
-9.8264456379
-9.7898398069
-8.1839877789
-7.8956361829
-8.0198498389
-7.8765990519
-7.2414570549
-7.1502133929
-7.3564406669
-7.5306464269
-8.7105929599
-9.4585547379
-9.8473116199
-9.4253097509
-8.8423228869
-9.0294469309
-9.2858441339
-9.5184173719
-9.9081540899
-10.063011588
-10.572411706
-10.981053613
-11.339853047
-10.919466294
-10.672526926
-10.940149591
-11.55306946
-10.541917485
-10.131027842
-11.009333346
-11.442400931
-11.197529276
-11.186857949
-10.377502786
-9.4051495659
-8.9989527309
-9.5635433019
-9.6862443469
-10.052983593
-10.37429484
-10.625675198
-11.372062899
-12.187849253
-12.722760068
-10.949546889
-10.288803653
-9.9532237969
-10.193164132
-9.2113237119
-8.4579045479
-7.8059174879
-8.2621961759
-9.1279829199
-9.4851815389
-9.1959111839
-8.1793776719
-7.5592593669
-7.9380714119
-8.6505322589
-8.2103200339
-7.7515460529
-7.5942148379
-8.1686455979
-8.8234145159
-8.8489082749
-8.9698461299
-9.4802661599
-9.6652153069
-8.6879047309
-8.4527063479
-8.1884585389
-7.7084425119
-7.7682761689
-7.7898490169
-8.2320449969
-8.0347570469
-8.0719459539
-7.8740342989
-7.4145116289
-7.6291348299
-7.5293820379
-7.3184549899
-7.0345205039
-6.7721413889
-7.1449228839
-6.7204504909
-6.0988448369
-5.4091557589
-5.7814008699
-5.4737328049
-5.3426302029
-5.4831464849
-6.3990514429
-6.9394772009
-5.5667272289
-4.4917307419
-4.5598569579
-4.8714583689
-5.6438296899
-7.2032435039
-6.6437279379
-6.6490684519
-8.1822226709
-9.6382251779
-9.0984496709
-7.1633586289
-7.9118767529
-6.9402105679
-7.6244729119
-7.2540689189
-6.7097031649
-6.4542810769
-7.1706308379
-7.7365861629
-8.0982047309
-8.7482240589
-8.4076492509
-8.3198917099
-8.0307148409
-8.0775424029
-8.8168374339
-9.5255194679
-9.3843678479
-8.2726665319
-7.6167662709
-6.9211424599
-6.5849864199
-7.2154888419
-8.1454214049
-8.8060322349
-8.2408057259
-8.0069696529
-7.9781582699
-7.1364526759
-7.6247382819
-7.5586431399
-7.6736551919
-8.2575146639
-9.0235155339
-8.2195861069
-6.9205946179
-7.2021182989
-8.5302240209
-8.5981021589
-7.9318888679
-6.8533442949
-6.3557106859
-7.6118818959
-7.3510281059
-6.5629050009
-5.8179450609
-7.2649226279
-8.3652437349
-8.1295447739
-7.5928731819
-7.3647777419
-7.2096388149
-6.2302123909
-6.8865603609
-7.3981344579
-7.7186409539
-7.2814627659
-6.9080725899
-6.7745627449
-7.1651460689
-7.6715302229
-7.2503991139
-7.4515577909
-6.8916211699
-6.6116395419
-6.9831186339
-6.6500890619
-6.8741268189
-7.7570615739
-7.7329040299
-6.7635943719
-6.5121315579
-6.8251063129
-7.0538280849
-6.7936963569
-6.6697940529
-6.6121170309
-7.8877858779
-8.4411596409
-7.9190733319
-7.8782453659
-8.3859830329
-9.4591122869
-9.5127853619
-8.6231135229
-8.1830073979
-8.0054826909
-8.7805615169
-9.8895264339
-10.467908012
-9.3907917509
-7.7245887449
-7.2671090349
-7.7502138189
-7.9229573149
-7.4358188879
-7.0655486109
-6.6500940809
-6.2171934499
-7.1847437479
-7.4672622889
-6.4917848889
-6.5348286769
-6.8947637319
-6.3249754789
-5.9855292009
-5.8876516489
-6.2343778479
-6.5230076739
-6.5158692749
-6.7650776189
-7.1106635049
-7.0132233929
-6.7184864079
-6.7674128169
-6.5209124809
-6.6679183879
-6.5906943369
-6.4511118759
-6.7711793729
-7.0750057239
-6.8234814159
-6.6556753129
-6.5406923189
-7.0988828009
-7.4850984139
-8.3544796519
-8.1379569999
-7.5196988749
-9.0948602549
-10.04677149
-9.2283154289
-8.5584734439
-7.8986061589
-8.1465777949
-7.8164494879
-8.0887802639
-8.2653300959
-8.8124463539
-8.5790773019
-8.7457198879
-8.8142620259
-9.2209165399
-8.9525441199
-9.0305757579
-9.0798270779
-8.6477159399
-9.6489482659
-9.6479404379
-9.7318408159
-9.7848699789
-9.2581374249
-9.8458178999
-10.338618213
-10.151797318
-10.032248063
-9.6107207049
-9.4213265429
-9.3323317709
-9.8590091539
-9.8796813919
-8.9569341059
-8.8895524439
-9.3451262979
-9.3790008719
-9.3766997059
-9.2199880159
-9.0783284329
-9.7021021819
-9.3526820799
-9.6203876419
-8.8569934309
-8.0736226199
-7.4492385679
-7.3776215209
-7.1677339749
-7.1207376759
-7.1966946769
-7.2217001469
-7.1234072429
-7.3030204839
-7.2064706269
-6.8938918719
-7.2699528629
-7.5846787109
-7.3732300809
-7.4861614379
-7.7426230609
-7.8777977159
-7.9511720549
-7.9918031129
-8.0193886429
-8.1112946719
-7.8819147279
-7.3880792469
-8.0081093309
-9.0120678329
-8.9035397899
-8.1303443019
-8.4485719099
-9.4364180939
-9.3451888489
-8.0192894099
-7.2977061559
-6.5181988859
-6.2161313479
-5.9416051309
-5.8597883789
-6.4767562839
-6.5693185839
-6.8944858199
-6.9531123739
-6.8149625489
-6.4636228169
-6.0332599859
-5.9372002399
-7.0506891209
-8.1092483779
-8.6873315749
-8.7453009009
-7.6316460539
-6.7499998599
-6.6586620759
-6.6602897149
-7.0741034859
-6.8221003959
-6.9068014549
-6.7346410529
-6.2617500189
-7.0299281339
-7.1669036319
-6.3824202389
-5.7829933789
-5.9505319909
-5.6151142949
-5.6639401159
-6.1523021229
-6.0855240469
-5.9234813049
-5.8642835599
-5.2354899409
-6.0609388759
-6.3248906119
-6.2985942769
-6.1551797469
-6.8938271219
-7.8959515419
-7.9715815619
-7.4612077269
-7.1747275069
-7.1900100499
-7.4508753409
-6.9520793659
-7.2521044969
-7.5477476659
-7.5110247509
-7.1225268889
-7.1926389909
-7.2128383729
-7.5695191459
-7.6634141519
-7.6271439029
-7.3797067399
-7.2839761439
-7.1425023909
-7.4200107169
-7.7373132699
-7.4998665149
-8.3251035569
-8.4862351209
-8.5416812879
-8.2647316749
-8.5354092229
-8.6856028349
-7.9374949029
-7.6034576109
-6.8693974469
-7.0353126359
-7.3604978859
-8.3619603069
-9.1337087589
-7.9736741099
-7.4051318079
-7.7109317079
-7.3588112969
-6.9784892289
-7.7557235749
-8.0013823219
-7.7022411759
-8.0166072769
-7.7360063719
-6.8629098559
-7.6566298269
-8.0510326309
-7.7957692009
-8.7919084259
-9.1125913729
-9.4338589339
-10.804356552
-10.485926837
-9.6561695199
-9.6939368689
-10.599644924
-10.626251099
-10.228010462
-9.8742170669
-9.2741829829
-9.1116554879
-9.6243588359
-9.7868571739
-9.2808013599
-8.9552634139
-8.2409149959
-8.7763417329
-8.9809690179
-9.5062360909
-10.352636878
-10.74573194
-9.9100261859
-8.8556084319
-8.7013416039
-8.4781006129
-8.9549287649
-8.8537256839
-8.1588315559
-7.5113300479
-7.0135184099
-6.9102385349
-6.9194613649
-6.7202118729
-7.0077547669
-7.3991526229
-7.5316427089
-7.1693476889
-5.9429089029
-5.8940142219
-6.0803225809
-6.4915268999
-6.4228024689
-6.7613863649
-6.8539385439
-6.8225848999
-6.2683233679
-6.6220603249
-7.0038544869
-6.8883095299
-6.9822517829
-6.7362198059
-6.7980999309
-7.2369422919
-7.7107123959
-7.3574343189
-7.5040576079
-7.0985631079
-7.3964614879
-7.1959499109
-6.7688909339
-7.1812158269
-7.9601902779
-7.9666351109
-8.0821366629
-7.7546415479
-7.5812742469
-7.3261859379
-7.8181695029
-7.7300030369
-7.1361366409
-6.6608564239
-6.2874487849
-6.5926275509
-7.2395113759
-7.9647309899
-8.1711490449
-8.2269137769
-7.9342385709
-7.7724035319
-7.6701182649
-7.9357444249
-7.5011312229
-6.7867674439
-5.8450585949
-6.2968030189
-6.2508800749
-5.8467885879
-5.9885943939
-5.7570103199
-6.1220757999
-6.1282074919
-5.4111091129
-5.5394286039
-5.8940731479
-6.5794538619
-6.8645696899
-6.8885593369
-7.3109610189
-6.6487040299
-6.7790309599
-6.5717057939
-5.7475366089
-5.5992164009
-5.7048982579
-6.0743412629
-6.8516510819
-7.6893352529
-7.3531735309
-7.0268067719
-6.8037406759
-7.0524717939
-6.5400437329
-6.3121581479
-6.7757615219
-7.0262966559
-6.9329332689
-6.4252567899
-7.2253377869
-6.7264996609
-6.3222858959
-6.1414088219
-6.7776487329
-7.3157096539
-7.3953037209
-7.6400689019
-7.8508305609
-6.9526497489
-7.0020788799
-6.9161056259
-6.6988880839
-6.9451763349
-7.4060562819
-7.1307695079
-6.5673393979
-6.5531837459
-7.0677062989
-7.2415452509
-6.9409984519
-6.7891398279
-6.7713516949
-6.6165486819
-6.4810950089
-5.8731201599
-5.7539057739
-6.2877763689
-6.5661603099
-6.5419140659
-6.0064094789
-5.2258673459
-4.8322090589
-5.2384266379
-5.6021863949
-6.3911333299
-6.5906568009
-6.6011815879
-6.2616788409
-6.4580251939
-6.9182699099
-7.6243579089
-7.3557699589
-6.5279252099
-6.3941383719
-6.4770054489
-6.4161176239
-6.8238994669
-7.4307619319
-7.3675857939
-7.2736049119
-7.3919740589
-7.6270651719
-8.4458674389
-8.5562920549
-7.8049196609
-8.0803658979
-8.1851953349
-7.7020705179
-7.5443445759
-7.6283829879
-7.4546521439
-7.2853371809
-7.3390892159
-7.0975252909
-6.8612012999
-7.0203257829
-7.0840378049
-7.6998903329
-8.3371338969
-8.4415084999
-8.0646922889
-7.6743475009
-7.4428755069
-7.5033610989
-7.2987286119
-8.2269127899
-8.9432819909
-8.7051465959
-8.2390656199
-7.9561911749
-7.7224582089
-7.3639461839
-7.8082317529
-7.5702342439
-7.1716223689
-8.0090651899
-8.2353504609
-7.9207226909
-8.0948885409
-8.8316366049
-9.5162075269
-8.4388154109
-7.8037664959
-8.1702980739
-7.9415649869
-7.8891816089
-7.6104406639
-7.7208629679
-7.6665510749
-7.8294835819
-7.7153642079
-7.2104560459
-7.1284341999
-6.9811668799
-6.9252989159
-7.1795189249
-7.4676462499
-7.4272035829
-7.3397288819
-7.3478376099
-7.3936941349
-7.6498467159
-8.0020068639
-8.0707771559
-7.6352660749
-7.6270497869
-7.6291631129
-7.9582277359
-8.2656363139
-8.5524297879
-8.7946578139
-8.6235188939
-8.5109622899
-7.9308334789
-7.5727201319
-7.5115408589
-7.4150842599
-7.7949186239
-7.7547153819
-7.2344368139
-6.8079598529
-6.6409547359
-6.5142208099
-6.6821312919
-7.0833346889
-6.9228005969
-6.6970302409
-7.0401985029
-6.7697170779
-6.1579924959
-5.7973028069
-5.7950091509
-6.0921058409
-5.8351991419
-5.6903483729
-5.8401199339
-6.4588744119
-6.4873723919
-6.4119638929
-6.1844884419
-5.9385592289
-6.1980059629
-6.3353865979
-6.2923704149
-6.3904099379
-6.4109599899
-5.9505730529
-6.0600621659
-5.5741195889
-5.8025946539
-6.0817378799
-6.4059087499
-6.6742028399
-6.9236493719
-6.5823016569
-6.2814613579
-6.3205840439
-6.5323104369
-7.0509991359
-6.9983695549
-6.8641480189
-6.8653147189
-6.2219999509
-5.9557045419
-6.2461801769
-6.5819826699
-6.5234812259
-6.5821274089
-6.5520970889
-6.8499111019
-7.5704785569
-8.6542188879
-8.2813439649
-8.1073873269
-7.7912830819
-7.1991726469
-7.4556909569
-7.5352941099
-7.8138975879
-7.5816903849
-7.0849917539
-7.2148597349
-7.2595074079
-7.1806365549
-7.4139518149
-7.4801205909
-7.1294778849
-6.6830992569
-6.5205713909
-6.6874739479
-7.6067774879
-8.5773675949
-8.5343551259
-9.3643335009
-9.5794206869
-9.2044782929
-8.3962923609
-8.2136523379
-7.9174574839
-7.7230273219
-7.7511542589
-8.3964384499
-8.8903768519
-9.4257752079
-8.9815994729
-9.1359800039
-9.5196818059
-9.5442494659
-9.4035467419
-9.3128243479
-8.8779020689
-8.3555445609
-7.9791535959
-7.2132138199
-6.6817840939
-7.0902536259
-8.0183612209
-7.7207838069
-7.3283207209
-7.4076867919
-7.8725142049
-7.9186437369
-8.1374219959
-7.6427738179
-7.0282478059
-6.3724392939
-6.2873465349
-6.9752675489
-6.7353314169
-5.7416708049
-5.4903275869
-5.5231663859
-5.6379204239
-5.6413695039
-5.5138496999
-5.1730679909
-5.4156762719
-6.0110305619
-5.8525167449
-6.0065820119
-6.0835932569
-5.8533513539
-5.3491206089
-5.6465138399
-6.2377485089
-6.3498389809
-6.6082000199
-6.9630455549
-5.8754131719
-5.8906406669
-5.9217746969
-6.0293438399
-5.8107187529
-5.6037269649
-5.2760021319
-4.7158858099
-4.9888596449
-5.1356883179
-5.2074231309
-5.5922134239
-5.6655845929
-5.5966983129
-5.7267063709
-5.7747237119
-5.0132581229
-4.2587019249
-4.4158552309
-5.0191047019
-5.6026230119
-6.2526012139
-6.4329081829
-6.1123210339
-6.0589845409
-5.4096425019
-5.5400448149
-6.0462264859
-6.7251216319
-6.7907610939
-6.2956889379
-6.1080058679
-5.7143208789
-4.7586435329
-4.9582077539
-5.3049918149
-6.0712382039
-6.9887574809
-6.7565244839
-6.1926092969
-5.8249295729
-5.7701095239
-5.9815446019
-6.0175817539
-6.5697601429
-7.4133236379
-7.3605400619
-6.9342185389
-6.8670425599
-6.6167462289
-6.5415578549
-6.6670242589
-6.8560423999
-6.8428477749
-7.5276861549
-7.1592265479
-6.8499963629
-6.9811552929
-7.0262413279
-7.3907553099
-6.9109368949
-7.0703733699
-6.9123566859
-6.5753690139
-6.2072248659
-5.9636305479
-5.7895291069
-5.6270263349
-5.7304076899
-6.1211307869
-6.1975961569
-5.7155100579
-5.5172080959
-5.4438203319
-5.2756020809
-5.3090787169
-5.6350920589
-5.9262965579
-6.3942150419
-6.6988931959
-6.6690079169
-6.2764531029
-6.3911148299
-6.4855679159
-6.4722315909
-7.0275026449
-6.9144807549
-6.4331918799
-6.6138188229
-6.7320256799
-7.0530621939
-7.4042833779
-7.3031603869
-6.9148935139
-6.4947605319
-6.1424668179
-5.9159184099
-6.3443493319
-6.5533599649
-6.7413146289
-6.8679482439
-6.5563986659
-6.4516279359
-6.3845718389
-6.7751866009
-6.9494761599
-6.6528581809
-6.3348067379
-6.6627873229
-7.2667999009
-7.0452919949
-7.0672845589
-6.5968840059
-6.5101396499
-6.2086122829
-6.4728741869
-6.5207080249
-6.6173918849
-6.1851805359
-5.8107052389
-5.5319973039
-5.4468153279
-5.7546335469
-5.6181907899
-5.8242557409
-5.0529132359
-4.7441575379
-4.6019288039
-4.6898441999
-4.7590232919
-5.1238447129
-5.2776986349
-5.7115886839
-5.5230372569
-5.1368345079
-5.6096953269
-6.1925589759
-6.7275360559
-6.8429469249
-6.8696363439
-6.5238022599
-6.3233338369
-6.9788034009
-6.8534194219
-6.5726550069
-6.5354963389
-6.5178967059
-6.4943964889
-6.5018209849
-6.3666763869
-5.7637845669
-5.4497311849
-5.2340407559
-5.0001844029
-5.5558586339
-5.5004043019
-5.6731108149
-5.8110750369
-6.0108991479
-5.9763819139
-5.5150891699
-5.4508934769
-5.8174575539
-6.3715933079
-6.4294262739
-5.9338894079
-5.8875502829
-6.0052315769
-6.1500848029
-6.2603375959
-6.3596050389
-6.6953778569
-6.3109074279
-6.7623910009
-6.7063897779
-6.4303255469
-6.5067187149
-6.9912788189
-7.4581862619
-6.9163579799
-6.5521487789
-6.1173780219
-6.0393127459
-6.7722872189
-6.7981076779
-6.8751902889
-7.2816001519
-7.7424407459
-7.7951594789
-7.1990327519
-7.3577307469
-8.0319396409
-7.3854740369
-7.0853239079
-6.9238867509
-7.0188678689
-7.6480884509
-8.3780048919
-8.1160199849
-7.9437752729
-8.3776694549
-8.5708334949
-9.1544476819
-9.3513365079
-8.8486951259
-8.6068470179
-8.5024361169
-8.2145179929
-7.8821206759
-7.8340536279
-7.8188554859
-7.1518205189
-6.8779019439
-7.1630100079
-7.5033963069
-8.3023252309
-8.9493961609
-8.6979607429
-7.9138997479
-7.6748960379
-7.3436160709
-7.5193895719
-7.8117250749
-7.9867109069
-7.7565898029
-7.3995453709
-6.7662024119
-6.7124061099
-6.9382974779
-6.8320729079
-6.8809373959
-6.8049102699
-6.5590852779
-6.2232351049
-6.0629301479
-5.4526141019
-5.1538795929
-5.3454961039
-6.1421607939
-5.9754299149
-5.5714408749
-5.1809247229
-4.8757173719
-4.8756928089
-4.9427657969
-4.7711922099
-4.4420053479
-4.5496732619
-5.1015586809
-5.0457437409
-5.2527174389
-5.8139930649
-6.4182768609
-6.7174783379
-7.0571060949
-7.0283336849
-7.0682353779
-6.9521649609
-6.9621843419
-7.0474889189
-6.9334659769
-7.0526960799
-6.6300405739
-6.1375871499
-5.8538272209
-6.0633531239
-5.9876157499
-5.8012082149
-5.5268542619
-5.5808608639
-5.5013369609
-5.4890983949
-5.3064325449
-5.3422812829
-4.9718362369
-4.6728400779
-4.6740281379
-5.2829678319
-5.6695178029
-5.3914044949
-5.5613710829
-5.4572770579
-5.5976135539
-5.5213445549
-5.3938502499
-6.0189577119
-6.5393345879
-6.5501753149
-6.4495465039
-5.8920857519
-5.7091386349
-5.3654154679
-5.7788597489
-6.2956513979
-6.4693347959
-6.5293869119
-6.1523515119
-5.8774492759
-5.7096226719
-5.3073666889
-5.0145814209
-5.5572430059
-6.1951812909
-6.0931182629
-5.9181034699
-5.9146690299
-5.6668570519
-5.5505676579
-6.0115008059
-6.8716669309
-6.8571101899
-6.7135909399
-6.8340305639
-6.9051310019
-6.8304485389
-6.5553400809
-6.3463792849
-6.2867825499
-5.8686709689
-6.0400730669
-6.2614332679
-6.2611221479
-6.2498843229
-6.5596981669
-6.3459750029
-6.0370052649
-6.0657816589
-6.4180206429
-6.6486582559
-6.8221466639
-6.8048971099
-6.3203458479
-6.6618542929
-6.9532285219
-6.7101375069
-6.1194452489
-6.4635401809
-6.5291101869
-6.3312531859
-6.5521857819
-6.5401045959
-6.1873699399
-5.8093175809
-5.8934952229
-5.6912444669
-5.5023805719
-5.7440154759
-5.4446265659
-5.3632795389
-5.5518158429
-5.6859413029
-5.6118272239
-4.9495930519
-5.1635464369
-5.4291678389
-5.7776577299
-5.8336204179
-5.5573683899
-5.6726019209
-5.1357925489
-5.2633112209
-5.7098253029
-6.1170473129
-5.9894843329
-5.3903539799
-4.9827513429
-5.4414457599
-5.3095387089
-5.9833722339
-6.0867274559
-6.2556841099
-6.6124470439
-6.4893972279
-6.5970346909
-6.6032182399
-6.4559122249
-6.4390418809
-6.4725607939
-6.0368301489
-5.8378825739
-5.8339695819
-6.5085549939
-6.4768977839
-5.9991192769
-6.2534007589
-5.8929138189
-6.2462313269
-6.5599162259
-6.4270177869
-6.4028849619
-6.7434397789
-5.9722733169
-6.5580546479
-6.8260984269
-6.2236602419
-6.1219247249
-6.2127176779
-6.3004603779
-6.0423309199
-6.1232440129
-6.0514418669
-6.3955565269
-5.9321065999
-6.4421238609
-6.2996036179
-5.7431876049
-5.5115520979
-5.9801408229
-6.2785326739
-6.7753440969
-7.1142185349
-6.4116812389
-6.2184369739
-6.8115198649
-7.6914020919
-7.0741876739
-7.0166859969
-6.7379665989
-6.3298780249
-6.6594111349
-6.2981419579
-6.0144676629
-5.9350938489
-5.4465710859
-5.3518155649
-5.2351542639
-5.6868289199
-5.6233031349
-5.1174596849
-5.5527704149
-6.1607228729
-6.5510106419
-5.7181504379
-5.5305168059
-6.2080011719
-6.7851437379
-6.7679668789
-6.4248178369
-6.1006285509
-6.0166777109
-6.0692257049
-5.8716762479
-5.8893497369
-5.7447137239
-5.3810357929
-5.5447478109
-6.3542197759
-6.6008929579
-6.0566558019
-5.9140458499
-6.9664918339
-7.1772968929
-6.8222346649
-6.1023561439
-5.7193869129
-5.6755041659
-5.4907542129
-5.5500853999
-5.3694307849
-5.4653838649
-5.6111769769
-6.0852781939
-6.3033876509
-6.4854408109
-6.3385881659
-6.3539476309
-6.4198539129
-6.9654376809
-6.9177377859
-6.6390718949
-7.2824106869
-7.6229589459
-7.3595049299
-7.5479571069
-7.7317318569
-6.6598487009
-6.0310910359
-5.9485410399
-5.9952852329
-6.1978657129
-6.8414077079
-6.9021330909
-6.1003631639
-6.0780059919
-6.5507511589
-6.1775066329
-5.9497969789
-5.7729600369
-6.3001632149
-5.8213809239
-5.7441198939
-5.3572539699
-5.0888329959
-5.4601648009
-5.9624603889
-5.5098348899
-5.9029731409
-5.7826562069
-5.8438558629
-6.2368816839
-6.7936044559
-7.5583800429
-7.8432804389
-7.5771980459
-7.8717667699
-7.5958893929
-6.9932907459
-7.3610326059
-7.2015506309
-6.9347239719
-6.9995164049
-7.0524369819
-6.5943145919
-5.9430965199
-5.6725728839
-6.3271684669
-5.9790782799
-5.9609305119
-6.1088887069
-6.1007212479
-5.6900333749
-4.8563385379
-5.0884489439
-5.4652804819
-5.7426384449
-5.8493123089
-5.7387361109
-4.9465516749
-4.8909259639
-4.9451845699
-4.6193226719
-3.8450252729
-4.1793486819
-4.8742633369
-5.9524586319
-6.1142161009
-6.1728865809
-5.9423302859
-5.3889729449
-5.0600408379
-5.4263913759
-5.9143382349
-6.1609234549
-5.9212881529
-5.9681525459
-6.0627982069
-6.2357502939
-5.9838293979
-5.3317961109
-5.3933872219
-5.0407523799
-5.0333471489
-5.2284996699
-5.2685113869
-5.2731535909
-5.4274595969
-5.0973416229
-4.9780879609
-5.1405281319
-5.2019508859
-5.4146928529
-6.1443861009
-6.1083533919
-6.0382095459
-5.0685257989
-4.8710896839
-5.5439182679
-5.4385781199
-5.6249952859
-5.9764887749
-5.8820105819
-6.0698307899
-6.3471567929
-6.1467215899
-5.6163642219
-5.2342546869
-5.4383042299
-5.3699453669
-5.8001037219
-6.1874436179
-6.2113085359
-5.8927880649
-5.2953266249
-5.5183522699
-5.7164155349
-5.5766725859
-5.7109801549
-5.9423228989
-6.6527420779
-6.3222088489
-5.6234767709
-5.5399970259
-5.7327219499
-5.6344414829
-5.5491850539
-5.6721882019
-5.9181460479
-5.8559619879
-5.7412628159
-5.9008813069
-6.4892990279
-6.5444761259
-6.0428572869
-6.1087001849
-6.0811537829
-6.1011374519
-6.0053548709
-6.1437062089
-6.1936391469
-6.1167418679
-6.2282034919
-6.4073977789
-5.9767632779
-5.9726160889
-6.1637330019
-6.1050168529
-5.8113801489
-6.1935575989
-6.4927152529
-6.5431770329
-6.1622122309
-6.2820060279
-6.3472824249
-6.1748079109
-6.8980561489
-6.8790156609
-6.3536784519
-6.4306346839
-5.8460721079
-6.1381886469
-5.9561855699
-5.3538377379
-5.3789774069
-6.2632381859
-6.8327999619
-6.7574373919
-6.5031911529
-6.0221760579
-5.7044838499
-5.8568216739
-6.0492138619
-6.4016178159
-6.6757693209
-6.7106103439
-6.3050004009
-5.6221645979
-6.0613696829
-5.8750990869
-5.6245127379
-5.7115084099
-5.6775458019
-6.2317967989
-6.1472545779
-5.4595143769
-5.3992883419
-5.1779188339
-4.9187371249
-5.0425623359
-5.1012590159
-4.0779163289
-3.8134566549
-3.6837318169
-4.2925884729
-3.9931090599
-3.7310152919
-4.4768607769
-4.0911510369
-3.4288334579
-3.6388077529
-3.5680062319
-3.7355371719
-3.6128159259
-3.3678596229
-3.5098834559
-3.8360841249
-4.2650391649
-4.7608246369
-4.9081173539
-5.0727930079
-5.6282406559
-5.9041009749
-6.1883520099
-6.3818578799
-6.3011782469
-6.3825677609
-6.0853496549
-6.3913415119
-6.5046702349
-5.8018548289
-5.8356260289
-5.6497861679
-5.0677317329
-5.1637508719
-5.5877390509
-4.9631153519
-4.4349592279
-4.2040247549
-4.0756523739
-3.9488979529
-3.6422224519
-3.3730781529
-3.4173441109
-2.7475078219
-2.7342436639
-2.6583628369
-2.6059982509
-2.3816618429
-2.4072584179
-2.3191413389
-2.4135592179
-2.6663354499
-3.0932031559
-2.8753181419
-3.2012004419
-3.3685853839
-2.7227778049
-2.9727749389
-2.8030166629
-2.9460151859
-3.0815380689
-3.3479859919
-2.7871435059
-2.6589203149
-2.5450926149
-2.1478958249
-2.1674836329
-2.2431463509
-2.8566238139
-3.2307060039
-3.0153838839
-3.7820608429
-4.2238263329
-4.4413756139
-5.0936742919
-4.7169067609
-4.0329090509
-3.9861699859
-4.0944868849
-4.1288209029
-4.6684786259
-5.1899932519
-6.0033743139
-7.1081852729
-7.2816117749
-6.0691650909
-4.6502187159
-3.5229008299
-3.6256646429
-3.9926303469
-4.1446527939
-3.4538147739
-3.2574870409
-2.7555194599
-2.3151477219
-3.0538030439
-3.5572245069
-3.1315038319
-2.8916714109
-2.9503229079
-2.8843742209
-3.1236212229
-3.3984889049
-3.6403494519
-3.4245936149
-3.6352814009
-4.3173994079
-4.6639438529
-5.2855964689
-5.7756712759
-6.4011559409
-6.4233977789
-6.2533978689
-6.4866810169
-6.3774257619
-6.2596176009
-6.1108395609
-5.7291526129
-4.9919702159
-5.0233368019
-5.0770000899
-5.1532899439
-4.3671361179
-4.7176893699
-4.9059692509
-5.0493939339
-4.9698228289
-4.2212501909
-4.4205614089
-4.2878000139
-3.8269219269
-4.2771395529
-4.7876525589
-5.1805825689
-5.5922886759
-5.2701752279
-4.6520944679
-4.4585525259
-4.1300375199
-4.1678661829
-3.7184808489
-4.1843985549
-4.8162269989
-4.6319619229
-3.8888593249
-4.3814748239
-4.4288053929
-4.2149142799
-3.9456473479
-3.3960871819
-3.1713822249
-3.5227361329
-3.9508106049
-4.1804765149
-4.0769176239
-3.7638643029
-4.0462744579
-4.3721340569
-4.0438613439
-3.9696002879
-3.9246416449
-3.4337882059
-3.3824368979
-3.9648564449
-4.4109088149
-4.0494115639
-4.0819745419
-4.0834325449
-4.2641097819
-4.2529673839
-4.3264355059
-4.7272191069
-5.2574632379
-4.9206331629
-4.7766543259
-4.7796400729
-4.3567691749
-4.1224729209
-3.8714046459
-3.9695092739
-4.3064828989
-4.6548431969
-4.7392232449
-4.5860339439
-4.7554410099
-4.8939761739
-5.0985017299
-5.5693118609
-5.8162483389
-5.5752093099
-5.1477794419
-4.7676049199
-4.6691833109
-4.8901315269
-4.7474945029
-3.8700548989
-4.2317337599
-4.0506499679
-4.8297683399
-4.8153373769
-4.4464532939
-4.8315355079
-4.3238393429
-3.8830768329
-3.8533627249
-3.7437746909
-3.7397403239
-3.7770769129
-3.9210107849
-3.7075873529
-3.9743066759
-4.5431586949
-4.8450724329
-4.5481280879
-4.5625232369
-4.5887260689
-4.5454205829
-4.8262980299
-4.8438558139
-4.8022569269
-4.7403094399
-4.8207945679
-4.9062100629
-4.9540791749
-5.2336623439
-5.1679918659
-4.9468943439
-4.4826764959
-4.3676502919
-4.3082476309
-4.4692760649
-4.8407104779
-4.8604799229
-4.3731267549
-4.5741014049
-4.8426092939
-4.8171617289
-4.5910500899
-4.4480885619
-4.6406428959
-4.4529289719
-4.2469030489
-4.1737356329
-4.0066458719
-4.2330992769
-4.3634666019
-4.5176922779
-4.5824491029
-4.8432985789
-4.9600546099
-5.1366832759
-5.0179673979
-4.9338741359
-4.7213215819
-4.6734312249
-4.6128269609
-4.2999441329
-3.7917825399
-4.0513875629
-4.6354656689
-4.6040181809
-4.6147687199
-4.2024490179
-4.3607859269
-4.7052501039
-4.1685742059
-3.7192829709
-2.9081444009
-3.3661914169
-5.3936633289
-5.7920584429
-6.6825923409
-6.5172870289
-5.1426584239
-4.1388673929
-5.8569949329
-6.8410808639
-5.8772153989
-4.8499765169
-4.1676083059
-3.8793704789
-4.1516841359
-4.4787275809
-5.0495620769
-5.2717446139
-5.2378519049
-6.0845794909
-4.9682203129
-4.2406663559
-3.6717622209
-3.6296487689
-3.5571882149
-3.8572211589
-4.0117829199
-3.8704830899
-4.4266549289
-5.0300724209
-5.4055466039
-6.2251803799
-6.1768505119
-6.1374241539
-6.8720186089
-7.3167642569
-7.0522528519
-6.4096635399
-5.8041600039
-5.0333406729
-5.0273265219
-5.2190513569
-6.3298734539
-6.6473150979
-6.6802791209
-6.3665920909
-5.5207451619
-5.4566877629
-5.6001136189
-4.9119170399
-4.6175744679
-4.9377462989
-4.9846290639
-4.8470177029
-4.7567268259
-5.1160715209
-5.0614866999
-4.6286744439
-5.4830680699
-5.5592226459
-5.3566382409
-5.2072111699
-5.1106339789
-5.3393729369
-4.9951044719
-4.5796760299
-4.3858097939
-4.8318221009
-4.6611891149
-3.7135626769
-3.3274381669
-3.6490360739
-3.6220207669
-3.6177394539
-3.5520487539
-3.7622349019
-4.5635818149
-5.7015947089
-5.6564064629
-6.1288615179
-7.0369244589
-6.6750289269
-5.5612092029
-5.1540771289
-4.9658629809
-5.0608380539
-4.8234506589
-4.8539694749
-5.6915908149
-6.1018416639
-6.3052561839
-6.3489019739
-6.3722445979
-6.5584897119
-5.8063492529
-5.2085242289
-5.0161606509
-4.6441392729
-4.2541054539
-4.6730888389
-5.3656054429
-5.2164175149
-5.2642017609
-4.9818653709
-4.7629882809
-4.4721054079
-3.9028521779
-3.7370659879
-4.2048269319
-4.9201831959
-4.5594988109
-4.3517434449
-3.9905430999
-3.4520966779
-3.5014215709
-3.5389741139
-3.2613408189
-3.6831840049
-4.4893283699
-5.0730583779
-5.7977134409
-6.0426116089
-5.9418924769
-5.0421194999
-4.0714200579
-3.6819554999
-3.3938197849
-3.3550252879
-4.0752596719
-5.5517994139
-5.8000125179
-4.8201135959
-4.2601000579
-4.3541323219
-4.4928463759
-5.2732887369
-5.3258545179
-3.9763377679
-2.6281360459
-2.8206814489
-2.7872845239
-3.4690160049
-4.7559928409
-5.3477511229
-5.5409468199
-5.9407465489
-6.5336336619
-6.0397157089
-6.0459214879
-5.6659964369
-4.6957423249
-3.8236309639
-3.3809347619
-3.4564575129
-3.0104313939
-3.1482114529
-4.0423209629
-4.7178346189
-5.6975297049
-5.7628795919
-5.5581760009
-6.0109460539
-5.9082525569
-4.4124971059
-4.1971308689
-4.7605936879
-5.0304089659
-4.5839170049
-4.3413683669
-4.7695487819
-4.0242960159
-3.8655661259
-4.5496558039
-4.2510236499
-4.5657770609
-5.5793179569
-6.4670271669
-6.4264818919
-6.3849017719
-6.5545199139
-6.2240817989
-5.7069483229
-4.9691879749
-4.8468705359
-4.6147060519
-4.2874799079
-4.0765707109
-4.8515456729
-5.5274542299
-5.3512089659
-5.5747504649
-5.9023012949
-5.5458946109
-5.5169864759
-5.7193806059
-5.2366582689
-5.7293648449
-6.1936751929
-6.1666639219
-5.3923153479
-5.0512727389
-5.1004837179
-5.0476057459
-4.8200074479
-4.7364295969
-4.9866787619
-4.8637316579
-5.8884474789
-5.9331639669
-5.7496446709
-5.2338028529
-5.5371934389
-5.8153182029
-5.4086380269
-5.4601881459
-5.4034056729
-4.8089692989
-4.4384137649
-4.2943208919
-4.1009839549
-3.8427763719
-3.9205066549
-4.6182453969
-4.8302955779
-6.0315725489
-7.0601927229
-7.1139266349
-7.0264880489
-7.3421695029
-7.0674949189
-6.1005242619
-5.7562389509
-5.5243927279
-5.1810293299
-5.1353695039
-5.7005109399
-5.2642137099
-4.5404126029
-3.9240862049
-3.5921445279
-3.1849663479
-3.1421236549
-3.1570109059
-3.0495953049
-3.5841535179
-4.9043934269
-6.2894237129
-6.2694249789
-7.2020645209
-6.8618360389
-7.6946246529
-7.4367917709
-7.6518709469
-7.8465816359
-7.9717475819
-8.2312331599
-7.9072788099
-8.1688255029
-7.8127577129
-7.5860814679
-6.8171289259
-7.4985656619
-6.9070299429
-6.2300451259
-6.2106117669
-6.1490570749
-6.3035949949
-6.5176074429
-6.8719514539
-7.3512635689
-6.7955463339
-6.6070136589
-7.0663904209
-7.2863243309
-7.6733373769
-8.0558433249
-8.1299865949
-7.5380975529
-6.6777084639
-6.8692092089
-6.4979762559
-6.3663700439
-6.9731809269
-7.3532719239
-7.4837031049
-7.7009556409
-7.4464441599
-7.4671633019
-8.1074592139
-8.1961996149
-8.2743048069
-7.7352627529
-7.8947352289
-7.2900950119
-6.4783297169
-6.0569674359
-5.7929196079
-5.6101746979
-6.4866708739
-8.3843383329
-8.9809639599
-7.5495293259
-7.0821150499
-7.6212095179
-7.4530511219
-7.0507004789
-7.4415705139
-6.7804408169
-6.3971339949
-5.9468502439
-5.3713760579
-4.8296673019
-4.8578024019
-5.9025901479
-6.5244981239
-7.4163729129
-7.3977345869
-6.8928148429
-6.1598449329
-4.8367329539
-3.6726435849
-3.8927036469
-4.0711208979
-4.1319906609
-4.6153334469
-5.5726262649
-6.5674806849
-5.3991011509
-4.8083467999
-5.7686918849
-7.0407333059
-5.9929023049
-5.1306767259
-4.6093072709
-4.9570309779
-5.5039524359
-7.4027985409
-7.1942636339
-6.6377404459
-6.9236784869
-6.9262223589
-6.2414794689
-5.4908823999
-5.1754386159
-5.2146853099
-4.5332696069
-4.2123395669
-4.8103697699
-5.3871059329
-5.3630695709
-5.7257724069
-6.2713642989
-6.2211890349
-5.9242760449
-6.6208014929
-6.7008287519
-6.4277129499
-7.0283634739
-6.9257333239
-6.2693750689
-5.6420123659
-5.7255523199
-5.9287899229
-5.8867106969
-5.6170537459
-6.3581591079
-7.1964826459
-7.1115803529
-7.4000938289
-6.4099584789
-6.6686651289
-7.4599682799
-7.7629144599
-7.5202591379
-6.4213924839
-6.8786466939
-7.7945019209
-8.2660849379
-8.1745120699
-7.4875678799
-7.2644229659
-6.1896786809
-6.0020303089
-6.6788319189
-6.5723755539
-6.5357899509
-6.1808977999
-6.2494419409
-6.0334418609
-5.3001724229
-5.4677211639
-6.1479035869
-6.4991530179
-7.3766275039
-8.2923784759
-8.9339481929
-8.6345119199
-7.6098655209
-6.8119231769
-6.8235322009
-8.8582126799
-10.906426877
-9.9653732379
-9.8178357899
-9.4856931169
-6.5156741379
-5.3304345179
-8.0032314979
-6.4650685239
-4.9221304609
-5.5975845699
-5.7459150089
-4.9076191239
-6.0623633529
-5.8081131889
-4.2991824249
-5.1796178709
-7.1393694369
-7.6633930869
-6.6117719299
-6.3743987139
-5.3357818529
-4.0199596399
-4.4651213429
-5.0097893709
-4.5072866929
-4.0401616159
-4.4249000679
-4.6428674949
-4.3020151629
-4.3465780619
-4.3762010869
-3.7821958689
-3.6457286919
-3.6744789409
-4.5043438409
-5.8389490949
-6.0329908949
-5.1804858289
-5.1519307129
-5.3232476739
-4.5427193799
-4.3552128049
-4.5136251389
-4.1167006309
-4.0649032339
-4.0280678419
-3.8421022519
-3.5838322089
-3.8568449969
-3.5125452769
-3.5634202969
-4.3102384289
-4.3675797309
-3.9298058149
-3.7673569169
-3.5683060549
-3.6384333289
-3.5057205999
-3.1595730599
-3.6118640759
-4.2472152499
-4.0626914019
-4.7985477289
-4.8915811629
-4.6863050619
-4.8903850259
-4.2314836229
-3.8864316239
-3.9422947329
-3.4581161999
-3.2473643269
-3.2023769899
-2.8434162189
-2.4498110379
-2.6909984049
-3.2796781299
-3.0023394729
-2.7705028759
-2.5681431089
-3.6061085389
-3.2750924259
-2.6673650049
-2.1984021839
-2.3319791969
-2.8607249399
-2.8721890599
-3.8664856279
-5.0660784089
-5.5888937149
-5.6315553249
-4.6484276539
-4.6295604489
-4.9751797509
-4.6486561959
-5.1642289749
-5.6275338339
-5.0547511269
-4.3490854149
-4.3215990999
-4.8763383289
-5.5173021389
-5.2680928529
-4.9406904569
-5.2466975539
-5.5547140619
-5.8283374209
-5.6491775809
-5.4277056429
-5.2487978129
-5.0585054659
-4.8546409699
-4.9516749339
-4.6291923399
-5.1002134499
-6.3195968949
-6.7065675169
-6.9166232269
-6.8695927839
-6.4170230099
-5.8203846369
-6.1724644669
-6.1299227819
-6.2301708549
-6.0743165669
-5.8995145339
-5.3592117259
-5.5825741689
-6.0852302909
-5.2848167599
-4.6055023839
-3.8765268089
-3.2445889229
-3.6241472529
-4.2640800249
-4.9408498779
-5.1274829849
-5.6234280549
-6.4416678729
-6.9767460789
-7.1234575899
-7.4292996319
-6.9660630369
-6.0070937129
-6.1343425339
-5.5142055979
-5.1859859059
-5.4137835939
-5.3573515009
-5.5290922989
-4.9973679409
-5.1965968119
-5.4790102459
-4.8934708539
-4.5243219829
-4.6678687049
-5.3457400449
-5.8128262749
-6.5841579729
-6.8686047169
-7.2166161509
-7.2219298379
-6.3715868589
-5.3958981189
-5.3197776989
-5.4766602869
-4.9787848819
-5.2229546939
-5.9939404669
-5.9056786549
-5.0361672679
-4.8197385569
-4.4433544199
-4.9588806759
-5.5706034899
-6.5005510989
-5.9854886809
-4.9890174029
-4.6687510709
-4.2883103209
-4.4858795389
-4.5219703639
-5.1110421089
-5.1677535709
-5.0972910529
-5.2736766409
-4.9104540259
-4.5579723469
-4.8375294909
-4.4084800229
-4.4306546989
-4.5860862009
-4.1565343099
-4.5057093039
-5.1002137759
-5.0587796929
-4.3913685989
-4.0459427019
-5.2585887169
-4.7521710429
-4.0575993569
-4.3276097889
-3.8038711609
-3.5124405089
-3.2581497459
-3.3985498019
-3.4579281669
-3.7782676429
-4.5515266639
-4.5572142619
-4.8474376069
-4.8960940389
-5.3515790899
-5.7177824819
-5.6811013879
-6.5613634949
-5.9176027359
-6.1260822629
-5.2064831109
-5.2313814669
-5.2609808639
-4.6917900939
-4.5061308839
-4.9726186609
-5.1034614829
-4.5806291379
-5.2727487809
-5.5163592719
-6.0989761519
-6.5819245449
-5.7969754779
-4.3320440189
-4.6314546939
-4.6824601939
-4.8917850339
-4.6524370339
-4.7760097869
-3.3925484859
-2.8334561449
-3.1591418859
-3.4814600999
-3.4940491719
-3.8455760779
-4.0249942489
-3.8579813189
-3.6132493999
-3.6937439439
-3.5049763639
-2.7111410479
-4.4580481759
-9.8517479369
-16.931133837
-19.610920956
-10.931299926
-9.9367513099
-5.1913399289
-6.1200163789
-7.7426091569
-3.4747384899
-1.8114578349
-3.6562001399
-4.7313433299
-5.6331147789
-4.5483045199
-4.4041386799
-8.4528043709
-13.723106728
-9.7757699549
-10.668798392
-13.772745451
-13.781234759
-8.2841770849
-6.7866523839
-7.7676200069
-9.8586696879
-10.286876989
-9.2162987089
-7.4615830789
-3.7804578069
-4.7273130939
-6.3852221709
-7.0568381559
-8.8774595499
-7.1881158229
-8.9375908959
-8.8024492729
-9.5770097249
-8.7079250989
-8.2146152869
-6.8417042319
-6.9878832849
-6.6747829129
-6.8451046439
-8.1641343039
-9.1161978319
-8.8348663929
-8.7085810709
-8.3473583759
-7.4521940719
-6.5995371839
-7.1869852629
-6.5606266419
-5.7093832549
-5.9657979819
-6.9615184629
-7.8841684269
-9.6639156549
-9.1770423859
-7.5829960609
-7.2949074179
-7.3234562199
-6.7962538279
-6.1046117009
-6.2744487939
-6.6156199059
-7.1217401879
-7.3985435569
-8.1859022669
-8.3063430299
-7.5098940109
-6.7319876559
-6.0765765259
-5.9304449189
-5.7321815759
-5.6805720289
-5.8033368289
-6.2803472969
-6.8010438719
-6.9950414999
-6.8333172339
-6.7006946579
-6.6198097309
-6.0790742479
-6.2964355329
-6.3513439249
-5.9291636309
-6.1720360889
-6.5603749879
-6.2086745849
-6.0789327199
-5.8351220119
-5.6713318229
-6.2829560759
-5.9019967209
-5.8730290609
-5.5984630879
-5.3968508939
-5.4066062329
-5.7506967059
-5.2548459659
-5.3293679199
-4.6279345869
-4.0034328049
-3.3318686839
-3.2272517679
-3.5207091369
-3.1909744699
-4.0530065199
-4.3027392319
-4.7106874519
-5.0276831829
-4.3470686229
-4.1489595569
-4.3090866639
-4.1558774399
-4.7519159769
-5.0188442629
-5.5749655839
-6.0067510189
-5.6475977819
-5.1918063089
-4.6300503759
-4.7160582129
-5.5524482689
-5.8322507699
-5.6991198589
-5.4627968889
-5.7332145119
-5.8123431809
-5.9566741719
-6.0030012129
-5.3638419069
-4.7562639369
-4.6469470749
-4.8455744959
-4.7966850849
-4.9537831099
-4.8880536379
-5.0447655649
-4.8432208309
-4.4369273009
-4.1361082089
-4.5120382369
-5.2357213479
-5.5939341069
-5.4782863499
-6.5142333689
-6.9941923219
-6.1045927249
-5.8898094269
-6.1278305829
-6.1277803529
-5.9210724529
-6.2299047979
-5.6997389399
-5.0790423899
-4.4882223109
-4.5708557929
-4.8417313649
-5.6448578239
-6.2979549159
-5.7281877229
-5.5243015789
-5.5385221499
-5.4131539949
-4.8506286789
-5.6034230589
-5.3334706229
-4.9752669389
-5.1358005239
-5.5370018709
-5.1949323139
-5.1767670559
-5.5185399329
-5.4820461729
-6.0104859969
-6.7692322429
-6.7176081149
-6.5753337369
-7.6124823859
-7.6776944829
-7.5356322059
-7.6098843669
-6.6675294179
-4.9799162339
-4.3201607829
-4.0742228969
-3.8708785369
-4.5006367969
-5.7201408009
-6.5164412019
-7.5796567899
-7.4131136409
-6.4349057219
-7.9092486019
-11.748678048
-13.126833012
-13.124568192
-11.102632514
-9.8307779419
-10.491412586
-12.278857977
-16.443727745
-19.390867903
-12.963511556
-9.9607170959
-9.2319989009
-8.6793254719
-11.56546862
-13.664458505
-15.868372969
-15.235061574
-15.303067535
-17.613666481
-17.550655885
-10.84057018
-7.0811086389
-6.6262751609
-4.9087444259
-1.9781438309
0.15064238812
1.0312215191
-0.24968892888
-0.37572611488
0.10020884212
0.31943639112
0.10055010612
-0.59117108888
-0.96620363188
-1.8770232329
-3.8224007369
-3.0560242669
-3.5962215309
-2.5457912949
-2.9004795659
-2.5279196289
-2.4675425699
-2.4556287579
-2.3899630919
-2.6515665079
-2.8174486449
-2.9264372819
-3.8203951299
-5.4853882089
-6.7988454139
-8.4833985729
-11.409823303
-13.351284804
-14.71805724
-16.678245499
-18.557044424
-20.908527897
-21.774738654
-16.879112745
-17.270399274
-15.66473426
-18.297458902
-16.942346289
-18.751543136
-22.060723037
-20.723613487
-18.667514078
-12.632164302
-7.9702827679
-8.9489336929
-10.59583765
-15.424649323
-15.93731835
-15.698627229
-17.601431369
-12.742582331
-8.8447991499
-8.0410185659
-11.218364643
-12.691491064
-14.712902678
-14.806139839
-16.146451777
-18.967926246
-27.198698467
-18.784159474
nan
nan
nan
-21.171665824
-18.978786095
-18.019709995
-17.363386567
-15.173789028
-12.370969087
