3.9233436612e-06
3.9208921812e-06
3.9177464613e-06
3.9151411413e-06
3.9118100813e-06
3.9055497213e-06
3.9083534813e-06
3.9117350213e-06
3.9150073813e-06
3.9110730213e-06
3.9059823413e-06
3.9115559813e-06
3.9104812413e-06
3.9121761613e-06
3.9146600613e-06
3.9177400613e-06
3.9173123813e-06
3.9211620612e-06
3.9261292412e-06
3.9240749212e-06
3.9219161812e-06
3.9246032212e-06
3.9284474012e-06
3.9295648212e-06
3.9277078212e-06
3.9280636812e-06
3.9300680412e-06
3.9323398612e-06
3.9361205011e-06
3.9396163211e-06
3.9433104411e-06
3.9449826011e-06
3.9511419611e-06
3.954696441e-06
3.959903721e-06
3.962469881e-06
3.964618321e-06
3.968241561e-06
3.966038381e-06
3.966082201e-06
3.9688810809e-06
3.9717818809e-06
3.9778488809e-06
3.9831817009e-06
3.9887653008e-06
3.9940635408e-06
3.9990086008e-06
4.0022276807e-06
4.0075616407e-06
4.0127527007e-06
4.0172014007e-06
4.0205240606e-06
4.0258489806e-06
4.0294684806e-06
4.0385351205e-06
4.0456536005e-06
4.0512227004e-06
4.0563099004e-06
4.0604834604e-06
4.0645510004e-06
4.0724827803e-06
4.0850477402e-06
4.0918946802e-06
4.1023106601e-06
4.1111652001e-06
4.11855872e-06
4.1268548e-06
4.1360164999e-06
4.1425674199e-06
4.1516390798e-06
4.1597413998e-06
4.1628646398e-06
4.1659434197e-06
4.1646760598e-06
4.1699745597e-06
4.1816211397e-06
4.1945052996e-06
4.2042883395e-06
4.2111891395e-06
4.2135320595e-06
4.2122049195e-06
4.2148358195e-06
4.2312156594e-06
4.2315092794e-06
4.2306192794e-06
4.2361686193e-06
4.2345647793e-06
4.2369997393e-06
4.2379483993e-06
4.2423599193e-06
4.2472040393e-06
4.2500708792e-06
4.2531671992e-06
4.2561795992e-06
4.2581220592e-06
4.2632225392e-06
4.2698048391e-06
4.2734287991e-06
4.2806619991e-06
4.290402039e-06
4.2988096389e-06
4.3035367389e-06
4.3108998989e-06
4.3184559788e-06
4.3261264188e-06
4.3338735387e-06
4.3420479587e-06
4.3477586786e-06
4.3572040786e-06
4.3645465985e-06
4.3734368185e-06
4.3854286184e-06
4.3946149584e-06
4.4035795583e-06
4.4141243582e-06
4.4223404982e-06
4.4336900381e-06
4.446314798e-06
4.457694558e-06
4.4673337979e-06
4.4804104778e-06
4.4878733378e-06
4.4991158577e-06
4.5122053576e-06
4.5209371776e-06
4.5301864575e-06
4.5393000775e-06
4.5472453974e-06
4.5581454574e-06
4.5712797973e-06
4.5875971172e-06
4.6025265171e-06
4.614571797e-06
4.6356844769e-06
4.6757961367e-06
4.6826372166e-06
4.7009931565e-06
4.7244607964e-06
4.7340178563e-06
4.7476404162e-06
4.7551155962e-06
4.783059276e-06
4.7960645759e-06
4.8052852959e-06
4.8155422758e-06
4.8399034557e-06
4.8559860556e-06
4.8628198155e-06
4.8760001154e-06
4.8885962954e-06
4.9005604553e-06
4.9059849553e-06
4.9222569752e-06
4.9372121351e-06
4.944339715e-06
4.950011935e-06
4.9603636749e-06
4.9790250348e-06
4.9883879548e-06
4.9959077947e-06
5.0062451546e-06
5.0280695345e-06
5.0435972144e-06
5.0422794344e-06
5.0360317145e-06
5.0399611344e-06
5.0755272342e-06
5.0824611542e-06
5.0794429342e-06
5.0974005941e-06
5.108005274e-06
5.108038054e-06
5.119175774e-06
5.1260661139e-06
5.120275194e-06
5.1495831338e-06
5.1493350738e-06
5.1707644136e-06
5.1721199136e-06
5.1800931136e-06
5.1847811736e-06
5.1940106135e-06
5.1978842935e-06
5.2018963335e-06
5.2164646534e-06
5.2249315933e-06
5.2250678133e-06
5.2357854132e-06
5.2408224932e-06
5.2420849932e-06
5.2433595332e-06
5.2494062732e-06
5.2560932731e-06
5.2603115331e-06
5.2628039331e-06
5.2664201931e-06
5.274943493e-06
5.280027153e-06
5.282404153e-06
5.283742953e-06
5.2858356729e-06
5.2911631529e-06
5.2976160129e-06
5.3025193328e-06
5.3072020328e-06
5.3088082728e-06
5.3113667728e-06
5.3139933928e-06
5.3188157527e-06
5.3230035927e-06
5.3271913327e-06
5.3348128326e-06
5.3423322126e-06
5.3478333326e-06
5.3505563526e-06
5.3535999125e-06
5.3572655125e-06
5.3620317125e-06
5.3636001525e-06
5.3630385325e-06
5.3656206525e-06
5.3710750724e-06
5.3717138724e-06
5.3704015924e-06
5.3730303924e-06
5.3781717124e-06
5.3810854124e-06
5.3829921924e-06
5.3859029123e-06
5.3885541923e-06
5.3891546523e-06
5.3889744723e-06
5.3896170123e-06
5.3902583123e-06
5.3911795323e-06
5.3944208923e-06
5.3961615923e-06
5.3958975923e-06
5.3956427123e-06
5.3947128723e-06
5.3972796123e-06
5.3983372123e-06
5.3965655523e-06
5.3946659323e-06
5.3940141523e-06
5.3942051723e-06
5.3911862723e-06
5.3908431723e-06
5.3913161523e-06
5.3909587323e-06
5.3899319923e-06
5.3870968723e-06
5.3864401523e-06
5.3895781923e-06
5.3882968923e-06
5.3836479123e-06
5.3794867324e-06
5.3758146724e-06
5.3747312324e-06
5.3712835724e-06
5.3666753525e-06
5.3626583725e-06
5.3601907125e-06
5.3563090725e-06
5.3533745925e-06
5.3492007126e-06
5.3457835326e-06
5.3457355926e-06
5.3456930126e-06
5.3441956526e-06
5.3408841926e-06
5.3348020526e-06
5.3325031727e-06
5.3257301327e-06
5.3174438928e-06
5.3128911928e-06
5.3078288528e-06
5.3020255728e-06
5.3001125929e-06
5.3019804128e-06
5.3000698529e-06
5.2965511929e-06
5.2952742529e-06
5.2931636529e-06
5.2923145129e-06
5.2938228929e-06
5.2917706329e-06
5.283043773e-06
5.281069833e-06
5.283975393e-06
5.2881119329e-06
5.2967548729e-06
5.3028974528e-06
5.3053691528e-06
5.3095933728e-06
5.3100353128e-06
5.3063662328e-06
5.3059786728e-06
5.3079461528e-06
5.3154456528e-06
5.3228347727e-06
5.3265603727e-06
5.3335950327e-06
5.3330797927e-06
5.3337104527e-06
5.3357358126e-06
5.3425959326e-06
5.3464027326e-06
5.3440919526e-06
5.3443995726e-06
5.3487587526e-06
5.3562832525e-06
5.3649458925e-06
5.3730959524e-06
5.3797506524e-06
5.3841090323e-06
5.3837870923e-06
5.3865377323e-06
5.3914665323e-06
5.3950153923e-06
5.4014698922e-06
5.4065409522e-06
5.4134666122e-06
5.4176450121e-06
5.4246663321e-06
5.4307062321e-06
5.437198372e-06
5.445049532e-06
5.4547681119e-06
5.4628605119e-06
5.4688595118e-06
5.4728709718e-06
5.4762866918e-06
5.4765874518e-06
5.4768803918e-06
5.4820008718e-06
5.4888698717e-06
5.4959842117e-06
5.5012399316e-06
5.5053959516e-06
5.5109846316e-06
5.5168098115e-06
5.5234622915e-06
5.5290789915e-06
5.5343876514e-06
5.5398884114e-06
5.5441322114e-06
5.5482803713e-06
5.5534355313e-06
5.5617041513e-06
5.5690202112e-06
5.5749161112e-06
5.5824899511e-06
5.5896941911e-06
5.5957484911e-06
5.598561731e-06
5.601003671e-06
5.602185431e-06
5.607078311e-06
5.610809891e-06
5.612434731e-06
5.611413611e-06
5.613854391e-06
5.6218715709e-06
5.6206343309e-06
5.6207675109e-06
5.6224745309e-06
5.6316706508e-06
5.6395543108e-06
5.6408636308e-06
5.6384847108e-06
5.6338835308e-06
5.6353154708e-06
5.6458820108e-06
5.6458748908e-06
5.6431839308e-06
5.6472724107e-06
5.6551366507e-06
5.6611709107e-06
5.6621094107e-06
5.6581611107e-06
5.6560525707e-06
5.6585856907e-06
5.6611539707e-06
5.6630737307e-06
5.6653307106e-06
5.6697589906e-06
5.6728962706e-06
5.6719772506e-06
5.6727525506e-06
5.6711450906e-06
5.6687009306e-06
5.6670051706e-06
5.6667612106e-06
5.6740415506e-06
5.6809128305e-06
5.6839137105e-06
5.6839700305e-06
5.6816810705e-06
5.6804602905e-06
5.6805048905e-06
5.6819769505e-06
5.6871248105e-06
5.6949892905e-06
5.6985069304e-06
5.6988527304e-06
5.6953590705e-06
5.6918309105e-06
5.6934419705e-06
5.6982249904e-06
5.7014538904e-06
5.7051930504e-06
5.7078196304e-06
5.7106808304e-06
5.7130267503e-06
5.7126308104e-06
5.7136149903e-06
5.7148556103e-06
5.7146794703e-06
5.7183234103e-06
5.7219480303e-06
5.7224217503e-06
5.7272084303e-06
5.7290146303e-06
5.7267596503e-06
5.7253557903e-06
5.7247221503e-06
5.7234849103e-06
5.7241846303e-06
5.7238390703e-06
5.7229402703e-06
5.7259460303e-06
5.7291982502e-06
5.7299623102e-06
5.7323844902e-06
5.7364479302e-06
5.7403885302e-06
5.7446871302e-06
5.7464418501e-06
5.7491874501e-06
5.7536290101e-06
5.7568771101e-06
5.7595610701e-06
5.7606696101e-06
5.7617499301e-06
5.76317787e-06
5.76312183e-06
5.76272571e-06
5.76200121e-06
5.7614755501e-06
5.7614826901e-06
5.7617962701e-06
5.7608088101e-06
5.7600588101e-06
5.7592403501e-06
5.7557983901e-06
5.7513472501e-06
5.7510889301e-06
5.7508413301e-06
5.7511744301e-06
5.7531908701e-06
5.7514059101e-06
5.7479409701e-06
5.7487723901e-06
5.7532239101e-06
5.7548567301e-06
5.7604253501e-06
5.76829597e-06
5.77479065e-06
5.7796843099e-06
5.7841600099e-06
5.7861213099e-06
5.7886223299e-06
5.7856927099e-06
5.7858352299e-06
5.77755735e-06
5.76971381e-06
5.76490333e-06
5.7602831901e-06
5.76975325e-06
5.7808856299e-06
5.7970718298e-06
5.7988851098e-06
5.8015513898e-06
5.8204445897e-06
5.8440005496e-06
5.8189948297e-06
5.7924626099e-06
5.8016126898e-06
5.7908766499e-06
5.7914636099e-06
5.7902771099e-06
5.7844513499e-06
5.77612327e-06
5.7607653901e-06
5.5102233316e-06
5.4878898517e-06
5.5320935314e-06
5.5069546916e-06
5.5254637515e-06
5.5124238716e-06
5.4961808717e-06
5.5547773513e-06
nan
5.5066796716e-06
5.4901105517e-06
5.4970620117e-06
5.5155868515e-06
5.5024025116e-06
5.5021061316e-06
5.5032556516e-06
5.5113253716e-06
5.5195188115e-06
5.5027516716e-06
5.4977819717e-06
5.5065689516e-06
5.5248945915e-06
5.5242201515e-06
5.5182825115e-06
5.5074565916e-06
5.4770159918e-06
5.4666274718e-06
5.4670017718e-06
5.4627709719e-06
5.4548107919e-06
5.4543001119e-06
5.4525792319e-06
5.449231412e-06
5.439968552e-06
5.4201976121e-06
5.4088463322e-06
5.3998692723e-06
5.3848569323e-06
5.3829994924e-06
5.3694764724e-06
5.3687056524e-06
5.3527955125e-06
5.3458702326e-06
5.3370531126e-06
5.3337023727e-06
5.3293170727e-06
5.3187673527e-06
5.3086176528e-06
5.2955453329e-06
5.2851198929e-06
5.279723033e-06
5.2675379131e-06
5.2640218531e-06
5.2527339731e-06
5.2422539932e-06
5.2265608933e-06
5.2164362334e-06
5.2122233134e-06
5.2090926734e-06
5.2025946734e-06
5.1934535735e-06
5.1923921735e-06
5.1819623536e-06
5.1687226137e-06
5.1600421737e-06
5.1550127737e-06
5.1509494938e-06
5.1436779938e-06
5.1351430339e-06
5.1257131139e-06
5.111888614e-06
5.0989485541e-06
5.0895333541e-06
5.0822575142e-06
5.0764875542e-06
5.0716198542e-06
5.0634162143e-06
5.0563514143e-06
5.0450519944e-06
5.0337289745e-06
5.0260086145e-06
5.0248296545e-06
5.0238136545e-06
4.9979182147e-06
4.9850778548e-06
4.9801278748e-06
4.9759716948e-06
4.9745443548e-06
4.9740228148e-06
4.9676586549e-06
4.9662970749e-06
4.9664017149e-06
4.9693362549e-06
4.9625659349e-06
4.9615520749e-06
4.9627438949e-06
4.9625820549e-06
4.9623810749e-06
4.9608743349e-06
4.953528055e-06
4.951168835e-06
4.9620015349e-06
4.9610173549e-06
4.951722695e-06
4.944782575e-06
4.949683535e-06
4.9572460149e-06
4.9568435149e-06
4.955230955e-06
4.9565744149e-06
4.954207855e-06
4.953369575e-06
4.951699615e-06
4.953179075e-06
4.9575768749e-06
4.9579748549e-06
4.9615575549e-06
4.9610124549e-06
4.9637244349e-06
4.9640084549e-06
4.9653884549e-06
4.9649892949e-06
4.9654419549e-06
4.9628614549e-06
4.9617543949e-06
4.9588940149e-06
4.9587322949e-06
4.9568440949e-06
4.9571390749e-06
4.9588082349e-06
4.9605082349e-06
4.9638699349e-06
4.9631435749e-06
4.9624927949e-06
4.9614653749e-06
4.9619398549e-06
4.9611232749e-06
4.9599947949e-06
4.9577567149e-06
4.9561651549e-06
4.952000915e-06
4.949398775e-06
4.946186755e-06
4.946403655e-06
4.949729115e-06
4.948155595e-06
4.947725295e-06
4.944911455e-06
4.943015695e-06
4.942998595e-06
4.939996535e-06
4.9362158351e-06
4.9308757151e-06
4.9261582551e-06
4.9238281551e-06
4.9219428152e-06
4.9188791152e-06
4.9175214152e-06
4.9119610552e-06
4.9077626752e-06
4.9064473152e-06
4.9035594953e-06
4.9018569753e-06
4.9023193353e-06
4.8991567153e-06
4.8906888553e-06
4.8842878954e-06
4.8751810754e-06
4.8667532355e-06
4.8660232355e-06
4.8641482955e-06
4.8580126355e-06
4.8514538556e-06
4.8472658556e-06
4.8453165356e-06
4.8430882956e-06
4.8400987157e-06
4.8311652957e-06
4.8176772958e-06
4.8138641158e-06
4.8136458758e-06
4.8125195358e-06
4.8092530558e-06
4.8026029959e-06
4.790490396e-06
4.781799996e-06
4.775349856e-06
4.7745114561e-06
4.7704034961e-06
4.7652296761e-06
4.7576436762e-06
4.7514521362e-06
4.7449406962e-06
4.7400883563e-06
4.7305909963e-06
4.7265505763e-06
4.7240937764e-06
4.7155379164e-06
4.7120856564e-06
4.7125969564e-06
4.7059028565e-06
4.6990290165e-06
4.6979042365e-06
4.6916376966e-06
4.6876813566e-06
4.6853842966e-06
4.6832596366e-06
4.6786924166e-06
4.6747016967e-06
4.6714122767e-06
4.6707951967e-06
4.6719177367e-06
4.6697452767e-06
4.6635105767e-06
4.6551373968e-06
4.6514297568e-06
4.6525058168e-06
4.6512145968e-06
4.6507064568e-06
4.6481259368e-06
4.6442292568e-06
4.6425257169e-06
4.6408374569e-06
4.6377609569e-06
4.6356057169e-06
4.6307813969e-06
4.6296092569e-06
4.6277764569e-06
4.6270708769e-06
4.6283666769e-06
4.6291735969e-06
4.626593817e-06
4.626093657e-06
4.625350357e-06
4.622233677e-06
4.621007057e-06
4.617851137e-06
4.618005277e-06
4.615362717e-06
4.615913757e-06
4.614716957e-06
4.615007897e-06
4.613045857e-06
4.612699877e-06
4.612141377e-06
4.612242177e-06
4.6088646771e-06
4.6090168571e-06
4.611364817e-06
4.612371857e-06
4.6061350971e-06
4.6061135171e-06
4.6062153371e-06
4.6034487371e-06
4.6039329771e-06
4.6042186371e-06
4.6033050371e-06
4.6022430771e-06
4.5990541771e-06
4.6024941971e-06
4.6028419771e-06
4.6004473571e-06
4.5996534371e-06
4.5994900371e-06
4.6007635971e-06
4.5998625771e-06
4.6022845171e-06
4.5980759571e-06
4.5984614971e-06
4.5994767971e-06
4.5949646771e-06
4.5927444172e-06
4.5913144172e-06
4.5963019771e-06
4.5956943371e-06
4.5982106771e-06
4.5972451371e-06
4.5987980971e-06
4.5985576971e-06
4.5965345971e-06
4.5956671371e-06
4.5910665572e-06
4.5876864172e-06
4.5833461972e-06
4.5815746172e-06
4.5829729972e-06
4.5857138372e-06
4.5873260972e-06
4.5885560972e-06
4.5878327172e-06
4.5810260772e-06
4.5724454373e-06
4.5677471573e-06
4.5640015573e-06
4.5619257973e-06
4.5613088573e-06
4.5590872374e-06
4.5588208574e-06
4.5567506974e-06
4.5562009574e-06
4.5533559374e-06
4.5550597174e-06
4.5504173974e-06
4.5450545574e-06
4.5426108175e-06
4.5432246575e-06
4.5417695775e-06
4.5389242575e-06
4.5344922375e-06
4.5351923975e-06
4.5361610575e-06
4.5341258175e-06
4.5358840575e-06
4.5373154175e-06
4.5378399375e-06
4.5358015775e-06
4.5305261375e-06
4.5289181175e-06
4.5324040375e-06
4.5296504575e-06
4.5311913775e-06
4.5307801775e-06
4.5305017575e-06
4.5302843175e-06
4.5312664575e-06
4.5318107975e-06
4.5361409575e-06
4.5390072175e-06
4.5399332575e-06
4.5434117175e-06
4.5496684774e-06
4.5525197774e-06
4.5492542574e-06
4.5509436374e-06
4.5504639974e-06
4.5504909774e-06
4.5542444574e-06
4.5541483774e-06
4.5560900374e-06
4.5574004974e-06
4.5623395773e-06
4.5644711173e-06
4.5697571973e-06
4.5737157573e-06
4.5773906172e-06
4.5758501173e-06
4.5770684573e-06
4.5831113972e-06
4.5843342972e-06
4.5889334172e-06
4.5973434371e-06
4.6021907971e-06
4.6066652371e-06
4.610398677e-06
4.612336737e-06
4.614052797e-06
4.619618677e-06
4.622973717e-06
4.626171037e-06
4.6298404369e-06
4.6346798569e-06
4.6393938769e-06
4.6458360968e-06
4.6477252768e-06
4.6507338568e-06
4.6593565168e-06
4.6687120567e-06
4.6765017766e-06
4.6823755566e-06
4.6899208766e-06
4.6991161765e-06
4.7046143965e-06
4.7070283965e-06
4.7129141164e-06
4.7189504964e-06
4.7253602764e-06
4.7300963363e-06
4.7329350563e-06
4.7389520763e-06
4.7435930762e-06
4.7489905162e-06
4.7550133162e-06
4.7587724761e-06
4.7621220361e-06
4.7627244161e-06
4.7641499161e-06
4.7663546361e-06
4.7718704961e-06
4.779500816e-06
4.786164396e-06
4.7931174959e-06
4.8002495959e-06
4.8076417359e-06
4.8158188958e-06
4.8220949558e-06
4.8256889157e-06
4.8325218757e-06
4.8398188357e-06
4.8477358556e-06
4.8550909756e-06
4.8615158755e-06
4.8692925355e-06
4.8741236954e-06
4.8761424754e-06
4.8813380554e-06
4.8870497154e-06
4.8883511354e-06
4.8894021154e-06
4.8908457953e-06
4.8976504953e-06
4.9018751153e-06
4.8979293953e-06
4.9009244553e-06
4.9099709552e-06
4.9077420952e-06
4.9132283152e-06
4.9182095752e-06
4.9152195552e-06
4.9178795152e-06
4.9227597952e-06
4.9224043152e-06
4.9251513351e-06
4.9200113152e-06
4.9148715952e-06
4.9181802352e-06
4.9223525752e-06
4.9236547751e-06
4.9304601951e-06
4.9275025551e-06
4.9259119751e-06
4.9249634151e-06
4.9233829751e-06
4.9227777152e-06
4.9211244552e-06
4.9212453152e-06
4.9229078351e-06
4.9206774952e-06
4.9200763752e-06
4.9220329552e-06
4.9237895751e-06
4.9203640352e-06
4.9197215752e-06
4.9198866352e-06
4.9187387952e-06
4.9169522752e-06
4.9122582352e-06
4.9101375952e-06
4.9099346352e-06
4.9062046753e-06
4.9005669353e-06
4.9003779953e-06
4.8983849753e-06
4.8978280353e-06
4.9030839153e-06
4.9043260353e-06
4.9036948753e-06
4.9021687553e-06
4.9040510553e-06
4.9019373353e-06
4.8993492953e-06
4.8968640753e-06
4.8946645553e-06
4.8891006754e-06
4.8868335554e-06
4.8804729554e-06
4.8793512954e-06
4.8801232154e-06
4.8841834554e-06
4.8841743154e-06
4.8825869754e-06
4.8809071754e-06
4.8790744554e-06
4.8822603954e-06
4.8864810354e-06
4.8888647754e-06
4.8875847954e-06
4.8910662353e-06
4.8914998953e-06
4.8926159553e-06
4.8907415553e-06
4.8918775153e-06
4.8910452553e-06
4.8928628153e-06
4.8970025353e-06
4.8972102753e-06
4.8971464553e-06
4.9010294153e-06
4.9021036953e-06
4.9049620953e-06
4.9081073352e-06
4.9112090952e-06
4.9130941552e-06
4.9092416352e-06
4.9091637952e-06
4.9124231152e-06
4.9137948752e-06
4.9118269552e-06
4.9143062152e-06
4.9126059152e-06
4.9130718352e-06
4.9113540752e-06
4.9127628752e-06
4.9169148352e-06
4.9158111152e-06
4.9192977752e-06
4.9216017552e-06
4.9249542151e-06
4.9234723551e-06
4.9216328152e-06
4.9243111751e-06
4.9263424951e-06
4.9307119951e-06
4.9360206751e-06
4.9387402151e-06
4.941511835e-06
4.943888335e-06
4.945231155e-06
4.945094135e-06
4.943487015e-06
4.942844295e-06
4.942492035e-06
4.940911435e-06
4.940223035e-06
4.940634355e-06
4.941151275e-06
4.941108955e-06
4.942578415e-06
4.942579935e-06
4.941501595e-06
4.941358555e-06
4.940263335e-06
4.939449775e-06
4.9388960751e-06
4.9386982351e-06
4.9341676351e-06
4.942939175e-06
4.9324543151e-06
4.9288230751e-06
4.9296604951e-06
4.9249495951e-06
4.9261418351e-06
4.9288465751e-06
4.9314957751e-06
4.9352527751e-06
4.9328785551e-06
4.9343192151e-06
4.9360715751e-06
4.9343543351e-06
4.9344117951e-06
4.9331552551e-06
4.9317216751e-06
4.9334990551e-06
4.9318919151e-06
4.9317035551e-06
4.9298416351e-06
4.9297094551e-06
4.9275088751e-06
4.9282347151e-06
4.9262198751e-06
4.9294323551e-06
4.9279665351e-06
4.9291989151e-06
4.9307643151e-06
4.9293931951e-06
4.9301939551e-06
4.9333785551e-06
4.9356088551e-06
4.9340197551e-06
4.9360304951e-06
4.9338187551e-06
4.9298590751e-06
4.9303333351e-06
4.9306636151e-06
4.9299451151e-06
4.9310655751e-06
4.9314777751e-06
4.9344382751e-06
4.9383299551e-06
4.942646935e-06
4.942668815e-06
4.941590275e-06
4.940057555e-06
4.942163475e-06
4.9387635551e-06
4.9360377151e-06
4.9368044951e-06
4.9353621151e-06
4.9383813351e-06
4.940344815e-06
4.939949815e-06
4.941735155e-06
4.940750955e-06
4.940521055e-06
4.941894535e-06
4.941676695e-06
4.941530315e-06
4.941671815e-06
4.940188435e-06
4.939854215e-06
4.9387903951e-06
4.9365542551e-06
4.9334376951e-06
4.9323948151e-06
4.9325242551e-06
4.9264265751e-06
4.9234977151e-06
4.9207954952e-06
4.9160199552e-06
4.9107153552e-06
4.9143157752e-06
4.9178709752e-06
4.9190853152e-06
4.9199723752e-06
4.9208607552e-06
4.9170203352e-06
4.9133676352e-06
4.9109351152e-06
4.9137664552e-06
4.9110355952e-06
4.9148153352e-06
4.9133335152e-06
4.9130256752e-06
4.9127732952e-06
4.9125359552e-06
4.9103836752e-06
4.9118730152e-06
4.9107977352e-06
4.9093413352e-06
4.9076235352e-06
4.9047430353e-06
4.9079303952e-06
4.9072290752e-06
4.9084076552e-06
4.9059565353e-06
4.9062444353e-06
4.9065198352e-06
4.9046029353e-06
4.9064510952e-06
4.9048833153e-06
4.9073903752e-06
4.9073640952e-06
4.9110527152e-06
4.9062738553e-06
4.9090068352e-06
4.9100246152e-06
4.9126548552e-06
4.9101215552e-06
4.9075340752e-06
4.9071029752e-06
4.9056445553e-06
4.9075061152e-06
4.9067791352e-06
4.9086915152e-06
4.9068185952e-06
4.9059390953e-06
4.9072827152e-06
4.9033343353e-06
4.9037189753e-06
4.9040422153e-06
4.9022477553e-06
4.9018082953e-06
4.8994667353e-06
4.9012890953e-06
4.8953766953e-06
4.8949327953e-06
4.8933117353e-06
4.8954191353e-06
4.8963599553e-06
4.9022686353e-06
4.8970902953e-06
4.8995275553e-06
4.8999492353e-06
4.8986357553e-06
4.8964980153e-06
4.8926856753e-06
4.8914706553e-06
4.8912066353e-06
4.8908171753e-06
4.8921539553e-06
4.8917791353e-06
4.8914461753e-06
4.8927059553e-06
4.8940037353e-06
4.8937502953e-06
4.8942752753e-06
4.8932202353e-06
4.8943076953e-06
4.8949882553e-06
4.8940172953e-06
4.8953516553e-06
4.8944215353e-06
4.8947632753e-06
4.8941181353e-06
4.8920258353e-06
4.8922820953e-06
4.8938783953e-06
4.8933461153e-06
4.8941550953e-06
4.8965603553e-06
4.8962913753e-06
4.8939612353e-06
4.8975484953e-06
4.8981741753e-06
4.8993113153e-06
4.8963094953e-06
4.8948281953e-06
4.8958449753e-06
4.8950969753e-06
4.8955907553e-06
4.8980145553e-06
4.8968837553e-06
4.8999112353e-06
4.8961351953e-06
4.9006449553e-06
4.8972489553e-06
4.9031176353e-06
4.9044137753e-06
4.9061494353e-06
4.9049298953e-06
4.9047096153e-06
4.9096937352e-06
4.9114807352e-06
4.9166005152e-06
4.9176621752e-06
4.9181918552e-06
4.9215358752e-06
4.9225825352e-06
4.9277328751e-06
4.9300151951e-06
4.9343137151e-06
4.9367594351e-06
4.9368217351e-06
4.943041655e-06
4.945989695e-06
4.950177375e-06
4.952707215e-06
4.9564725749e-06
4.9592402749e-06
4.9637904549e-06
4.9619920549e-06
4.9650114149e-06
4.9671317949e-06
4.9704187149e-06
4.9752364148e-06
4.9783948948e-06
4.9770222748e-06
4.9754740148e-06
4.9760146948e-06
4.9765055748e-06
4.9783684148e-06
4.9821468548e-06
4.9841999148e-06
4.9879989348e-06
4.9910376347e-06
4.9888843947e-06
4.9885923148e-06
4.9858982748e-06
4.9829269148e-06
4.9895407147e-06
4.9972100547e-06
4.9969039947e-06
5.0000042347e-06
4.9993330347e-06
4.9983557147e-06
4.9971208547e-06
4.9940934147e-06
4.9927954147e-06
4.9914808547e-06
4.9912861147e-06
4.9948230147e-06
4.9964529547e-06
4.9927388347e-06
4.9882861748e-06
4.9886204548e-06
4.9914547747e-06
4.9933110747e-06
4.9935361747e-06
4.9924109747e-06
4.9898607547e-06
4.9881569748e-06
4.9905654747e-06
4.9944375747e-06
4.9960361747e-06
4.9944299747e-06
4.9888264747e-06
4.9897161147e-06
4.9903516547e-06
4.9923954947e-06
4.9926337347e-06
4.9947564547e-06
4.9931825947e-06
4.9970085147e-06
5.0011986347e-06
4.9973980347e-06
4.9937393947e-06
4.9925025747e-06
4.9930009147e-06
4.9915088347e-06
4.9901118747e-06
4.9880895148e-06
4.9876882748e-06
4.9874178348e-06
4.9893127747e-06
4.9898502147e-06
4.9871660948e-06
4.9819027748e-06
4.9833584948e-06
4.9884053148e-06
4.9884757348e-06
4.9888811347e-06
4.9882152548e-06
4.9871363148e-06
4.9854760948e-06
4.9848231348e-06
4.9812838548e-06
4.9758836348e-06
4.9738406548e-06
4.9724613348e-06
4.9727857148e-06
4.9705677549e-06
4.9691682149e-06
4.9699477949e-06
4.9662067149e-06
4.9633553549e-06
4.9594325549e-06
4.9577125149e-06
4.953849135e-06
4.950289515e-06
4.946503735e-06
4.945610535e-06
4.945467375e-06
4.943781955e-06
4.942121275e-06
4.940506915e-06
4.9379106551e-06
4.9387566751e-06
4.9336863551e-06
4.9323678551e-06
4.9313299151e-06
4.9295100951e-06
4.9292466751e-06
4.9247408351e-06
4.9230180951e-06
4.9209544952e-06
4.9156852152e-06
4.9174741552e-06
4.9135437752e-06
4.9144721352e-06
4.9143770552e-06
4.9149607952e-06
4.9155039552e-06
4.9152579352e-06
4.9128825752e-06
4.9130899952e-06
4.9051060353e-06
4.9053360353e-06
4.9063739553e-06
4.9045595753e-06
4.9056615553e-06
4.9057766553e-06
4.9066059752e-06
4.9039061353e-06
4.9016027953e-06
4.9037273753e-06
4.8991117953e-06
4.8965082153e-06
4.8966854753e-06
4.8941947353e-06
4.8867603354e-06
4.8867375354e-06
4.8875983554e-06
4.8864748354e-06
4.8864557754e-06
4.8833653754e-06
4.8841514954e-06
4.8850504154e-06
4.8826357354e-06
4.8788870754e-06
4.8766497554e-06
4.8770479354e-06
4.8709511155e-06
4.8704758355e-06
4.8697060355e-06
4.8720285755e-06
4.8731913755e-06
4.8725091355e-06
4.8750153554e-06
4.8763484754e-06
4.8796471754e-06
4.8824694554e-06
4.8796815754e-06
4.8775194154e-06
4.8803702754e-06
4.8779806154e-06
4.8852115754e-06
4.8861639154e-06
4.8919706553e-06
4.8963417553e-06
4.8973281553e-06
4.8980822953e-06
4.8949946553e-06
4.8928254553e-06
4.8953035953e-06
4.8933939953e-06
4.8942610353e-06
4.8936422953e-06
4.8914538353e-06
4.8918896753e-06
4.8916211353e-06
4.8928310153e-06
4.8890090154e-06
4.8876034754e-06
4.8894848554e-06
4.8866341354e-06
4.8878071754e-06
4.8872318354e-06
4.8889535754e-06
4.8874922354e-06
4.8856960754e-06
4.8835937954e-06
4.8826399354e-06
4.8811836754e-06
4.8802463554e-06
4.8808783554e-06
4.8798338554e-06
4.8820848154e-06
4.8787786554e-06
4.8773409354e-06
4.8765200554e-06
4.8731044155e-06
4.8664504155e-06
4.8621760155e-06
4.8645266955e-06
4.8655027555e-06
4.8646986355e-06
4.8658873755e-06
4.8636995955e-06
4.8612555555e-06
4.8600137355e-06
4.8573040555e-06
4.8585790955e-06
4.8577925155e-06
4.8586962555e-06
4.8601580555e-06
4.8572311355e-06
4.8536934356e-06
4.8540339756e-06
4.8493677956e-06
4.8494151756e-06
4.8516252356e-06
4.8468490556e-06
4.8475467956e-06
4.8505287356e-06
4.8497822156e-06
4.8552690556e-06
4.8532375756e-06
4.8517250956e-06
4.8531616556e-06
4.8554852156e-06
4.8593690355e-06
4.8629349555e-06
4.8625603955e-06
4.8625774955e-06
4.8613426555e-06
4.8613684755e-06
4.8613518755e-06
4.8609072355e-06
4.8598373355e-06
4.8606763555e-06
4.8606571955e-06
4.8618554155e-06
4.8592507755e-06
4.8558566556e-06
4.8562483956e-06
4.8588238555e-06
4.8551256556e-06
4.8528687156e-06
4.8590999155e-06
4.8602803755e-06
4.8606418755e-06
4.8568662556e-06
4.8591194755e-06
4.8597377555e-06
4.8616550955e-06
4.8664913555e-06
4.8661867955e-06
4.8687577555e-06
4.8716471755e-06
4.8702738355e-06
4.8700470555e-06
4.8734276355e-06
4.8789446354e-06
4.8822612554e-06
4.8915338953e-06
4.8992653553e-06
4.9041117353e-06
4.9094295152e-06
4.9178435552e-06
4.9248367951e-06
4.9311109551e-06
4.9328505151e-06
4.9384011551e-06
4.943851095e-06
4.946817955e-06
4.952549275e-06
4.9588290749e-06
4.9617002349e-06
4.9666107949e-06
4.9728398548e-06
4.9794070148e-06
4.9833151748e-06
4.9885352948e-06
4.9953698747e-06
5.0006587147e-06
5.0034813147e-06
5.0066246746e-06
5.0111080146e-06
5.0171380346e-06
5.0217688345e-06
5.0242227145e-06
5.0269977345e-06
5.0314080745e-06
5.0361373145e-06
5.0395230744e-06
5.0412812544e-06
5.0475092744e-06
5.0536973744e-06
5.0585008943e-06
5.0635948743e-06
5.0673877343e-06
5.0741223342e-06
5.0779151742e-06
5.0822807542e-06
5.0902713941e-06
5.0939925341e-06
5.1011377141e-06
5.0969233341e-06
5.0989358341e-06
5.104612014e-06
5.1003692141e-06
5.108364934e-06
5.1024881541e-06
5.108361354e-06
5.0967509541e-06
5.1000034141e-06
5.0942579541e-06
5.0846861142e-06
5.0790632542e-06
5.0779283342e-06
5.0755206942e-06
5.0734865942e-06
5.0719488142e-06
5.0683392943e-06
5.0681445143e-06
5.0664390143e-06
5.0623628343e-06
5.0641532343e-06
5.0671587743e-06
5.0640809743e-06
5.0648606143e-06
5.0618205943e-06
5.0580090343e-06
5.0525618544e-06
5.0509293344e-06
5.0511408344e-06
5.0512249744e-06
5.0512770744e-06
5.0500323544e-06
5.0455269544e-06
5.0414448544e-06
5.0376440545e-06
5.0357882545e-06
5.0327520345e-06
5.0316336345e-06
5.0353103145e-06
5.0353131545e-06
5.0390584544e-06
5.0380035345e-06
5.0356161945e-06
5.0314341545e-06
5.0274798945e-06
5.0263550945e-06
5.0225672745e-06
5.0146265546e-06
5.0145387946e-06
5.0131117746e-06
5.0100613346e-06
5.0072850946e-06
5.0079373546e-06
5.0063369146e-06
5.0056979946e-06
5.0054213546e-06
5.0030993347e-06
4.9971225347e-06
4.9937894947e-06
4.9906627147e-06
4.9846461348e-06
4.9816207348e-06
4.9781921548e-06
4.9761161548e-06
4.9726830548e-06
4.9765073948e-06
4.9747352148e-06
4.9751056148e-06
4.9703209949e-06
4.9703491149e-06
4.9648740549e-06
4.9625250549e-06
4.9584482149e-06
4.954140715e-06
4.948839815e-06
4.946103955e-06
4.943975475e-06
4.942219035e-06
4.940650615e-06
4.9388667551e-06
4.9361172351e-06
4.9328286151e-06
4.9341047551e-06
4.9281589351e-06
4.9220672552e-06
4.9157427152e-06
4.9140878552e-06
4.9094223752e-06
4.9066369752e-06
4.9068238152e-06
4.9032415553e-06
4.9005914553e-06
4.8976589553e-06
4.8935997153e-06
4.8922118553e-06
4.8904367553e-06
4.8887661954e-06
4.8840385754e-06
4.8836627554e-06
4.8851363954e-06
4.8843790754e-06
4.8827642554e-06
4.8782804554e-06
4.8762321354e-06
4.8733625955e-06
4.8720489755e-06
4.8741505154e-06
4.8733912955e-06
4.8706055755e-06
4.8627625755e-06
4.8606089955e-06
4.8577877355e-06
4.8560203156e-06
4.8555302956e-06
4.8495808556e-06
4.8481025956e-06
4.8484586156e-06
4.8464349556e-06
4.8453606756e-06
4.8463282756e-06
4.8443594356e-06
4.8452774356e-06
4.8418158556e-06
4.8390308357e-06
4.8396940357e-06
4.8406415156e-06
4.8443323756e-06
4.8442874956e-06
4.8531849156e-06
4.8582257355e-06
4.8585832355e-06
4.8588294155e-06
4.8591369955e-06
4.8612755155e-06
4.8647380355e-06
4.8676275755e-06
4.8680212155e-06
4.8697108955e-06
4.8727726155e-06
4.8729133755e-06
4.8799542754e-06
4.8881623754e-06
4.8918007553e-06
4.8916163353e-06
4.8970104353e-06
4.9023464553e-06
4.9025290153e-06
4.9027480553e-06
4.9037436753e-06
4.9048706753e-06
4.9100086152e-06
4.9162726152e-06
4.9184776952e-06
4.9231827751e-06
4.9270974151e-06
4.9261153351e-06
4.9298425751e-06
4.9325550551e-06
4.9355349951e-06
4.9366600551e-06
4.9367754551e-06
4.941278235e-06
4.941300895e-06
4.941726495e-06
4.945548835e-06
4.948030055e-06
4.952592855e-06
4.955183135e-06
4.955279075e-06
4.9605646149e-06
4.9624311749e-06
4.9630552549e-06
4.9598342349e-06
4.9595785749e-06
4.9623314149e-06
4.9660614549e-06
4.9651547549e-06
4.9638366549e-06
4.9648759149e-06
4.9612610949e-06
4.9665414349e-06
4.9681483949e-06
4.9693965749e-06
4.9710244149e-06
4.9715474749e-06
4.9701137749e-06
4.9647010949e-06
4.9665085549e-06
4.9640297549e-06
4.9627263949e-06
4.9635085949e-06
4.9623489949e-06
4.9628292149e-06
4.9657783949e-06
4.9660371549e-06
4.9648939349e-06
4.9640185549e-06
4.9627677949e-06
4.9602550949e-06
4.9607623949e-06
4.9614176149e-06
4.9591831549e-06
4.9580954549e-06
4.9564980149e-06
4.951921495e-06
4.950793215e-06
4.948452315e-06
4.946734795e-06
4.940506035e-06
4.9386899151e-06
4.9369511951e-06
4.9334062951e-06
4.9322122151e-06
4.9286021151e-06
4.9226067152e-06
4.9207684552e-06
4.9234126951e-06
4.9283698151e-06
4.9292048351e-06
4.9278131151e-06
4.9244842751e-06
4.9240073351e-06
4.9234182951e-06
4.9231951151e-06
4.9258263551e-06
4.9212667352e-06
4.9185374552e-06
4.9185886752e-06
4.9153693152e-06
4.9122283552e-06
4.9107073352e-06
4.9106101152e-06
4.9116989752e-06
4.9117812352e-06
4.9096074952e-06
4.9092889952e-06
4.9098903752e-06
4.9090627352e-06
4.9083636552e-06
4.9087420152e-06
4.9059988553e-06
4.9056742153e-06
4.9056943153e-06
4.9073932552e-06
4.9076740352e-06
4.9069550352e-06
4.9059689553e-06
4.9086080352e-06
4.9102899552e-06
4.9117043752e-06
4.9102994552e-06
4.9128877552e-06
4.9102973352e-06
4.9114282152e-06
4.9157041752e-06
4.9127268952e-06
4.9125706152e-06
4.9159671552e-06
4.9169440552e-06
4.9200327552e-06
4.9174149552e-06
4.9215471952e-06
4.9220098352e-06
4.9246387751e-06
4.9248195351e-06
4.9281760951e-06
4.9303026151e-06
4.9338551351e-06
4.9361353951e-06
4.940227835e-06
4.942620995e-06
4.944424275e-06
4.949117175e-06
4.949398535e-06
4.954186595e-06
4.9567580149e-06
4.9610334149e-06
4.9639556349e-06
4.9639195949e-06
4.9630498949e-06
4.9661563549e-06
4.9695756149e-06
4.9724800148e-06
4.9731571148e-06
4.9736770548e-06
4.9742690548e-06
4.9741913748e-06
4.9794153948e-06
4.9788780748e-06
4.9806230548e-06
4.9827184548e-06
4.9832328348e-06
4.9859803348e-06
4.9875688548e-06
4.9895811147e-06
4.9955476147e-06
4.9961779347e-06
4.9996157747e-06
5.0031062147e-06
5.0065105546e-06
5.0081981346e-06
5.0113280546e-06
5.0140188946e-06
5.0156757946e-06
5.0186786146e-06
5.0195769546e-06
5.0204203946e-06
5.0237154545e-06
5.0269227345e-06
5.0281304945e-06
5.0307860545e-06
5.0326031745e-06
5.0316803545e-06
5.0304446745e-06
5.0312667745e-06
5.0338400345e-06
5.0375218745e-06
5.0392557544e-06
5.0392088344e-06
5.0394524544e-06
5.0402975744e-06
5.0369111745e-06
5.0341632545e-06
5.0348200745e-06
5.0391499344e-06
5.0408478144e-06
5.0387536344e-06
5.0380348944e-06
5.0381059944e-06
5.0368810945e-06
5.0365612145e-06
5.0358376345e-06
5.0355458545e-06
5.0355804545e-06
5.0315764345e-06
5.0313854945e-06
5.0290418945e-06
5.0285243145e-06
5.0288262545e-06
5.0251190545e-06
5.0224414545e-06
5.0220951545e-06
5.0191709346e-06
5.0131351146e-06
5.0052889146e-06
5.0027236147e-06
5.0023231547e-06
5.0020186747e-06
4.9964943747e-06
4.9893619947e-06
4.9839659148e-06
4.9799623348e-06
4.9765935348e-06
4.9736817548e-06
4.9697853549e-06
4.9634721549e-06
4.9568878349e-06
4.9574448749e-06
4.954980515e-06
4.950261075e-06
4.944629815e-06
4.939609735e-06
4.9337985751e-06
4.9283415151e-06
4.9245888751e-06
4.9215781752e-06
4.9202607952e-06
4.9164088152e-06
4.9149159352e-06
4.9141767952e-06
4.9145490752e-06
4.9091819152e-06
4.9031685753e-06
4.9019202553e-06
4.9018647153e-06
4.8996071353e-06
4.9013674753e-06
4.8968206953e-06
4.8955564153e-06
4.8948019553e-06
4.8944144953e-06
4.8931168153e-06
4.8946243753e-06
4.8935795553e-06
4.8941705753e-06
4.8942822953e-06
4.8939268353e-06
4.8942035553e-06
4.8949248153e-06
4.8960529153e-06
4.8979617353e-06
4.8973044153e-06
4.8965300753e-06
4.8994861553e-06
4.8981298953e-06
4.8978984153e-06
4.8981150753e-06
4.9017840753e-06
4.9011539353e-06
4.8985043353e-06
4.9026656753e-06
4.9015254553e-06
4.9029602153e-06
4.9030234153e-06
4.9028201153e-06
4.9010325353e-06
4.8982769953e-06
4.9008663553e-06
4.9021218753e-06
4.9004827553e-06
4.9015884953e-06
4.9021674753e-06
4.9002950153e-06
4.9003937753e-06
4.9011710953e-06
4.9010346153e-06
4.9029360353e-06
4.9071866952e-06
4.9077248352e-06
4.9072647152e-06
4.9089859952e-06
4.9095387352e-06
4.9134133952e-06
4.9177202152e-06
4.9195704952e-06
4.9240989151e-06
4.9253981751e-06
4.9270807751e-06
4.9267068951e-06
4.9266645351e-06
4.9265863151e-06
4.9317989751e-06
4.9349259751e-06
4.9384790151e-06
4.941620975e-06
4.941034655e-06
4.943692855e-06
4.944722555e-06
4.948664295e-06
4.947941515e-06
4.948742135e-06
4.947393815e-06
4.944447275e-06
4.941998055e-06
4.942587035e-06
4.946087555e-06
4.945576535e-06
4.947603355e-06
4.950404935e-06
4.953187235e-06
4.953284815e-06
4.952505915e-06
4.950810635e-06
4.950373635e-06
4.949064135e-06
4.950162455e-06
4.948438875e-06
4.948672175e-06
4.950138115e-06
4.951387715e-06
4.951416095e-06
4.945932075e-06
4.943723675e-06
4.941609435e-06
4.939498595e-06
4.9371718151e-06
4.9361609951e-06
4.9374940351e-06
4.9380863151e-06
4.9384863751e-06
4.9356235551e-06
4.9318730751e-06
4.9281025151e-06
4.9241386351e-06
4.9192644752e-06
4.9155836952e-06
4.9107399752e-06
4.9069507152e-06
4.9036325153e-06
4.9026801953e-06
4.8993954753e-06
4.8974707153e-06
4.8947189553e-06
4.8907680953e-06
4.8853707954e-06
4.8835652754e-06
4.8799407154e-06
4.8778018154e-06
4.8766646154e-06
4.8748658754e-06
4.8701174755e-06
4.8675095155e-06
4.8669061755e-06
4.8637431555e-06
4.8625607555e-06
4.8618995155e-06
4.8589002155e-06
4.8537540756e-06
4.8501581556e-06
4.8479446956e-06
4.8448582156e-06
4.8428484556e-06
4.8391739557e-06
4.8349272357e-06
4.8292441757e-06
4.8237962558e-06
4.8215338358e-06
4.8149791758e-06
4.8105963758e-06
4.8069122359e-06
4.8021220359e-06
4.8011396559e-06
4.7987405959e-06
4.7976132759e-06
4.7974435359e-06
4.789921316e-06
4.787192816e-06
4.784347736e-06
4.780280456e-06
4.7743923161e-06
4.7685830161e-06
4.7645859761e-06
4.7623203561e-06
4.7588219761e-06
4.7560045562e-06
4.7530314762e-06
4.7517699162e-06
4.7507762762e-06
4.7478555162e-06
4.7447962762e-06
4.7426418562e-06
4.7411982563e-06
4.7394168363e-06
4.7353496963e-06
4.7344118763e-06
4.7318260563e-06
4.7286014563e-06
4.7271053563e-06
4.7248116964e-06
4.7240626564e-06
4.7192542964e-06
4.7193766364e-06
4.7179400964e-06
4.7163860764e-06
4.7137465964e-06
4.7105126964e-06
4.7087855365e-06
4.7096878364e-06
4.7085180565e-06
4.7114352164e-06
4.7095069564e-06
4.7097297564e-06
4.7108126164e-06
4.7099167764e-06
4.7068474365e-06
4.7074831965e-06
4.7095766164e-06
4.7100582364e-06
4.7081840965e-06
4.7081283165e-06
4.7111125764e-06
4.7125463164e-06
4.7114250764e-06
4.7110050964e-06
4.7111519564e-06
4.7127804164e-06
4.7138443964e-06
4.7116329564e-06
4.7104524364e-06
4.7097987164e-06
4.7111171364e-06
4.7115932164e-06
4.7118168964e-06
4.7092265964e-06
4.7088852565e-06
4.7071878165e-06
4.7074424965e-06
4.7076969565e-06
4.7089160365e-06
4.7079853365e-06
4.7078897565e-06
4.7065945765e-06
4.7057690165e-06
4.7067548365e-06
4.7054725565e-06
4.7056313765e-06
4.7055511365e-06
4.7040096165e-06
4.7027534765e-06
4.7023664165e-06
4.7028973965e-06
4.7032010965e-06
4.7030144965e-06
4.7003545765e-06
4.6999292565e-06
4.7018074765e-06
4.6978603165e-06
4.6951665365e-06
4.6959558365e-06
4.6946941365e-06
4.6923217566e-06
4.6908416966e-06
4.6917368766e-06
4.6914551166e-06
4.6897905966e-06
4.6892552766e-06
4.6890785766e-06
4.6895533966e-06
4.6893336966e-06
4.6875100566e-06
4.6867747766e-06
4.6887306966e-06
4.6885104566e-06
4.6898299966e-06
4.6886156366e-06
4.6907710366e-06
4.6869687766e-06
4.6854504566e-06
4.6861606366e-06
4.6870364366e-06
4.6843076366e-06
4.6850490566e-06
4.6863652766e-06
4.6822821566e-06
4.6817050566e-06
4.6834126566e-06
4.6816523366e-06
4.6803590366e-06
4.6793519766e-06
4.6775065566e-06
4.6771146966e-06
4.6747744367e-06
4.6757082367e-06
4.6755235967e-06
4.6742387167e-06
4.6738088367e-06
4.6713352767e-06
4.6703236567e-06
4.6697042567e-06
4.6687666967e-06
4.6665931367e-06
4.6671431167e-06
4.6687196167e-06
4.6663639967e-06
4.6655985367e-06
4.6648558767e-06
4.6632342767e-06
4.6638614967e-06
4.6652319167e-06
4.6647735567e-06
4.6639918367e-06
4.6636354167e-06
4.6622871967e-06
4.6622404967e-06
4.6628294767e-06
4.6623309367e-06
4.6609648567e-06
4.6604286767e-06
4.6583101568e-06
4.6588749768e-06
4.6586467568e-06
4.6564848568e-06
4.6550876368e-06
4.6521580168e-06
4.6494976768e-06
4.6474085768e-06
4.6442718368e-06
4.6425043769e-06
4.6399489769e-06
4.6364398169e-06
4.6356357169e-06
4.6331507169e-06
4.6311555169e-06
4.6276140769e-06
4.625193077e-06
4.621366657e-06
4.618588757e-06
4.616519097e-06
4.612416197e-06
4.610527237e-06
4.6098818171e-06
4.6068955971e-06
4.6044233771e-06
4.6013364171e-06
4.6004429371e-06
4.5994388571e-06
4.5962550971e-06
4.5931713172e-06
4.5920448172e-06
4.5900910372e-06
4.5901222372e-06
4.5876987972e-06
4.5857737372e-06
4.5844752572e-06
4.5835703572e-06
4.5819594172e-06
4.5804401572e-06
4.5798280172e-06
4.5769688173e-06
4.5770524373e-06
4.5735925573e-06
4.5714985773e-06
4.5682734773e-06
4.5658631573e-06
4.5627729373e-06
4.5604925174e-06
4.5602891774e-06
4.5575460574e-06
4.5552535774e-06
4.5523782774e-06
4.5499965174e-06
4.5490344574e-06
4.5459579174e-06
4.5452222974e-06
4.5455486774e-06
4.5431466375e-06
4.5399648775e-06
4.5380627575e-06
4.5358377175e-06
4.5353632575e-06
4.5327400575e-06
4.5300321775e-06
4.5255454776e-06
4.5271208376e-06
4.5261154576e-06
4.5264385976e-06
4.5287313975e-06
4.5287375375e-06
4.5296803975e-06
4.5275436776e-06
4.5251112576e-06
4.5259458576e-06
4.5244989976e-06
4.5223646176e-06
4.5215232176e-06
4.5196373976e-06
4.5177415976e-06
4.5175720376e-06
4.5167141176e-06
4.5154132376e-06
4.5148713376e-06
4.5127752776e-06
4.5091574377e-06
4.5116542976e-06
4.5080833777e-06
4.5075304977e-06
4.5090290577e-06
4.5115023176e-06
4.5113285777e-06
4.5119233576e-06
4.5132140376e-06
4.5123027576e-06
4.5086436377e-06
4.5065367177e-06
4.5027172577e-06
4.5019798177e-06
4.4986905977e-06
4.4970225977e-06
4.4995040977e-06
4.4997653577e-06
4.4985953777e-06
4.4971140977e-06
4.4963646377e-06
4.4958458177e-06
4.4973587377e-06
4.4984162577e-06
4.4964675177e-06
4.4894174378e-06
4.4867546378e-06
4.4854756978e-06
4.4845840178e-06
4.4831445178e-06
4.4841428978e-06
4.4811034778e-06
4.4796799778e-06
4.4769100179e-06
4.4728501379e-06
4.4698052379e-06
4.4641013179e-06
4.460357118e-06
4.458772258e-06
4.454680558e-06
4.451704058e-06
4.449748558e-06
4.446074018e-06
4.4424708581e-06
4.4391253381e-06
4.4341523781e-06
4.4271474382e-06
4.4215908982e-06
4.4141668782e-06
4.4061085583e-06
4.4019358383e-06
4.3977814983e-06
4.3913319984e-06
4.3834088784e-06
4.3804682984e-06
4.3775697985e-06
4.3711828985e-06
4.3676526385e-06
4.3620688786e-06
4.3587760186e-06
4.3538949586e-06
4.3485607186e-06
4.3449924587e-06
4.3417694187e-06
4.3379235787e-06
4.3336262587e-06
4.3305285387e-06
4.3261507388e-06
4.3210687388e-06
4.3156350588e-06
4.3105321989e-06
4.3061093789e-06
4.3026389189e-06
4.2984219789e-06
4.296413039e-06
4.292371319e-06
4.289075199e-06
4.287656779e-06
4.285197239e-06
4.283530859e-06
4.284617819e-06
4.283741599e-06
4.283942579e-06
4.2808268591e-06
4.2792830391e-06
4.2797454191e-06
4.2798907791e-06
4.281345379e-06
4.281400779e-06
4.2802904991e-06
4.281960199e-06
4.281815659e-06
4.282309779e-06
4.282865659e-06
4.282925459e-06
4.285034779e-06
4.286428179e-06
4.287188659e-06
4.288840219e-06
4.288208519e-06
4.290262339e-06
4.289820879e-06
4.289719439e-06
4.290578919e-06
4.290322859e-06
4.289115539e-06
4.289143359e-06
4.290240659e-06
4.290066499e-06
4.290658439e-06
4.293099319e-06
4.291665299e-06
4.295545899e-06
4.2977005789e-06
4.296825999e-06
4.2985519389e-06
4.2980940589e-06
4.2999738189e-06
4.2987175989e-06
4.3004828989e-06
4.3022178589e-06
4.3018534189e-06
4.3024860789e-06
4.3028736989e-06
4.3034033389e-06
4.3043477189e-06
4.3052104589e-06
4.3049484589e-06
4.3044315789e-06
4.3035040189e-06
4.3026605589e-06
4.3040326189e-06
4.3040136589e-06
4.3035987589e-06
4.3042776989e-06
4.3028829989e-06
4.3026701589e-06
4.3034533789e-06
4.3048278789e-06
4.3029112989e-06
4.3017389789e-06
4.3022141989e-06
4.2994805189e-06
4.2980244589e-06
4.2998314789e-06
4.2984283789e-06
4.297441099e-06
4.295955579e-06
4.294586799e-06
4.293262579e-06
4.293245039e-06
4.293670799e-06
4.293755039e-06
4.291855159e-06
4.289480079e-06
4.288569779e-06
4.287634599e-06
4.285011099e-06
4.285674779e-06
4.285627359e-06
4.285221599e-06
4.284958119e-06
4.283947899e-06
4.284660639e-06
4.284617079e-06
4.282855319e-06
4.281477619e-06
4.282064099e-06
4.2809343991e-06
4.281834339e-06
4.2803356391e-06
4.281237139e-06
4.2800121991e-06
4.2793667391e-06
4.2774412191e-06
4.2776692191e-06
4.2782870991e-06
4.2780709791e-06
4.2775092591e-06
4.2754514391e-06
4.2746036791e-06
4.2712185391e-06
4.2707518791e-06
4.2682152591e-06
4.2658921591e-06
4.2633440992e-06
4.2610919592e-06
4.2581519392e-06
4.2567123592e-06
4.2546687592e-06
4.2537237392e-06
4.2535581192e-06
4.2498729792e-06
4.2469954393e-06
4.2426901593e-06
4.2412004793e-06
4.2400749993e-06
4.2382904993e-06
4.2370909193e-06
4.2322245193e-06
4.2307609994e-06
4.2284072994e-06
4.2268211794e-06
4.2247688994e-06
4.2225443794e-06
4.2186582394e-06
4.2157198994e-06
4.2151345995e-06
4.2115826995e-06
4.2092884795e-06
4.2084998195e-06
4.2042620995e-06
4.2039320995e-06
4.2029400395e-06
4.2016159395e-06
4.2000507195e-06
4.1990608595e-06
4.1980432996e-06
4.1949453196e-06
4.1926261596e-06
4.1890398396e-06
4.1865038196e-06
4.1853920196e-06
4.1846534796e-06
4.1848253796e-06
4.1851637196e-06
4.1842264396e-06
4.1854511996e-06
4.1845146596e-06
4.1869845796e-06
4.1853498396e-06
4.1852207196e-06
4.1865472596e-06
4.1880311996e-06
4.1871551396e-06
4.1876476596e-06
4.1907045596e-06
4.1912721796e-06
4.1916884196e-06
4.1923583396e-06
4.1901035996e-06
4.1897159796e-06
4.1899924996e-06
4.1885705396e-06
4.1871245396e-06
4.1850245796e-06
4.1876241396e-06
4.1871615396e-06
4.1835299396e-06
4.1845672396e-06
4.1834783796e-06
4.1838124396e-06
4.1839473996e-06
4.1809501397e-06
4.1776109797e-06
4.1785916397e-06
4.1778452397e-06
4.1755779197e-06
4.1745897997e-06
4.1719769597e-06
4.1707157997e-06
4.1716320597e-06
4.1713918797e-06
4.1696824597e-06
4.1688678397e-06
4.1652902598e-06
4.1631497798e-06
4.1602832598e-06
4.1619851598e-06
4.1623859598e-06
4.1603652798e-06
4.1589889798e-06
4.1551741398e-06
4.1530940798e-06
4.1527630598e-06
4.1522510998e-06
4.1495482198e-06
4.1467817399e-06
4.1445160399e-06
4.1409083799e-06
4.1374644399e-06
4.1354045799e-06
4.13282436e-06
4.13233466e-06
4.12721642e-06
4.12264562e-06
4.12071856e-06
4.11722618e-06
4.11702616e-06
4.1156268001e-06
4.1141171001e-06
4.1132364401e-06
4.1107709401e-06
4.1099288201e-06
4.1047560201e-06
4.1010935401e-06
4.1005888001e-06
4.0974964002e-06
4.0932385802e-06
4.0903209202e-06
4.0879235802e-06
4.0839115402e-06
4.0818606603e-06
4.0789933603e-06
4.0749030403e-06
4.0712135803e-06
4.0697928603e-06
4.0648556004e-06
4.0616165604e-06
4.0567693804e-06
4.0528767404e-06
4.0485049605e-06
4.0464857205e-06
4.0414546605e-06
4.0380735005e-06
4.0347600605e-06
4.0318804006e-06
4.0294958406e-06
4.0287144606e-06
4.0300375406e-06
4.0310992206e-06
4.0325588206e-06
4.0317090206e-06
4.0316921006e-06
4.0316663806e-06
4.0317191806e-06
4.0287972006e-06
4.0275442206e-06
4.0228806406e-06
4.0213934606e-06
4.0182291006e-06
4.0170963407e-06
4.0156626207e-06
4.0143001407e-06
4.0116800407e-06
4.0082205807e-06
4.0052811407e-06
4.0011069808e-06
3.9986548808e-06
3.9947147808e-06
3.9915897608e-06
3.9902317408e-06
3.9877093608e-06
3.9846754809e-06
3.9833712009e-06
3.9812403009e-06
3.9794216009e-06
3.9768493609e-06
3.9741835209e-06
3.9722344809e-06
3.9689914009e-06
3.966272461e-06
3.965280101e-06
3.964824961e-06
3.962476461e-06
3.961780641e-06
3.961635781e-06
3.960780141e-06
3.959653661e-06
3.956710141e-06
3.955730941e-06
3.955643141e-06
3.953659761e-06
3.953975721e-06
3.953806461e-06
3.952107641e-06
3.9492946211e-06
3.9476850411e-06
3.9470132411e-06
3.9456802211e-06
3.9461422611e-06
3.9481842811e-06
3.9463617011e-06
3.9452589411e-06
3.9449750611e-06
3.9470682611e-06
3.9463950811e-06
3.9449189011e-06
3.9459360611e-06
3.9468056011e-06
3.9453501011e-06
3.9453339411e-06
3.9456484211e-06
3.9456051011e-06
3.9446468811e-06
3.9447177411e-06
3.9442191211e-06
3.9435216611e-06
3.9448048411e-06
3.9445497011e-06
3.9432796811e-06
3.9421174811e-06
3.9436341411e-06
3.9421336211e-06
3.9435244611e-06
3.9445024811e-06
3.9439229611e-06
3.9440196411e-06
3.9437738611e-06
3.9455061411e-06
3.9447652011e-06
3.9435136411e-06
3.9427145211e-06
3.9401082411e-06
3.9393127811e-06
3.9378989011e-06
3.9342897212e-06
3.9326410012e-06
3.9300295212e-06
3.9305453212e-06
3.9280915812e-06
3.9270128012e-06
3.9259555412e-06
3.9251708412e-06
3.9264464612e-06
3.9250739212e-06
3.9259723212e-06
3.9271267612e-06
3.9279086212e-06
3.9254363612e-06
3.9247247412e-06
3.9238491812e-06
3.9235278212e-06
3.9212949212e-06
3.9216929212e-06
3.9181684813e-06
3.9163394013e-06
3.9145012613e-06
3.9115968013e-06
3.9112174613e-06
3.9102523813e-06
3.9107871013e-06
3.9098170013e-06
3.9076878013e-06
3.9065604613e-06
3.9071110013e-06
3.9052953413e-06
3.9059226413e-06
3.9051721813e-06
3.9056339613e-06
3.9055159613e-06
3.9036310213e-06
3.9055022813e-06
3.9041416213e-06
3.9023197214e-06
3.9029717813e-06
3.9031866013e-06
3.9011367214e-06
3.9026444014e-06
3.9000985014e-06
3.8990866014e-06
3.8990394014e-06
3.8974005414e-06
3.8960494214e-06
3.8934344014e-06
3.8932722014e-06
3.8917496814e-06
3.8923118214e-06
3.8897220414e-06
3.8904516414e-06
3.8880495214e-06
3.8869441214e-06
3.8859607215e-06
3.8850496615e-06
3.8824529015e-06
3.8804687815e-06
3.8791332615e-06
3.8768965015e-06
3.8765867415e-06
3.8756517415e-06
3.8744290415e-06
3.8689385616e-06
3.8698201615e-06
3.8693859016e-06
3.8681699816e-06
3.8667416616e-06
3.8661067616e-06
3.8654453216e-06
3.8655624816e-06
3.8648981816e-06
3.8652774616e-06
3.8646425216e-06
3.8643664416e-06
3.8632196416e-06
3.8627164616e-06
3.8635843216e-06
3.8635703616e-06
3.8639630016e-06
3.8619805016e-06
3.8625745416e-06
3.8625234616e-06
3.8614401016e-06
3.8604120016e-06
3.8595984016e-06
3.8583467016e-06
3.8576820616e-06
3.8561934416e-06
3.8559292616e-06
3.8558364816e-06
3.8549346816e-06
3.8537989616e-06
3.8545326816e-06
3.8560003416e-06
3.8528356017e-06
3.8530837017e-06
3.8536493016e-06
3.8538387016e-06
3.8497362417e-06
3.8492409817e-06
3.8486648217e-06
3.8486563617e-06
3.8509289817e-06
3.8518166017e-06
3.8515590617e-06
3.8499811417e-06
3.8512145617e-06
3.8511040217e-06
3.8509210217e-06
3.8499431017e-06
3.8489260017e-06
3.8483781417e-06
3.8490788017e-06
3.8478910817e-06
3.8480530417e-06
3.8458517817e-06
3.8452642417e-06
3.8458610017e-06
3.8438193017e-06
3.8434091417e-06
3.8434525417e-06
3.8439079217e-06
3.8409743417e-06
3.8419794417e-06
3.8423197417e-06
3.8416512017e-06
3.8393216217e-06
3.8372382817e-06
3.8357185818e-06
3.8356527018e-06
3.8358194018e-06
3.8350657018e-06
3.8321662618e-06
3.8330655018e-06
3.8321211618e-06
3.8326860418e-06
3.8296211418e-06
3.8296721618e-06
3.8288609018e-06
3.8282443618e-06
3.8274139218e-06
3.8252540218e-06
3.8235774618e-06
3.8252001818e-06
3.8237205018e-06
3.8239201018e-06
3.8232953818e-06
3.8210307618e-06
3.8207551018e-06
3.8194403619e-06
3.8181152419e-06
3.8184856819e-06
3.8157972019e-06
3.8147983019e-06
3.8153389619e-06
3.8114422419e-06
3.8111642019e-06
3.8114582819e-06
3.8082951419e-06
3.8044783219e-06
3.8043327019e-06
3.803779142e-06
3.8046062819e-06
3.803508342e-06
3.803368862e-06
3.802362422e-06
3.801755782e-06
3.800682702e-06
3.799809302e-06
3.799033942e-06
3.795388822e-06
3.794224682e-06
3.793545682e-06
3.794027002e-06
3.794893682e-06
3.797243562e-06
3.796138162e-06
3.795794842e-06
3.794333362e-06
3.795428402e-06
3.793055902e-06
3.792928522e-06
3.791137962e-06
3.789904242e-06
3.787831142e-06
3.7847819821e-06
3.7845975021e-06
3.7837003021e-06
3.7812002821e-06
3.7796856821e-06
3.7761194821e-06
3.7744466021e-06
3.7753384221e-06
3.7751374621e-06
3.7718572221e-06
3.7713619421e-06
3.7718612021e-06
3.7692633422e-06
3.7685285822e-06
3.7670499022e-06
3.7657096222e-06
3.7649332822e-06
3.7635081822e-06
3.7619919822e-06
3.7621799222e-06
3.7608254822e-06
3.7596006222e-06
3.7568702822e-06
3.7548262622e-06
3.7513767023e-06
3.7519618023e-06
3.7494817223e-06
3.7513360423e-06
3.7503979823e-06
3.7495573023e-06
3.7508642223e-06
3.7504377423e-06
3.7492610623e-06
3.7484649623e-06
3.7461717423e-06
3.7449965623e-06
3.7457673423e-06
3.7465685823e-06
3.7457723023e-06
3.7438647023e-06
3.7435716623e-06
3.7415527623e-06
3.7401869423e-06
3.7394983023e-06
3.7389768623e-06
3.7401428223e-06
3.7391452023e-06
3.7380212024e-06
3.7379276624e-06
3.7361408224e-06
3.7367566624e-06
3.7332680624e-06
3.7322797224e-06
3.7322886024e-06
3.7310695624e-06
3.7294821824e-06
3.7291280424e-06
3.7277968424e-06
3.7259527824e-06
3.7244711424e-06
3.7232886224e-06
3.7220228824e-06
3.7209591825e-06
3.7180718025e-06
3.7168774825e-06
3.7176292225e-06
3.7163488025e-06
3.7154110425e-06
3.7125354425e-06
3.7133220225e-06
3.7117735425e-06
3.7123808825e-06
3.7102004425e-06
3.7101925225e-06
3.7096617225e-06
3.7116261425e-06
3.7102671025e-06
3.7098542425e-06
3.7087211225e-06
3.7089938225e-06
3.7086485825e-06
3.7071591625e-06
3.7068671425e-06
3.7090891625e-06
3.7081626025e-06
3.7078451425e-06
3.7094121625e-06
3.7074843625e-06
3.7065412625e-06
3.7089851025e-06
3.7093063425e-06
3.7104387425e-06
3.7085115425e-06
3.7095755825e-06
3.7110367825e-06
3.7123038625e-06
3.7116449825e-06
3.7104276425e-06
3.7107097625e-06
3.7117121825e-06
3.7116495225e-06
3.7120372225e-06
3.7114199425e-06
3.7114375625e-06
3.7100879825e-06
3.7090937025e-06
3.7081549225e-06
3.7057911425e-06
3.7063596625e-06
3.7039435426e-06
3.7034203026e-06
3.7017173426e-06
3.7001492226e-06
3.6987923426e-06
3.6960224026e-06
3.6947615226e-06
3.6924182826e-06
3.6887328427e-06
3.6873455427e-06
3.6858006227e-06
3.6831731827e-06
3.6817348427e-06
3.6825278227e-06
3.6797779627e-06
3.6801486827e-06
3.6781961627e-06
3.6819975627e-06
3.6826835827e-06
3.6806769027e-06
3.6798237627e-06
3.6809038827e-06
3.6798930227e-06
3.6787494827e-06
3.6758312027e-06
3.6718002428e-06
3.6669574428e-06
3.6644366828e-06
3.6616855828e-06
3.6590133228e-06
3.6554680429e-06
3.6527750429e-06
3.6489957429e-06
3.6445404629e-06
3.6419828029e-06
3.6413681629e-06
3.637990843e-06
3.635347723e-06
3.632653183e-06
3.630429903e-06
3.626597223e-06
3.623212183e-06
3.6221050631e-06
3.6183694231e-06
3.6144204631e-06
3.6126856831e-06
3.6082876231e-06
3.6031142232e-06
3.5996424632e-06
3.5967584632e-06
3.5938971832e-06
3.5913758632e-06
3.5875990633e-06
3.5838497433e-06
3.5820854033e-06
3.5771177633e-06
3.5740446633e-06
3.5705517834e-06
3.5652752634e-06
3.5623116634e-06
3.5588221434e-06
3.5537915235e-06
3.5495691035e-06
3.5442815035e-06
3.5390636036e-06
3.5330255236e-06
3.5310804636e-06
3.5248632436e-06
3.5212207237e-06
3.5183554637e-06
3.5133030237e-06
3.5076239238e-06
3.5021262638e-06
3.4964798438e-06
3.4906758839e-06
3.4876857039e-06
3.4833171839e-06
3.4777592239e-06
3.473084644e-06
3.467765784e-06
3.464296224e-06
3.460618684e-06
3.4549065641e-06
3.4512231041e-06
3.4457126441e-06
3.4402123442e-06
3.4372408842e-06
3.4317846242e-06
3.4305027442e-06
3.4296558642e-06
3.4266081442e-06
3.4233659443e-06
3.4205533043e-06
3.4165587043e-06
3.4125323843e-06
3.4109415243e-06
3.4073583444e-06
3.4042432244e-06
3.4075619844e-06
3.4095438243e-06
3.4118616443e-06
3.4103069243e-06
3.4098519643e-06
3.4079501444e-06
3.4100404443e-06
3.4080211644e-06
3.4052219044e-06
3.4026474644e-06
3.3986619844e-06
3.3942388844e-06
3.3929474244e-06
3.3917824845e-06
3.3918638645e-06
3.3912469445e-06
3.3903835045e-06
3.3898217645e-06
3.3888379645e-06
3.3877402645e-06
3.3844966045e-06
3.3803866245e-06
3.3789933245e-06
3.3751818246e-06
3.3740866246e-06
3.3736435246e-06
3.3766461445e-06
3.3782002245e-06
3.3775538645e-06
3.3806791845e-06
3.3814284645e-06
3.3801252245e-06
3.3802766445e-06
3.3806411645e-06
3.3784394645e-06
3.3765716245e-06
3.3762149045e-06
3.3789717645e-06
3.3776357445e-06
3.3781166245e-06
3.3788770645e-06
3.3801545045e-06
3.3829616445e-06
3.3841039645e-06
3.3860246645e-06
3.3890345445e-06
3.3898834245e-06
3.3912164845e-06
3.3921375445e-06
3.3927276244e-06
3.3955944844e-06
3.3989248244e-06
3.3990249244e-06
3.3983239644e-06
3.3971994244e-06
3.3994296244e-06
3.3990746644e-06
3.3986617644e-06
3.4009522644e-06
3.4044005844e-06
3.4053660444e-06
3.4081526444e-06
3.4089919244e-06
3.4105128643e-06
3.4125940843e-06
3.4159210043e-06
3.4187237843e-06
3.4213377043e-06
3.4226026043e-06
3.4227416043e-06
3.4255419842e-06
3.4278768642e-06
3.4294925842e-06
3.4333177242e-06
3.4361453242e-06
3.4389020242e-06
3.4436830641e-06
3.4464182641e-06
3.4487975641e-06
3.4511714041e-06
3.4553478641e-06
3.4579193841e-06
3.461393464e-06
3.463582744e-06
3.466804944e-06
3.471351484e-06
3.471922504e-06
3.474708684e-06
3.4808483839e-06
3.4853999639e-06
3.4905962039e-06
3.4935007638e-06
3.4978016038e-06
3.5021932438e-06
3.5050940638e-06
3.5101803037e-06
3.5159546437e-06
3.5202054837e-06
3.5243380636e-06
3.5285823036e-06
3.5342283836e-06
3.5363146236e-06
3.5410045435e-06
3.5447766435e-06
3.5514996035e-06
3.5578449434e-06
3.5624355634e-06
3.5670251434e-06
3.5716961234e-06
3.5771976233e-06
3.5821858833e-06
3.5853818633e-06
3.5905374632e-06
3.5952565232e-06
3.6015704032e-06
3.6080139831e-06
3.6110545231e-06
3.6160150831e-06
3.6222602231e-06
3.626378343e-06
3.630033403e-06
3.636307283e-06
3.6415820829e-06
3.6477851029e-06
3.6525054429e-06
3.6551589029e-06
3.6565598828e-06
3.6612335628e-06
3.6660490228e-06
3.6695202228e-06
3.6721791228e-06
3.6748793227e-06
3.6772895427e-06
3.6820259427e-06
3.6871007027e-06
3.6921766026e-06
3.6973148626e-06
3.7023411226e-06
3.7061938225e-06
3.7090916225e-06
3.7143947225e-06
3.7202117825e-06
3.7260139224e-06
3.7312263024e-06
3.7340023424e-06
3.7375504024e-06
3.7415328223e-06
3.7451784623e-06
3.7508890023e-06
3.7556289022e-06
3.7580813022e-06
3.7623183222e-06
3.7670335622e-06
3.7710722421e-06
3.7749434221e-06
3.7793391621e-06
3.7855704021e-06
3.791722322e-06
3.797113322e-06
3.802563302e-06
3.8081736019e-06
3.8119840819e-06
3.8167413219e-06
3.8206073418e-06
3.8245037618e-06
3.8277139218e-06
3.8314879618e-06
3.8368294618e-06
3.8414226417e-06
3.8443769017e-06
3.8484169417e-06
3.8526124217e-06
3.8576267016e-06
3.8591384016e-06
3.8591822616e-06
3.8620022416e-06
3.8656239416e-06
3.8723584815e-06
3.8752983615e-06
3.8763429415e-06
3.8792994815e-06
3.8856247415e-06
3.8897615014e-06
3.8879435214e-06
3.8901040414e-06
3.8889866014e-06
3.8926749014e-06
3.8967428014e-06
3.9020756414e-06
3.9077351013e-06
3.9020698614e-06
3.9035095413e-06
3.9093151013e-06
3.9079572813e-06
3.9133068413e-06
3.9133561813e-06
3.9126427413e-06
3.9142143813e-06
3.9125208013e-06
3.9164985213e-06
3.9175822613e-06
3.9132522813e-06
3.9189211813e-06
3.9202765012e-06
3.9235363212e-06
3.9253787212e-06
3.9231975012e-06
3.9266520412e-06
3.9304061212e-06
3.9335947412e-06
3.9326466612e-06
3.9322086012e-06
3.9348405412e-06
3.9376977411e-06
3.9428935611e-06
3.9440911411e-06
3.9426647411e-06
3.9454343611e-06
3.9509697011e-06
3.956493441e-06
3.959455141e-06
3.962294361e-06
3.962598361e-06
3.964629741e-06
3.965834461e-06
3.967046561e-06
3.966039361e-06
3.966702201e-06
3.9724181009e-06
3.9757323809e-06
3.9766684609e-06
3.9819382209e-06
3.9849941008e-06
3.9858441008e-06
3.9879342008e-06
3.9921785608e-06
3.9960921408e-06
3.9966752208e-06
3.9991086808e-06
4.0023683007e-06
4.0032392007e-06
4.0065868407e-06
4.0096504007e-06
4.0129971407e-06
4.0158229407e-06
4.0169895807e-06
4.0204856606e-06
4.0232359206e-06
4.0279876406e-06
4.0302163806e-06
4.0346989205e-06
4.0409205805e-06
4.0447136005e-06
4.0456075005e-06
4.0448500205e-06
4.0460005205e-06
4.0503131205e-06
4.0542463404e-06
4.0548770604e-06
4.0526619004e-06
4.0534897004e-06
4.0556806404e-06
4.0564537404e-06
4.0601203004e-06
4.0656244404e-06
4.0697039403e-06
4.0750900203e-06
4.0758177403e-06
4.0742766403e-06
4.0751142203e-06
4.0755655003e-06
4.0763257203e-06
4.0774919003e-06
4.0781089003e-06
4.0776674003e-06
4.0742644603e-06
4.0765183003e-06
4.0785364803e-06
4.0790655203e-06
4.0804886603e-06
4.0819993203e-06
4.0822844803e-06
4.0821309403e-06
4.0838383602e-06
4.0832193803e-06
4.0835547203e-06
4.0834669403e-06
4.0834657003e-06
4.0840472602e-06
4.0846913202e-06
4.0843656802e-06
4.0829642603e-06
4.0860003602e-06
4.0880805602e-06
4.0879677202e-06
4.0863119002e-06
4.0838373002e-06
4.0822327003e-06
4.0820100003e-06
4.0801631003e-06
4.0785864203e-06
4.0761770003e-06
4.0731981203e-06
4.0743793403e-06
4.0793796403e-06
4.0774567003e-06
4.0792842003e-06
4.0780946603e-06
4.0751907603e-06
4.0745077003e-06
4.0724686403e-06
4.0631594404e-06
4.0621271604e-06
4.0695834203e-06
4.0687973003e-06
4.0620116004e-06
4.0622440204e-06
4.0569375204e-06
4.0520640604e-06
4.0584748804e-06
4.0616293804e-06
4.0558907804e-06
4.0537276804e-06
4.0512322204e-06
4.0493835605e-06
4.0471373805e-06
4.0430966805e-06
4.0409013605e-06
4.0357353805e-06
4.0363684405e-06
4.0311500006e-06
4.0317203406e-06
4.0334008206e-06
4.0330528806e-06
4.0300282606e-06
4.0262492206e-06
4.0263726406e-06
4.0239068006e-06
4.0204959806e-06
4.0181434606e-06
4.0151297207e-06
4.0148919407e-06
4.0152752207e-06
4.0137093407e-06
4.0126581207e-06
4.0180925606e-06
4.0168045207e-06
4.0167705607e-06
4.0168104607e-06
4.0182104006e-06
4.0205466206e-06
4.0193377206e-06
4.0211061406e-06
4.0216702806e-06
4.0185539406e-06
4.0194226206e-06
4.0193937406e-06
4.0201212606e-06
4.0191360606e-06
4.0207447006e-06
4.0188090806e-06
4.0146640207e-06
4.0139097407e-06
4.0153908407e-06
4.0191253006e-06
4.0215830806e-06
4.0234152606e-06
4.0238858206e-06
4.0236280406e-06
4.0222543606e-06
4.0216201006e-06
4.0212893206e-06
4.0198597006e-06
4.0186114406e-06
4.0204105606e-06
4.0217614406e-06
4.0222436006e-06
4.0266259206e-06
4.0263532606e-06
4.0256493006e-06
4.0253983406e-06
4.0251793606e-06
4.0249623206e-06
4.0243763206e-06
4.0235439406e-06
4.0239073806e-06
4.0244363606e-06
4.0243816006e-06
4.0255569206e-06
4.0234317406e-06
4.0271338206e-06
4.0314488406e-06
4.0347258005e-06
4.0359427205e-06
4.0376130005e-06
4.0424028005e-06
4.0430576405e-06
4.0427113605e-06
4.0435930005e-06
4.0455237405e-06
4.0457003805e-06
4.0466153005e-06
4.0470775405e-06
4.0475887005e-06
4.0477177005e-06
4.0498871605e-06
4.0466713205e-06
4.0457986405e-06
4.0463662005e-06
4.0498920605e-06
4.0509962804e-06
4.0527098804e-06
4.0572830204e-06
4.0597030004e-06
4.0638840204e-06
4.0666984004e-06
4.0666749604e-06
4.0643021804e-06
4.0641804204e-06
4.0681248003e-06
4.0708000203e-06
4.0706790403e-06
4.0735201403e-06
4.0742741003e-06
4.0742113003e-06
4.0753963603e-06
4.0788377003e-06
4.0789920203e-06
4.0769578203e-06
4.0823548003e-06
4.0792499603e-06
4.0876630202e-06
4.0855185602e-06
4.0924466202e-06
4.0921663802e-06
4.0934014602e-06
4.1017164201e-06
4.1050596401e-06
4.1099435001e-06
4.1120752201e-06
4.1156619401e-06
4.1146057401e-06
4.11998274e-06
4.11990356e-06
4.12702536e-06
4.13090272e-06
4.1338634199e-06
4.1402989799e-06
4.1463487399e-06
4.1493958599e-06
4.1483270999e-06
4.1509660998e-06
4.1588760998e-06
4.1611915998e-06
4.1638500998e-06
4.1687489197e-06
4.1701364397e-06
4.1733061197e-06
4.1764191797e-06
4.1847368596e-06
4.1877181396e-06
4.1893626196e-06
4.1950946196e-06
4.1987104596e-06
4.2015060195e-06
4.2037987795e-06
4.2084950795e-06
4.2111121595e-06
4.2140300595e-06
4.2203661794e-06
4.2234193194e-06
4.2250856194e-06
4.2278734194e-06
4.2317088794e-06
4.2339207393e-06
4.2358565193e-06
4.2381951993e-06
4.2408577393e-06
4.2439902393e-06
4.2499112392e-06
4.2497378792e-06
4.2439051193e-06
4.2470612993e-06
4.2544436192e-06
4.2566615992e-06
4.2584686992e-06
4.2628093792e-06
4.2638422392e-06
4.2615538992e-06
4.2656474791e-06
4.2674451191e-06
4.2668734191e-06
4.2696987791e-06
4.2747320791e-06
4.2751031191e-06
4.2736192791e-06
4.2764030991e-06
4.2712617391e-06
4.2714564391e-06
4.2753060591e-06
4.2745544391e-06
4.2805992591e-06
4.282346799e-06
4.2789651191e-06
4.2805805791e-06
4.281807459e-06
4.281487819e-06
4.2797345391e-06
4.2765781191e-06
4.283300219e-06
4.287431699e-06
4.287332879e-06
4.282089799e-06
4.286729799e-06
4.290466839e-06
4.2989089189e-06
4.2976025789e-06
4.2980877389e-06
4.296022079e-06
4.3047866589e-06
4.3088929589e-06
4.3050508989e-06
4.3042229389e-06
4.3072056389e-06
4.3124577389e-06
4.3135424989e-06
4.3162936188e-06
4.3204026188e-06
4.3222512188e-06
4.3230784588e-06
4.3249379188e-06
4.3281598188e-06
4.3301503188e-06
4.3339866787e-06
4.3373700787e-06
4.3441099187e-06
4.3425956987e-06
4.3428647587e-06
4.3488728586e-06
4.3497332186e-06
4.3522010986e-06
4.3530639186e-06
4.3593213586e-06
4.3621334186e-06
4.3645420585e-06
4.3696231385e-06
4.3725436585e-06
4.3703615585e-06
4.3710466785e-06
4.3736939185e-06
4.3772170385e-06
4.3818500584e-06
4.3823425584e-06
4.3842638784e-06
4.3838641584e-06
4.3873706784e-06
4.3943804984e-06
4.3907715584e-06
4.3855610384e-06
4.3862954584e-06
4.3925531384e-06
4.3997173583e-06
4.4023499383e-06
4.4067325183e-06
4.4054548783e-06
4.4023629783e-06
4.4043117783e-06
4.4045907983e-06
4.4050647583e-06
4.4061109183e-06
4.4091743583e-06
4.4126176583e-06
4.4131834982e-06
4.4128764382e-06
4.4139099982e-06
4.4120456183e-06
4.4130196782e-06
4.4098686383e-06
4.4108418583e-06
4.4110015383e-06
4.4129094782e-06
4.4143691982e-06
4.4115162183e-06
4.4066559583e-06
4.4103518783e-06
4.4089473583e-06
4.4012930983e-06
4.4041387583e-06
4.4057977783e-06
4.4000729983e-06
4.4027399183e-06
4.4014370583e-06
4.3989868983e-06
4.3941551384e-06
4.3944263984e-06
4.3923961184e-06
4.3830956184e-06
4.3865656384e-06
4.3829489184e-06
4.3798072785e-06
4.3786274185e-06
4.3877854384e-06
4.3846685184e-06
4.3906149584e-06
4.3966337583e-06
4.3988116983e-06
4.3991946783e-06
4.4019657983e-06
4.4061780583e-06
4.4097916983e-06
4.4113551183e-06
4.4163046582e-06
4.4216064382e-06
4.4257749382e-06
4.4306721581e-06
4.4332140781e-06
4.4362491181e-06
4.4372846781e-06
4.4380937381e-06
4.4417394181e-06
4.446660558e-06
4.449208558e-06
4.450987938e-06
4.455931998e-06
4.460875238e-06
4.4637144579e-06
4.4678415779e-06
4.4691897979e-06
4.4712205179e-06
4.4754473779e-06
4.4789305378e-06
4.4805620778e-06
4.4843278978e-06
4.4846481978e-06
4.4850651178e-06
4.4842185578e-06
4.4864159378e-06
4.4885487178e-06
4.4904680778e-06
4.4940849178e-06
4.5018222777e-06
4.5061274977e-06
4.5084985577e-06
4.5122936976e-06
4.5172535576e-06
4.5200111576e-06
4.5173832976e-06
4.5192401776e-06
4.5235936976e-06
4.5258351376e-06
4.5327916975e-06
4.5415976975e-06
4.5460332374e-06
4.5461304174e-06
4.5457553174e-06
4.5499156974e-06
4.5529269374e-06
4.5573114974e-06
4.5622615973e-06
4.5690493573e-06
4.5739559973e-06
4.5762727573e-06
4.5795085772e-06
4.5816931572e-06
4.5874242972e-06
4.5935875972e-06
4.5948138371e-06
4.5948783171e-06
4.5985857771e-06
4.6022405171e-06
4.6052520571e-06
4.6073262371e-06
4.610229097e-06
4.615734117e-06
4.622256517e-06
4.624753837e-06
4.6267168769e-06
4.6309713769e-06
4.6335229969e-06
4.6374243569e-06
4.6439331168e-06
4.6502147768e-06
4.6538756968e-06
4.6536798768e-06
4.6554293368e-06
4.6619150167e-06
4.6673813167e-06
4.6700452767e-06
4.6746538967e-06
4.6787408966e-06
4.6816878366e-06
4.6835239566e-06
4.6901939366e-06
4.6949517765e-06
4.6969845765e-06
4.7017500965e-06
4.7030373565e-06
4.7030719765e-06
4.7105318964e-06
4.7138684764e-06
4.7134746364e-06
4.7179127164e-06
4.7240599764e-06
4.7270582163e-06
4.7299304363e-06
4.7326349163e-06
4.7373103963e-06
4.7394455563e-06
4.7438525762e-06
4.7488965362e-06
4.7487729762e-06
4.7530036162e-06
4.7598308961e-06
4.7624776361e-06
4.7666268761e-06
4.7688866961e-06
4.7696955561e-06
4.7731388761e-06
4.777975536e-06
4.782259816e-06
4.785448496e-06
4.783682676e-06
4.788480876e-06
4.790643376e-06
4.7945508759e-06
4.8021218359e-06
4.8066811159e-06
4.8116734158e-06
4.8137508958e-06
4.8195803958e-06
4.8226037558e-06
4.8246194557e-06
4.8273624557e-06
4.8286527157e-06
4.8305604157e-06
4.8357328957e-06
4.8384290757e-06
4.8403367957e-06
4.8420010356e-06
4.8425877956e-06
4.8419185956e-06
4.8454021356e-06
4.8481213956e-06
4.8482069756e-06
4.8525067956e-06
4.8556364156e-06
4.8540504956e-06
4.8521538556e-06
4.8574231355e-06
4.8574487355e-06
4.8545857156e-06
4.8538062756e-06
4.8581690955e-06
4.8606831955e-06
4.8657916555e-06
4.8639468155e-06
4.8594861955e-06
4.8549091956e-06
4.8564620356e-06
4.8563538956e-06
4.8552362756e-06
4.8565179956e-06
4.8551376356e-06
4.8556925356e-06
4.8532076556e-06
4.8542715356e-06
4.8530222356e-06
4.8507138956e-06
4.8467788156e-06
4.8439462156e-06
4.8422044356e-06
4.8433851356e-06
4.8438780956e-06
4.8425058156e-06
4.8422301156e-06
4.8394247557e-06
4.8374367557e-06
4.8418796356e-06
4.8418862556e-06
4.8423833956e-06
4.8415660756e-06
4.8437019556e-06
4.8454181156e-06
4.8472474156e-06
4.8502781356e-06
4.8509607756e-06
4.8538213356e-06
4.8553729956e-06
4.8583887155e-06
4.8606385355e-06
4.8599954755e-06
4.8622535555e-06
4.8644902955e-06
4.8664899155e-06
4.8660360355e-06
4.8681307155e-06
4.8704388755e-06
4.8689017555e-06
4.8741649954e-06
4.8722554155e-06
4.8746269154e-06
4.8772606754e-06
4.8793938354e-06
4.8814794754e-06
4.8814727154e-06
4.8828771354e-06
4.8837902554e-06
4.8858839154e-06
4.8824313154e-06
4.8818107554e-06
4.8814011154e-06
4.8825660954e-06
4.8869010154e-06
4.8895613354e-06
4.8880309354e-06
4.8880520154e-06
4.8844738154e-06
4.8831663554e-06
4.8835778754e-06
4.8838888354e-06
4.8860665754e-06
4.8867261554e-06
4.8847236754e-06
4.8851369354e-06
4.8828058154e-06
4.8830224954e-06
4.8838480954e-06
4.8860603154e-06
4.8866795354e-06
4.8800904754e-06
4.8869249954e-06
4.8895476554e-06
4.8913185953e-06
4.9317563351e-06
4.9129287752e-06
4.8963302753e-06
4.8824300954e-06
4.8945679753e-06
4.8946097153e-06
4.8874930954e-06
4.9011431953e-06
4.9069430152e-06
4.9036577553e-06
4.9123685352e-06
4.9162143752e-06
4.9150331952e-06
4.9135389152e-06
4.9107653752e-06
4.9159617552e-06
4.9303424751e-06
4.9276629151e-06
4.939854755e-06
4.9743123948e-06
4.9655018749e-06
4.9645817549e-06
4.9694957349e-06
4.9708335349e-06
4.9745676948e-06
4.9782618948e-06
4.9830942748e-06
5.0079640146e-06
5.0046765747e-06
5.0036316947e-06
5.0068523946e-06
5.0116436546e-06
5.0150371546e-06
5.0199454746e-06
5.0337092945e-06
5.0377992545e-06
5.0383640944e-06
5.0426863744e-06
5.0482558944e-06
5.0525488744e-06
5.0552777343e-06
5.0590978143e-06
5.0614702943e-06
5.0634938543e-06
5.0686951343e-06
5.0711090142e-06
5.0779997742e-06
5.0875141541e-06
5.0941849341e-06
5.0922424541e-06
5.1006468741e-06
5.105575394e-06
5.110426094e-06
5.114789414e-06
5.117058434e-06
5.113714994e-06
5.116951714e-06
5.1224649339e-06
5.1227516339e-06
5.1267980939e-06
5.1332964739e-06
5.1410804738e-06
5.1461119538e-06
5.1523070338e-06
5.1518580338e-06
5.1494183538e-06
5.1471944738e-06
5.1542760537e-06
5.1647278937e-06
5.1740954536e-06
5.1825999136e-06
5.1869951735e-06
5.1903663935e-06
5.1898390935e-06
5.1923544735e-06
5.1938813535e-06
5.1914848335e-06
5.1891370135e-06
5.1916595735e-06
5.1962115335e-06
5.2008348735e-06
5.2089653934e-06
5.2111401134e-06
5.2109990534e-06
5.2131345534e-06
5.2117752334e-06
5.2140965134e-06
5.2177367734e-06
5.2167277334e-06
5.2175947134e-06
5.2185582334e-06
5.2203979133e-06
5.2269981133e-06
5.2325739933e-06
5.2338780733e-06
5.2334013933e-06
5.2332793933e-06
5.2323965733e-06
5.2367440132e-06
5.2384331132e-06
5.2408074732e-06
5.2419807532e-06
5.2423789932e-06
5.2444822132e-06
5.2437244132e-06
5.2465050132e-06
5.2452875732e-06
5.2466508332e-06
5.2473083332e-06
5.2464456932e-06
5.2520023931e-06
5.2510333332e-06
5.2514800332e-06
5.2557461731e-06
5.2558061131e-06
5.2562243731e-06
5.2555641131e-06
5.2559609731e-06
5.2557865131e-06
5.2568615531e-06
5.2579381531e-06
5.2576497931e-06
5.2544713731e-06
5.2531278331e-06
5.2532968731e-06
5.2577721931e-06
5.2573949131e-06
5.2555355131e-06
5.2535443331e-06
5.2533788931e-06
5.2568670131e-06
5.2574723731e-06
5.2569560531e-06
5.2570558931e-06
5.2591295731e-06
5.2574146331e-06
5.2552394331e-06
5.2535936731e-06
5.2546284931e-06
5.2585526531e-06
5.2583414531e-06
5.2535560531e-06
5.2486098932e-06
5.2490977332e-06
5.2513807932e-06
5.2480135332e-06
5.2407076932e-06
5.2393227732e-06
5.2410441932e-06
5.2412959932e-06
5.2400773332e-06
5.2439442932e-06
5.2364156532e-06
5.2333718533e-06
5.2361228732e-06
5.2367106132e-06
5.2345789733e-06
5.2347973733e-06
5.2333103333e-06
5.2302878933e-06
5.2306497133e-06
5.2305005733e-06
5.2294357133e-06
5.2283845533e-06
5.2324695133e-06
5.2310854933e-06
5.2329686333e-06
5.2340594933e-06
5.2365746332e-06
5.2359275732e-06
5.2363376532e-06
5.2378449332e-06
5.2369748132e-06
5.2367489932e-06
5.2368197532e-06
5.2347730333e-06
5.2327712733e-06
5.2353613733e-06
5.2283004533e-06
5.2268256533e-06
5.2279914333e-06
5.2270541733e-06
5.2308055333e-06
5.2371615132e-06
5.2365793132e-06
5.2371115332e-06
5.2406720132e-06
5.2414877332e-06
5.2403205132e-06
5.2409684532e-06
5.2383414132e-06
5.2369095732e-06
5.2409895932e-06
5.2407633132e-06
5.2369352532e-06
5.2291229333e-06
5.2202670133e-06
5.2216751133e-06
5.2242506533e-06
5.2183176534e-06
5.2145376334e-06
5.2117748734e-06
5.2175715134e-06
5.2173165934e-06
5.2138556334e-06
5.2052391134e-06
5.2031492934e-06
5.1834280336e-06
5.2096473534e-06
5.1847833936e-06
5.1811741536e-06
5.1766988336e-06
5.1822562536e-06
5.1571236937e-06
5.1648725937e-06
5.1651192537e-06
5.1728807336e-06
5.1793825136e-06
5.1859514536e-06
5.1861096935e-06
5.1909421135e-06
5.1899108335e-06
5.1913533735e-06
5.1991669135e-06
5.2023172135e-06
5.2034299134e-06
5.2061156134e-06
5.2101421534e-06
5.2097589934e-06
5.2083001734e-06
5.2129443934e-06
5.2154271934e-06
5.2175356134e-06
5.2165653934e-06
5.2171669734e-06
5.2152993334e-06
5.2184293134e-06
5.2175949534e-06
5.2189430134e-06
5.2181159734e-06
5.2170049334e-06
5.2173406134e-06
5.2163699134e-06
5.2249339133e-06
5.2311099733e-06
5.2247397733e-06
5.2261102333e-06
5.2306004733e-06
5.2164641534e-06
5.2026590934e-06
5.1884370135e-06
5.275805173e-06
5.2509517332e-06
5.2396686132e-06
5.2475692132e-06
5.2364727132e-06
5.2418072132e-06
5.2538593731e-06
5.3384175726e-06
5.2870154929e-06
5.2054826734e-06
5.2094652134e-06
5.2185885534e-06
5.2100771734e-06
5.2176475134e-06
5.2353603733e-06
5.2273827933e-06
5.2949190529e-06
5.2865334929e-06
5.2989822929e-06
5.3096879328e-06
5.3118778328e-06
5.3072347128e-06
5.2570660931e-06
5.2476838932e-06
5.3203764527e-06
5.3196251327e-06
5.2550346931e-06
5.1943567735e-06
5.3285610927e-06
nan
nan
nan
4.9834171948e-06
4.9783631348e-06
4.9849428148e-06
4.9803896148e-06
4.9721529349e-06
4.9760551348e-06
