6.4725999607e-06
6.4725999607e-06
6.5125999604e-06
6.5525999602e-06
6.4325999609e-06
6.4325999609e-06
6.5525999602e-06
6.6125999598e-06
6.5325999603e-06
6.5725999601e-06
6.5925999599e-06
6.4525999608e-06
6.4525999608e-06
6.4525999608e-06
6.4325999609e-06
6.4325999609e-06
6.5325999603e-06
6.5325999603e-06
6.5525999602e-06
6.5525999602e-06
6.5325999603e-06
6.5325999603e-06
6.4725999607e-06
6.5325999603e-06
6.5325999603e-06
6.3125999616e-06
6.3525999614e-06
6.3525999614e-06
6.3525999614e-06
6.412599961e-06
6.3125999616e-06
6.2925999618e-06
6.4325999609e-06
6.4325999609e-06
6.2925999618e-06
6.2725999619e-06
6.2725999619e-06
6.252599962e-06
6.3525999614e-06
6.2325999621e-06
6.4325999609e-06
6.412599961e-06
6.2925999618e-06
6.2725999619e-06
6.2925999618e-06
6.2325999621e-06
6.2925999618e-06
6.2925999618e-06
6.2925999618e-06
6.2725999619e-06
6.2925999618e-06
6.3125999616e-06
6.3125999616e-06
6.2925999618e-06
6.2325999621e-06
6.252599962e-06
6.252599962e-06
6.3125999616e-06
6.2125999622e-06
6.2125999622e-06
6.2325999621e-06
6.2925999618e-06
6.252599962e-06
6.2725999619e-06
6.2725999619e-06
6.1925999624e-06
6.1725999625e-06
6.1725999625e-06
6.2125999622e-06
6.2325999621e-06
6.2125999622e-06
6.1725999625e-06
6.2725999619e-06
6.1925999624e-06
6.1925999624e-06
6.1725999625e-06
6.1725999625e-06
6.2125999622e-06
6.2125999622e-06
6.1325999627e-06
6.2125999622e-06
6.1525999626e-06
6.1325999627e-06
6.1525999626e-06
6.1525999626e-06
6.1525999626e-06
6.1925999624e-06
6.1725999625e-06
6.1925999624e-06
6.1725999625e-06
6.2125999622e-06
6.1525999626e-06
6.1725999625e-06
6.1925999624e-06
6.2125999622e-06
6.2125999622e-06
6.2325999621e-06
6.2325999621e-06
6.2325999621e-06
6.2325999621e-06
6.3325999615e-06
6.2725999619e-06
6.1325999627e-06
6.1325999627e-06
6.2925999618e-06
6.252599962e-06
6.2725999619e-06
6.1925999624e-06
6.2125999622e-06
6.2125999622e-06
6.2325999621e-06
6.2325999621e-06
6.2725999619e-06
6.2925999618e-06
6.2925999618e-06
6.3525999614e-06
6.4525999608e-06
6.4725999607e-06
6.4525999608e-06
6.4325999609e-06
6.4525999608e-06
6.4325999609e-06
6.4725999607e-06
6.4925999605e-06
6.5125999604e-06
6.5325999603e-06
6.6325999597e-06
6.6725999594e-06
6.6125999598e-06
6.6925999593e-06
6.8725999582e-06
6.6925999593e-06
6.7725999588e-06
6.912599958e-06
6.8125999586e-06
7.1125999568e-06
7.1125999568e-06
7.1325999567e-06
7.1525999565e-06
7.1725999564e-06
7.1525999565e-06
7.1325999567e-06
7.1125999568e-06
7.1725999564e-06
7.1525999565e-06
7.3125999556e-06
7.2925999557e-06
7.2925999557e-06
7.3525999553e-06
7.3325999554e-06
7.412599955e-06
7.4325999548e-06
7.3525999553e-06
7.3725999552e-06
7.3725999552e-06
7.3325999554e-06
7.3725999552e-06
7.3725999552e-06
7.3725999552e-06
7.6125999537e-06
7.6325999536e-06
7.5325999542e-06
7.5525999541e-06
7.732599953e-06
7.7725999528e-06
7.7725999528e-06
7.8125999525e-06
7.8125999525e-06
7.7725999528e-06
7.7725999528e-06
7.8725999522e-06
7.7525999529e-06
7.7525999529e-06
7.9325999518e-06
8.0325999512e-06
8.0925999508e-06
8.1325999506e-06
8.2125999501e-06
8.1925999502e-06
8.1725999503e-06
8.2125999501e-06
8.2525999498e-06
8.2725999497e-06
8.2725999497e-06
8.3525999492e-06
8.3525999492e-06
8.4125999489e-06
8.4325999488e-06
8.4725999485e-06
8.5125999483e-06
8.5125999483e-06
8.6125999477e-06
8.7925999466e-06
8.7725999467e-06
8.712599947e-06
8.7325999469e-06
8.7325999469e-06
8.892599946e-06
8.9125999458e-06
8.9325999457e-06
8.9725999455e-06
8.8725999461e-06
8.892599946e-06
9.0325999451e-06
9.0925999447e-06
9.0925999447e-06
9.1325999445e-06
9.1525999444e-06
9.1725999443e-06
9.1325999445e-06
9.1125999446e-06
9.1925999441e-06
9.4325999427e-06
9.1925999441e-06
9.1925999441e-06
9.3525999432e-06
9.1925999441e-06
9.5125999422e-06
9.5125999422e-06
9.2925999435e-06
9.5525999419e-06
9.2925999435e-06
9.3325999433e-06
9.2925999435e-06
9.3325999433e-06
9.4525999426e-06
9.3525999432e-06
9.3525999432e-06
9.3325999433e-06
9.3325999433e-06
9.3125999434e-06
9.4725999424e-06
9.4725999424e-06
9.4125999428e-06
9.4325999427e-06
9.4325999427e-06
9.5125999422e-06
9.4525999426e-06
9.6525999413e-06
9.8125999404e-06
9.5325999421e-06
9.8525999401e-06
9.87259994e-06
9.8925999399e-06
9.9125999398e-06
1.0032599939e-05
1.0032599939e-05
1.0032599939e-05
1.0012599939e-05
1.0172599938e-05
1.0192599938e-05
1.0212599938e-05
1.0252599938e-05
1.0232599938e-05
1.0392599937e-05
1.0372599937e-05
1.0392599937e-05
1.0432599937e-05
1.0332599937e-05
1.0392599937e-05
1.0412599937e-05
1.0492599936e-05
1.0512599936e-05
1.0512599936e-05
1.0132599938e-05
1.0292599937e-05
1.0272599938e-05
9.8125999404e-06
9.9325999396e-06
9.712599941e-06
9.9325999396e-06
9.9125999398e-06
9.8525999401e-06
9.7525999407e-06
9.5325999421e-06
9.6925999411e-06
9.6125999416e-06
9.4925999423e-06
9.3525999432e-06
9.1925999441e-06
9.212599944e-06
9.2325999439e-06
9.2325999439e-06
9.2525999438e-06
9.1725999443e-06
9.1925999441e-06
9.1125999446e-06
9.0925999447e-06
9.0325999451e-06
8.9325999457e-06
8.9125999458e-06
8.7325999469e-06
8.9725999455e-06
8.9325999457e-06
8.712599947e-06
8.8125999464e-06
8.6925999472e-06
8.5125999483e-06
8.4725999485e-06
8.4125999489e-06
8.1525999505e-06
8.0525999511e-06
8.0525999511e-06
8.0525999511e-06
8.0525999511e-06
8.1125999507e-06
7.9925999514e-06
8.0525999511e-06
8.0525999511e-06
7.9325999518e-06
7.9725999515e-06
8.0125999513e-06
7.7125999531e-06
7.9125999519e-06
7.8725999522e-06
7.732599953e-06
7.732599953e-06
7.7925999526e-06
7.8125999525e-06
7.6925999532e-06
7.7925999526e-06
7.7125999531e-06
7.732599953e-06
7.7525999529e-06
7.732599953e-06
7.9525999517e-06
7.8325999524e-06
7.9525999517e-06
7.8525999523e-06
7.8525999523e-06
7.8725999522e-06
8.0325999512e-06
7.9525999517e-06
7.9525999517e-06
8.0525999511e-06
8.0325999512e-06
8.0325999512e-06
8.0525999511e-06
8.0725999509e-06
8.0725999509e-06
8.1325999506e-06
8.1725999503e-06
8.1525999505e-06
8.0725999509e-06
8.0925999508e-06
8.23259995e-06
8.23259995e-06
8.23259995e-06
8.2925999496e-06
8.2925999496e-06
8.1125999507e-06
8.1325999506e-06
8.2925999496e-06
8.2725999497e-06
8.2525999498e-06
8.2725999497e-06
8.3325999494e-06
8.3125999495e-06
8.3725999491e-06
8.3525999492e-06
8.392599949e-06
8.4325999488e-06
8.5125999483e-06
8.5325999481e-06
8.5125999483e-06
8.5125999483e-06
8.5325999481e-06
8.5725999479e-06
8.4925999484e-06
8.5325999481e-06
8.5125999483e-06
8.23259995e-06
8.392599949e-06
8.4325999488e-06
8.4125999489e-06
8.2525999498e-06
8.2525999498e-06
8.392599949e-06
8.392599949e-06
8.2525999498e-06
8.392599949e-06
8.392599949e-06
8.4525999486e-06
8.4525999486e-06
8.4525999486e-06
8.4325999488e-06
8.4525999486e-06
8.4725999485e-06
8.4525999486e-06
8.4525999486e-06
8.4525999486e-06
8.4725999485e-06
8.4725999485e-06
8.5125999483e-06
8.3525999492e-06
8.3725999491e-06
8.392599949e-06
8.4925999484e-06
8.4125999489e-06
8.4125999489e-06
8.4525999486e-06
8.4525999486e-06
8.4325999488e-06
8.3725999491e-06
8.4125999489e-06
8.4125999489e-06
8.4525999486e-06
8.4325999488e-06
8.4325999488e-06
8.4125999489e-06
8.392599949e-06
8.4325999488e-06
8.4325999488e-06
8.1525999505e-06
8.1525999505e-06
8.1125999507e-06
8.2125999501e-06
8.1925999502e-06
8.1525999505e-06
8.0925999508e-06
8.1125999507e-06
8.1525999505e-06
8.1325999506e-06
8.1325999506e-06
8.1325999506e-06
8.1525999505e-06
8.1525999505e-06
8.1725999503e-06
8.1525999505e-06
8.1325999506e-06
8.1325999506e-06
8.1725999503e-06
8.1925999502e-06
8.1125999507e-06
8.1125999507e-06
7.9725999515e-06
7.892599952e-06
7.9125999519e-06
8.0925999508e-06
8.0925999508e-06
7.9925999514e-06
8.0125999513e-06
7.8525999523e-06
7.8525999523e-06
7.8725999522e-06
8.0125999513e-06
7.892599952e-06
7.892599952e-06
8.0725999509e-06
7.8725999522e-06
7.9125999519e-06
7.9325999518e-06
8.0925999508e-06
8.0125999513e-06
7.9925999514e-06
8.1125999507e-06
8.0925999508e-06
8.1125999507e-06
8.1125999507e-06
8.1325999506e-06
8.1325999506e-06
8.0925999508e-06
8.1325999506e-06
8.1125999507e-06
8.3125999495e-06
8.2125999501e-06
8.2725999497e-06
8.23259995e-06
8.0525999511e-06
8.0325999512e-06
8.0725999509e-06
8.23259995e-06
8.23259995e-06
8.2525999498e-06
8.1325999506e-06
8.1125999507e-06
8.0525999511e-06
7.8125999525e-06
7.892599952e-06
7.732599953e-06
7.6725999534e-06
7.5925999539e-06
7.572599954e-06
7.7125999531e-06
7.4725999546e-06
7.732599953e-06
7.6925999532e-06
7.6725999534e-06
7.6725999534e-06
7.7125999531e-06
7.7125999531e-06
7.6925999532e-06
7.6925999532e-06
7.7125999531e-06
7.7125999531e-06
7.7125999531e-06
7.7125999531e-06
7.6925999532e-06
7.6925999532e-06
7.7125999531e-06
7.732599953e-06
7.6725999534e-06
7.6925999532e-06
7.6925999532e-06
7.7125999531e-06
7.7125999531e-06
7.732599953e-06
7.7925999526e-06
7.892599952e-06
7.8325999524e-06
7.8125999525e-06
7.9325999518e-06
7.8125999525e-06
7.8325999524e-06
7.7125999531e-06
7.9525999517e-06
7.9725999515e-06
7.9525999517e-06
7.8125999525e-06
7.9925999514e-06
8.0125999513e-06
7.7125999531e-06
8.0325999512e-06
7.9525999517e-06
8.0325999512e-06
8.0325999512e-06
7.9925999514e-06
8.0525999511e-06
8.0525999511e-06
8.0525999511e-06
7.9725999515e-06
7.9525999517e-06
7.9525999517e-06
8.0925999508e-06
8.0925999508e-06
7.9325999518e-06
7.9325999518e-06
8.0325999512e-06
7.9525999517e-06
7.9325999518e-06
7.9525999517e-06
7.892599952e-06
7.9125999519e-06
7.9125999519e-06
7.9125999519e-06
7.8725999522e-06
7.8725999522e-06
7.892599952e-06
7.7925999526e-06
7.8725999522e-06
7.8525999523e-06
7.7725999528e-06
7.892599952e-06
7.7925999526e-06
7.7525999529e-06
7.7525999529e-06
7.7125999531e-06
7.7925999526e-06
7.7125999531e-06
7.7725999528e-06
7.6925999532e-06
7.6925999532e-06
7.6325999536e-06
7.7525999529e-06
7.6925999532e-06
7.7725999528e-06
7.7725999528e-06
7.7525999529e-06
7.7525999529e-06
7.6725999534e-06
7.6125999537e-06
7.6325999536e-06
7.6125999537e-06
7.6325999536e-06
7.6325999536e-06
7.6925999532e-06
7.572599954e-06
7.5925999539e-06
7.6125999537e-06
7.6325999536e-06
7.5525999541e-06
7.5325999542e-06
7.5325999542e-06
7.6325999536e-06
7.6525999535e-06
7.6525999535e-06
7.6325999536e-06
7.5125999543e-06
7.4925999545e-06
7.5125999543e-06
7.4925999545e-06
7.4925999545e-06
7.4525999547e-06
7.5125999543e-06
7.4725999546e-06
7.3925999551e-06
7.412599955e-06
7.3325999554e-06
7.2725999558e-06
7.3125999556e-06
7.3525999553e-06
7.2925999557e-06
7.2925999557e-06
7.3125999556e-06
7.3125999556e-06
7.2925999557e-06
7.3325999554e-06
7.2925999557e-06
7.3125999556e-06
7.3125999556e-06
7.3125999556e-06
7.2925999557e-06
7.3125999556e-06
7.3525999553e-06
7.3325999554e-06
7.3525999553e-06
7.3525999553e-06
7.3325999554e-06
7.3125999556e-06
7.3325999554e-06
7.3125999556e-06
7.3125999556e-06
7.3325999554e-06
7.4325999548e-06
7.4525999547e-06
7.4725999546e-06
7.4925999545e-06
7.4325999548e-06
7.3325999554e-06
7.3325999554e-06
7.3725999552e-06
7.3725999552e-06
7.3525999553e-06
7.3725999552e-06
7.412599955e-06
7.4325999548e-06
7.4525999547e-06
7.4325999548e-06
7.3725999552e-06
7.3925999551e-06
7.3925999551e-06
7.3525999553e-06
7.3725999552e-06
7.3725999552e-06
7.3925999551e-06
7.3525999553e-06
7.2525999559e-06
7.2725999558e-06
7.3725999552e-06
7.3525999553e-06
7.3525999553e-06
7.3325999554e-06
7.3925999551e-06
7.2725999558e-06
7.2525999559e-06
7.3325999554e-06
7.3725999552e-06
7.232599956e-06
7.2125999562e-06
7.232599956e-06
7.2725999558e-06
7.2125999562e-06
7.1925999563e-06
7.2725999558e-06
7.2725999558e-06
7.2125999562e-06
7.1725999564e-06
7.1525999565e-06
7.1525999565e-06
7.1725999564e-06
7.1525999565e-06
7.1725999564e-06
7.2525999559e-06
7.1925999563e-06
7.2125999562e-06
7.232599956e-06
7.2525999559e-06
7.232599956e-06
7.3125999556e-06
7.3525999553e-06
7.3525999553e-06
7.1325999567e-06
7.1925999563e-06
7.1725999564e-06
7.3525999553e-06
7.4325999548e-06
7.4525999547e-06
7.4525999547e-06
7.4525999547e-06
7.3925999551e-06
7.4325999548e-06
7.4925999545e-06
7.4725999546e-06
7.4525999547e-06
7.4525999547e-06
7.4525999547e-06
7.4525999547e-06
7.412599955e-06
7.3725999552e-06
7.3525999553e-06
7.3125999556e-06
7.3525999553e-06
7.4325999548e-06
7.4325999548e-06
7.4325999548e-06
7.3525999553e-06
7.3725999552e-06
7.412599955e-06
7.3725999552e-06
7.3725999552e-06
7.3725999552e-06
7.3725999552e-06
7.5525999541e-06
7.5525999541e-06
7.5525999541e-06
7.5525999541e-06
7.5325999542e-06
7.5125999543e-06
7.5525999541e-06
7.5925999539e-06
7.5925999539e-06
7.572599954e-06
7.572599954e-06
7.572599954e-06
7.572599954e-06
7.5925999539e-06
7.5925999539e-06
7.572599954e-06
7.6725999534e-06
7.6525999535e-06
7.6325999536e-06
7.5925999539e-06
7.5925999539e-06
7.572599954e-06
7.5925999539e-06
7.6125999537e-06
7.5525999541e-06
7.5525999541e-06
7.6125999537e-06
7.5325999542e-06
7.5925999539e-06
7.6125999537e-06
7.6125999537e-06
7.5925999539e-06
7.5925999539e-06
7.572599954e-06
7.572599954e-06
7.5925999539e-06
7.6725999534e-06
7.6925999532e-06
7.6525999535e-06
7.7525999529e-06
7.5925999539e-06
7.6725999534e-06
7.6725999534e-06
7.5925999539e-06
7.572599954e-06
7.572599954e-06
7.572599954e-06
7.572599954e-06
7.6525999535e-06
7.572599954e-06
7.572599954e-06
7.5525999541e-06
7.572599954e-06
7.5925999539e-06
7.572599954e-06
7.572599954e-06
7.572599954e-06
7.572599954e-06
7.572599954e-06
7.572599954e-06
7.572599954e-06
7.572599954e-06
7.5925999539e-06
7.6325999536e-06
7.6125999537e-06
7.572599954e-06
7.5925999539e-06
7.6125999537e-06
7.5525999541e-06
7.572599954e-06
7.572599954e-06
7.5925999539e-06
7.5925999539e-06
7.5525999541e-06
7.5925999539e-06
7.6325999536e-06
7.5925999539e-06
7.6125999537e-06
7.6125999537e-06
7.5525999541e-06
7.412599955e-06
7.3925999551e-06
7.412599955e-06
7.412599955e-06
7.2525999559e-06
7.2525999559e-06
7.2525999559e-06
7.2725999558e-06
7.2925999557e-06
7.2525999559e-06
7.2925999557e-06
7.2725999558e-06
7.232599956e-06
7.2525999559e-06
7.2525999559e-06
7.1525999565e-06
7.1725999564e-06
7.1525999565e-06
7.1525999565e-06
7.1725999564e-06
7.1525999565e-06
7.1725999564e-06
7.1925999563e-06
7.1925999563e-06
7.2125999562e-06
7.1925999563e-06
7.2125999562e-06
7.2125999562e-06
7.072599957e-06
7.0325999573e-06
7.0525999571e-06
6.9325999579e-06
6.9325999579e-06
7.0325999573e-06
6.7925999587e-06
6.9525999577e-06
6.9725999576e-06
6.7125999592e-06
6.7125999592e-06
6.7325999591e-06
6.752599959e-06
6.6325999597e-06
6.6125999598e-06
6.6925999593e-06
6.6925999593e-06
6.6325999597e-06
6.6525999596e-06
6.6525999596e-06
6.7125999592e-06
6.6325999597e-06
6.7125999592e-06
6.6725999594e-06
6.6925999593e-06
6.6725999594e-06
6.6925999593e-06
6.6725999594e-06
6.7125999592e-06
6.6925999593e-06
6.7125999592e-06
6.7125999592e-06
6.7125999592e-06
6.9725999576e-06
6.6525999596e-06
7.1125999568e-06
7.0925999569e-06
7.0925999569e-06
7.0325999573e-06
7.1325999567e-06
7.1325999567e-06
7.0925999569e-06
7.0925999569e-06
7.1525999565e-06
7.1525999565e-06
7.1325999567e-06
7.0325999573e-06
7.0925999569e-06
6.9925999575e-06
7.0125999574e-06
7.0125999574e-06
7.1725999564e-06
7.0325999573e-06
7.1925999563e-06
6.9325999579e-06
7.1925999563e-06
6.9725999576e-06
6.9725999576e-06
7.0525999571e-06
6.9725999576e-06
6.9725999576e-06
6.9725999576e-06
6.9725999576e-06
6.9925999575e-06
7.0525999571e-06
6.9925999575e-06
6.9725999576e-06
6.9925999575e-06
7.0125999574e-06
7.0125999574e-06
7.0525999571e-06
7.0925999569e-06
7.1525999565e-06
7.1525999565e-06
7.232599956e-06
7.1925999563e-06
7.2725999558e-06
7.2525999559e-06
7.3725999552e-06
7.3325999554e-06
7.3125999556e-06
7.3525999553e-06
7.3725999552e-06
7.3925999551e-06
7.3525999553e-06
7.3525999553e-06
7.3925999551e-06
7.3925999551e-06
7.3725999552e-06
7.412599955e-06
7.4325999548e-06
7.412599955e-06
7.412599955e-06
7.4325999548e-06
7.4725999546e-06
7.4725999546e-06
7.4525999547e-06
7.572599954e-06
7.5325999542e-06
7.5925999539e-06
7.5925999539e-06
7.5325999542e-06
7.572599954e-06
7.5325999542e-06
7.5325999542e-06
7.572599954e-06
7.572599954e-06
7.5925999539e-06
7.572599954e-06
7.5325999542e-06
7.6725999534e-06
7.6925999532e-06
7.7125999531e-06
7.7725999528e-06
7.6725999534e-06
7.6725999534e-06
7.6925999532e-06
7.7525999529e-06
7.7525999529e-06
7.7725999528e-06
7.7925999526e-06
7.7125999531e-06
7.7125999531e-06
7.7525999529e-06
7.7525999529e-06
7.7525999529e-06
7.7525999529e-06
7.7525999529e-06
7.7525999529e-06
7.7925999526e-06
7.7525999529e-06
7.7725999528e-06
7.7725999528e-06
7.8125999525e-06
7.8725999522e-06
7.8325999524e-06
7.8325999524e-06
7.9125999519e-06
7.9125999519e-06
7.892599952e-06
7.9125999519e-06
8.0125999513e-06
7.9925999514e-06
7.8525999523e-06
7.9125999519e-06
8.0125999513e-06
8.0525999511e-06
8.0725999509e-06
8.0925999508e-06
8.1725999503e-06
8.1725999503e-06
8.1925999502e-06
8.2125999501e-06
8.2125999501e-06
8.2125999501e-06
8.23259995e-06
8.23259995e-06
8.23259995e-06
8.2525999498e-06
8.2525999498e-06
8.2525999498e-06
8.2525999498e-06
8.2525999498e-06
8.2725999497e-06
8.2725999497e-06
8.2925999496e-06
8.2925999496e-06
8.2925999496e-06
8.2525999498e-06
8.3125999495e-06
8.3125999495e-06
8.3125999495e-06
8.3125999495e-06
8.2925999496e-06
8.2925999496e-06
8.2925999496e-06
8.2925999496e-06
8.2925999496e-06
8.2125999501e-06
8.1725999503e-06
8.1725999503e-06
8.1325999506e-06
8.1525999505e-06
8.1725999503e-06
8.1525999505e-06
8.1325999506e-06
8.1525999505e-06
8.1325999506e-06
8.1925999502e-06
8.2125999501e-06
8.1525999505e-06
8.1325999506e-06
8.1525999505e-06
8.1725999503e-06
8.1725999503e-06
8.1525999505e-06
8.1725999503e-06
8.1725999503e-06
8.1725999503e-06
8.2125999501e-06
8.2525999498e-06
8.2125999501e-06
8.1925999502e-06
8.2125999501e-06
8.1925999502e-06
8.3525999492e-06
8.2925999496e-06
8.3525999492e-06
8.2925999496e-06
8.2925999496e-06
8.3725999491e-06
8.3125999495e-06
8.3725999491e-06
8.3525999492e-06
8.3525999492e-06
8.3725999491e-06
8.4125999489e-06
8.4525999486e-06
8.4525999486e-06
8.4925999484e-06
8.4925999484e-06
8.4525999486e-06
8.5125999483e-06
8.5125999483e-06
8.4925999484e-06
8.552599948e-06
8.552599948e-06
8.552599948e-06
8.5725999479e-06
8.4925999484e-06
8.5325999481e-06
8.5325999481e-06
8.5325999481e-06
8.5325999481e-06
8.4925999484e-06
8.552599948e-06
8.552599948e-06
8.4925999484e-06
8.5325999481e-06
8.5325999481e-06
8.4525999486e-06
8.5125999483e-06
8.392599949e-06
8.4125999489e-06
8.5125999483e-06
8.3725999491e-06
8.4925999484e-06
8.4725999485e-06
8.4125999489e-06
8.3325999494e-06
8.2925999496e-06
8.2725999497e-06
8.2925999496e-06
8.2525999498e-06
8.23259995e-06
8.3325999494e-06
8.2525999498e-06
8.2925999496e-06
8.3525999492e-06
8.23259995e-06
8.2525999498e-06
8.1925999502e-06
8.2725999497e-06
8.1525999505e-06
8.2925999496e-06
8.2125999501e-06
8.2125999501e-06
8.23259995e-06
8.2525999498e-06
8.23259995e-06
8.2725999497e-06
8.1525999505e-06
8.1525999505e-06
8.0725999509e-06
8.0925999508e-06
8.0725999509e-06
8.1125999507e-06
8.1125999507e-06
8.0725999509e-06
8.1525999505e-06
8.1325999506e-06
7.9125999519e-06
7.9125999519e-06
7.9125999519e-06
7.9125999519e-06
7.9325999518e-06
7.9125999519e-06
7.9125999519e-06
7.9325999518e-06
7.9725999515e-06
7.9725999515e-06
7.9525999517e-06
7.9325999518e-06
7.9525999517e-06
7.9325999518e-06
8.0125999513e-06
7.9925999514e-06
7.9725999515e-06
7.9725999515e-06
7.9325999518e-06
7.9125999519e-06
8.0125999513e-06
8.0125999513e-06
8.0325999512e-06
8.0325999512e-06
8.0125999513e-06
8.0125999513e-06
8.0125999513e-06
8.0725999509e-06
7.9925999514e-06
8.0125999513e-06
8.0125999513e-06
7.9925999514e-06
8.0125999513e-06
8.0125999513e-06
8.0125999513e-06
8.0125999513e-06
8.0125999513e-06
8.0925999508e-06
8.0725999509e-06
8.0325999512e-06
8.0125999513e-06
8.0125999513e-06
8.1525999505e-06
7.9925999514e-06
8.0325999512e-06
8.0325999512e-06
8.1725999503e-06
8.0325999512e-06
8.0325999512e-06
8.0125999513e-06
8.0325999512e-06
8.0325999512e-06
7.9725999515e-06
7.9325999518e-06
8.0525999511e-06
8.0525999511e-06
8.0325999512e-06
8.0125999513e-06
8.0525999511e-06
8.0525999511e-06
7.9325999518e-06
8.0325999512e-06
8.0325999512e-06
7.9525999517e-06
7.9725999515e-06
8.0725999509e-06
8.0925999508e-06
8.0525999511e-06
8.0925999508e-06
8.1125999507e-06
8.0125999513e-06
8.0925999508e-06
8.0125999513e-06
8.0525999511e-06
8.0525999511e-06
8.0525999511e-06
8.0325999512e-06
7.9925999514e-06
8.0125999513e-06
8.0325999512e-06
8.0325999512e-06
8.0125999513e-06
7.9925999514e-06
8.1125999507e-06
7.9925999514e-06
7.9925999514e-06
7.9925999514e-06
7.9925999514e-06
7.9525999517e-06
8.0125999513e-06
7.9525999517e-06
7.9525999517e-06
7.9525999517e-06
7.9725999515e-06
7.9525999517e-06
7.9525999517e-06
7.9725999515e-06
7.9325999518e-06
7.9325999518e-06
8.0525999511e-06
7.9325999518e-06
8.0525999511e-06
8.0125999513e-06
7.9125999519e-06
7.7725999528e-06
7.9725999515e-06
7.9325999518e-06
7.9125999519e-06
7.8725999522e-06
7.8325999524e-06
7.8525999523e-06
7.8725999522e-06
7.8525999523e-06
7.8525999523e-06
7.8525999523e-06
7.8525999523e-06
7.8525999523e-06
7.8725999522e-06
7.8725999522e-06
7.892599952e-06
7.8525999523e-06
7.7725999528e-06
7.9525999517e-06
7.9325999518e-06
7.9525999517e-06
7.9525999517e-06
7.9525999517e-06
7.9325999518e-06
7.8525999523e-06
7.8525999523e-06
7.8125999525e-06
7.8725999522e-06
7.8325999524e-06
7.8325999524e-06
7.8125999525e-06
7.8125999525e-06
7.8325999524e-06
7.8325999524e-06
7.8325999524e-06
7.9125999519e-06
7.8325999524e-06
7.9925999514e-06
7.9925999514e-06
7.9325999518e-06
7.892599952e-06
7.9925999514e-06
7.8125999525e-06
7.8125999525e-06
7.9325999518e-06
7.9525999517e-06
7.9725999515e-06
7.9725999515e-06
7.9725999515e-06
7.9525999517e-06
7.9525999517e-06
7.9525999517e-06
7.9525999517e-06
7.9525999517e-06
7.9325999518e-06
7.9325999518e-06
7.9325999518e-06
7.7525999529e-06
7.8525999523e-06
7.732599953e-06
7.732599953e-06
7.7525999529e-06
7.7525999529e-06
7.7725999528e-06
7.6725999534e-06
7.6925999532e-06
7.6525999535e-06
7.732599953e-06
7.6725999534e-06
7.6725999534e-06
7.6925999532e-06
7.7725999528e-06
7.7525999529e-06
7.7725999528e-06
7.7925999526e-06
7.7925999526e-06
7.732599953e-06
7.7125999531e-06
7.7125999531e-06
7.7125999531e-06
7.6925999532e-06
7.732599953e-06
7.732599953e-06
7.7925999526e-06
7.7525999529e-06
7.7125999531e-06
7.7525999529e-06
7.732599953e-06
7.7925999526e-06
7.7525999529e-06
7.7125999531e-06
7.7125999531e-06
7.7925999526e-06
7.5325999542e-06
7.7525999529e-06
7.5925999539e-06
7.572599954e-06
7.6125999537e-06
7.5525999541e-06
7.5925999539e-06
7.5925999539e-06
7.6525999535e-06
7.5525999541e-06
7.6525999535e-06
7.7125999531e-06
7.7525999529e-06
7.7925999526e-06
7.6525999535e-06
7.6525999535e-06
7.6725999534e-06
7.7125999531e-06
7.7525999529e-06
7.7525999529e-06
7.6725999534e-06
7.6525999535e-06
7.6525999535e-06
7.6525999535e-06
7.8125999525e-06
7.6725999534e-06
7.7925999526e-06
7.7525999529e-06
7.7125999531e-06
7.7125999531e-06
7.5325999542e-06
7.5525999541e-06
7.7525999529e-06
7.732599953e-06
7.6325999536e-06
7.6525999535e-06
7.6925999532e-06
7.6525999535e-06
7.6525999535e-06
7.6125999537e-06
7.5925999539e-06
7.5925999539e-06
7.572599954e-06
7.5925999539e-06
7.6125999537e-06
7.572599954e-06
7.6725999534e-06
7.6525999535e-06
7.6325999536e-06
7.6125999537e-06
7.6325999536e-06
7.6125999537e-06
7.6125999537e-06
7.6125999537e-06
7.7125999531e-06
7.5925999539e-06
7.6325999536e-06
7.6925999532e-06
7.732599953e-06
7.6925999532e-06
7.732599953e-06
7.6925999532e-06
7.6925999532e-06
7.6925999532e-06
7.732599953e-06
7.6325999536e-06
7.5525999541e-06
7.572599954e-06
7.5925999539e-06
7.6325999536e-06
7.6325999536e-06
7.5925999539e-06
7.5925999539e-06
7.5925999539e-06
7.5925999539e-06
7.5925999539e-06
7.6525999535e-06
7.6525999535e-06
7.6125999537e-06
7.5525999541e-06
7.732599953e-06
7.572599954e-06
7.572599954e-06
7.5925999539e-06
7.732599953e-06
7.7125999531e-06
7.4725999546e-06
7.4525999547e-06
7.4725999546e-06
7.4725999546e-06
7.4725999546e-06
7.4725999546e-06
7.4725999546e-06
7.4325999548e-06
7.412599955e-06
7.4325999548e-06
7.4325999548e-06
7.412599955e-06
7.412599955e-06
7.4525999547e-06
7.5325999542e-06
7.5125999543e-06
7.4325999548e-06
7.4525999547e-06
7.412599955e-06
7.412599955e-06
7.412599955e-06
7.412599955e-06
7.4925999545e-06
7.5525999541e-06
7.5325999542e-06
7.412599955e-06
7.5125999543e-06
7.4925999545e-06
7.5125999543e-06
7.5125999543e-06
7.5325999542e-06
7.5325999542e-06
7.5525999541e-06
7.5525999541e-06
7.6325999536e-06
7.5325999542e-06
7.5325999542e-06
7.6325999536e-06
7.5325999542e-06
7.6325999536e-06
7.5525999541e-06
7.5525999541e-06
7.6925999532e-06
7.572599954e-06
7.5925999539e-06
7.5925999539e-06
7.5925999539e-06
7.5925999539e-06
7.6725999534e-06
7.6125999537e-06
7.732599953e-06
7.7525999529e-06
7.6925999532e-06
7.7725999528e-06
7.7925999526e-06
7.7925999526e-06
7.7925999526e-06
7.7925999526e-06
7.8325999524e-06
7.8525999523e-06
7.8325999524e-06
7.8325999524e-06
7.8325999524e-06
7.5525999541e-06
7.572599954e-06
7.5325999542e-06
7.5525999541e-06
7.5925999539e-06
7.5325999542e-06
7.6525999535e-06
7.5325999542e-06
7.572599954e-06
7.5925999539e-06
7.5925999539e-06
7.5925999539e-06
7.6125999537e-06
7.6925999532e-06
7.6925999532e-06
7.732599953e-06
7.7125999531e-06
7.732599953e-06
7.8525999523e-06
7.892599952e-06
7.892599952e-06
7.9725999515e-06
7.9725999515e-06
7.892599952e-06
7.8525999523e-06
7.9125999519e-06
8.0525999511e-06
8.0525999511e-06
8.0525999511e-06
8.0325999512e-06
8.0125999513e-06
8.1525999505e-06
8.1325999506e-06
8.23259995e-06
8.1725999503e-06
8.1525999505e-06
8.2925999496e-06
8.2925999496e-06
8.3725999491e-06
8.3325999494e-06
8.4325999488e-06
8.4125999489e-06
8.4925999484e-06
8.4925999484e-06
8.6725999473e-06
8.6725999473e-06
8.6925999472e-06
8.8125999464e-06
8.8325999463e-06
8.8525999462e-06
8.8725999461e-06
8.8725999461e-06
8.8725999461e-06
8.9325999457e-06
8.892599946e-06
8.9325999457e-06
8.9325999457e-06
8.9125999458e-06
8.9125999458e-06
8.9125999458e-06
8.9125999458e-06
8.8725999461e-06
8.9125999458e-06
8.9125999458e-06
8.8325999463e-06
8.8725999461e-06
8.8525999462e-06
8.8725999461e-06
8.7325999469e-06
8.7525999468e-06
8.712599947e-06
8.8525999462e-06
8.8325999463e-06
8.8725999461e-06
8.8725999461e-06
8.8525999462e-06
8.8125999464e-06
8.7925999466e-06
8.7725999467e-06
8.7525999468e-06
8.8125999464e-06
8.7925999466e-06
8.7925999466e-06
8.7525999468e-06
8.7725999467e-06
8.6725999473e-06
8.6925999472e-06
8.6725999473e-06
8.6925999472e-06
8.6725999473e-06
8.6725999473e-06
8.6525999474e-06
8.6725999473e-06
8.4325999488e-06
8.4525999486e-06
8.4725999485e-06
8.4925999484e-06
8.5125999483e-06
8.4525999486e-06
8.4725999485e-06
8.4525999486e-06
8.5325999481e-06
8.4725999485e-06
8.4925999484e-06
8.5325999481e-06
8.5325999481e-06
8.5125999483e-06
8.5325999481e-06
8.5925999478e-06
8.6525999474e-06
8.6325999475e-06
8.6525999474e-06
8.5725999479e-06
8.552599948e-06
8.5725999479e-06
8.5925999478e-06
8.5925999478e-06
8.6325999475e-06
8.5725999479e-06
8.552599948e-06
8.552599948e-06
8.5325999481e-06
8.6325999475e-06
8.5925999478e-06
8.5725999479e-06
8.5925999478e-06
8.6925999472e-06
8.6725999473e-06
8.6525999474e-06
8.6325999475e-06
8.6325999475e-06
8.5125999483e-06
8.4525999486e-06
8.4525999486e-06
8.4525999486e-06
8.392599949e-06
8.4125999489e-06
8.3725999491e-06
8.3525999492e-06
8.3325999494e-06
8.4125999489e-06
8.3325999494e-06
8.3125999495e-06
8.3325999494e-06
8.392599949e-06
8.392599949e-06
8.4925999484e-06
8.4325999488e-06
8.6125999477e-06
8.4925999484e-06
8.5125999483e-06
8.5325999481e-06
8.5325999481e-06
8.5325999481e-06
8.5125999483e-06
8.5325999481e-06
8.6925999472e-06
8.4725999485e-06
8.712599947e-06
8.5925999478e-06
8.6125999477e-06
8.6125999477e-06
8.552599948e-06
8.5325999481e-06
8.552599948e-06
8.5325999481e-06
8.5125999483e-06
8.4725999485e-06
8.4725999485e-06
8.5125999483e-06
8.4925999484e-06
8.5125999483e-06
8.4925999484e-06
8.6125999477e-06
8.5125999483e-06
8.4125999489e-06
8.6125999477e-06
8.5325999481e-06
8.5325999481e-06
8.552599948e-06
8.4725999485e-06
8.4725999485e-06
8.5125999483e-06
8.4525999486e-06
8.5325999481e-06
8.5125999483e-06
8.3325999494e-06
8.4925999484e-06
8.4125999489e-06
8.4325999488e-06
8.3725999491e-06
8.3525999492e-06
8.3525999492e-06
8.3125999495e-06
8.3325999494e-06
8.3125999495e-06
8.2925999496e-06
8.2925999496e-06
8.2525999498e-06
8.23259995e-06
8.2725999497e-06
8.2525999498e-06
8.2725999497e-06
8.2525999498e-06
8.3125999495e-06
8.23259995e-06
8.23259995e-06
8.3325999494e-06
8.1925999502e-06
8.1725999503e-06
8.1725999503e-06
8.1925999502e-06
8.1725999503e-06
8.1925999502e-06
8.1725999503e-06
8.1525999505e-06
8.1525999505e-06
8.1925999502e-06
8.1925999502e-06
8.1725999503e-06
8.1725999503e-06
8.23259995e-06
8.23259995e-06
8.2925999496e-06
8.2725999497e-06
8.2925999496e-06
8.2725999497e-06
8.3125999495e-06
8.3725999491e-06
8.3325999494e-06
8.3525999492e-06
8.3325999494e-06
8.3325999494e-06
8.3525999492e-06
8.4725999485e-06
8.4325999488e-06
8.4725999485e-06
8.4725999485e-06
8.4525999486e-06
8.4725999485e-06
8.4925999484e-06
8.4925999484e-06
8.6125999477e-06
8.5925999478e-06
8.6525999474e-06
8.6725999473e-06
8.6925999472e-06
8.6925999472e-06
8.6925999472e-06
8.6925999472e-06
8.7325999469e-06
8.712599947e-06
8.712599947e-06
8.712599947e-06
8.712599947e-06
8.7525999468e-06
8.7725999467e-06
8.7725999467e-06
8.7525999468e-06
8.7525999468e-06
8.7725999467e-06
8.6925999472e-06
8.6725999473e-06
8.6725999473e-06
8.5925999478e-06
8.5725999479e-06
8.6725999473e-06
8.6725999473e-06
8.5125999483e-06
8.6725999473e-06
8.4725999485e-06
8.4725999485e-06
8.4925999484e-06
8.6725999473e-06
8.5725999479e-06
8.5725999479e-06
8.552599948e-06
8.6125999477e-06
8.6525999474e-06
8.6525999474e-06
8.6125999477e-06
8.5725999479e-06
8.552599948e-06
8.552599948e-06
8.6325999475e-06
8.5925999478e-06
8.5925999478e-06
8.4925999484e-06
8.4525999486e-06
8.4325999488e-06
8.4325999488e-06
8.6125999477e-06
8.6925999472e-06
8.6925999472e-06
8.6725999473e-06
8.5325999481e-06
8.5325999481e-06
8.552599948e-06
8.552599948e-06
8.552599948e-06
8.6525999474e-06
8.6525999474e-06
8.6325999475e-06
8.6325999475e-06
8.6725999473e-06
8.6525999474e-06
8.6525999474e-06
8.6725999473e-06
8.7525999468e-06
8.7725999467e-06
8.5925999478e-06
8.6725999473e-06
8.7525999468e-06
8.5925999478e-06
8.7525999468e-06
8.7725999467e-06
8.7725999467e-06
8.712599947e-06
8.7725999467e-06
8.7325999469e-06
8.5125999483e-06
8.4725999485e-06
8.5125999483e-06
8.4925999484e-06
8.4925999484e-06
8.4925999484e-06
8.552599948e-06
8.5725999479e-06
8.552599948e-06
8.4925999484e-06
8.4725999485e-06
8.4525999486e-06
8.552599948e-06
8.552599948e-06
8.4725999485e-06
8.5325999481e-06
8.6125999477e-06
8.6125999477e-06
8.5725999479e-06
8.5925999478e-06
8.6125999477e-06
8.6525999474e-06
8.6525999474e-06
8.6525999474e-06
8.6725999473e-06
8.6525999474e-06
8.7325999469e-06
8.7525999468e-06
8.7325999469e-06
8.7725999467e-06
8.7725999467e-06
8.7925999466e-06
8.7925999466e-06
8.7925999466e-06
8.7925999466e-06
8.8125999464e-06
8.8125999464e-06
8.8125999464e-06
8.8325999463e-06
8.712599947e-06
8.8325999463e-06
8.7525999468e-06
8.8125999464e-06
8.7925999466e-06
8.7725999467e-06
8.7925999466e-06
8.7725999467e-06
8.9125999458e-06
8.8725999461e-06
8.8525999462e-06
8.8525999462e-06
8.8725999461e-06
8.9525999456e-06
8.7925999466e-06
8.7925999466e-06
8.9725999455e-06
8.8525999462e-06
8.892599946e-06
8.892599946e-06
8.9525999456e-06
9.0725999449e-06
9.0925999447e-06
8.9525999456e-06
8.9725999455e-06
8.9525999456e-06
8.9725999455e-06
8.9925999453e-06
9.0725999449e-06
9.052599945e-06
9.052599945e-06
9.0925999447e-06
8.9925999453e-06
9.052599945e-06
9.052599945e-06
9.052599945e-06
9.052599945e-06
9.0925999447e-06
9.1125999446e-06
9.0725999449e-06
9.1125999446e-06
9.1125999446e-06
9.1525999444e-06
9.1125999446e-06
9.1525999444e-06
9.1725999443e-06
9.1925999441e-06
9.1725999443e-06
9.212599944e-06
9.212599944e-06
9.212599944e-06
9.1325999445e-06
9.0925999447e-06
9.1325999445e-06
9.1725999443e-06
9.1725999443e-06
9.1325999445e-06
9.1725999443e-06
9.1725999443e-06
9.212599944e-06
9.1925999441e-06
9.372599943e-06
9.212599944e-06
9.3925999429e-06
9.3925999429e-06
9.4525999426e-06
9.4925999423e-06
9.5125999422e-06
9.5525999419e-06
9.5725999418e-06
9.6325999415e-06
9.6325999415e-06
9.6125999416e-06
9.6325999415e-06
9.7325999409e-06
9.712599941e-06
9.6925999411e-06
9.6925999411e-06
9.6925999411e-06
9.6925999411e-06
9.87259994e-06
9.8325999402e-06
9.87259994e-06
9.87259994e-06
9.8525999401e-06
9.8325999402e-06
9.8325999402e-06
9.8325999402e-06
9.8325999402e-06
9.8325999402e-06
9.7725999406e-06
9.8125999404e-06
9.7725999406e-06
9.7925999405e-06
9.7725999406e-06
9.7325999409e-06
9.712599941e-06
9.6725999412e-06
9.3925999429e-06
9.4525999426e-06
9.5925999417e-06
9.3125999434e-06
9.372599943e-06
9.3525999432e-06
9.3525999432e-06
9.4725999424e-06
9.3925999429e-06
9.4125999428e-06
9.4925999423e-06
9.5125999422e-06
9.5325999421e-06
9.5725999418e-06
9.5925999417e-06
9.5925999417e-06
9.5525999419e-06
9.6125999416e-06
9.6125999416e-06
9.5925999417e-06
9.5925999417e-06
9.5925999417e-06
9.5925999417e-06
9.5925999417e-06
9.6325999415e-06
9.6125999416e-06
9.6725999412e-06
9.5325999421e-06
9.5525999419e-06
9.5725999418e-06
9.6325999415e-06
9.5925999417e-06
9.6725999412e-06
9.5325999421e-06
9.6125999416e-06
9.6725999412e-06
9.4925999423e-06
9.5325999421e-06
9.6725999412e-06
9.6725999412e-06
9.6725999412e-06
9.6725999412e-06
9.5525999419e-06
9.5925999417e-06
9.6525999413e-06
9.6525999413e-06
9.6325999415e-06
9.5725999418e-06
9.5325999421e-06
9.6125999416e-06
9.6125999416e-06
9.5725999418e-06
9.4925999423e-06
9.4525999426e-06
9.4725999424e-06
9.6125999416e-06
9.4525999426e-06
9.4525999426e-06
9.6125999416e-06
9.5525999419e-06
9.6125999416e-06
9.5725999418e-06
9.5725999418e-06
9.6125999416e-06
9.4525999426e-06
9.6325999415e-06
9.5125999422e-06
9.5325999421e-06
9.5525999419e-06
9.6125999416e-06
9.5725999418e-06
9.6525999413e-06
9.6125999416e-06
9.6125999416e-06
9.5525999419e-06
9.6925999411e-06
9.5725999418e-06
9.5925999417e-06
9.712599941e-06
9.712599941e-06
9.6525999413e-06
9.6525999413e-06
9.6325999415e-06
9.6525999413e-06
9.6725999412e-06
9.6525999413e-06
9.7525999407e-06
9.712599941e-06
9.7325999409e-06
9.7525999407e-06
9.7525999407e-06
9.7525999407e-06
9.712599941e-06
9.7325999409e-06
9.7325999409e-06
9.7325999409e-06
9.712599941e-06
9.712599941e-06
9.712599941e-06
9.6925999411e-06
9.6925999411e-06
9.6525999413e-06
9.6525999413e-06
9.1925999441e-06
9.2725999436e-06
9.4525999426e-06
9.3525999432e-06
9.4525999426e-06
9.3925999429e-06
9.4125999428e-06
9.4125999428e-06
9.3925999429e-06
9.4125999428e-06
9.4325999427e-06
9.3125999434e-06
9.2725999436e-06
9.2525999438e-06
9.2725999436e-06
9.3125999434e-06
9.3125999434e-06
9.2925999435e-06
9.3125999434e-06
9.212599944e-06
9.212599944e-06
9.1925999441e-06
9.2325999439e-06
9.2525999438e-06
9.2725999436e-06
9.3125999434e-06
9.1925999441e-06
9.212599944e-06
9.2525999438e-06
9.1725999443e-06
9.1725999443e-06
9.1725999443e-06
8.9925999453e-06
9.0125999452e-06
9.1925999441e-06
9.1925999441e-06
8.9525999456e-06
8.9325999457e-06
8.9325999457e-06
9.212599944e-06
8.9125999458e-06
8.9325999457e-06
8.9325999457e-06
8.9525999456e-06
8.9525999456e-06
8.9525999456e-06
8.9725999455e-06
9.0125999452e-06
9.0325999451e-06
9.052599945e-06
9.052599945e-06
9.0325999451e-06
9.0325999451e-06
9.1725999443e-06
9.1125999446e-06
9.1325999445e-06
9.1125999446e-06
9.1125999446e-06
9.1325999445e-06
9.0725999449e-06
9.0725999449e-06
9.1925999441e-06
9.1125999446e-06
9.1125999446e-06
9.1125999446e-06
9.1525999444e-06
9.1525999444e-06
9.1325999445e-06
9.1325999445e-06
9.1125999446e-06
9.1525999444e-06
9.1325999445e-06
9.1325999445e-06
9.1525999444e-06
9.1325999445e-06
9.0725999449e-06
9.0725999449e-06
9.0725999449e-06
9.1325999445e-06
9.0925999447e-06
9.0925999447e-06
9.1325999445e-06
9.1725999443e-06
9.1525999444e-06
9.1325999445e-06
9.1725999443e-06
9.1925999441e-06
9.1925999441e-06
9.1925999441e-06
9.2525999438e-06
9.2325999439e-06
9.212599944e-06
9.2325999439e-06
9.2925999435e-06
9.1925999441e-06
9.2325999439e-06
9.2325999439e-06
9.2725999436e-06
9.2525999438e-06
9.2725999436e-06
9.3125999434e-06
9.2725999436e-06
9.2525999438e-06
9.2525999438e-06
9.3525999432e-06
9.2725999436e-06
9.2925999435e-06
9.2725999436e-06
9.2925999435e-06
9.2725999436e-06
9.3125999434e-06
9.2925999435e-06
9.2925999435e-06
9.2925999435e-06
9.2925999435e-06
9.3325999433e-06
9.3125999434e-06
9.2925999435e-06
9.3125999434e-06
9.3125999434e-06
9.3125999434e-06
9.3325999433e-06
9.3125999434e-06
9.3325999433e-06
9.2725999436e-06
9.3525999432e-06
9.372599943e-06
9.1925999441e-06
9.212599944e-06
9.1925999441e-06
9.212599944e-06
9.212599944e-06
9.2525999438e-06
9.2325999439e-06
9.1925999441e-06
9.1725999443e-06
9.212599944e-06
9.1325999445e-06
9.1525999444e-06
9.2325999439e-06
9.212599944e-06
9.212599944e-06
9.212599944e-06
9.2325999439e-06
9.2525999438e-06
9.1925999441e-06
9.1725999443e-06
9.1925999441e-06
9.212599944e-06
9.2525999438e-06
9.1725999443e-06
9.1725999443e-06
9.1725999443e-06
9.1325999445e-06
9.1125999446e-06
9.0925999447e-06
9.052599945e-06
9.1725999443e-06
9.0725999449e-06
9.1325999445e-06
9.1125999446e-06
9.1125999446e-06
9.1125999446e-06
9.0725999449e-06
9.052599945e-06
9.0925999447e-06
9.0925999447e-06
9.0925999447e-06
9.1325999445e-06
9.1325999445e-06
8.9925999453e-06
8.9925999453e-06
8.9725999455e-06
9.0725999449e-06
9.0125999452e-06
9.0125999452e-06
8.9925999453e-06
8.9525999456e-06
8.9525999456e-06
8.9525999456e-06
8.9925999453e-06
8.9925999453e-06
8.9925999453e-06
9.0125999452e-06
9.052599945e-06
9.0325999451e-06
9.0125999452e-06
9.0125999452e-06
9.0125999452e-06
9.0325999451e-06
9.0725999449e-06
9.052599945e-06
8.9725999455e-06
9.1125999446e-06
9.0125999452e-06
9.0125999452e-06
9.0125999452e-06
8.9525999456e-06
9.1125999446e-06
9.0125999452e-06
8.9525999456e-06
8.9125999458e-06
8.9925999453e-06
8.9325999457e-06
8.9125999458e-06
8.9325999457e-06
8.9325999457e-06
8.9125999458e-06
8.9325999457e-06
8.8325999463e-06
8.8725999461e-06
8.8525999462e-06
8.8725999461e-06
8.8725999461e-06
8.9325999457e-06
8.8725999461e-06
8.892599946e-06
8.892599946e-06
8.8725999461e-06
8.8525999462e-06
8.8725999461e-06
8.892599946e-06
8.9325999457e-06
8.9125999458e-06
8.892599946e-06
8.892599946e-06
8.9125999458e-06
8.9725999455e-06
8.9125999458e-06
9.0325999451e-06
8.9925999453e-06
8.9125999458e-06
8.9325999457e-06
8.9525999456e-06
8.9525999456e-06
9.052599945e-06
9.052599945e-06
9.052599945e-06
9.0125999452e-06
9.0325999451e-06
9.052599945e-06
9.0725999449e-06
9.1125999446e-06
9.1325999445e-06
9.1725999443e-06
9.1925999441e-06
9.212599944e-06
9.2725999436e-06
9.212599944e-06
9.2725999436e-06
9.5125999422e-06
9.5125999422e-06
9.5325999421e-06
9.5325999421e-06
9.5925999417e-06
9.6125999416e-06
9.6325999415e-06
9.6525999413e-06
9.6925999411e-06
9.6925999411e-06
9.6525999413e-06
9.6525999413e-06
9.6525999413e-06
9.6325999415e-06
9.4325999427e-06
9.372599943e-06
9.212599944e-06
9.052599945e-06
8.8725999461e-06
9.2325999439e-06
8.8125999464e-06
8.2525999498e-06
8.2525999498e-06
8.1925999502e-06
8.2125999501e-06
8.0925999508e-06
8.1325999506e-06
8.3325999494e-06
8.3525999492e-06
8.3125999495e-06
8.4325999488e-06
8.2125999501e-06
8.1925999502e-06
8.3125999495e-06
8.4125999489e-06
8.4125999489e-06
8.4125999489e-06
8.3725999491e-06
8.392599949e-06
8.3725999491e-06
8.392599949e-06
8.392599949e-06
8.3525999492e-06
8.3725999491e-06
8.2925999496e-06
8.2125999501e-06
8.23259995e-06
8.2125999501e-06
8.2125999501e-06
8.2125999501e-06
8.2125999501e-06
8.1925999502e-06
8.2125999501e-06
8.1525999505e-06
8.1725999503e-06
8.1325999506e-06
8.1325999506e-06
8.1525999505e-06
8.1325999506e-06
8.1525999505e-06
8.1325999506e-06
8.1325999506e-06
8.1725999503e-06
8.1925999502e-06
8.1925999502e-06
8.2725999497e-06
8.23259995e-06
8.3125999495e-06
8.3325999494e-06
8.3125999495e-06
8.3725999491e-06
8.3325999494e-06
8.392599949e-06
8.5925999478e-06
8.6325999475e-06
8.6125999477e-06
8.712599947e-06
8.712599947e-06
8.7325999469e-06
8.7525999468e-06
8.712599947e-06
8.8125999464e-06
8.8325999463e-06
8.8325999463e-06
8.8125999464e-06
8.9325999457e-06
9.0125999452e-06
9.0725999449e-06
9.0725999449e-06
9.1325999445e-06
9.1325999445e-06
9.1925999441e-06
9.212599944e-06
9.2525999438e-06
8.9325999457e-06
9.1525999444e-06
9.0925999447e-06
9.1725999443e-06
9.4725999424e-06
9.6125999416e-06
9.8525999401e-06
9.8525999401e-06
9.8925999399e-06
9.9125999398e-06
9.9525999395e-06
9.9525999395e-06
9.8925999399e-06
1.0092599939e-05
1.0132599938e-05
1.0152599938e-05
1.0192599938e-05
1.0272599938e-05
1.0292599937e-05
1.0392599937e-05
1.0492599936e-05
1.0552599936e-05
1.0272599938e-05
1.0392599937e-05
1.0672599935e-05
1.0492599936e-05
1.0592599936e-05
1.0552599936e-05
1.0792599934e-05
1.0992599933e-05
1.0992599933e-05
1.0812599934e-05
1.0872599934e-05
1.1132599932e-05
1.0872599934e-05
1.1112599932e-05
1.1052599933e-05
1.1212599932e-05
1.1032599933e-05
1.1152599932e-05
1.1072599933e-05
1.1192599932e-05
1.1292599931e-05
1.147259993e-05
1.1332599931e-05
1.1352599931e-05
1.1172599932e-05
1.1352599931e-05
1.1212599932e-05
1.149259993e-05
1.1372599931e-05
1.149259993e-05
1.151259993e-05
1.155259993e-05
1.153259993e-05
1.157259993e-05
1.149259993e-05
1.1412599931e-05
1.1432599931e-05
1.1372599931e-05
1.1412599931e-05
1.1432599931e-05
1.1672599929e-05
1.1652599929e-05
1.1692599929e-05
1.153259993e-05
1.153259993e-05
1.157259993e-05
1.1612599929e-05
1.159259993e-05
1.149259993e-05
1.155259993e-05
1.1412599931e-05
1.153259993e-05
1.149259993e-05
1.1432599931e-05
1.1432599931e-05
1.1272599931e-05
1.1272599931e-05
1.1192599932e-05
1.0712599935e-05
1.0712599935e-05
9.6725999412e-06
9.8125999404e-06
9.712599941e-06
9.7525999407e-06
9.6725999412e-06
9.6725999412e-06
9.7725999406e-06
9.7925999405e-06
9.7725999406e-06
9.87259994e-06
9.87259994e-06
9.5925999417e-06
9.6325999415e-06
9.9325999396e-06
9.8525999401e-06
9.7525999407e-06
9.9125999398e-06
9.9125999398e-06
9.8925999399e-06
9.7725999406e-06
9.7725999406e-06
9.7325999409e-06
9.7925999405e-06
9.7725999406e-06
9.8125999404e-06
9.7725999406e-06
9.712599941e-06
9.712599941e-06
9.6525999413e-06
9.712599941e-06
9.712599941e-06
9.6925999411e-06
9.6125999416e-06
9.5925999417e-06
9.6125999416e-06
9.5325999421e-06
9.5325999421e-06
9.5525999419e-06
9.5725999418e-06
9.7725999406e-06
9.5525999419e-06
9.7525999407e-06
9.7325999409e-06
9.5525999419e-06
9.5725999418e-06
9.712599941e-06
9.6325999415e-06
9.6725999412e-06
9.6325999415e-06
9.6325999415e-06
9.6925999411e-06
9.6725999412e-06
9.6925999411e-06
9.6925999411e-06
9.6525999413e-06
9.6725999412e-06
9.6725999412e-06
9.712599941e-06
9.7325999409e-06
9.7725999406e-06
9.712599941e-06
9.8125999404e-06
9.7925999405e-06
9.9325999396e-06
9.87259994e-06
9.9725999394e-06
1.0012599939e-05
1.0052599939e-05
1.0112599939e-05
1.0152599938e-05
1.0152599938e-05
1.0152599938e-05
1.0132599938e-05
1.0132599938e-05
1.0232599938e-05
1.0032599939e-05
1.0232599938e-05
1.0252599938e-05
1.0092599939e-05
1.0192599938e-05
1.0052599939e-05
1.0052599939e-05
1.0032599939e-05
1.0092599939e-05
1.0012599939e-05
1.0032599939e-05
1.0072599939e-05
9.9725999394e-06
9.9525999395e-06
9.9525999395e-06
1.0032599939e-05
9.8325999402e-06
9.8325999402e-06
9.7925999405e-06
9.87259994e-06
9.9125999398e-06
9.8325999402e-06
9.8525999401e-06
9.8525999401e-06
9.8325999402e-06
9.7325999409e-06
9.5525999419e-06
9.6125999416e-06
9.6325999415e-06
9.6125999416e-06
9.6125999416e-06
9.6125999416e-06
9.6925999411e-06
9.6525999413e-06
9.5525999419e-06
9.5525999419e-06
9.5325999421e-06
9.5325999421e-06
9.5125999422e-06
9.4725999424e-06
9.372599943e-06
9.3525999432e-06
9.4725999424e-06
9.5125999422e-06
9.3525999432e-06
9.3325999433e-06
9.372599943e-06
9.4125999428e-06
9.4325999427e-06
9.3325999433e-06
9.2325999439e-06
9.2525999438e-06
9.3525999432e-06
9.212599944e-06
9.1525999444e-06
9.1125999446e-06
9.1325999445e-06
9.1925999441e-06
9.1125999446e-06
9.1125999446e-06
9.0325999451e-06
9.1325999445e-06
9.0325999451e-06
9.052599945e-06
9.052599945e-06
9.0325999451e-06
8.9725999455e-06
8.9925999453e-06
8.9925999453e-06
8.9725999455e-06
9.052599945e-06
8.9925999453e-06
8.9925999453e-06
9.0125999452e-06
9.0125999452e-06
9.0125999452e-06
9.0325999451e-06
9.1325999445e-06
9.0725999449e-06
9.1125999446e-06
9.1525999444e-06
9.1525999444e-06
8.9725999455e-06
8.9925999453e-06
8.9925999453e-06
9.052599945e-06
9.0725999449e-06
9.0725999449e-06
9.1125999446e-06
8.8725999461e-06
8.9925999453e-06
8.9525999456e-06
8.7925999466e-06
8.7725999467e-06
8.8525999462e-06
8.8525999462e-06
8.8125999464e-06
8.7925999466e-06
8.7725999467e-06
8.7925999466e-06
8.8725999461e-06
8.8325999463e-06
8.7725999467e-06
8.8325999463e-06
8.8325999463e-06
8.8525999462e-06
8.892599946e-06
8.8125999464e-06
8.712599947e-06
8.8325999463e-06
8.7725999467e-06
8.8725999461e-06
8.9125999458e-06
8.7925999466e-06
8.9325999457e-06
8.9325999457e-06
8.9325999457e-06
8.9525999456e-06
8.9525999456e-06
9.1325999445e-06
9.0925999447e-06
9.1125999446e-06
9.1125999446e-06
9.0925999447e-06
8.9925999453e-06
8.9725999455e-06
8.9925999453e-06
8.9525999456e-06
8.9725999455e-06
8.9125999458e-06
8.9325999457e-06
8.7925999466e-06
8.7925999466e-06
8.7525999468e-06
8.7325999469e-06
8.712599947e-06
8.712599947e-06
8.8325999463e-06
8.8525999462e-06
8.8325999463e-06
8.8525999462e-06
8.8525999462e-06
8.8525999462e-06
8.8525999462e-06
8.8325999463e-06
8.8525999462e-06
8.8525999462e-06
8.8525999462e-06
8.8325999463e-06
8.8325999463e-06
8.8325999463e-06
8.6525999474e-06
8.6325999475e-06
8.8125999464e-06
8.712599947e-06
8.712599947e-06
8.7525999468e-06
8.8525999462e-06
8.7725999467e-06
8.8325999463e-06
8.8125999464e-06
8.7525999468e-06
8.7925999466e-06
8.8125999464e-06
8.6925999472e-06
8.712599947e-06
8.7325999469e-06
8.6925999472e-06
8.712599947e-06
8.7325999469e-06
8.7525999468e-06
8.8525999462e-06
8.7725999467e-06
8.7725999467e-06
8.7725999467e-06
8.7525999468e-06
8.7725999467e-06
8.7925999466e-06
8.8125999464e-06
8.7325999469e-06
8.7325999469e-06
8.712599947e-06
8.7325999469e-06
8.7325999469e-06
8.7925999466e-06
8.712599947e-06
8.7525999468e-06
8.7525999468e-06
8.7525999468e-06
8.7325999469e-06
8.6725999473e-06
8.7925999466e-06
8.7925999466e-06
8.712599947e-06
8.712599947e-06
8.7525999468e-06
8.7725999467e-06
8.7725999467e-06
8.7325999469e-06
8.7525999468e-06
8.7525999468e-06
8.7725999467e-06
8.7725999467e-06
8.7525999468e-06
8.7925999466e-06
8.7725999467e-06
8.8125999464e-06
8.7925999466e-06
8.892599946e-06
8.892599946e-06
8.8725999461e-06
8.9725999455e-06
8.9525999456e-06
8.892599946e-06
8.892599946e-06
8.892599946e-06
8.8725999461e-06
8.8525999462e-06
8.9325999457e-06
8.9525999456e-06
8.8125999464e-06
8.8525999462e-06
8.8125999464e-06
8.7925999466e-06
8.7925999466e-06
8.8125999464e-06
8.712599947e-06
8.7525999468e-06
8.7725999467e-06
8.8125999464e-06
8.7725999467e-06
8.7925999466e-06
8.8125999464e-06
8.8525999462e-06
8.7925999466e-06
8.7925999466e-06
8.8325999463e-06
8.8325999463e-06
8.8525999462e-06
8.8125999464e-06
8.7925999466e-06
8.8525999462e-06
8.7925999466e-06
8.7925999466e-06
8.7725999467e-06
8.7725999467e-06
8.8125999464e-06
8.8325999463e-06
8.8325999463e-06
8.8325999463e-06
8.8725999461e-06
8.9725999455e-06
8.9925999453e-06
9.052599945e-06
9.052599945e-06
9.052599945e-06
9.052599945e-06
9.052599945e-06
8.9925999453e-06
9.0325999451e-06
9.0325999451e-06
9.052599945e-06
9.0725999449e-06
9.1125999446e-06
9.0125999452e-06
9.0725999449e-06
9.0325999451e-06
9.052599945e-06
9.052599945e-06
9.0725999449e-06
9.0725999449e-06
9.1125999446e-06
9.1325999445e-06
9.1125999446e-06
9.1325999445e-06
9.1925999441e-06
9.1925999441e-06
9.1525999444e-06
9.1325999445e-06
9.2325999439e-06
9.1525999444e-06
9.1325999445e-06
9.1325999445e-06
9.1325999445e-06
9.052599945e-06
9.052599945e-06
9.1125999446e-06
9.1525999444e-06
9.0925999447e-06
9.1125999446e-06
9.1525999444e-06
9.0725999449e-06
9.052599945e-06
9.0125999452e-06
9.0125999452e-06
9.0925999447e-06
9.0725999449e-06
9.0725999449e-06
9.0725999449e-06
9.0325999451e-06
9.0325999451e-06
9.0925999447e-06
9.1325999445e-06
9.0925999447e-06
9.1525999444e-06
9.0725999449e-06
9.0725999449e-06
9.0725999449e-06
9.1125999446e-06
9.0925999447e-06
9.1725999443e-06
9.0325999451e-06
9.1325999445e-06
9.0925999447e-06
9.1125999446e-06
9.1125999446e-06
9.1325999445e-06
9.1325999445e-06
9.1525999444e-06
9.1325999445e-06
9.1325999445e-06
9.1525999444e-06
9.0725999449e-06
9.0925999447e-06
9.1325999445e-06
9.0725999449e-06
9.0725999449e-06
9.0725999449e-06
9.1325999445e-06
9.0725999449e-06
8.9525999456e-06
8.9925999453e-06
9.0325999451e-06
9.052599945e-06
8.9925999453e-06
8.9525999456e-06
8.9125999458e-06
8.9125999458e-06
8.7925999466e-06
8.9125999458e-06
8.7525999468e-06
8.8125999464e-06
8.9925999453e-06
8.9725999455e-06
8.7525999468e-06
8.7325999469e-06
8.7725999467e-06
8.8125999464e-06
8.7525999468e-06
8.892599946e-06
8.892599946e-06
8.892599946e-06
8.6725999473e-06
8.6725999473e-06
8.7525999468e-06
8.6525999474e-06
8.712599947e-06
8.7325999469e-06
8.7325999469e-06
8.7325999469e-06
8.6725999473e-06
8.5925999478e-06
8.5925999478e-06
8.5125999483e-06
8.5125999483e-06
8.4925999484e-06
8.552599948e-06
8.6125999477e-06
8.5925999478e-06
8.552599948e-06
8.552599948e-06
8.5925999478e-06
8.712599947e-06
8.712599947e-06
8.6125999477e-06
8.552599948e-06
8.6525999474e-06
8.6525999474e-06
8.6125999477e-06
8.6325999475e-06
8.6925999472e-06
8.5925999478e-06
8.7525999468e-06
8.6725999473e-06
8.7325999469e-06
8.7725999467e-06
8.7725999467e-06
8.8325999463e-06
8.8525999462e-06
8.8325999463e-06
8.8525999462e-06
8.8125999464e-06
8.8325999463e-06
8.6925999472e-06
8.6925999472e-06
8.7325999469e-06
8.7725999467e-06
8.9125999458e-06
8.7325999469e-06
8.9525999456e-06
8.712599947e-06
8.712599947e-06
8.7325999469e-06
8.712599947e-06
8.712599947e-06
8.6925999472e-06
8.6525999474e-06
8.6725999473e-06
8.6725999473e-06
8.5925999478e-06
8.6925999472e-06
8.6925999472e-06
8.5725999479e-06
8.5125999483e-06
8.6125999477e-06
8.4925999484e-06
8.5925999478e-06
8.5925999478e-06
8.5725999479e-06
8.4525999486e-06
8.4725999485e-06
8.4525999486e-06
8.4325999488e-06
8.4325999488e-06
8.4525999486e-06
8.4725999485e-06
8.5725999479e-06
8.552599948e-06
8.5725999479e-06
8.552599948e-06
8.5725999479e-06
8.552599948e-06
8.3725999491e-06
8.5325999481e-06
8.5125999483e-06
8.3325999494e-06
8.3725999491e-06
8.392599949e-06
8.4325999488e-06
8.3125999495e-06
8.2725999497e-06
8.2525999498e-06
8.3325999494e-06
8.3325999494e-06
8.2925999496e-06
8.3525999492e-06
8.2725999497e-06
8.2725999497e-06
8.2125999501e-06
8.0925999508e-06
8.1525999505e-06
8.1925999502e-06
8.1925999502e-06
8.1725999503e-06
8.1725999503e-06
8.0525999511e-06
8.0125999513e-06
8.0125999513e-06
8.0325999512e-06
7.9925999514e-06
8.0925999508e-06
8.0525999511e-06
7.9925999514e-06
7.9525999517e-06
7.9325999518e-06
7.892599952e-06
7.9725999515e-06
7.5925999539e-06
7.572599954e-06
7.572599954e-06
7.3525999553e-06
7.3725999552e-06
7.3325999554e-06
7.2525999559e-06
7.2725999558e-06
7.3125999556e-06
7.412599955e-06
7.1525999565e-06
7.1125999568e-06
7.3125999556e-06
7.1125999568e-06
6.9925999575e-06
6.9725999576e-06
7.2125999562e-06
7.0525999571e-06
6.9525999577e-06
6.9525999577e-06
6.9925999575e-06
7.0325999573e-06
6.6325999597e-06
6.6125999598e-06
6.6525999596e-06
6.5725999601e-06
6.5325999603e-06
6.752599959e-06
6.6325999597e-06
6.7725999588e-06
6.5925999599e-06
6.7125999592e-06
6.5725999601e-06
6.5725999601e-06
6.5925999599e-06
6.5525999602e-06
6.5325999603e-06
6.4325999609e-06
6.4725999607e-06
6.4925999605e-06
6.412599961e-06
6.4325999609e-06
6.412599961e-06
6.4525999608e-06
6.412599961e-06
6.3925999611e-06
6.3725999613e-06
6.3925999611e-06
6.3525999614e-06
6.4525999608e-06
6.3125999616e-06
6.3525999614e-06
6.3525999614e-06
6.3125999616e-06
6.3125999616e-06
6.3325999615e-06
6.2925999618e-06
6.252599962e-06
6.1725999625e-06
6.3125999616e-06
6.1525999626e-06
6.1725999625e-06
6.1325999627e-06
6.1325999627e-06
6.1325999627e-06
6.1125999629e-06
5.9925999636e-06
5.9925999636e-06
5.9325999639e-06
5.9325999639e-06
5.8925999642e-06
5.8525999644e-06
5.7125999653e-06
5.6925999654e-06
5.6925999654e-06
5.6925999654e-06
5.6925999654e-06
5.6325999658e-06
5.5125999665e-06
5.6325999658e-06
5.4925999666e-06
5.592599966e-06
5.5525999663e-06
5.592599966e-06
5.5725999661e-06
5.5325999664e-06
5.4925999666e-06
5.4925999666e-06
5.592599966e-06
5.5325999664e-06
5.5725999661e-06
5.5525999663e-06
5.4725999667e-06
5.5325999664e-06
5.4925999666e-06
5.5325999664e-06
5.4925999666e-06
5.4125999671e-06
5.432599967e-06
5.4125999671e-06
5.4125999671e-06
5.3325999676e-06
5.3325999676e-06
5.432599967e-06
5.3125999677e-06
5.3125999677e-06
5.3725999673e-06
5.3525999675e-06
5.3325999676e-06
5.3525999675e-06
5.3725999673e-06
5.2925999678e-06
5.5125999665e-06
5.2925999678e-06
5.4925999666e-06
5.272599968e-06
5.272599968e-06
5.4925999666e-06
5.3925999672e-06
5.432599967e-06
5.4525999669e-06
5.3925999672e-06
5.4125999671e-06
5.4925999666e-06
5.4925999666e-06
5.4925999666e-06
5.432599967e-06
5.3725999673e-06
5.3725999673e-06
5.4925999666e-06
5.4925999666e-06
5.4925999666e-06
5.4925999666e-06
5.4925999666e-06
5.4925999666e-06
5.4925999666e-06
5.432599967e-06
5.4925999666e-06
5.4925999666e-06
5.4925999666e-06
5.3725999673e-06
5.4925999666e-06
5.4925999666e-06
5.4925999666e-06
5.4925999666e-06
5.3925999672e-06
5.4925999666e-06
5.4725999667e-06
5.4925999666e-06
5.4925999666e-06
5.4925999666e-06
5.2525999681e-06
5.4925999666e-06
5.1925999684e-06
5.2325999682e-06
5.4925999666e-06
5.2125999683e-06
5.2125999683e-06
5.3325999676e-06
5.3925999672e-06
5.2125999683e-06
5.2125999683e-06
5.1125999689e-06
5.1325999688e-06
5.1125999689e-06
5.1925999684e-06
5.1725999686e-06
5.2125999683e-06
5.1725999686e-06
5.1725999686e-06
5.1725999686e-06
5.1325999688e-06
5.1725999686e-06
5.0525999693e-06
5.0125999695e-06
5.0125999695e-06
5.1525999687e-06
5.0125999695e-06
5.0125999695e-06
5.0325999694e-06
5.0325999694e-06
5.0125999695e-06
5.0125999695e-06
5.092599969e-06
5.092599969e-06
5.1325999688e-06
5.1125999689e-06
5.0325999694e-06
5.0325999694e-06
5.0725999692e-06
5.0725999692e-06
5.0325999694e-06
5.0325999694e-06
4.9525999699e-06
5.092599969e-06
5.0125999695e-06
4.9925999697e-06
5.0725999692e-06
5.0725999692e-06
5.0525999693e-06
5.1125999689e-06
5.0725999692e-06
5.092599969e-06
5.092599969e-06
5.0525999693e-06
5.0725999692e-06
5.2325999682e-06
5.2525999681e-06
5.2925999678e-06
5.2125999683e-06
5.2925999678e-06
5.2125999683e-06
5.2125999683e-06
5.272599968e-06
5.2925999678e-06
5.272599968e-06
5.272599968e-06
5.272599968e-06
5.272599968e-06
5.3125999677e-06
5.2925999678e-06
5.272599968e-06
5.272599968e-06
5.3125999677e-06
5.272599968e-06
5.272599968e-06
5.272599968e-06
5.3125999677e-06
5.3125999677e-06
5.2925999678e-06
5.3325999676e-06
5.3325999676e-06
5.3325999676e-06
5.4725999667e-06
5.4125999671e-06
5.3725999673e-06
5.3325999676e-06
5.3125999677e-06
5.3525999675e-06
5.5125999665e-06
5.4725999667e-06
5.4725999667e-06
5.5325999664e-06
5.4725999667e-06
5.5325999664e-06
5.5125999665e-06
5.5325999664e-06
5.5125999665e-06
5.5325999664e-06
5.5525999663e-06
5.5325999664e-06
5.5325999664e-06
5.6125999659e-06
5.6325999658e-06
5.8325999646e-06
5.6525999656e-06
5.6525999656e-06
5.6725999655e-06
5.6925999654e-06
5.7325999652e-06
5.7325999652e-06
5.7725999649e-06
5.7725999649e-06
5.7925999648e-06
5.7925999648e-06
5.8725999643e-06
5.9125999641e-06
5.9325999639e-06
5.9325999639e-06
5.9125999641e-06
5.8925999642e-06
6.0125999635e-06
6.0125999635e-06
6.1925999624e-06
6.1325999627e-06
6.1525999626e-06
6.2325999621e-06
6.2725999619e-06
6.2925999618e-06
6.6325999597e-06
6.6125999598e-06
6.5925999599e-06
6.5725999601e-06
6.6125999598e-06
6.6525999596e-06
6.5525999602e-06
6.6125999598e-06
6.6325999597e-06
6.6125999598e-06
6.5525999602e-06
6.5725999601e-06
6.5725999601e-06
6.5725999601e-06
6.5725999601e-06
6.2725999619e-06
6.252599962e-06
6.2325999621e-06
6.1925999624e-06
6.2125999622e-06
6.1925999624e-06
6.1925999624e-06
6.1925999624e-06
6.1725999625e-06
6.1925999624e-06
6.1925999624e-06
6.2125999622e-06
6.1925999624e-06
6.1925999624e-06
6.2325999621e-06
6.2125999622e-06
6.2725999619e-06
6.2325999621e-06
6.2925999618e-06
6.2325999621e-06
6.2325999621e-06
6.2725999619e-06
6.3325999615e-06
6.3325999615e-06
6.3525999614e-06
6.3125999616e-06
6.3725999613e-06
6.412599961e-06
6.3925999611e-06
6.412599961e-06
6.412599961e-06
6.4325999609e-06
6.4325999609e-06
6.4525999608e-06
6.4525999608e-06
6.4325999609e-06
6.4725999607e-06
6.4325999609e-06
6.4325999609e-06
6.5125999604e-06
6.4925999605e-06
6.5525999602e-06
6.4925999605e-06
6.5325999603e-06
6.5525999602e-06
6.4925999605e-06
6.4525999608e-06
6.4525999608e-06
6.4925999605e-06
6.6725999594e-06
6.5325999603e-06
6.6525999596e-06
6.7325999591e-06
6.6525999596e-06
6.6125999598e-06
6.7325999591e-06
6.6725999594e-06
6.6725999594e-06
6.7125999592e-06
6.7925999587e-06
6.7725999588e-06
6.7725999588e-06
6.8525999584e-06
6.7925999587e-06
6.8725999582e-06
6.912599958e-06
6.912599958e-06
6.9325999579e-06
6.9325999579e-06
6.9725999576e-06
6.9925999575e-06
7.0125999574e-06
7.0125999574e-06
7.0325999573e-06
7.0325999573e-06
7.1525999565e-06
7.1325999567e-06
7.1525999565e-06
7.1525999565e-06
7.232599956e-06
7.2725999558e-06
7.2725999558e-06
7.2925999557e-06
7.3125999556e-06
7.3525999553e-06
7.3925999551e-06
7.3925999551e-06
7.4325999548e-06
7.4725999546e-06
7.4925999545e-06
7.4925999545e-06
7.572599954e-06
7.5325999542e-06
7.6525999535e-06
7.4525999547e-06
7.7525999529e-06
7.5925999539e-06
7.572599954e-06
7.6325999536e-06
7.5325999542e-06
7.6925999532e-06
7.6925999532e-06
7.7725999528e-06
8.0525999511e-06
8.23259995e-06
8.1925999502e-06
8.2125999501e-06
8.1725999503e-06
8.0725999509e-06
8.1525999505e-06
7.9525999517e-06
8.0925999508e-06
7.9925999514e-06
7.9925999514e-06
7.9725999515e-06
8.0325999512e-06
8.1725999503e-06
8.0325999512e-06
7.9725999515e-06
8.23259995e-06
8.2525999498e-06
8.0925999508e-06
7.9925999514e-06
8.1925999502e-06
8.1725999503e-06
8.0525999511e-06
8.23259995e-06
8.1525999505e-06
8.23259995e-06
8.0725999509e-06
8.0525999511e-06
8.1925999502e-06
8.0725999509e-06
8.0725999509e-06
7.9325999518e-06
8.0725999509e-06
8.0725999509e-06
8.0725999509e-06
8.1125999507e-06
8.1325999506e-06
8.1325999506e-06
8.1325999506e-06
7.892599952e-06
7.892599952e-06
7.8725999522e-06
7.8325999524e-06
7.9125999519e-06
7.8325999524e-06
7.892599952e-06
7.8725999522e-06
7.9125999519e-06
7.892599952e-06
7.9125999519e-06
7.892599952e-06
7.892599952e-06
8.0725999509e-06
8.0725999509e-06
7.892599952e-06
8.0725999509e-06
7.892599952e-06
7.9325999518e-06
7.9325999518e-06
8.0725999509e-06
8.0525999511e-06
8.0525999511e-06
8.0725999509e-06
8.0725999509e-06
7.9525999517e-06
7.9725999515e-06
7.9725999515e-06
7.9725999515e-06
7.9525999517e-06
7.9725999515e-06
7.8725999522e-06
7.8525999523e-06
7.8525999523e-06
8.0525999511e-06
7.9525999517e-06
7.9525999517e-06
7.892599952e-06
7.9525999517e-06
8.1125999507e-06
8.1125999507e-06
8.0125999513e-06
7.9325999518e-06
8.0925999508e-06
8.0725999509e-06
7.9725999515e-06
7.9925999514e-06
7.9925999514e-06
7.9325999518e-06
7.8125999525e-06
7.892599952e-06
7.8125999525e-06
7.8525999523e-06
7.8325999524e-06
7.8125999525e-06
7.8525999523e-06
7.6125999537e-06
7.572599954e-06
7.6125999537e-06
7.6525999535e-06
7.6525999535e-06
7.6125999537e-06
7.6725999534e-06
7.6725999534e-06
7.5525999541e-06
7.572599954e-06
7.4525999547e-06
7.3325999554e-06
7.3325999554e-06
7.4325999548e-06
7.3125999556e-06
7.2925999557e-06
7.2525999559e-06
7.2925999557e-06
7.1725999564e-06
7.1725999564e-06
7.1525999565e-06
6.9925999575e-06
6.9925999575e-06
7.0125999574e-06
6.9925999575e-06
6.9725999576e-06
6.9525999577e-06
6.9925999575e-06
6.9725999576e-06
6.9525999577e-06
6.5525999602e-06
6.7125999592e-06
6.6725999594e-06
6.6725999594e-06
6.5525999602e-06
6.6325999597e-06
6.5925999599e-06
6.5125999604e-06
6.5925999599e-06
6.5325999603e-06
6.4325999609e-06
6.4325999609e-06
6.4725999607e-06
6.3925999611e-06
6.3725999613e-06
6.3325999615e-06
6.3125999616e-06
6.2725999619e-06
6.1725999625e-06
6.2325999621e-06
6.2325999621e-06
6.0525999632e-06
6.3325999615e-06
6.3325999615e-06
6.3325999615e-06
6.1725999625e-06
6.1525999626e-06
6.1725999625e-06
6.1525999626e-06
6.1725999625e-06
6.2125999622e-06
6.1725999625e-06
6.1925999624e-06
6.1725999625e-06
6.1525999626e-06
6.1925999624e-06
6.2125999622e-06
6.1725999625e-06
6.2925999618e-06
6.252599962e-06
6.1325999627e-06
6.1725999625e-06
6.2125999622e-06
6.252599962e-06
6.2325999621e-06
6.2325999621e-06
6.252599962e-06
6.2325999621e-06
6.1725999625e-06
6.2925999618e-06
6.3925999611e-06
6.3925999611e-06
6.3725999613e-06
6.3125999616e-06
6.2725999619e-06
6.3125999616e-06
6.2325999621e-06
6.3325999615e-06
6.3725999613e-06
6.3525999614e-06
6.3325999615e-06
6.3525999614e-06
6.3325999615e-06
6.3525999614e-06
6.3325999615e-06
6.3325999615e-06
6.2725999619e-06
6.2925999618e-06
6.2925999618e-06
6.2925999618e-06
6.3325999615e-06
6.4925999605e-06
6.3525999614e-06
6.4925999605e-06
6.5125999604e-06
6.5125999604e-06
6.5325999603e-06
6.5325999603e-06
6.5125999604e-06
6.5325999603e-06
6.5525999602e-06
6.5725999601e-06
6.5525999602e-06
6.5725999601e-06
6.5525999602e-06
6.6325999597e-06
6.6325999597e-06
6.6725999594e-06
6.6525999596e-06
6.6325999597e-06
6.6325999597e-06
6.5925999599e-06
6.5925999599e-06
6.5725999601e-06
6.6325999597e-06
6.6125999598e-06
6.6125999598e-06
6.6125999598e-06
6.6525999596e-06
6.6125999598e-06
6.4725999607e-06
6.4525999608e-06
6.6125999598e-06
6.6125999598e-06
6.5925999599e-06
6.6125999598e-06
6.5925999599e-06
6.5925999599e-06
6.5925999599e-06
6.5525999602e-06
6.5325999603e-06
6.5525999602e-06
6.5525999602e-06
6.5325999603e-06
6.5125999604e-06
6.5325999603e-06
6.5325999603e-06
6.5525999602e-06
6.5325999603e-06
6.5525999602e-06
6.5325999603e-06
6.5325999603e-06
6.5725999601e-06
6.6125999598e-06
6.5125999604e-06
6.5325999603e-06
6.5525999602e-06
6.5725999601e-06
6.5125999604e-06
6.5325999603e-06
6.5325999603e-06
6.5125999604e-06
6.5325999603e-06
6.4725999607e-06
6.4925999605e-06
6.4725999607e-06
6.3325999615e-06
6.4725999607e-06
6.3125999616e-06
6.2925999618e-06
6.2725999619e-06
6.3525999614e-06
6.2925999618e-06
6.3525999614e-06
6.412599961e-06
6.4725999607e-06
6.4725999607e-06
6.5125999604e-06
6.5325999603e-06
6.6125999598e-06
6.6325999597e-06
6.6725999594e-06
6.6725999594e-06
6.4525999608e-06
6.7125999592e-06
6.752599959e-06
6.7725999588e-06
6.752599959e-06
6.752599959e-06
6.7125999592e-06
6.7125999592e-06
6.7125999592e-06
6.8525999584e-06
6.8725999582e-06
6.912599958e-06
6.8925999581e-06
6.8925999581e-06
6.8925999581e-06
6.8325999585e-06
6.8125999586e-06
6.9325999579e-06
6.912599958e-06
6.912599958e-06
7.0525999571e-06
7.0925999569e-06
7.0925999569e-06
7.0925999569e-06
7.0525999571e-06
7.0925999569e-06
7.1125999568e-06
7.1925999563e-06
7.2125999562e-06
7.1325999567e-06
7.1325999567e-06
7.1925999563e-06
7.1925999563e-06
7.2725999558e-06
7.232599956e-06
7.2725999558e-06
7.3325999554e-06
7.3925999551e-06
7.2725999558e-06
7.3525999553e-06
7.3925999551e-06
7.3325999554e-06
7.4525999547e-06
7.4725999546e-06
7.4725999546e-06
7.4725999546e-06
7.4925999545e-06
7.4325999548e-06
7.5325999542e-06
7.4325999548e-06
7.6125999537e-06
7.4925999545e-06
7.5125999543e-06
7.4925999545e-06
7.6925999532e-06
7.6925999532e-06
7.6525999535e-06
7.4325999548e-06
7.6525999535e-06
7.6325999536e-06
7.6525999535e-06
7.8725999522e-06
7.8725999522e-06
7.8325999524e-06
7.8125999525e-06
7.8325999524e-06
7.7925999526e-06
7.9325999518e-06
8.0725999509e-06
8.0325999512e-06
7.8125999525e-06
7.7725999528e-06
7.7525999529e-06
7.9125999519e-06
7.8725999522e-06
7.6925999532e-06
7.7725999528e-06
7.7725999528e-06
7.7525999529e-06
7.3725999552e-06
7.4925999545e-06
7.6725999534e-06
7.6525999535e-06
7.6325999536e-06
7.6125999537e-06
7.3925999551e-06
7.412599955e-06
7.3725999552e-06
7.3525999553e-06
7.3325999554e-06
7.3525999553e-06
7.3725999552e-06
7.2525999559e-06
7.1925999563e-06
7.1925999563e-06
7.1525999565e-06
7.2125999562e-06
7.1325999567e-06
7.1125999568e-06
7.1325999567e-06
7.0525999571e-06
7.0925999569e-06
7.0925999569e-06
7.0325999573e-06
6.9925999575e-06
6.9525999577e-06
6.752599959e-06
6.7725999588e-06
6.7325999591e-06
6.8525999584e-06
6.7125999592e-06
6.7325999591e-06
6.752599959e-06
6.752599959e-06
6.7125999592e-06
6.7125999592e-06
6.7125999592e-06
6.6925999593e-06
6.7925999587e-06
6.752599959e-06
6.8325999585e-06
6.7125999592e-06
6.5925999599e-06
6.6325999597e-06
6.7725999588e-06
6.6325999597e-06
6.6525999596e-06
6.7125999592e-06
6.8325999585e-06
6.752599959e-06
6.7725999588e-06
6.7725999588e-06
6.7725999588e-06
6.752599959e-06
6.752599959e-06
6.752599959e-06
6.7925999587e-06
6.7925999587e-06
6.7925999587e-06
6.7925999587e-06
6.7725999588e-06
6.7925999587e-06
6.7925999587e-06
6.6725999594e-06
6.7125999592e-06
6.7325999591e-06
6.6725999594e-06
6.752599959e-06
6.7725999588e-06
6.7325999591e-06
6.7725999588e-06
6.7725999588e-06
6.7125999592e-06
6.8325999585e-06
6.7725999588e-06
6.8325999585e-06
6.8125999586e-06
6.7925999587e-06
6.8325999585e-06
6.7925999587e-06
6.8725999582e-06
7.0325999573e-06
7.0325999573e-06
7.0325999573e-06
6.8725999582e-06
6.8525999584e-06
6.8925999581e-06
6.8525999584e-06
7.0925999569e-06
7.072599957e-06
6.9725999576e-06
7.0525999571e-06
7.0325999573e-06
7.1125999568e-06
7.0925999569e-06
7.0525999571e-06
7.1325999567e-06
7.1125999568e-06
7.0325999573e-06
7.0525999571e-06
7.0525999571e-06
7.072599957e-06
7.0325999573e-06
7.072599957e-06
7.1125999568e-06
7.1125999568e-06
7.0525999571e-06
7.072599957e-06
7.072599957e-06
7.072599957e-06
7.1125999568e-06
7.072599957e-06
7.1725999564e-06
7.1725999564e-06
7.1925999563e-06
7.1725999564e-06
7.1725999564e-06
7.1525999565e-06
7.1725999564e-06
7.1525999565e-06
7.1925999563e-06
7.1525999565e-06
7.1925999563e-06
7.1325999567e-06
7.1325999567e-06
7.1925999563e-06
7.1925999563e-06
7.1725999564e-06
7.1925999563e-06
7.1925999563e-06
7.1725999564e-06
7.1525999565e-06
7.1725999564e-06
7.1725999564e-06
7.1725999564e-06
7.1925999563e-06
7.1925999563e-06
7.2125999562e-06
7.2125999562e-06
7.232599956e-06
7.1725999564e-06
7.2525999559e-06
7.2725999558e-06
7.2525999559e-06
7.2925999557e-06
7.2525999559e-06
7.2725999558e-06
7.2725999558e-06
7.1525999565e-06
7.1925999563e-06
7.1725999564e-06
7.2525999559e-06
7.2725999558e-06
7.232599956e-06
7.1925999563e-06
7.1925999563e-06
7.1525999565e-06
7.1525999565e-06
7.1525999565e-06
7.232599956e-06
7.1725999564e-06
7.1725999564e-06
7.1725999564e-06
7.0925999569e-06
7.2125999562e-06
7.072599957e-06
7.0325999573e-06
7.1125999568e-06
7.1525999565e-06
7.0525999571e-06
7.072599957e-06
7.072599957e-06
7.2125999562e-06
7.0325999573e-06
7.0525999571e-06
6.9725999576e-06
7.1725999564e-06
6.7925999587e-06
6.8325999585e-06
6.9325999579e-06
6.9725999576e-06
6.9525999577e-06
6.8725999582e-06
6.8325999585e-06
6.9725999576e-06
6.8725999582e-06
6.8525999584e-06
6.9325999579e-06
6.9525999577e-06
6.8125999586e-06
6.8325999585e-06
6.752599959e-06
6.8125999586e-06
6.8125999586e-06
6.8525999584e-06
6.7325999591e-06
6.752599959e-06
6.9325999579e-06
6.7925999587e-06
6.7725999588e-06
6.9325999579e-06
6.6725999594e-06
6.6525999596e-06
6.8725999582e-06
6.6525999596e-06
6.912599958e-06
6.912599958e-06
6.7725999588e-06
6.7125999592e-06
6.7125999592e-06
6.7725999588e-06
6.7325999591e-06
6.7725999588e-06
6.7925999587e-06
6.7925999587e-06
6.7925999587e-06
6.7925999587e-06
6.7925999587e-06
6.8325999585e-06
6.9525999577e-06
6.752599959e-06
6.8325999585e-06
6.8525999584e-06
7.0325999573e-06
6.912599958e-06
6.8725999582e-06
6.912599958e-06
6.8925999581e-06
6.9325999579e-06
7.0125999574e-06
6.8525999584e-06
7.072599957e-06
7.1725999564e-06
7.1325999567e-06
7.1325999567e-06
7.1525999565e-06
7.1525999565e-06
7.1725999564e-06
7.1725999564e-06
7.1725999564e-06
7.2125999562e-06
7.2125999562e-06
7.232599956e-06
7.4325999548e-06
7.4925999545e-06
7.4925999545e-06
7.4925999545e-06
7.5325999542e-06
7.5325999542e-06
7.5125999543e-06
7.4925999545e-06
7.7525999529e-06
7.7725999528e-06
7.7125999531e-06
7.8325999524e-06
7.8525999523e-06
7.8325999524e-06
7.8725999522e-06
7.8325999524e-06
7.9125999519e-06
7.8725999522e-06
8.0325999512e-06
8.0925999508e-06
8.0725999509e-06
8.1725999503e-06
8.1525999505e-06
8.1725999503e-06
8.23259995e-06
8.2525999498e-06
8.2525999498e-06
8.2525999498e-06
8.4325999488e-06
8.4725999485e-06
8.23259995e-06
8.2125999501e-06
8.2525999498e-06
8.2525999498e-06
8.3125999495e-06
8.2925999496e-06
8.2125999501e-06
8.2125999501e-06
8.1925999502e-06
8.2525999498e-06
8.2925999496e-06
8.0925999508e-06
8.0725999509e-06
8.1125999507e-06
8.0125999513e-06
8.0125999513e-06
8.0725999509e-06
8.0325999512e-06
8.1525999505e-06
8.1325999506e-06
8.1125999507e-06
8.1125999507e-06
8.0925999508e-06
8.0725999509e-06
8.0125999513e-06
7.9525999517e-06
7.8525999523e-06
7.9125999519e-06
7.7925999526e-06
7.892599952e-06
7.8125999525e-06
7.8125999525e-06
7.7925999526e-06
7.7925999526e-06
7.8125999525e-06
7.7725999528e-06
7.7925999526e-06
7.8125999525e-06
7.892599952e-06
7.892599952e-06
7.8525999523e-06
7.8125999525e-06
7.7925999526e-06
7.8525999523e-06
7.7925999526e-06
7.7525999529e-06
7.732599953e-06
7.732599953e-06
7.6725999534e-06
7.6325999536e-06
7.7125999531e-06
7.6925999532e-06
7.6325999536e-06
7.7725999528e-06
7.6725999534e-06
7.6725999534e-06
7.6525999535e-06
7.572599954e-06
7.732599953e-06
7.8125999525e-06
7.6525999535e-06
7.6325999536e-06
7.6925999532e-06
7.6925999532e-06
7.6525999535e-06
7.6125999537e-06
7.6925999532e-06
7.5925999539e-06
7.6525999535e-06
7.6525999535e-06
7.6525999535e-06
7.6925999532e-06
7.4525999547e-06
7.4525999547e-06
7.6525999535e-06
7.6525999535e-06
7.6125999537e-06
7.6125999537e-06
7.6325999536e-06
7.6325999536e-06
7.5525999541e-06
7.5525999541e-06
7.6325999536e-06
7.6125999537e-06
7.5125999543e-06
7.5325999542e-06
7.572599954e-06
7.5925999539e-06
7.5125999543e-06
7.412599955e-06
7.4525999547e-06
7.2925999557e-06
7.2725999558e-06
7.3925999551e-06
7.3125999556e-06
7.3325999554e-06
7.2925999557e-06
7.2925999557e-06
7.4525999547e-06
7.3725999552e-06
7.412599955e-06
7.3925999551e-06
7.3725999552e-06
7.3325999554e-06
7.4525999547e-06
7.4325999548e-06
7.3725999552e-06
7.2525999559e-06
7.2525999559e-06
7.2725999558e-06
7.2125999562e-06
7.1725999564e-06
7.3525999553e-06
7.1725999564e-06
7.1125999568e-06
7.1925999563e-06
7.2125999562e-06
7.1925999563e-06
7.1925999563e-06
7.2125999562e-06
7.3325999554e-06
7.232599956e-06
7.3325999554e-06
7.3125999556e-06
7.3925999551e-06
7.232599956e-06
7.2125999562e-06
7.2525999559e-06
7.3725999552e-06
7.2725999558e-06
7.2725999558e-06
7.2925999557e-06
7.3125999556e-06
7.2525999559e-06
7.2725999558e-06
7.3325999554e-06
7.3525999553e-06
7.232599956e-06
7.2525999559e-06
7.3725999552e-06
7.1925999563e-06
7.2525999559e-06
7.232599956e-06
7.2525999559e-06
7.232599956e-06
7.3725999552e-06
7.2925999557e-06
7.3325999554e-06
7.3125999556e-06
7.2725999558e-06
7.2925999557e-06
7.3325999554e-06
7.3125999556e-06
7.2925999557e-06
7.2925999557e-06
7.1925999563e-06
7.2525999559e-06
7.1725999564e-06
7.2525999559e-06
7.2925999557e-06
7.1125999568e-06
7.1125999568e-06
7.1525999565e-06
7.1725999564e-06
7.1925999563e-06
7.2125999562e-06
7.2725999558e-06
7.2725999558e-06
7.2125999562e-06
7.2125999562e-06
7.2125999562e-06
7.3925999551e-06
7.1525999565e-06
7.1125999568e-06
7.3525999553e-06
7.2925999557e-06
7.0525999571e-06
7.0525999571e-06
7.3925999551e-06
7.3925999551e-06
7.3925999551e-06
7.3725999552e-06
7.3525999553e-06
7.3925999551e-06
7.3925999551e-06
7.3525999553e-06
7.3125999556e-06
7.2925999557e-06
7.2725999558e-06
7.2725999558e-06
7.3525999553e-06
7.3725999552e-06
7.232599956e-06
