-39.575
-38.951
-39.177
-35.496
-40.998
-37.978
-38.039
-44.53
-38.827
-38.173
-38.094
-45.793
-39.377
-39.006
-37.673
-37.774
-37.379
-38.462
-41.215
-34.391
-34.614
-39.444
-38.672
-39.572
-39.777
-41.173
-38.383
-37.345
-39.281
-35.348
-34.214
-37.464
-40.842
-37.826
-34.612
-33.367
-32.006
-36.235
-35.982
-34.731
-35.52
-34.545
-35.778
-32.317
-31.887
-35.501
-32.461
-34.675
-34.408
-27.615
-32.476
-31.538
-30.517
-31.891
-31.973
-31.594
-29.771
-34.961
-33.944
-31.715
-32.835
-27.19
-26.287
-33.528
-31.088
-27.894
-30.616
-31.723
-35.11
-29.665
-32.099
-32.473
-28.168
-34.433
-24.45
-29.679
-33.045
-31.04
-31.574
-29.552
-29.198
-26.058
-27.672
-25.938
-22.583
-26.91
-28.532
-28.791
-28.791
-35.309
-35.236
-30.928
-31.789
-30.666
-29.732
-35.509
-26.784
-32.419
-27.226
-31.552
-32.455
-37.399
-30.322
-30.359
-38.366
-30.833
-36.629
-31.616
-30.802
-26.337
-25.791
-29.782
-31.507
-36.436
-37.727
-38.384
-36.973
-39.407
-35.489
-35.697
-27.483
-31.605
-34.255
-33.456
-38.987
-34.649
-38.337
-43.612
-43.371
-48.373
-47.258
-45.471
-45.768
-41.034
-41.7
-38.205
-42.216
-40.974
-36.972
-38.803
-33.734
-37.845
-41.579
-38.962
-41.047
-43.627
-45.954
-44.469
-42.188
-40.889
-34.664
-36.236
-38.565
-40.061
-38.043
-35.937
-37.164
-40.572
-38.777
-45.952
-46.159
-46.905
-43.779
-42.581
-40.687
-42.136
-41.081
-42.69
-42.78
-47.948
-43.846
-43.022
-44.134
-47.777
-49.964
-47.196
-49.09
-49.666
-48.595
-43.463
-43.205
-50.189
-50.559
-50.775
-55.225
-53.019
-56.632
-47.068
-44.845
-41.33
-48.9
-51.77
-52.287
-53.271
-54.133
-54.971
-50.706
-55.332
-55.934
-51.482
-55.744
-55.02
-56.88
-61.395
-52.66
-51.249
-52.298
-49.802
-53.433
-55.845
-58.161
-55.549
-56.029
-57.937
-61.165
-60.835
-62.363
-61.268
-62.201
-59.949
-58.044
-59.671
-61.368
-62.494
-62.33
-61.943
-59.069
-59.292
-60.653
-61.952
-65.978
-66.454
-65.861
-66.106
-64.327
-64.929
-63.562
-67.725
-67.034
-65.458
-70.664
-69.938
-65.972
-63.433
-64.525
-65.479
-65.776
-63.098
-70.034
-70.825
-70.097
-70.433
-69.307
-69.026
-69.537
-66.586
-67.88
-71.739
-70.705
-66.667
-67.035
-63.604
-63.908
-67.823
-70.684
-70.739
-69.038
-70.134
-71.685
-70.134
-69.083
-67.555
-70.19
-69.592
-69.769
-65.857
-70.253
-67.752
-65.728
-62.985
-60.084
-56.122
-55.668
-59.091
-56.752
-56.3
-60.866
-66.057
-62.663
-64.414
-67.213
-65.788
-66.166
-61.181
-68.084
-62.276
-64.713
-64.042
-64.866
-60.049
-63.877
-60.461
-57.437
-55.283
-51.472
-52.558
-50.599
-46.735
-48.97
-43.585
-45.877
-49.256
-50.159
-54.447
-54.999
-50.085
-46.915
-52.015
-50.041
-51.989
-50.269
-48.704
-40.974
-41.643
-52.916
-47.244
-49.386
-46.344
-43.683
-41.999
-44.583
-42.575
-45.236
-48.643
-50.133
-47.798
-42.922
-40.773
-39.189
-43.206
-41.943
-41.395
-40.12
-41.582
-40.332
-41.562
-43.287
-39.154
-36.777
-38.758
-36.014
-40.397
-39.87
-44.222
-43.91
-42.789
-37.151
-43.853
-45.266
-46.527
-46.735
-45.48
-41.911
-46.156
-38.271
-39.419
-37.898
-40.083
-45.577
-40.882
-41.333
-52.054
-49.636
-53.152
-49.403
-48.068
-47.596
-45.162
-47.988
-52.683
-44.854
-51.54
-39.785
-39.435
-35.267
-34.869
-33.307
-33.96
-35.507
-30.083
-35.226
-43.922
-40.449
-39.729
-40.696
-40.346
-35.069
-35.207
-38.73
-34.016
-33.638
-36.867
-36.582
-39.511
-38.361
-37.035
-36.181
-35.96
-32.894
-30.704
-35.547
-41.451
-36.374
-41.346
-39.158
-39.876
-34.538
-31.252
-31.988
-38.381
-36.69
-34.118
-36.744
-32.749
-31.109
-32.635
-40.431
-32.371
-31.18
-33.114
-37.696
-37.127
-42.727
-42.668
-47.369
-47.146
-46.375
-45.701
-40.238
-41.091
-45.059
-46.59
-46.63
-45.449
-47.411
-49.451
-44.48
-45.159
-46.57
-47.565
-46.917
-46.177
-44.322
-43.314
-45.744
-44.026
-42.801
-40.148
-42.844
-46.786
-41.19
-46.368
-40.623
-39.223
-40.537
-44.293
-49.193
-44.809
-44.697
-42.265
-40.519
-40.977
-42.351
-40.673
-47.172
-49.243
-50.087
-59.831
-53.651
-52.642
-52.706
-52.291
-52.688
-53.086
-48.135
-49.447
-47.635
-43.192
-39.611
-41.081
-36.773
-29.53
-28.767
-30.086
-31.823
-30.908
-36.643
-35.701
-38.749
-39.776
-37.564
-38.669
-38.091
-35.919
-36.711
-41.342
-42.49
-45.083
-50.032
-49.702
-50.197
-45.176
-46.811
-43.795
-47.15
-42.975
-48.471
-52.568
-44.826
-44.41
-40.974
-43.108
-42.919
-45.467
-39.534
-39.189
-36.256
-37.926
-34.219
-35.686
-36.267
-45.372
-37.611
-36.546
-34.164
-31.498
-30.852
-33.837
-32.794
-35.831
-38.147
-35.242
-32.194
-33.373
-33.377
-32.738
-27.785
-26.754
-35.029
-34.656
-33.048
-38.36
-37.716
-34.339
-30.801
-29.273
-31.004
-34.544
-35.122
-36.846
-43.96
-38.149
-38.833
-36.237
-31.806
-32.513
-32.442
-31.985
-33.025
-36.772
-27.222
-31.219
-32.46
-32.531
-26.891
-31.852
-26.337
-26.205
-31.556
-29.044
-29.929
-31.601
-28.75
-31.294
-24.368
-21.812
-30.803
-34.016
-35.086
-41.212
-44.377
-43.623
-35.38
-42.739
-39.11
-33.593
-32.059
-31.129
-37.311
-26.565
-29.279
-22.732
-23.625
-26.86
-31.332
-34.079
-33.898
-31.302
-32.207
-29.978
-30.663
-31.863
-27.959
-37.599
-32.848
-33.478
-30.329
-35.513
-31.868
-28.023
-29.558
-34.258
-29.966
-29.477
-30.961
-34.467
-32.837
-33.981
-30.99
-32.381
-24.689
-29.725
-30.84
-28.183
-26.526
-24.55
-30.829
-29.909
-28.936
-34.537
-30.832
-30.595
-31.664
-28.706
-31.014
-27.338
-31.911
-31.659
-29.315
-30.231
-30.069
-28.821
-34.445
-31.527
-29.579
-31.516
-30.783
-30.211
-33.414
-32.944
-31.867
-30.756
-30.64
-35.487
-32.165
-31.632
-35.112
-30.018
-29.346
-22.024
-25.273
-28.864
-38.637
-33.536
-34.963
-37.518
-35.65
-38.085
-31.301
-32.425
-36.687
-35.726
-35.897
-36.987
-39.227
-32.981
-34.527
-30.668
-30.971
-35.834
-33.15
-30.462
-29.783
-29.965
-29.424
-26.18
-26.761
-27.33
-27.771
-24.685
-28.83
-33.632
-28.727
-29.189
-28.44
-28.225
-30.452
-36.064
-37.035
-30.571
-32.48
-34.463
-35.157
-33.08
-28.498
-28.782
-32.147
-30.63
-30.829
-35.605
-36.744
-33.659
-32.979
-34.572
-31.331
-31.53
-29.689
-35.087
-33.566
-35.158
-30.819
-27.891
-26.454
-26.206
-31.651
-38.711
-29.944
-33.782
-40.381
-33.291
-30.716
-34.643
-32.136
-28.568
-28.294
-34.722
-32.953
-38.128
-35.434
-37.721
-33.683
-34.563
-34.777
-35.085
-35.289
-32.539
-28.993
-33.158
-31.553
-29.328
-33.327
-24.2
-22.8
-27.68
-22.558
-29.038
-25.08
-30.952
-28.769
-28.84
-31.202
-25.616
-25.028
-27.927
-30.388
-30.322
-26.925
-29.044
-29.831
-36.586
-26.864
-29.838
-33.485
-34.213
-39.9
-35.068
-34.943
-36.76
-32.383
-32.623
-38.063
-37.903
-37.113
-35.842
-38.826
-33.937
-30.932
-29.651
-30.563
-28.683
-36.003
-32.411
-36.839
-35.699
-32.417
-28.902
-28.524
-29.108
-28.831
-26.036
-27.211
-19.913
-23.414
-22.536
-27.92
-27.577
-28.663
-28.75
-31.084
-32.214
-35.291
-37.203
-40.409
-38.058
-38.097
-37.025
-39.844
-35.159
-36.619
-37.648
-33.76
-30.792
-32.538
-30.563
-35.068
-28.764
-30.336
-29.541
-33.198
-25.637
-29.101
-27.161
-24.356
-23.857
-22.759
-26.229
-24.969
-24.538
-25.85
-24.694
-30.023
-34.093
-35.615
-43.564
-39.974
-34.928
-35.105
-29.404
-30.173
-26.57
-25.679
-24.489
-31.962
-28.359
-31.055
-36.066
-32.265
-31.108
-23.139
-25.117
-27.316
-24.864
-28.066
-31.525
-30.903
-31.696
-34.609
-34.189
-39.616
-38.055
-32.317
-34.247
-26.962
-26.992
-33.694
-35.708
-32.167
-31.987
-30.085
-34.647
-42.4
-41.273
-41.684
-41.006
-41.15
-41.302
-38.934
-37.231
-39.982
-39.706
-35.12
-35.191
-30.555
-31.729
-23.912
-26.586
-27.69
-21.697
-22.447
-26.871
-28.149
-28.154
-30.691
-28.543
-31.17
-25.089
-28.664
-28.672
-28.804
-33.009
-33.574
-26.509
-29.285
-28.227
-29.599
-31.663
-30.183
-34.768
-34.203
-35.912
-36.916
-37.17
-36.889
-35.784
-36.858
-32.558
-29.592
-29.304
-36
-32.965
-32.321
-29.814
-29.075
-30.145
-29.496
-25.461
-26.761
-25.457
-25.662
-32.25
-35.222
-31.202
-30.863
-35.088
-32.355
-26.214
-28.196
-35.522
-35.826
-37.891
-33.96
-44.378
-41.685
-42.911
-44.102
-43.669
-40.737
-39.991
-40.667
-40.799
-43.56
-41.884
-39.608
-41.995
-38.483
-43.377
-35.5
-41.376
-38.438
-32.409
-39.237
-34.127
-37.796
-42.471
-37.968
-31.146
-32.043
-35.357
-38.508
-39.723
-33.977
-32.495
-30.139
-35.698
-30.989
-38.63
-34.783
-35.954
-34.366
-34.089
-30.886
-37.233
-35.061
-36.652
-33.451
-27.941
-29.694
-35.645
-34.777
-36.739
-33.361
-40.471
-33.265
-26.471
-26.83
-30.225
-27.58
-27.731
-28.058
-31.636
-31.885
-30.616
-29.74
-33.057
-28.38
-33.494
-31.88
-36.384
-30.727
-26.371
-34.473
-31.68
-35.814
-33.667
-27.623
-33.59
-31.738
-36.334
-33.479
-39.618
-37.37
-34.413
-31.333
-31.473
-32.237
-33.529
-29.673
-28.833
-34.126
-34.696
-25.829
-27.613
-24.287
-32
-35.511
-29.771
-32.684
-34.537
-28.808
-32.755
-32.818
-30.506
-28.096
-30.187
-29.701
-30.895
-30.96
-34.864
-34.714
-30.147
-35.026
-34.89
-35.785
-32.3
-30.651
-35.614
-33.518
-34.318
-37.359
-32.255
-34.007
-35.02
-34.874
-35.934
-34.502
-32.252
-37.303
-35.003
-32.174
-31.643
-30.567
-31.901
-34.124
-31.002
-32.974
-29.509
-29.497
-31.239
-34.697
-34.457
-30.527
-28.18
-32.91
-27.303
-25.57
-23.229
-28.93
-31.845
-28.69
-30.236
-26.987
-24.009
-23.662
-27.302
-31.741
-35.447
-33.09
-30.564
-36.545
-32.081
-34.105
-33.33
-31.563
-28.07
-24.998
-26.027
-29.16
-25.404
-30.676
-27.588
-28.844
-24.442
-29.302
-24.369
-31.914
-33.431
-26.438
-27.327
-36.894
-35.962
-36.708
-31.439
-35.148
-39.506
-35.761
-35.21
-36.425
-37.202
-31.418
-28.89
-27.95
-32.856
-29.393
-38.032
-32.665
-37.781
-32.225
-34.64
-35.796
-35.03
-31.87
-33.692
-27.808
-29.322
-32.094
-33.099
-36.951
-31.539
-38.687
-35.849
-31.033
-36.412
-33.092
-30.813
-28.709
-28.709
-26.499
-27.898
-34.036
-28.315
-27.578
-29.18
-29.536
-32.423
-36.994
-27.808
-29.868
-28.29
-29.923
-31.801
-29.057
-28.836
-30.492
-29.867
-33.62
-35.713
-34.857
-33.216
-28.155
-33.084
-34.378
-30.089
-35.148
-35.543
-31.003
-36.861
-34.763
-29.717
-31.137
-34.373
-34.135
-30.409
-34.817
-27.569
-27.347
-23.319
-24.046
-26.232
-26.772
-25.447
-37.069
-38.641
-39.807
-37.995
-36.768
-36.856
-27.597
-29.53
-35.628
-37.256
-32.967
-31.934
-38.039
-30.36
-32.297
-29.774
-30
-27.036
-27.264
-30.758
-37.669
-35.861
-35.222
-34.711
-34.402
-35.607
-38.728
-36.693
-31.958
-29.454
-33.301
-35.468
-39.34
-28.401
-29.708
-36.261
-40.323
-35.479
-41.135
-40.628
-40.979
-41.479
-38.286
-40.296
-37.276
-39.834
-31.826
-32.794
-32.931
-30.223
-32.932
-28.645
-35.256
-29.347
-31.539
-26.574
-37.59
-28.996
-28.896
-25.342
-29.945
-25.81
-30.915
-32.901
-30.39
-33.183
-34.805
-35.891
-36.883
-36.203
-39.426
-31.653
-33.281
-29.343
-31.091
-29.525
-34.127
-31.516
-30.358
-34.765
-37.117
-34.078
-30.431
-31.304
-34.533
-38.338
-29.485
-35.368
-39.077
-34.08
-37.002
-31.837
-25.521
-25.404
-34.466
-33.361
-28.611
-33.552
-30.33
-33.792
-29.488
-30.565
-35.205
-32.982
-32.5
-33.405
-31.288
-30.266
-34.515
-31.408
-27.629
-25.801
-32.489
-32.808
-31.927
-25.747
-26.259
-26.702
-28.025
-25.682
-25.533
-26.161
-26.426
-25.685
-29.735
-32.556
-32.048
-29.048
-29.128
-35.328
-34.99
-32.355
-28.595
-30.75
-32.845
-35.055
-34.115
-30.595
-33.704
-30.994
-29.082
-38.381
-32.462
-32.27
-29.287
-26.711
-29.393
-32.222
-29.981
-27.332
-29.075
-32.727
-30.115
-25.219
-26.484
-33.589
-29.134
-34.057
-36.593
-30.486
-35.95
-33.897
-32.058
-30.705
-35.034
-39.34
-28.183
-34.724
-33.983
-31.043
-30.159
-30.464
-24.846
-28.807
-29.449
-30.131
-33.968
-33.715
-31.74
-32.942
-35.728
-29.592
-28.363
-26.085
-25.583
-26.074
-26.968
-30.436
-31.508
-32.207
-32.547
-29.956
-23.923
-24.711
-28.8
-27.557
-27.724
-24.332
-33.943
-34.693
-27.152
-28.94
-23.823
-27.251
-30.579
-28.129
-30.239
-28.805
-26.192
-26.612
-24.128
-29.342
-34.453
-30.179
-37.431
-33.875
-32.669
-38.3
-29.059
-30.551
-28.871
-33.117
-34.429
-38.074
-34.742
-39.53
-36.943
-38.728
-30.87
-29.632
-27.94
-32.583
-33.311
-37.722
-34.254
-35.948
-29.824
-29.173
-31.504
-39.897
-38.119
-39.908
-40.014
-34.623
-35.635
-32.155
-33.074
-36.294
-41.201
-36.492
-38.422
-41.805
-37.039
-35.85
-31.649
-35.02
-35.854
-39.477
-40.267
-40.099
-38.947
-45.858
-46.126
-41.991
-41.35
-41.91
-46.028
-45.881
-49.357
-47.889
-42.573
-47.158
-43.315
-42.392
-45.325
-39.076
-43.007
-40.6
-41.514
-47.464
-42.69
-43.713
-38.033
-42.598
-41.434
-43.231
-48.418
-48.643
-53.334
-43.964
-50.979
-50.883
-52.361
-47.108
-47.643
-43.299
-36.838
-44.392
-46.784
-45.245
-43.912
-42.92
-45.622
-39.191
-39.541
-43.53
-47.912
-40.164
-43.04
-43.932
-42.789
-42.344
-44.711
-37.101
-39.347
-41.132
-43.304
-38.964
-44.997
-40.668
-48.169
-32.766
-27.939
-32.103
-38.739
-31.066
-28.553
-39.263
-31.394
-32.801
-34.715
-24.35
-26.08
-33.23
-29.839
-33.296
-30.16
-27.949
-29.725
-32.863
-37.215
-31.966
-30.515
-30.283
-42.307
-34.325
-29.416
-28.614
-37.767
-41.972
-37.224
-36.914
-41.136
-37.117
-40.861
-41.245
-46.413
-46.201
-42.033
-40.452
-34.128
-35.606
-38.048
-38.415
-31.008
-32.691
-36.522
-37.757
-32.739
-33.663
-37.418
-39.159
-40.181
-41.877
-38.107
-44.757
-43.026
-33.9
-27.553
-36.849
-32.15
-34.284
-33.384
-35.041
-35.502
-38.829
-35.662
-36.541
-34.69
-34.952
-36.613
-30.988
-36.145
-34.56
-33.75
-36.01
-34.707
-36.315
-35.133
-37.408
-41.86
-42.233
-39.764
-40.383
-43.07
-37.404
-37.055
-38.119
-36.286
-38.843
-39.584
-41.576
-38.976
-42.377
-39.914
-30.052
-33.752
-29.996
-33.91
-32.132
-30.87
-28.483
-32.211
-28.364
-31.068
-30.955
-33.945
-33.205
-29.222
-28.126
-25.898
-33.065
-24.684
-26.127
-37.617
-33.421
-35.476
-36.928
-31.68
-31.686
-27.334
-32.446
-31.903
-29.29
-34.657
-33.959
-34.103
-32.453
-29.726
-30.056
-32.181
-32.183
-31.488
-28.015
-34.726
-30.832
-34.284
-35.057
-43.343
-41.327
-37.322
-38.041
-39.529
-40.3
-39.634
-35.737
-34.673
-32.143
-37.52
-42.837
-44.112
-45.233
-36.024
-34.953
-32.171
-27.491
-26.889
-32.551
-28.136
-28.728
-23.981
-29.138
-38.835
-34.663
-36.436
-37.363
-37.384
-35.434
-31.82
-31.568
-29.174
-30.388
-30.372
-34.955
-40.129
-37.746
-41.443
-38.974
-38.551
-36.668
-37.134
-37.23
-33.829
-39.101
-37.696
-36.314
-35.403
-35.228
-33.044
-28.697
-28.97
-36.62
-33.503
-35.836
-39.406
-36.462
-37.564
-38.153
-38.146
-36.536
-38.117
-37.639
-34.625
-32.72
-33.944
-34.105
-30.104
-39.336
-31.166
-29.361
-26.983
-29.117
-29.939
-30.783
-36.945
-38.192
-37.058
-35.184
-33.33
-34.296
-33.265
-32.677
-34.421
-38.196
-42.988
-39.497
-37.97
-44.732
-41.67
-37.564
-36.795
-36.922
-38.189
-48.991
-40.959
-41.574
-45.803
-37.005
-38.733
-38.773
-45.875
-41.676
-38.406
-42.41
-41.524
-42.306
-36.833
-37.779
-42.256
-40.877
-39.549
-38.967
-38.602
-40.31
-42.727
-37.956
-39.501
-41.714
-39.409
-44.661
-35.55
-34.525
-38.824
-35.277
-33.281
-44.03
-42.223
-39.74
-42.181
-43.308
-45.806
-37.69
-43.138
-40.548
-40.846
-41.598
-44.241
-42.432
-47.036
-49.515
-40.987
-45.493
-45.509
-45.488
-47.278
-46.792
-48.995
-42.042
-49.713
-40.345
-40.724
-39.284
-37.366
-36.119
-39.997
-41.026
-40.793
-45.149
-42.316
-36.063
-36.366
-34.562
-44.427
-46.732
-45.982
-39.413
-39.14
-40.377
-43.387
-41.595
-39.263
-37.18
-44.646
-44.977
-44.056
-37.617
-39.859
-45.593
-46.69
-45.885
-49.911
-46.722
-46.478
-43.026
-48.444
-49.268
-53.392
-53.467
-55.068
-47.985
-51.342
-51.684
-57.328
-48.981
-51.772
-48.843
-52.712
-48.25
-52.208
-44.798
-45.859
-48.079
-53.17
-51.178
-46.037
-43.511
-51.84
-47.507
-47.07
-48.535
-49.014
-46.837
-44.955
-50.943
-47.47
-44.764
-43.99
-45.66
-47.094
-46.849
-50.143
-48.177
-55.81
-54.068
-62.086
-56.24
-54.152
-54.174
-49.926
-48.894
-46.849
-49.803
-47.641
-45.368
-44.404
-45.601
-47.492
-45.921
-42.845
-43.31
-46.482
-42.615
-42.246
-33.382
-33.561
-43.221
-41.404
-43.372
-37.954
-45.894
-44.76
-50.923
-43.55
-48.577
-52.076
-45.605
-49.435
-50.033
-47.921
-50.52
-53.589
-53.62
-52.229
-48.468
-50.467
-46.181
-48.902
-54.741
-46.554
-42.592
-48.313
-47.641
-47.479
-49.43
-43.597
-43.526
-43.581
-45.656
-48.252
-47.749
-41.736
-39.732
-45.117
-44.376
-46.251
-39.962
-45.948
-42.17
-45.161
-46.439
-47.428
-45.525
-51.438
-46.226
-47.339
-43.959
-46.627
-47.929
-50.162
-48.834
-47.905
-52.536
-50.342
-46.241
-43.715
-46.673
-48.917
-46.732
-49.533
-44.107
-47.364
-43.865
-38.843
-39.206
-39.863
-49.858
-44.304
-43.662
-38.842
-39.407
-43.962
-42.42
-47.376
-52.943
-48.638
-52.144
-45.05
-59.363
-58.149
-53.522
-48.258
-42.906
-48.212
-35.743
-35.947
-35.842
-36.445
-46.615
-34.204
-31.444
-32.893
-32.628
-29.984
-32.656
-30.284
-36.368
-32.165
-30.182
-34.716
-38.54
-38.263
-34.482
-37.574
-29.438
-24.388
-27.845
-32.257
-25.057
-29.516
-34.876
-34.43
-36.106
-37.214
-32.182
-32.319
-32.088
-32.367
-32.431
-31.772
-35.915
-34.122
-35.553
-30.697
-29.272
-35.627
-38.326
-34.023
-35.999
-40.378
-37.129
-37.993
-34.212
-33.55
-33.31
-34.646
-35.266
-34.701
-37.653
-40.066
-35.155
-34.148
-41.764
-34.019
-30.705
-28.468
-27.998
-35.035
-34.934
-28.185
-31.725
-27.328
-30.47
-32.978
-28.574
-29.543
-34.548
-40.898
-42.893
-39.632
-35.168
-32.999
-34.349
-33.458
-33.67
-32.603
-36.534
-34.59
-40.56
-38.315
-41.497
-42.965
-39.663
-33.912
-35.546
-33.963
-29.492
-36.791
-37.977
-31.702
-31.667
-34.062
-40.545
-34.734
-34.162
-31.746
-35.798
-40.852
-32.312
-34.088
-36.645
-33.572
-30.54
-33.336
-28.353
-26.748
-30.739
-29.366
-29.633
-32.953
-32.179
-35.984
-38.163
-36.353
-40.124
-36.117
-37.957
-34.335
-37.11
-37.411
-40.617
-44.71
-43.965
-40.128
-36.099
-36.655
-33.296
-42.111
-32.169
-27.202
-36.912
-35.576
-40.561
-44.187
-42.011
-35.71
-30.685
-35.719
-30.336
-28.622
-29.672
-38.237
-41.61
-40.938
-43.696
-39.72
-39.618
-39.761
-37.883
-30.64
-29.84
-33.12
-35.519
-32.834
-30.116
-32.805
-35.797
-36.822
-33.702
-35.056
-32.882
-38.606
-35.785
-36.944
-29.008
-34.748
-33.54
-34.404
-36.609
-33.124
-31.453
-29.879
-29.177
-34.221
-32.598
-33.449
-31.766
-32.669
-33.507
-44.704
-35.794
-33.96
-35.21
-32.229
-34.346
-41.663
-39.53
-33.653
-32.595
-34.939
-39.954
-31.999
-29.225
-32.944
-35.315
-30.654
-37.067
-33.052
-33.148
-36.163
-30.791
-36.368
-38.411
-29.342
-29.093
-29.96
-25.643
-25.067
-31.903
-31.582
-31.45
-32.477
-30.801
-33.173
-40.134
-38.831
-31.834
-38.191
-34.22
-33.623
-37.461
-35.988
-36.363
-35.947
-34.888
-36.876
-30.913
-29.631
-29.924
-38.536
-42.665
-47.091
-49.613
-56.25
-57.828
-59.093
-57.08
-57.288
-57.974
-57.99
-65.099
-61.354
-58.748
-60.514
-66.101
-62.831
-59.441
-59.664
-64.712
-65.716
-63.626
-65.032
-66.813
-65.515
-70.354
-74.276
-69.251
-66.567
-71.391
-67.216
-68.207
-68.132
-71.245
-67.658
-68.504
-68.077
-71.657
-69.21
-68.399
-64.989
-69.084
-71.27
-68.388
-66.22
-63.52
-59.861
-56.888
-52.852
-47.071
-46.047
-47.655
-51.928
-46.584
-44.978
-34.361
-38.456
-41.4
-40.203
-35.439
-37.405
-36.158
-37.634
-38.045
-36.122
-40.845
-33.854
-41.729
-35.735
-39.781
-43.898
-38.909
-41.028
-46.515
-49.232
-54.919
-56.779
-55.679
-51.884
-57.986
-62.797
-60.911
-56.88
-55.563
-49.831
-52.869
-52.36
-51.796
-51.421
-49.355
-59.511
-59.377
-56.222
-59.137
-58.764
-56.064
-61.416
-59.277
-61.629
-67.736
-63.619
-67.927
-66.588
-69.212
-72.472
-72.953
-71.751
-72.248
-70.589
-60.652
-62.255
-64.994
-67.531
-66.522
-64.276
-69.748
-62.606
-64.704
-69.516
-68.747
-65.977
-69.375
-72.189
-68.036
-73.859
-72.699
-73.002
-74.985
-74.131
-73.647
-75.928
-76.928
-74.58
-77.407
-79.896
-73.703
-77.073
-76.987
-81.25
-80.557
-79.328
-78.437
-77.242
-78.593
-80.931
-78.063
-81.578
-79.193
-78.349
-80.265
-75.492
-78.87
-78.188
-77.805
-72.18
-73.117
-70.373
-73.85
-74.63
-73.486
-72.998
-68.667
-72.17
-74.005
-70.054
-69.876
-71.685
-70.545
-66.687
-69.237
-67.465
-65.289
-66.391
-67.549
-69.142
-62.851
-72.046
-69.954
-66.987
-69.566
-67.385
-70.648
-74.057
-69.493
-69.084
-77.127
-76.63
-73.488
-71.868
-70.114
-71.957
-76.743
-76.44
-75.101
-76.536
-72.056
-74.013
-70.729
-74.398
-74.589
-72.714
-74.214
-71.479
-71.378
-70.652
-65.346
-61.843
-59.489
-50.384
-51.69
-51.669
-52.824
-46.752
-51.464
-48.92
-45.272
-49.467
-49.166
-46.109
-54.108
-53.272
-52.76
-53.11
-54.325
-56.994
-53.447
-52.314
-55.583
-52.44
-56.918
-57.243
-59.479
-53.748
-60.489
-63.476
-70.497
-65.988
-63.407
-61.577
-70.763
-67.286
-66.847
-69.383
-70.14
-67.649
-60.215
-60.252
-61.938
-63.996
-62.918
-58.819
-60.267
-57.253
-48.666
-48.897
-46.537
-47.225
-57.023
-54.975
-56.653
-54.299
-55.234
-55.983
-56.747
-61.066
-55.753
-47.251
-51.64
-51.982
-49.065
-50.784
-51.517
-53.607
-52.813
-57.173
-53.926
-55.352
-54.671
-55.868
-48.806
-48.185
-53.593
-52.382
-56.176
-54.94
-52.733
-52.81
-51.885
-54.205
-51.296
-51.273
-55.543
-62.293
-56.522
-51.676
-48.703
-57.773
-49.833
-54.217
-54.497
-48.479
-49.208
-53.013
-56.313
-50.02
-47.907
-53.029
-52.096
-46.053
-49.871
-49.815
-50.661
-49.063
-45.862
-47.513
-48.795
-47.823
-48.289
-43.393
-50.037
-45.822
-49.402
-43.564
-41.724
-44.955
-42.28
-45.437
-41.408
-43.82
-37.787
-45.759
-40.673
-44.261
-42.814
-43.839
-42.406
-41.592
-47.586
-42.475
-44.529
-46.185
-46.515
-46.077
-43.351
-49.477
-45.05
-44.269
-47.893
-53.005
-48.834
-50.115
-50.397
-42.226
-42.656
-44.586
-44.627
-46.304
-45.759
-44.794
-50.361
-49.528
-48.727
-47.37
-45.943
-39.762
-39.272
-43.902
-42.775
-39.86
-46.64
-46.368
-49.367
-54.003
-53.465
-50.955
-51.138
-60.463
-49.44
-49.744
-45.481
-41.099
-40.432
-39.023
-42.79
-51.032
-41.766
-36.284
-41.073
-40.31
-48.222
-45.108
-46.676
-42.206
-49.663
-46.61
-42.162
-48.748
-53.861
-51.464
-49.688
-43.059
-54.96
-47.71
-47.116
-47.493
-44.854
-43.086
-44.665
-39.61
-41.564
-49.005
-42.14
-43.214
-47.627
-38.694
-37.942
-45.283
-49.038
-46.327
-41.605
-46.203
-42.221
-40.224
-40.961
-43.22
-39.634
-42.175
-42.447
-42.926
-48.587
-41.005
-50.456
-46.102
-42.383
-41.253
-41.253
-36.869
-36.388
-49.238
-42.725
-45.508
-40.496
-36.735
-38.009
-45.601
-48.954
-42.65
-43.181
-43.678
-44.586
-43.91
-44.733
-45.992
-47.062
-44.792
-43.013
-42.03
-43.217
-47.091
-50.67
-49.668
-48.86
-46.437
-45.665
-38.782
-43.918
-46.433
-44.732
-46.071
-42.259
-43.651
-50.581
-51.248
-49.466
-45.668
-42.633
-47.174
-48.043
-53.287
-51.86
-45.141
-46.971
-48.952
-45.338
-46.228
-48.088
-48.859
-42.355
-40.078
-45.242
-42.422
-45.166
-41.77
-45.122
-44.644
-41.542
-42.826
-40.129
-43.175
-48.288
-44.198
-50.22
-43.262
-45.484
-44.542
-43.729
-50.643
-47.998
-45.999
-45.254
-49.869
-45.142
-50.201
-46.635
-46.203
-42.255
-42.827
-43.582
-42.998
-42.992
-42.231
-46.71
-46.498
-47.036
-48.141
-48.232
-46.729
-44.672
-43.447
-43.58
-48.182
-44.432
-46.728
-42.541
-47.289
-47.049
-44.069
-44.347
-46.82
-48.478
-43.439
-43.582
-46.178
-48.54
-43.257
-42.634
-47.29
-46.048
-44.573
-43.343
-52.16
-46.589
-48.934
-51.548
-52.709
-47.283
-46.489
-48.989
-47.601
-45.78
-49.004
-45.002
-44.952
-46.883
-51.031
-51.943
-49.496
-47.822
-48.767
-49.035
-49.813
-45.967
-49.849
-49.045
-49.919
-49.432
-48.102
-47.146
-47.862
-45.222
-50.627
-50.534
-48.066
-46.568
-46.423
-50.849
-45.502
-42.532
-48.02
-49.75
-48.932
-48.727
-47.423
-49.234
-43.983
-47.834
-50.206
-50.351
-49.933
-48.609
-49.024
-45.975
-46.439
-46.649
-46.433
-43.371
-45.468
-44.371
-44.663
-44.809
-47.896
-43.82
-46.386
-51.278
-49.456
-46.908
-39.517
-43.16
-41.796
-44.566
-45.455
-46.592
-48.879
-47.951
-39.827
-42.92
-47.2
-41.698
-43.792
-42.249
-43.46
-42.343
-49.126
-46.771
-42.136
-42.267
-41.471
-47.117
-42.143
-42.164
-46.941
-44.198
-46.543
-42.046
-45.343
-45.183
-44.05
-44.945
-42.375
-41.376
-42.592
-42.131
-47.433
-46.113
-40.587
-43.378
-40.787
-44.771
-43.262
-46.147
-41.456
-43.822
-42.646
-40.544
-42.282
-50.66
-41.702
-42.116
-44.64
-40.936
-39.31
-40.475
-41.12
-40.833
-46.31
-45.515
-45.155
-42.578
-38.294
-48.024
-39.873
-41.617
-37.352
-37.346
-40.515
-41.517
-41.701
-34.954
-35.474
-35.086
-31.96
-35.172
-40.63
-40.139
-45.253
-47.076
-46.761
-44.834
-44.685
-46.214
-47.857
-47.47
-43.689
-41.612
-48.66
-50.53
-51.865
-46.367
-45.511
-49.364
-45.636
-42.491
-44.066
-43.191
-43.966
-38.729
-36.506
-40.805
-45.587
-49.587
-46.294
-46.134
-38.912
-43.765
-35.977
-44.042
-46.674
-46.466
-52.75
-46.885
-52.131
-48.944
-53.001
-51.169
-47.38
-50.491
-51.274
-50.51
-48.876
-52.021
-48.761
-48.305
-43.947
-44.363
-47.367
-49.542
-44.97
-49.058
-45.439
-46.15
-45.914
-46.61
-42.287
-35.531
-42.517
-39.433
-36.631
-35.367
-37.1
-39.266
-41.041
-41.289
-35.935
-39.363
-38.349
-39.124
-38.791
-41.275
-37.093
-38.044
-37.411
-39.562
-37.541
-38.521
-35.814
-42.814
-41.185
-34.609
-38.261
-39.206
-34.096
-32.772
-38.383
-38.023
-39.099
-41.797
-35.834
-36.727
-40.052
-38.242
-36.405
-32.648
-37.104
-35.707
-37.63
-36.951
-36.074
-33.989
-38.942
-39.404
-34.515
-31.289
-36.041
-36.444
-32.789
-38.301
-43.262
-34.156
-37.716
-37.176
-38
-39.196
-38.325
-35.497
-40.407
-40.262
-38.664
-37.611
-42.789
-33.439
-38.193
-34.183
-34.442
-38.879
-34.546
-28.303
-33.341
-40.421
-39.175
-36.554
-37.531
-36.71
-35.429
-35.709
-35.734
-33.207
-39.213
-40.412
-38.448
-39.375
-38.893
-40.469
-40.316
-40.153
-38.422
-34.173
-33.649
-35.816
-34.452
-35.784
-36.128
-37.493
-42.367
-39.021
-41.893
-37.251
-33.204
-30.687
-35.845
-32.757
-32.07
-29.488
-32.228
-34.311
-30.101
-27.935
-32.278
-37.394
-33.94
-28.511
-37.627
-37.344
-33.518
-34.117
-38.148
-33.108
-28.622
-30.161
-32.958
-32.51
-34.859
-33.959
-33.687
-31.225
-34.689
-39.735
-40.295
-36.926
-37.139
-35.589
-33.053
-33.774
-33.625
-29.049
-31.845
-30.387
-31.825
-29.134
-29.271
-35.828
-34.528
-36.31
-35.652
-34.825
-32.313
-29.126
-34.231
-31.597
-26.31
-30.361
-31.934
-30.601
-30.264
-32.573
-31.063
-27.737
-31.282
-32.069
-34.055
-33.921
-33.649
-38.066
-30.726
-38.22
-39.168
-40.478
-33.033
-30.425
-30
-28.665
-31.856
-36.105
-34.834
-33.608
-24.705
-33.28
-31.797
-30.123
-28.564
-28.742
-25.881
-26.226
-27.939
-28.826
-25.34
-24.522
-26.544
-26.64
-25.343
-25.317
-30.415
-27.654
-36.413
-31.677
-30.1
-26.55
-31.697
-31.214
-31.74
-36.479
-36.035
-37.016
-31.256
-32.321
-32.086
-31.001
-36.086
-38.219
-31.594
-35.083
-31.393
-25.946
-25.64
-34.413
-34.93
-32.632
-31.279
-33.345
-32.744
-38.677
-34.605
-34.453
-30.853
-34.036
-33.772
-33.621
-35.198
-31.258
-31.426
-31.969
-34.784
-34.888
-34.86
-34.371
-32.217
-28.102
-25.299
-34.972
-43.27
-40.415
-35.781
-35.998
-38.618
-33.723
-32.314
-37.864
-34.502
-26.766
-24.9
-31.074
-30.46
-31.914
-34.366
-34.478
-38.105
-34.099
-30.98
-30.748
-30.81
-34.367
-39.203
-37.762
-35.53
-35.759
-36.855
-34.018
-32.605
-29.11
-26.249
-23.936
-27.966
-21.868
-27.8
-27.806
-26.543
-27.711
-25.479
-33.094
-31.852
-33.814
-36.288
-33.027
-32.468
-34.249
-28.739
-28.211
-31.986
-30.756
-28.296
-33.74
-28.396
-24.552
-25.918
-26.298
-30.38
-30.092
-29.275
-32.805
-40.837
-29.735
-29.069
-30.675
-33.652
-36.97
-35.972
-32.801
-35.032
-34.032
-31.397
-37.491
-41.198
-33.728
-37.366
-38.896
-34.019
-36.123
-35.089
-29.68
-31.916
-27.91
-33.692
-27.844
-26.626
-39.765
-39.122
-39.601
-35.949
-31.658
-36.037
-36.141
-37.903
-34.981
-34.442
-31.475
-32.01
-42.21
-39.387
-34.701
-41.698
-47.801
-41.624
-33.765
-42.608
-41.176
-49.054
-49.704
-42.118
-38.486
-48.871
-44.33
-35.297
-47.696
-51.441
-56.623
-53.632
-57.042
-57.754
-55.619
-58.985
-62.891
-62.774
-64.677
-65.428
-65.585
-62.701
-61.479
-65.972
-67.291
-64.623
-64.794
-66.714
-66.804
-69.833
-71.628
-72.265
-65.78
-65.989
-66.459
-69.152
-66.807
-71.403
-68.434
-68.094
-65.361
-67.914
-67.205
-65.56
-67.946
-63.133
-65.394
-60.052
-58.588
-53.451
-51.77
-51.412
-55.81
-56.371
-61.74
-58.082
-57.453
-59.392
-60.414
-49.477
-53.98
-51.737
-45.354
-47.683
-44.906
-42.313
-43.563
-40.708
-46.593
-45.448
-44.763
-51.276
-42.689
-44.711
-46.666
-40.815
-45.124
-45.41
-44.272
-48.419
-50.024
-45.116
-49.715
-48.922
-45.466
-50.582
-45.824
-52.14
-47.432
-45.588
-49.944
-51.492
-55.709
-48.547
-47.594
-50.133
-54.167
-52.183
-50.528
-47.54
-50.909
-51.348
-49.911
-52.744
-51.386
-47.431
-45.067
-46.056
-47.267
-47.675
-46.273
-45.6
-46.407
-43.319
-45.209
-45.427
-40.407
-35.291
-39.479
-38.21
-39.251
-40.32
-40.707
-37.514
-35.478
-39.839
-41.078
-37.667
-41.46
-39.368
-40.124
-39.48
-39.318
-39.326
-37.794
-35.857
-37.612
-33.7
-31.714
-33.421
-38.064
-31.874
-27.806
-33.581
-31.597
-35.172
-44.381
-37.552
-41.482
-33.703
-33.188
-31.731
-29.904
-31.535
-38.78
-39.324
-31.916
-34.138
-38.927
-41.536
-36.021
-30.968
-30.09
-28.645
-33.387
-28.29
-32.355
-32.799
-31.252
-30.641
-28.371
-26.094
-25.772
-31.67
-34.212
-33.586
-35.727
-34.313
-33.405
-32.141
-31.591
-33.634
-36.336
-32.219
-36.099
-32.926
-34.749
-31.494
-29.559
-28.352
-27.654
-29.086
-30.203
-26.296
-36.518
-31.845
-38.702
-26.737
-24.21
-33.752
-32.135
-35.52
-37.353
-33.904
-31.594
-27.486
-31.82
-26.661
-29.825
-28.258
-31.125
-34.479
-38.654
-35.365
-36.05
-35.853
-35.349
-33.813
-41.348
-37.949
-29.783
-27.437
-24.326
-19.346
-28.452
-25.83
-29.124
-33.115
-33.284
-31.879
-33.355
-37.499
-33.843
-35.489
-35.076
-37.25
-38.784
-34.543
-34.454
-40.685
-37.336
-29.027
-29.065
-28.455
-33.95
-33.581
-41.791
-37.482
-33.641
-34.289
-27.617
-30.103
-32.668
-27.099
-26.048
-33.191
-31.921
-36.721
-26.124
-24.769
-24.37
-27.797
-28.982
-31.76
-34.223
-30.022
-27.657
-26.482
-30.259
-33.809
-34.798
-32.231
-27.603
-31.997
-28.386
-26.388
-27.692
-26.334
-34.535
-24.572
-24.727
-28.035
-29.681
-32.569
-27.925
-32.358
-25.291
-32.633
-32.795
-26.934
-37.71
-37.043
-35.765
-43.2
-44.265
-44.704
-50.767
-43.958
-51.064
-49.02
-51.366
-42.957
-38.263
-31.131
-29.412
-27.515
-33.117
-33.824
-37.387
-34.285
-35.097
-34.499
-38.621
-35.959
-38.569
-37.516
-36.729
-40.922
-46.79
-47.101
-51.429
-50.96
-38.48
-44.039
-43.673
-44.366
-42.946
-44.298
-44.828
-47.438
-40.244
-37.62
-39.361
-39.812
-38.211
-42.313
-47.739
-42.156
-38.091
-38.75
-41.746
-42.502
-41.094
-40.349
-43.585
-38.599
-40.951
-42.689
-41.521
-42.842
-45.764
-40.845
-47.182
-44.337
-43.086
-46.164
-44.468
-46.469
-43.444
-47.92
-47.323
-44.64
-44.692
-41.291
-42.642
-46.265
-45.988
-43.441
-38.665
-44.042
-44.292
-47.415
-43.384
-45.219
-47.434
-48.288
-41.723
-46.699
-49.577
-48.085
-42.076
-41.257
-37.037
-43.206
-42.159
-39.298
-40.238
-36.289
-33.743
-36.878
-40.685
-37.85
-39.048
-39.336
-35.68
-38.919
-40.174
-38.996
-38.813
-40.081
-35.91
-35.545
-31.716
-30.719
-39.567
-38.559
-37.118
-32.084
-33.466
-30.082
-25.738
-29.772
-36.798
-37.481
-31.161
-32.496
-31.883
-39.782
-32.685
-36.384
-38.976
-34.468
-36.647
-33.452
-26.212
-28.841
-31.479
-33.309
-32.224
-33.441
-29.367
-25.936
-25.785
-29.267
-26.943
-32.364
-31.391
-32.902
-34.046
-28.009
-29.985
-30.711
-31.898
-29.615
-29.809
-35.228
-35.481
-33.862
-33.341
-28.256
-29.886
-34.242
-34.155
-30.373
-31.478
-35.129
-33.316
-35.188
-35.762
-38.028
-36.449
-41.053
-36.757
-34.112
-30.076
-34.067
-35.345
-34.007
-32.571
-31.634
-29.69
-36.075
-32.024
-30.851
-30.909
-33.179
-33.659
-34.82
-29.976
-32.947
-27.291
-27.436
-30.714
-26.895
-29.956
-35.807
-25.119
-24.926
-28.253
-29.29
-30.556
-34.286
-34.258
-31.861
-30.014
-21.647
-30.08
-27.851
-29.136
-28.019
-28.955
-34.074
-34.517
-36.852
-29.631
-37.084
-33.125
-26.683
-29.526
-39.041
-33.64
-32.852
-30.354
-32.227
-34.298
-29.677
-32.28
-29.868
-32.278
-37.522
-32.287
-29.655
-28.326
-31.369
-26.662
-29.821
-33.759
-33.874
-31.953
-35.091
-36.265
-32.117
-36.641
-29.914
-33.65
-28.009
-31.352
-35.004
-35.1
-33.151
-34.35
-31.593
-35.478
-34.869
-30.508
-31.839
-30.929
-30.324
-30.684
-29.572
-34.332
-30.881
-33.961
-33.423
-35.543
-35.493
-38.785
-36.696
-37.227
-37.918
-37.647
-30.052
-31.026
-36.297
-35.864
-36.743
-32.744
-29.234
-29.53
-28.348
-28.629
-25.73
-29.93
-33.203
-32.174
-29.215
-38.358
-30.499
-29.962
-32.432
-33.659
-31.869
-30.714
-34.976
-33.674
-31.815
-32.27
-29.484
-29.249
-33.276
-40.622
-33.713
-33.781
-26.587
-30.543
-28.968
-34.114
-38.13
-34.608
-39.097
-39.382
-39.028
-35.836
-38.851
-33.945
-38.217
-41.546
-38.282
-40.173
-44.24
-34.901
-40.677
-34.297
-26.749
-27.221
-32.494
-38.349
-39.137
-40.394
-40.973
-45.188
-45.191
-40.779
-44.694
-44.09
-44.738
-46.153
-43.492
-43.448
-46.708
-47.287
-44.992
-47.458
-49.137
-47.307
-44.78
-43.767
-43.719
-50.042
-49.075
-44.022
-42.584
-44.121
-43.67
-42.601
-45.83
-48.441
-47.511
-40.216
-39.97
-45.889
-47.183
-45.312
-42.259
-40.765
-44.342
-40.212
-43.765
-43.136
-39.587
-38.342
-38.627
-36.503
-38.945
-39.94
-44.894
-42.342
-39.483
-43.679
-42.149
-37.536
-37.882
-35.321
-41.444
-40.499
-35.413
-36.999
-42.82
-43.804
-35.287
-40.561
-37.463
-37.971
-33.904
-37.798
-30.832
-36.248
-37.712
-40.046
-39.224
-35.352
-36.688
-32.433
-33.817
-34.825
-35.032
-33.607
-30.084
-29.962
-33.095
-33.112
-34.494
-36.41
-38.099
-38.373
-39.805
-39.275
-32.589
-34.941
-37.789
-36.404
-38.415
-36.354
-30.78
-33.657
-32.349
-34.239
-29.506
-32.549
-35.617
-30.914
-37.775
-32.3
-35.05
-36.381
-36.456
-35.308
-36.905
-40.454
-36.955
-38.136
-36.383
-36.998
-38.819
-41.099
-37.547
-34.198
-37.076
-38.77
-42.606
-48.762
-43.033
-43.201
-45.512
-45.762
-46.342
-38.663
-42.268
-38.983
-37.683
-39.958
-39.742
-36.704
-33.774
-39.669
-35.979
-34.38
-33.559
-37.308
-37.388
-33.72
-37.002
-36.018
-36.467
-38.741
-34.959
-37.682
-35.219
-32.984
-33.717
-39.405
-38.341
-41.21
-41.915
-39.504
-43.152
-39.907
-37.763
-37.937
-42.082
-38.9
-40.217
-41.364
-40.779
-41.18
-38.461
-36.45
-38.245
-38.486
-39.405
-37.214
-42.29
-42.149
-41.918
-39.785
-41.41
-42.203
-41.413
-41.996
-39.69
-35.374
-37.081
-37.445
-38.527
-36.354
-44.232
-39.169
-40.632
-36.683
-40.405
-34.659
-37.164
-35.678
-36.801
-39.887
-39.56
-34.3
-37.887
-41.271
-39.904
-42.069
-40.322
-44.166
-45.803
-43.336
-45.311
-46.177
-46.328
-41.898
-42.324
-43.757
-43.833
-42.712
-44.025
-42.259
-41.558
-41.201
-42.749
-39.726
-37.989
-36.405
-40.27
-43.27
-41.693
-42.268
