6.2725999619e-06
6.2725999619e-06
6.2680838419e-06
6.2635677019e-06
6.259051582e-06
6.254535442e-06
6.250019322e-06
6.245503182e-06
6.2409870621e-06
6.2364709221e-06
6.2319548021e-06
6.2274386622e-06
6.2229225422e-06
6.2184064222e-06
6.2138902822e-06
6.2093741623e-06
6.2048580223e-06
6.2003419023e-06
6.1958257623e-06
6.1913096424e-06
6.1867935024e-06
6.1822773824e-06
6.1777612625e-06
6.1732451225e-06
6.1687290025e-06
6.1642128625e-06
6.1596967426e-06
6.1551806026e-06
6.1506644826e-06
6.1461483426e-06
6.1416322227e-06
6.1325999627e-06
6.1325999627e-06
6.1298726827e-06
6.1271454228e-06
6.1244181428e-06
6.1216908628e-06
6.1189636028e-06
6.1162363228e-06
6.1135090628e-06
6.1107817829e-06
6.1080545029e-06
6.1053272429e-06
6.1025999629e-06
6.0998726829e-06
6.0971454229e-06
6.094418143e-06
6.091690863e-06
6.088963603e-06
6.086236323e-06
6.083509063e-06
6.080781783e-06
6.0780545031e-06
6.0725999631e-06
6.0725999631e-06
6.0691217031e-06
6.0656434431e-06
6.0621651832e-06
6.0586869232e-06
6.0552086632e-06
6.0517304032e-06
6.0482521432e-06
6.0447738833e-06
6.0412956233e-06
6.0378173633e-06
6.0343391033e-06
6.0308608233e-06
6.0273825634e-06
6.0239043034e-06
6.0204260434e-06
6.0169477834e-06
6.0134695235e-06
6.0099912635e-06
6.0065130035e-06
6.0030347435e-06
5.9995564835e-06
5.9925999636e-06
5.9925999636e-06
5.9915473236e-06
5.9904947036e-06
5.9894420636e-06
5.9883894436e-06
5.9873368036e-06
5.9862841836e-06
5.9852315436e-06
5.9841789036e-06
5.9831262836e-06
5.9820736436e-06
5.9810210237e-06
5.9799683837e-06
5.9789157437e-06
5.9778631237e-06
5.9768104837e-06
5.9757578637e-06
5.9747052237e-06
5.9725999637e-06
5.9725999637e-06
5.9802922637e-06
5.9879845836e-06
5.9956768836e-06
6.0033692035e-06
6.0110615035e-06
6.0187538034e-06
6.0264461234e-06
6.0341384233e-06
6.0418307233e-06
6.0495230432e-06
6.0572153432e-06
6.0725999631e-06
6.0725999631e-06
6.095266623e-06
6.1179333028e-06
6.1405999627e-06
6.1632666225e-06
6.1859333024e-06
6.2085999623e-06
6.2312666221e-06
6.253933302e-06
6.2765999619e-06
6.2992666217e-06
6.3219333016e-06
6.3445999614e-06
6.3672666213e-06
6.412599961e-06
6.412599961e-06
6.4409333009e-06
6.4692666207e-06
6.4975999605e-06
6.5259333003e-06
6.5542666202e-06
6.58259996e-06
6.6109332998e-06
6.6392666197e-06
6.6675999595e-06
6.6959332993e-06
6.752599959e-06
6.752599959e-06
6.7749528988e-06
6.7973058387e-06
6.8196587786e-06
6.8420117184e-06
6.8643646583e-06
6.8867175981e-06
6.909070538e-06
6.9314234779e-06
6.9537764377e-06
6.9761293776e-06
6.9984823175e-06
7.0208352573e-06
7.0431881972e-06
7.0655411371e-06
7.0878940769e-06
7.1325999567e-06
7.1325999567e-06
7.1425999566e-06
7.1525999565e-06
7.1725999564e-06
7.1725999564e-06
7.2089635962e-06
7.245327236e-06
7.2816908557e-06
7.3180544955e-06
7.3544181353e-06
7.3907817751e-06
7.4271454149e-06
7.4635090546e-06
7.4998726744e-06
7.572599954e-06
7.572599954e-06
7.6059332938e-06
7.6392666136e-06
7.6725999534e-06
7.7059332932e-06
7.739266613e-06
7.7725999528e-06
7.8059332926e-06
7.8392666124e-06
7.8725999522e-06
7.905933292e-06
7.9725999515e-06
7.9725999515e-06
8.0154570913e-06
8.058314231e-06
8.1011713708e-06
8.1440285305e-06
8.1868856702e-06
8.2725999497e-06
8.2725999497e-06
8.3103777295e-06
8.3481555093e-06
8.385933289e-06
8.4237110688e-06
8.4614888286e-06
8.4992666083e-06
8.5370443881e-06
8.6125999477e-06
8.6125999477e-06
8.6440285275e-06
8.6754570873e-06
8.7068856671e-06
8.7383142269e-06
8.7697428067e-06
8.8011713665e-06
8.8325999463e-06
8.8640285261e-06
8.8954570859e-06
8.9268856657e-06
8.9583142256e-06
8.9897428054e-06
9.052599945e-06
9.052599945e-06
9.0659332849e-06
9.0792666048e-06
9.0925999447e-06
9.1059332847e-06
9.1192666046e-06
9.1325999445e-06
9.1459332844e-06
9.1592666043e-06
9.1725999443e-06
9.1859332842e-06
9.212599944e-06
9.212599944e-06
9.215933284e-06
9.219266604e-06
9.2225999439e-06
9.2259332839e-06
9.2292666039e-06
9.2325999439e-06
9.2359332839e-06
9.2392666038e-06
9.2425999438e-06
9.2459332838e-06
9.2525999438e-06
9.2525999438e-06
9.2962363035e-06
9.3398726632e-06
9.383509043e-06
9.4271454027e-06
9.4707817624e-06
9.5144181222e-06
9.5580544819e-06
9.6016908416e-06
9.6453272214e-06
9.7325999409e-06
9.7325999409e-06
9.7659332806e-06
9.7992666004e-06
9.8325999402e-06
9.86593328e-06
9.8992665998e-06
9.9325999396e-06
9.9659332794e-06
9.9992665992e-06
1.0032599939e-05
1.0065933279e-05
1.0132599938e-05
1.0132599938e-05
1.0135933278e-05
1.0139266598e-05
1.0142599938e-05
1.0145933278e-05
1.0152599938e-05
1.0152599938e-05
1.0069266599e-05
9.9859332793e-06
9.9025999398e-06
9.8192666003e-06
9.6525999413e-06
9.6525999413e-06
9.5980544817e-06
9.543509042e-06
9.4889635823e-06
9.4344181227e-06
9.379872663e-06
9.3253272233e-06
9.2707817637e-06
9.216236304e-06
9.1616908443e-06
9.052599945e-06
9.052599945e-06
9.0125999452e-06
8.9725999455e-06
8.9325999457e-06
8.892599946e-06
8.8525999462e-06
8.8125999464e-06
8.7325999469e-06
8.7325999469e-06
8.7011713671e-06
8.6697428073e-06
8.6383142275e-06
8.6068856677e-06
8.5754570879e-06
8.5125999483e-06
8.5125999483e-06
8.4259332888e-06
8.3392666093e-06
8.2525999498e-06
8.1659332904e-06
7.9925999514e-06
7.9925999514e-06
7.9392666117e-06
7.8325999524e-06
7.8325999524e-06
7.8175999525e-06
7.8025999526e-06
7.7875999527e-06
7.7725999528e-06
7.7575999529e-06
7.7425999529e-06
7.727599953e-06
7.7125999531e-06
7.6975999532e-06
7.6825999533e-06
7.6525999535e-06
7.6525999535e-06
7.6192666137e-06
7.5525999541e-06
7.5525999541e-06
7.5583142341e-06
7.564028534e-06
7.569742814e-06
7.575457094e-06
7.5811713739e-06
7.5925999539e-06
7.5925999539e-06
7.6078940738e-06
7.6231881937e-06
7.6384823136e-06
7.6537764335e-06
7.6690705334e-06
7.6843646533e-06
7.6996587732e-06
7.7149528931e-06
7.730247013e-06
7.7455411329e-06
7.7608352528e-06
7.7761293727e-06
7.7914234726e-06
7.8067175926e-06
7.8220117125e-06
7.8525999523e-06
7.8525999523e-06
7.8681555122e-06
7.8837110721e-06
7.899266612e-06
7.9148221719e-06
7.9303777318e-06
7.9459332917e-06
7.9614888316e-06
7.9925999514e-06
7.9925999514e-06
8.0125999513e-06
8.0525999511e-06
8.0525999511e-06
8.0770443909e-06
8.1014888308e-06
8.1259332906e-06
8.1503777305e-06
8.1748221703e-06
8.1992666102e-06
8.22371107e-06
8.2725999497e-06
8.2725999497e-06
8.2509332899e-06
8.22926661e-06
8.2075999501e-06
8.1859332903e-06
8.1642666104e-06
8.1425999505e-06
8.1209332906e-06
8.0992666108e-06
8.0775999509e-06
8.055933291e-06
8.0125999513e-06
8.0125999513e-06
8.0240285312e-06
8.0354570912e-06
8.0468856711e-06
8.058314231e-06
8.069742811e-06
8.0925999508e-06
8.0925999508e-06
8.0975999508e-06
8.1025999508e-06
8.1075999507e-06
8.1125999507e-06
8.1175999507e-06
8.1225999506e-06
8.1275999506e-06
8.1325999506e-06
8.1375999505e-06
8.1425999505e-06
8.1525999505e-06
8.1525999505e-06
8.1475999505e-06
8.1425999505e-06
8.1375999505e-06
8.1325999506e-06
8.1275999506e-06
8.1225999506e-06
8.1175999507e-06
8.1125999507e-06
8.1075999507e-06
8.1025999508e-06
8.0925999508e-06
8.0925999508e-06
8.0868856709e-06
8.0811713709e-06
8.0754570909e-06
8.069742811e-06
8.064028531e-06
8.0525999511e-06
8.0525999511e-06
8.0435090511e-06
8.0344181312e-06
8.0253272312e-06
8.0162363113e-06
8.0071454113e-06
7.9980544914e-06
7.9889635914e-06
7.9798726715e-06
7.9707817716e-06
7.9525999517e-06
7.9525999517e-06
7.9365999518e-06
7.9205999519e-06
7.904599952e-06
7.8725999522e-06
7.8725999522e-06
7.8559332923e-06
7.8392666124e-06
7.8225999525e-06
7.8059332926e-06
7.7892666127e-06
7.7725999528e-06
7.7559332929e-06
7.739266613e-06
7.7225999531e-06
7.7059332932e-06
7.6725999534e-06
7.6725999534e-06
7.6775999533e-06
7.6825999533e-06
7.6875999533e-06
7.6925999532e-06
7.6975999532e-06
7.7025999532e-06
7.7075999532e-06
7.7125999531e-06
7.7175999531e-06
7.7225999531e-06
7.732599953e-06
7.732599953e-06
7.7468856729e-06
7.7611713728e-06
7.7754570927e-06
7.7897428127e-06
7.8040285326e-06
7.8325999524e-06
7.8325999524e-06
7.8725999522e-06
7.9525999517e-06
7.9525999517e-06
7.9625999516e-06
7.9725999515e-06
7.9825999515e-06
7.9925999514e-06
8.0125999513e-06
8.0125999513e-06
7.9692666116e-06
7.9259332918e-06
7.8825999521e-06
7.8392666124e-06
7.7525999529e-06
7.7525999529e-06
7.7214888331e-06
7.6903777333e-06
7.6592666135e-06
7.6281555136e-06
7.5970443938e-06
7.565933294e-06
7.5348221742e-06
7.4725999546e-06
7.4725999546e-06
7.4692666146e-06
7.4659332946e-06
7.4625999546e-06
7.4592666147e-06
7.4525999547e-06
7.4525999547e-06
7.4588499547e-06
7.4650999546e-06
7.4713499546e-06
7.4775999546e-06
7.4838499545e-06
7.4900999545e-06
7.4963499544e-06
7.5025999544e-06
7.5088499544e-06
7.5150999543e-06
7.5213499543e-06
7.5275999543e-06
7.5338499542e-06
7.5400999542e-06
7.5525999541e-06
7.5525999541e-06
7.5575999541e-06
7.562599954e-06
7.567599954e-06
7.572599954e-06
7.5775999539e-06
7.5825999539e-06
7.5925999539e-06
7.5925999539e-06
7.6031881938e-06
7.6137764337e-06
7.6243646537e-06
7.6349528936e-06
7.6455411335e-06
7.6561293735e-06
7.6667175934e-06
7.6773058333e-06
7.6878940733e-06
7.6984823132e-06
7.7090705331e-06
7.7196587731e-06
7.730247013e-06
7.740835253e-06
7.7514234729e-06
7.7725999528e-06
7.7925999526e-06
7.7925999526e-06
7.7847738727e-06
7.7769477727e-06
7.7691216928e-06
7.7612956128e-06
7.7534695129e-06
7.7456434329e-06
7.737817353e-06
7.729991253e-06
7.7221651731e-06
7.7143390931e-06
7.7065129932e-06
7.6986869132e-06
7.6908608133e-06
7.6830347333e-06
7.6752086534e-06
7.6673825534e-06
7.6595564734e-06
7.6517303935e-06
7.6439042935e-06
7.6360782136e-06
7.6282521336e-06
7.6125999537e-06
7.6125999537e-06
7.6009332938e-06
7.5892666139e-06
7.5775999539e-06
7.565933294e-06
7.5542666141e-06
7.5425999542e-06
7.5309332942e-06
7.5192666143e-06
7.5075999544e-06
7.4959332944e-06
7.4842666145e-06
7.4725999546e-06
7.4609332947e-06
7.4492666147e-06
7.4375999548e-06
7.4259332949e-06
7.4142666149e-06
7.402599955e-06
7.3909332951e-06
7.3792666152e-06
7.3675999552e-06
7.3559332953e-06
7.3325999554e-06
7.3325999554e-06
7.3235090555e-06
7.3144181355e-06
7.3053272356e-06
7.2962363157e-06
7.2871454157e-06
7.2780544958e-06
7.2689635958e-06
7.2598726759e-06
7.2507817759e-06
7.232599956e-06
7.232599956e-06
7.2075999562e-06
7.1825999563e-06
7.1325999567e-06
7.1325999567e-06
7.1335523366e-06
7.1345047166e-06
7.1354570966e-06
7.1364094766e-06
7.1373618566e-06
7.1383142366e-06
7.1392666166e-06
7.1402189966e-06
7.1411713766e-06
7.1421237566e-06
7.1430761566e-06
7.1440285366e-06
7.1449809166e-06
7.1459332966e-06
7.1468856766e-06
7.1478380566e-06
7.1487904366e-06
7.1497428165e-06
7.1506951965e-06
7.1525999565e-06
7.1525999565e-06
7.1536525965e-06
7.1547052165e-06
7.1557578565e-06
7.1568104765e-06
7.1578631165e-06
7.1589157365e-06
7.1599683765e-06
7.1610210165e-06
7.1620736365e-06
7.1631262765e-06
7.1641788965e-06
7.1652315365e-06
7.1662841764e-06
7.1673367964e-06
7.1683894364e-06
7.1694420564e-06
7.1704946964e-06
7.1725999564e-06
7.1725999564e-06
7.1703777364e-06
7.1681555164e-06
7.1659332964e-06
7.1637110765e-06
7.1614888365e-06
7.1592666165e-06
7.1570443965e-06
7.1525999565e-06
7.1525999565e-06
7.1542666165e-06
7.1559332965e-06
7.1575999565e-06
7.1592666165e-06
7.1609332965e-06
7.1625999565e-06
7.1642666165e-06
7.1659332964e-06
7.1675999564e-06
7.1692666164e-06
7.1725999564e-06
7.1725999564e-06
7.1725999564e-06
7.1725999564e-06
7.1568856765e-06
7.1411713766e-06
7.1254570967e-06
7.1097428168e-06
7.0940285369e-06
7.078314237e-06
7.0625999571e-06
7.0468856772e-06
7.0311713773e-06
7.0154570974e-06
6.9997428175e-06
6.9840285376e-06
6.9525999577e-06
6.9525999577e-06
6.9575999577e-06
6.9625999577e-06
6.9675999577e-06
6.9725999576e-06
6.9775999576e-06
6.9825999576e-06
6.9925999575e-06
6.9925999575e-06
7.0081555174e-06
7.0237110773e-06
7.0392666172e-06
7.0548221771e-06
7.070377737e-06
7.0859332969e-06
7.1014888368e-06
7.1325999567e-06
7.1325999567e-06
7.232599956e-06
7.232599956e-06
7.2183142361e-06
7.2040285362e-06
7.1897428163e-06
7.1754570964e-06
7.1611713765e-06
7.1325999567e-06
7.1325999567e-06
7.1325999567e-06
7.1325999567e-06
7.1325999567e-06
7.1325999567e-06
7.1325999567e-06
7.1325999567e-06
7.1325999567e-06
7.1325999567e-06
7.1325999567e-06
7.1325999567e-06
7.1325999567e-06
7.1492666166e-06
7.1659332964e-06
7.1825999563e-06
7.1992666162e-06
7.232599956e-06
7.232599956e-06
7.238686916e-06
7.244773876e-06
7.2508608159e-06
7.2569477759e-06
7.2630347359e-06
7.2691216958e-06
7.2752086558e-06
7.2812956157e-06
7.2873825557e-06
7.2934695157e-06
7.2995564756e-06
7.3056434356e-06
7.3117303956e-06
7.3178173555e-06
7.3239042955e-06
7.3299912555e-06
7.3360782154e-06
7.3421651754e-06
7.3482521353e-06
7.3543390953e-06
7.3604260353e-06
7.3725999552e-06
7.3725999552e-06
7.3735999552e-06
7.3745999552e-06
7.3755999552e-06
7.3765999552e-06
7.3775999552e-06
7.3785999552e-06
7.3795999552e-06
7.3805999551e-06
7.3815999551e-06
7.3825999551e-06
7.3835999551e-06
7.3845999551e-06
7.3855999551e-06
7.3865999551e-06
7.3875999551e-06
7.3885999551e-06
7.3895999551e-06
7.3905999551e-06
7.3925999551e-06
7.3925999551e-06
7.3916475751e-06
7.3906951951e-06
7.3897428151e-06
7.3887904351e-06
7.3878380551e-06
7.3868856751e-06
7.3859332951e-06
7.3849809151e-06
7.3840285351e-06
7.3830761551e-06
7.3821237551e-06
7.3811713751e-06
7.3802189951e-06
7.3792666152e-06
7.3783142352e-06
7.3773618552e-06
7.3764094752e-06
7.3754570952e-06
7.3745047152e-06
7.3725999552e-06
7.3725999552e-06
7.3705999552e-06
7.3685999552e-06
7.3665999552e-06
7.3645999552e-06
7.3625999553e-06
7.3605999553e-06
7.3585999553e-06
7.3565999553e-06
7.3525999553e-06
7.3525999553e-06
7.3097428156e-06
7.2668856758e-06
7.2240285361e-06
7.1811713764e-06
7.1383142366e-06
7.0525999571e-06
7.0525999571e-06
7.0489635972e-06
7.0453272372e-06
7.0416908572e-06
7.0380544972e-06
7.0344181372e-06
7.0307817773e-06
7.0271454173e-06
7.0235090573e-06
7.0198726773e-06
7.0125999574e-06
7.0125999574e-06
7.0105999574e-06
7.0085999574e-06
7.0065999574e-06
7.0045999574e-06
7.0025999574e-06
7.0005999575e-06
6.9985999575e-06
6.9965999575e-06
6.9925999575e-06
6.9925999575e-06
6.9492666178e-06
6.905933298e-06
6.8625999583e-06
6.8192666186e-06
6.7325999591e-06
6.7325999591e-06
6.7075999592e-06
6.6825999594e-06
6.6575999595e-06
6.6325999597e-06
6.6075999598e-06
6.58259996e-06
6.5325999603e-06
6.5325999603e-06
6.4992666205e-06
6.4325999609e-06
6.4325999609e-06
6.4415999609e-06
6.4505999608e-06
6.4595999607e-06
6.4685999607e-06
6.4775999606e-06
6.4865999606e-06
6.4955999605e-06
6.5045999605e-06
6.5135999604e-06
6.5225999604e-06
6.5315999603e-06
6.5405999602e-06
6.5495999602e-06
6.5585999601e-06
6.5675999601e-06
6.57659996e-06
6.58559996e-06
6.5945999599e-06
6.6125999598e-06
6.6125999598e-06
6.8325999585e-06
6.8325999585e-06
6.8925999581e-06
6.8925999581e-06
6.8892666181e-06
6.8859332982e-06
6.8825999582e-06
6.8792666182e-06
6.8759332982e-06
6.8725999582e-06
6.8692666183e-06
6.8659332983e-06
6.8625999583e-06
6.8592666183e-06
6.8525999584e-06
6.8525999584e-06
6.8468856784e-06
6.8411713784e-06
6.8354570985e-06
6.8297428185e-06
6.8240285385e-06
6.8125999586e-06
6.8125999586e-06
6.8125999586e-06
6.8125999586e-06
6.8125999586e-06
6.8125999586e-06
6.8125999586e-06
6.8125999586e-06
6.8125999586e-06
6.8125999586e-06
6.8125999586e-06
6.8285999585e-06
6.8445999584e-06
6.8605999583e-06
6.8765999582e-06
6.8925999581e-06
6.908599958e-06
6.9245999579e-06
6.9405999578e-06
6.9565999577e-06
6.9725999576e-06
6.9885999575e-06
7.0045999574e-06
7.0205999573e-06
7.0525999571e-06
7.0525999571e-06
7.072599957e-06
7.0925999569e-06
7.1125999568e-06
7.1325999567e-06
7.1525999565e-06
7.1725999564e-06
7.1925999563e-06
7.2125999562e-06
7.232599956e-06
7.2725999558e-06
7.2725999558e-06
7.2792666158e-06
7.2859332957e-06
7.2925999557e-06
7.2992666156e-06
7.3059332956e-06
7.3125999556e-06
7.3192666155e-06
7.3259332955e-06
7.3325999554e-06
7.3392666154e-06
7.3459332954e-06
7.3525999553e-06
7.3592666153e-06
7.3659332952e-06
7.3725999552e-06
7.3792666152e-06
7.3925999551e-06
7.3925999551e-06
7.405327235e-06
7.4180544949e-06
7.4307817748e-06
7.4435090548e-06
7.4562363147e-06
7.4689635946e-06
7.4816908545e-06
7.4944181345e-06
7.5071454144e-06
7.5325999542e-06
7.5325999542e-06
7.5380544942e-06
7.5435090542e-06
7.5489635941e-06
7.5544181341e-06
7.5598726741e-06
7.565327234e-06
7.570781774e-06
7.576236314e-06
7.5816908539e-06
7.5925999539e-06
7.5925999539e-06
7.6049809138e-06
7.6173618537e-06
7.6297428136e-06
7.6421237536e-06
7.6545047135e-06
7.6668856734e-06
7.6792666133e-06
7.6916475733e-06
7.7040285332e-06
7.7164094731e-06
7.728790433e-06
7.741171373e-06
7.7535523329e-06
7.7659332928e-06
7.7783142327e-06
7.7906951927e-06
7.8030761526e-06
7.8154570925e-06
7.8278380524e-06
7.8525999523e-06
7.8525999523e-06
7.8592666122e-06
7.8659332922e-06
7.8725999522e-06
7.8792666121e-06
7.892599952e-06
7.892599952e-06
7.898054492e-06
7.903509052e-06
7.9089635919e-06
7.9144181319e-06
7.9198726719e-06
7.9253272318e-06
7.9307817718e-06
7.9362363118e-06
7.9416908517e-06
7.9525999517e-06
7.9525999517e-06
7.9497428117e-06
7.9468856717e-06
7.9440285317e-06
7.9411713717e-06
7.9383142318e-06
7.9354570918e-06
7.9325999518e-06
7.9297428118e-06
7.9268856718e-06
7.9240285318e-06
7.9211713719e-06
7.9183142319e-06
7.9125999519e-06
7.9125999519e-06
7.9172153319e-06
7.9218307119e-06
7.9264461118e-06
7.9310614918e-06
7.9356768718e-06
7.9402922517e-06
7.9449076517e-06
7.9495230317e-06
7.9541384117e-06
7.9587537916e-06
7.9633691916e-06
7.9725999515e-06
7.9725999515e-06
7.9825999515e-06
7.9925999514e-06
8.0025999514e-06
8.0125999513e-06
8.0225999512e-06
8.0325999512e-06
8.0425999511e-06
8.0525999511e-06
8.062599951e-06
8.0725999509e-06
8.0925999508e-06
8.0925999508e-06
8.1050999507e-06
8.1175999507e-06
8.1300999506e-06
8.1425999505e-06
8.1550999504e-06
8.1675999504e-06
8.1800999503e-06
8.1925999502e-06
8.2050999501e-06
8.2175999501e-06
8.23009995e-06
8.2425999499e-06
8.2550999498e-06
8.2675999498e-06
8.2925999496e-06
8.2925999496e-06
8.3325999494e-06
8.3325999494e-06
8.3245999494e-06
8.3165999495e-06
8.3085999495e-06
8.3005999496e-06
8.2925999496e-06
8.2845999497e-06
8.2765999497e-06
8.2685999497e-06
8.2605999498e-06
8.2525999498e-06
8.2445999499e-06
8.2365999499e-06
8.22859995e-06
8.2125999501e-06
8.2125999501e-06
8.2025999501e-06
8.1925999502e-06
8.1825999503e-06
8.1725999503e-06
8.1625999504e-06
8.1525999505e-06
8.1425999505e-06
8.1325999506e-06
8.1225999506e-06
8.1125999507e-06
8.1025999508e-06
8.0925999508e-06
8.0825999509e-06
8.0725999509e-06
8.0525999511e-06
8.0525999511e-06
8.0398726711e-06
8.0271454112e-06
8.0144181313e-06
8.0016908514e-06
7.9889635914e-06
7.9762363115e-06
7.9635090516e-06
7.9507817717e-06
7.9380544918e-06
7.9125999519e-06
7.9125999519e-06
7.902599952e-06
7.892599952e-06
7.8825999521e-06
7.8725999522e-06
7.8625999522e-06
7.8525999523e-06
7.8325999524e-06
7.8325999524e-06
7.8225999525e-06
7.8125999525e-06
7.8025999526e-06
7.7925999526e-06
7.7825999527e-06
7.7725999528e-06
7.7625999528e-06
7.7525999529e-06
7.732599953e-06
7.732599953e-06
7.732599953e-06
7.732599953e-06
7.732599953e-06
7.732599953e-06
7.732599953e-06
7.732599953e-06
7.732599953e-06
7.732599953e-06
7.732599953e-06
7.737215333e-06
7.7418307129e-06
7.7464461129e-06
7.7510614929e-06
7.7556768729e-06
7.7602922528e-06
7.7649076528e-06
7.7695230328e-06
7.7741384128e-06
7.7787537927e-06
7.7833691927e-06
7.7925999526e-06
7.7925999526e-06
7.7935999526e-06
7.7945999526e-06
7.7955999526e-06
7.7965999526e-06
7.7975999526e-06
7.7985999526e-06
7.7995999526e-06
7.8005999526e-06
7.8015999526e-06
7.8025999526e-06
7.8035999526e-06
7.8045999526e-06
7.8055999526e-06
7.8065999526e-06
7.8075999525e-06
7.8085999525e-06
7.8095999525e-06
7.8105999525e-06
7.8125999525e-06
7.8125999525e-06
7.8111713725e-06
7.8097428125e-06
7.8083142325e-06
7.8068856726e-06
7.8054570926e-06
7.8040285326e-06
7.8025999526e-06
7.8011713726e-06
7.7997428126e-06
7.7983142326e-06
7.7968856726e-06
7.7954570926e-06
7.7925999526e-06
7.7925999526e-06
7.7949528926e-06
7.7973058326e-06
7.7996587726e-06
7.8020117126e-06
7.8043646526e-06
7.8067175926e-06
7.8090705325e-06
7.8114234725e-06
7.8137764325e-06
7.8161293725e-06
7.8184823125e-06
7.8208352525e-06
7.8231881925e-06
7.8255411324e-06
7.8278940724e-06
7.8325999524e-06
7.8325999524e-06
7.8253272324e-06
7.8180544925e-06
7.8107817725e-06
7.8035090526e-06
7.7962363126e-06
7.7889635927e-06
7.7816908527e-06
7.7744181328e-06
7.7671454128e-06
7.7525999529e-06
7.7525999529e-06
7.7468856729e-06
7.741171373e-06
7.735457093e-06
7.729742813e-06
7.7240285331e-06
7.7125999531e-06
7.7125999531e-06
7.7097428131e-06
7.7068856732e-06
7.7040285332e-06
7.7011713732e-06
7.6983142332e-06
7.6954570932e-06
7.6925999532e-06
7.6897428133e-06
7.6868856733e-06
7.6840285333e-06
7.6811713733e-06
7.6783142333e-06
7.6725999534e-06
7.6725999534e-06
7.6697428134e-06
7.6668856734e-06
7.6640285334e-06
7.6611713734e-06
7.6583142335e-06
7.6525999535e-06
7.6525999535e-06
7.6525999535e-06
7.6525999535e-06
7.6525999535e-06
7.6525999535e-06
7.6525999535e-06
7.6525999535e-06
7.6525999535e-06
7.6525999535e-06
7.6525999535e-06
7.6525999535e-06
7.6525999535e-06
7.6525999535e-06
7.6525999535e-06
7.6525999535e-06
7.6503777335e-06
7.6481555135e-06
7.6459332935e-06
7.6437110735e-06
7.6414888336e-06
7.6392666136e-06
7.6370443936e-06
7.6325999536e-06
7.6325999536e-06
7.6325999536e-06
7.6325999536e-06
7.6325999536e-06
7.6325999536e-06
7.6325999536e-06
7.6325999536e-06
7.6277999536e-06
7.6229999537e-06
7.6181999537e-06
7.6133999537e-06
7.6085999538e-06
7.6037999538e-06
7.5989999538e-06
7.5941999538e-06
7.5893999539e-06
7.5845999539e-06
7.5797999539e-06
7.574999954e-06
7.570199954e-06
7.565399954e-06
7.5605999541e-06
7.5557999541e-06
7.5509999541e-06
7.5461999541e-06
7.5413999542e-06
7.5365999542e-06
7.5317999542e-06
7.5269999543e-06
7.5221999543e-06
7.5125999543e-06
7.5125999543e-06
7.5092666144e-06
7.5059332944e-06
7.5025999544e-06
7.4992666144e-06
7.4925999545e-06
7.4925999545e-06
7.4925999545e-06
7.4925999545e-06
7.4925999545e-06
7.4925999545e-06
7.4925999545e-06
7.4925999545e-06
7.4925999545e-06
7.4925999545e-06
7.4925999545e-06
7.4925999545e-06
7.4925999545e-06
7.4925999545e-06
7.4925999545e-06
7.4925999545e-06
7.4850999545e-06
7.4775999546e-06
7.4700999546e-06
7.4625999546e-06
7.4550999547e-06
7.4475999547e-06
7.4325999548e-06
7.4325999548e-06
7.4334695148e-06
7.4343390948e-06
7.4352086548e-06
7.4360782148e-06
7.4369477748e-06
7.4378173548e-06
7.4386869148e-06
7.4395564748e-06
7.4404260348e-06
7.4412956148e-06
7.4421651748e-06
7.4430347348e-06
7.4439042948e-06
7.4447738748e-06
7.4456434347e-06
7.4465129947e-06
7.4473825547e-06
7.4482521347e-06
7.4491216947e-06
7.4499912547e-06
7.4508608147e-06
7.4525999547e-06
7.4525999547e-06
7.4544181347e-06
7.4562363147e-06
7.4580544947e-06
7.4598726747e-06
7.4616908547e-06
7.4635090546e-06
7.4653272346e-06
7.4671454146e-06
7.4689635946e-06
7.4725999546e-06
7.4725999546e-06
7.4725999546e-06
7.4725999546e-06
7.4725999546e-06
7.4725999546e-06
7.4725999546e-06
7.4725999546e-06
7.4725999546e-06
7.4725999546e-06
7.4717999546e-06
7.4709999546e-06
7.4701999546e-06
7.4693999546e-06
7.4685999546e-06
7.4677999546e-06
7.4669999546e-06
7.4661999546e-06
7.4653999546e-06
7.4645999546e-06
7.4637999546e-06
7.4629999546e-06
7.4621999546e-06
7.4613999547e-06
7.4605999547e-06
7.4597999547e-06
7.4589999547e-06
7.4581999547e-06
7.4573999547e-06
7.4565999547e-06
7.4557999547e-06
7.4549999547e-06
7.4541999547e-06
7.4525999547e-06
7.4525999547e-06
7.4500999547e-06
7.4475999547e-06
7.4450999548e-06
7.4425999548e-06
7.4400999548e-06
7.4375999548e-06
7.4325999548e-06
7.4325999548e-06
7.4240285349e-06
7.4154570949e-06
7.406885675e-06
7.398314235e-06
7.3897428151e-06
7.3811713751e-06
7.3725999552e-06
7.3640285352e-06
7.3554570953e-06
7.3468856753e-06
7.3383142354e-06
7.3297428155e-06
7.3125999556e-06
7.3125999556e-06
7.3025999556e-06
7.2925999557e-06
7.2725999558e-06
7.2725999558e-06
7.2575999559e-06
7.242599956e-06
7.2125999562e-06
7.2125999562e-06
7.2188499561e-06
7.2250999561e-06
7.2313499561e-06
7.237599956e-06
7.243849956e-06
7.2500999559e-06
7.2563499559e-06
7.2625999559e-06
7.2688499558e-06
7.2750999558e-06
7.2813499557e-06
7.2875999557e-06
7.2938499557e-06
7.3000999556e-06
7.3125999556e-06
7.3125999556e-06
7.3144181355e-06
7.3162363155e-06
7.3180544955e-06
7.3198726755e-06
7.3216908555e-06
7.3235090555e-06
7.3253272355e-06
7.3271454155e-06
7.3289635955e-06
7.3325999554e-06
7.3325999554e-06
7.3354570954e-06
7.3383142354e-06
7.3411713754e-06
7.3440285354e-06
7.3468856753e-06
7.3525999553e-06
7.3525999553e-06
7.3642666152e-06
7.3759332952e-06
7.3875999551e-06
7.399266615e-06
7.410933295e-06
7.4225999549e-06
7.4342666148e-06
7.4459332947e-06
7.4575999547e-06
7.4692666146e-06
7.4925999545e-06
7.4925999545e-06
7.4811713745e-06
7.4697428146e-06
7.4583142347e-06
7.4468856747e-06
7.4354570948e-06
7.412599955e-06
7.412599955e-06
7.3925999551e-06
7.3925999551e-06
7.401488835e-06
7.410377735e-06
7.4192666149e-06
7.4281555149e-06
7.4370443948e-06
7.4459332947e-06
7.4548221747e-06
7.4725999546e-06
7.4725999546e-06
7.4965999544e-06
7.5205999543e-06
7.5445999541e-06
7.568599954e-06
7.5925999539e-06
7.6165999537e-06
7.6405999536e-06
7.6645999534e-06
7.7125999531e-06
7.7125999531e-06
7.7459332929e-06
7.7792666127e-06
7.8125999525e-06
7.8459332923e-06
7.8792666121e-06
7.9125999519e-06
7.9459332917e-06
7.9792666115e-06
8.0125999513e-06
8.0459332911e-06
8.1125999507e-06
8.1125999507e-06
8.1465999505e-06
8.1805999503e-06
8.2145999501e-06
8.2485999499e-06
8.2825999497e-06
8.3165999495e-06
8.3505999492e-06
8.384599949e-06
8.4525999486e-06
8.4525999486e-06
8.4697428085e-06
8.4868856684e-06
8.5040285283e-06
8.5211713682e-06
8.5383142281e-06
8.5725999479e-06
8.5725999479e-06
8.5697428079e-06
8.5668856679e-06
8.564028528e-06
8.561171368e-06
8.558314228e-06
8.555457088e-06
8.552599948e-06
8.549742808e-06
8.5468856681e-06
8.5440285281e-06
8.5411713681e-06
8.5383142281e-06
8.5325999481e-06
8.5325999481e-06
8.5285999482e-06
8.5245999482e-06
8.5205999482e-06
8.5125999483e-06
8.5125999483e-06
8.5033691883e-06
8.4941384084e-06
8.4849076484e-06
8.4756768685e-06
8.4664461085e-06
8.4572153286e-06
8.4479845687e-06
8.4387537887e-06
8.4295230288e-06
8.4202922488e-06
8.4110614889e-06
8.392599949e-06
8.392599949e-06
8.3811713691e-06
8.3697428091e-06
8.3583142292e-06
8.3468856693e-06
8.3354570893e-06
8.3125999495e-06
8.3125999495e-06
8.3125999495e-06
8.3089635895e-06
8.3053272295e-06
8.3016908495e-06
8.2980544896e-06
8.2944181296e-06
8.2907817696e-06
8.2871454096e-06
8.2835090497e-06
8.2798726697e-06
8.2725999497e-06
8.2725999497e-06
8.2797428097e-06
8.2868856696e-06
8.2940285296e-06
8.3011713695e-06
8.3083142295e-06
8.3154570895e-06
8.3225999494e-06
8.3297428094e-06
8.3368856693e-06
8.3440285293e-06
8.3511713692e-06
8.3583142292e-06
8.3725999491e-06
8.3725999491e-06
8.3692666091e-06
8.3659332892e-06
8.3625999492e-06
8.3592666092e-06
8.3525999492e-06
8.3525999492e-06
8.3365999493e-06
8.3205999494e-06
8.3045999495e-06
8.2725999497e-06
8.2725999497e-06
8.2525999498e-06
8.23259995e-06
8.2125999501e-06
8.1725999503e-06
8.1725999503e-06
8.1748221703e-06
8.1770443903e-06
8.1792666103e-06
8.1814888303e-06
8.1837110703e-06
8.1859332903e-06
8.1881555102e-06
8.1925999502e-06
8.1925999502e-06
8.2081555101e-06
8.22371107e-06
8.2392666099e-06
8.2548221698e-06
8.2703777297e-06
8.2859332896e-06
8.3014888295e-06
8.3325999494e-06
8.3325999494e-06
8.3350999493e-06
8.3375999493e-06
8.3400999493e-06
8.3425999493e-06
8.3450999493e-06
8.3475999493e-06
8.3525999492e-06
8.3525999492e-06
8.3459332893e-06
8.3392666093e-06
8.3325999494e-06
8.3259332894e-06
8.3192666094e-06
8.3125999495e-06
8.3059332895e-06
8.2992666096e-06
8.2925999496e-06
8.2859332896e-06
8.2725999497e-06
8.2725999497e-06
8.2631262698e-06
8.2536525898e-06
8.2441788899e-06
8.23470521e-06
8.22523153e-06
8.2157578501e-06
8.2062841701e-06
8.1968104702e-06
8.1873367902e-06
8.1778631103e-06
8.1683894304e-06
8.1589157304e-06
8.1494420505e-06
8.1399683705e-06
8.1304946906e-06
8.1210210106e-06
8.1115473107e-06
8.0925999508e-06
8.0925999508e-06
8.0811713709e-06
8.069742811e-06
8.058314231e-06
8.0468856711e-06
8.0354570912e-06
8.0125999513e-06
8.0125999513e-06
8.0100999513e-06
8.0075999513e-06
8.0050999513e-06
8.0025999514e-06
8.0000999514e-06
7.9975999514e-06
7.9925999514e-06
7.9925999514e-06
7.9962363114e-06
7.9998726714e-06
8.0035090514e-06
8.0071454113e-06
8.0107817713e-06
8.0144181313e-06
8.0180544913e-06
8.0216908512e-06
8.0253272312e-06
8.0325999512e-06
8.0325999512e-06
8.0420117111e-06
8.0514234711e-06
8.060835251e-06
8.070247011e-06
8.0796587709e-06
8.0890705308e-06
8.0984823108e-06
8.1078940707e-06
8.1173058307e-06
8.1267175906e-06
8.1361293706e-06
8.1455411305e-06
8.1549528904e-06
8.1643646504e-06
8.1737764303e-06
8.1925999502e-06
8.1925999502e-06
8.2025999501e-06
8.2125999501e-06
8.22259995e-06
8.23259995e-06
8.2425999499e-06
8.2525999498e-06
8.2725999497e-06
8.2725999497e-06
8.2954570896e-06
8.3183142294e-06
8.3411713693e-06
8.3640285292e-06
8.386885669e-06
8.4325999488e-06
8.4325999488e-06
8.4411713687e-06
8.4497428086e-06
8.4583142286e-06
8.4668856685e-06
8.4754570885e-06
8.4925999484e-06
8.4925999484e-06
8.4725999485e-06
8.4525999486e-06
8.4325999488e-06
8.4125999489e-06
8.392599949e-06
8.3725999491e-06
8.3325999494e-06
8.3325999494e-06
8.3297428094e-06
8.3268856694e-06
8.3240285294e-06
8.3211713694e-06
8.3183142294e-06
8.3125999495e-06
8.3125999495e-06
8.3085999495e-06
8.3045999495e-06
8.3005999496e-06
8.2925999496e-06
8.2925999496e-06
8.2954570896e-06
8.2983142296e-06
8.3011713695e-06
8.3040285295e-06
8.3068856695e-06
8.3097428095e-06
8.3125999495e-06
8.3154570895e-06
8.3183142294e-06
8.3211713694e-06
8.3240285294e-06
8.3268856694e-06
8.3297428094e-06
8.3325999494e-06
8.3354570893e-06
8.3383142293e-06
8.3411713693e-06
8.3440285293e-06
8.3468856693e-06
8.3525999492e-06
8.3525999492e-06
8.3525999492e-06
8.3525999492e-06
8.3598726692e-06
8.3671454091e-06
8.3744181291e-06
8.3816908491e-06
8.388963589e-06
8.396236309e-06
8.4035090489e-06
8.4107817689e-06
8.4180544888e-06
8.4325999488e-06
8.4325999488e-06
8.4725999485e-06
8.4725999485e-06
8.4605999486e-06
8.4485999487e-06
8.4365999487e-06
8.4125999489e-06
8.4125999489e-06
8.3775999491e-06
8.3425999493e-06
8.2725999497e-06
8.2725999497e-06
8.2772153297e-06
8.2818307097e-06
8.2864461096e-06
8.2910614896e-06
8.2956768696e-06
8.3002922496e-06
8.3049076495e-06
8.3095230295e-06
8.3141384095e-06
8.3187537894e-06
8.3233691894e-06
8.3325999494e-06
8.3325999494e-06
8.3383142293e-06
8.3440285293e-06
8.3497428093e-06
8.3554570892e-06
8.3611713692e-06
8.3725999491e-06
8.3725999491e-06
8.3792666091e-06
8.392599949e-06
8.392599949e-06
8.397599949e-06
8.4025999489e-06
8.4075999489e-06
8.4125999489e-06
8.4175999488e-06
8.4225999488e-06
8.4325999488e-06
8.4325999488e-06
8.4392666087e-06
8.4459332887e-06
8.4525999486e-06
8.4592666086e-06
8.4659332885e-06
8.4725999485e-06
8.4792666085e-06
8.4925999484e-06
8.4925999484e-06
8.5054570883e-06
8.5183142282e-06
8.5311713682e-06
8.5440285281e-06
8.556885668e-06
8.5697428079e-06
8.5825999478e-06
8.5954570878e-06
8.6083142277e-06
8.6211713676e-06
8.6340285275e-06
8.6468856674e-06
8.6725999473e-06
8.6725999473e-06
8.6837110672e-06
8.6948221672e-06
8.7059332871e-06
8.717044387e-06
8.728155507e-06
8.7392666069e-06
8.7503777268e-06
8.7725999467e-06
8.7725999467e-06
8.7792666066e-06
8.7925999466e-06
8.7925999466e-06
8.7942666066e-06
8.7959332865e-06
8.7975999465e-06
8.7992666065e-06
8.8009332865e-06
8.8025999465e-06
8.8042666065e-06
8.8059332865e-06
8.8075999465e-06
8.8092666065e-06
8.8125999464e-06
8.8125999464e-06
8.8240285264e-06
8.8354570863e-06
8.8468856662e-06
8.8583142262e-06
8.8697428061e-06
8.892599946e-06
8.892599946e-06
8.9011713659e-06
8.9097428059e-06
8.9183142258e-06
8.9268856657e-06
8.9354570857e-06
8.9440285256e-06
8.9525999456e-06
8.9611713655e-06
8.9697428055e-06
8.9783142254e-06
8.9868856654e-06
8.9954570853e-06
9.0125999452e-06
9.0125999452e-06
9.0414888251e-06
9.0703777249e-06
9.0992666047e-06
9.1281555045e-06
9.1570443843e-06
9.1859332842e-06
9.214822164e-06
9.2725999436e-06
9.2725999436e-06
9.3040285235e-06
9.3354570833e-06
9.3668856631e-06
9.3983142229e-06
9.4297428027e-06
9.4925999423e-06
9.4925999423e-06
9.5325999421e-06
9.5325999421e-06
9.5249076421e-06
9.5172153222e-06
9.5095230222e-06
9.5018307023e-06
9.4941384023e-06
9.4864461023e-06
9.4787537824e-06
9.4710614824e-06
9.4633691825e-06
9.4556768625e-06
9.4479845626e-06
9.4325999427e-06
9.4325999427e-06
9.4040285228e-06
9.375457083e-06
9.3468856632e-06
9.3183142234e-06
9.2897428035e-06
9.2325999439e-06
9.2325999439e-06
9.1925999441e-06
9.1925999441e-06
9.1792666042e-06
9.1525999444e-06
9.1525999444e-06
9.1625999443e-06
9.1725999443e-06
9.1825999442e-06
9.1925999441e-06
9.2025999441e-06
9.212599944e-06
9.2325999439e-06
9.2325999439e-06
9.2405999438e-06
9.2485999438e-06
9.2565999437e-06
9.2645999437e-06
9.2725999436e-06
9.2805999436e-06
9.2885999435e-06
9.2965999435e-06
9.3125999434e-06
9.3125999434e-06
9.3125999434e-06
9.3125999434e-06
9.3125999434e-06
9.3125999434e-06
9.3125999434e-06
9.3125999434e-06
9.3125999434e-06
9.3125999434e-06
9.3125999434e-06
9.3125999434e-06
9.3125999434e-06
9.3125999434e-06
9.3125999434e-06
9.3125999434e-06
9.3125999434e-06
9.3125999434e-06
9.3125999434e-06
9.3025999435e-06
9.2925999435e-06
9.2825999436e-06
9.2725999436e-06
9.2525999438e-06
9.2525999438e-06
9.2525999438e-06
9.2525999438e-06
9.2525999438e-06
9.2525999438e-06
9.2525999438e-06
9.2525999438e-06
9.2525999438e-06
9.2525999438e-06
9.2525999438e-06
9.2544181238e-06
9.2562363037e-06
9.2580544837e-06
9.2598726637e-06
9.2616908437e-06
9.2635090437e-06
9.2653272237e-06
9.2671454037e-06
9.2689635837e-06
9.2725999436e-06
9.2725999436e-06
9.2805999436e-06
9.2885999435e-06
9.2965999435e-06
9.3045999435e-06
9.3125999434e-06
9.3205999434e-06
9.3285999433e-06
9.3365999433e-06
9.3445999432e-06
9.3525999432e-06
9.3605999431e-06
9.3685999431e-06
9.376599943e-06
9.3925999429e-06
9.3925999429e-06
9.3925999429e-06
9.3925999429e-06
9.3925999429e-06
9.3925999429e-06
9.3925999429e-06
9.3925999429e-06
9.3925999429e-06
9.3925999429e-06
9.385933283e-06
9.379266603e-06
9.372599943e-06
9.3659332831e-06
9.3592666031e-06
9.3525999432e-06
9.3459332832e-06
9.3392666032e-06
9.3325999433e-06
9.3259332833e-06
9.3125999434e-06
9.0925999447e-06
9.0925999447e-06
9.0895230248e-06
9.0864461048e-06
9.0833691848e-06
9.0802922448e-06
9.0772153248e-06
9.0741384049e-06
9.0710614849e-06
9.0679845649e-06
9.0649076449e-06
9.0618307049e-06
9.0587537849e-06
9.052599945e-06
9.052599945e-06
9.050599945e-06
9.048599945e-06
9.046599945e-06
9.044599945e-06
9.042599945e-06
9.0405999451e-06
9.0385999451e-06
9.0365999451e-06
9.0325999451e-06
8.9925999453e-06
8.9925999453e-06
8.9565999456e-06
8.9205999458e-06
8.884599946e-06
8.8125999464e-06
8.8125999464e-06
8.8175999464e-06
8.8225999464e-06
8.8275999464e-06
8.8325999463e-06
8.8375999463e-06
8.8425999463e-06
8.8475999462e-06
8.8525999462e-06
8.8575999462e-06
8.8625999461e-06
8.8725999461e-06
8.8725999461e-06
8.8747052061e-06
8.8768104661e-06
8.878915726e-06
8.881021006e-06
8.883126266e-06
8.885231526e-06
8.887336786e-06
8.889442046e-06
8.891547306e-06
8.8936525859e-06
8.8957578459e-06
8.8978631059e-06
8.8999683659e-06
8.9020736259e-06
8.9041788859e-06
8.9062841659e-06
8.9083894259e-06
8.9125999458e-06
8.9125999458e-06
8.9125999458e-06
8.9125999458e-06
8.9125999458e-06
8.9125999458e-06
8.9125999458e-06
8.9125999458e-06
8.9125999458e-06
8.9125999458e-06
8.9125999458e-06
8.9125999458e-06
8.9125999458e-06
8.9125999458e-06
8.9125999458e-06
8.9125999458e-06
8.9125999458e-06
8.9125999458e-06
8.9125999458e-06
8.9125999458e-06
8.9125999458e-06
8.9125999458e-06
8.9183142258e-06
8.9240285258e-06
8.9297428057e-06
8.9354570857e-06
8.9411713657e-06
8.9525999456e-06
8.9525999456e-06
8.9575999456e-06
8.9625999455e-06
8.9675999455e-06
8.9725999455e-06
8.9775999454e-06
8.9825999454e-06
8.9875999454e-06
8.9925999453e-06
8.9975999453e-06
9.0025999453e-06
9.0125999452e-06
9.0125999452e-06
9.0192666052e-06
9.0259332851e-06
9.0325999451e-06
9.0392666051e-06
9.045933285e-06
9.052599945e-06
9.0592666049e-06
9.0725999449e-06
9.0725999449e-06
9.0805999448e-06
9.0885999448e-06
9.0965999447e-06
9.1125999446e-06
9.1125999446e-06
9.1245999445e-06
9.1365999445e-06
9.1485999444e-06
9.1725999443e-06
9.1725999443e-06
9.1659332843e-06
9.1525999444e-06
9.1525999444e-06
9.1392666045e-06
9.1259332845e-06
9.1125999446e-06
9.0992666047e-06
9.0859332848e-06
9.0725999449e-06
9.0592666049e-06
9.045933285e-06
9.0325999451e-06
9.0192666052e-06
8.9925999453e-06
8.9925999453e-06
8.9897428054e-06
8.9868856654e-06
8.9840285254e-06
8.9811713654e-06
8.9783142254e-06
8.9725999455e-06
8.9725999455e-06
8.9725999455e-06
8.9725999455e-06
8.9725999455e-06
8.9725999455e-06
8.9725999455e-06
8.9725999455e-06
8.9725999455e-06
8.9725999455e-06
8.9725999455e-06
8.9725999455e-06
8.9725999455e-06
8.9725999455e-06
8.9725999455e-06
8.9641788855e-06
8.9557578456e-06
8.9473367856e-06
8.9389157257e-06
8.9304946857e-06
8.9220736258e-06
8.9136525858e-06
8.9052315259e-06
8.8968104659e-06
8.888389426e-06
8.879968366e-06
8.8715473061e-06
8.8631262661e-06
8.8547052062e-06
8.8462841662e-06
8.8378631063e-06
8.8294420463e-06
8.8125999464e-06
8.8125999464e-06
8.8225999464e-06
8.8325999463e-06
8.8525999462e-06
8.8525999462e-06
8.8475999462e-06
8.8425999463e-06
8.8375999463e-06
8.8325999463e-06
8.8275999464e-06
8.8225999464e-06
8.8175999464e-06
8.8125999464e-06
8.8075999465e-06
8.8025999465e-06
8.7975999465e-06
8.7925999466e-06
8.7875999466e-06
8.7825999466e-06
8.7775999467e-06
8.7725999467e-06
8.7675999467e-06
8.7625999467e-06
8.7525999468e-06
8.7525999468e-06
8.7472666068e-06
8.7419332869e-06
8.7365999469e-06
8.7312666069e-06
8.725933287e-06
8.720599947e-06
8.715266607e-06
8.7099332871e-06
8.7045999471e-06
8.6992666071e-06
8.6939332872e-06
8.6885999472e-06
8.6832666072e-06
8.6725999473e-06
8.6725999473e-06
8.6705999473e-06
8.6685999473e-06
8.6665999473e-06
8.6645999473e-06
8.6625999474e-06
8.6605999474e-06
8.6585999474e-06
8.6565999474e-06
8.6525999474e-06
8.6525999474e-06
8.6610210074e-06
8.6694420473e-06
8.6778631073e-06
8.6862841672e-06
8.6947052072e-06
8.7031262671e-06
8.7115473071e-06
8.719968367e-06
8.728389427e-06
8.7368104669e-06
8.7452315269e-06
8.7536525868e-06
8.7620736267e-06
8.7704946867e-06
8.7789157266e-06
8.7873367866e-06
8.7957578465e-06
8.8125999464e-06
8.8125999464e-06
8.8465999462e-06
8.880599946e-06
8.9145999458e-06
8.9485999456e-06
8.9825999454e-06
9.0165999452e-06
9.050599945e-06
9.0845999448e-06
9.1525999444e-06
9.1525999444e-06
9.1783142242e-06
9.2040285241e-06
9.2297428039e-06
9.2554570838e-06
9.2811713636e-06
9.3325999433e-06
9.3325999433e-06
9.3225999433e-06
9.3125999434e-06
9.3025999435e-06
9.2925999435e-06
9.2725999436e-06
9.2725999436e-06
9.1525999444e-06
8.9125999458e-06
8.9125999458e-06
8.8725999461e-06
8.8725999461e-06
8.6125999477e-06
8.0925999508e-06
8.0925999508e-06
8.0890705308e-06
8.0855411309e-06
8.0820117109e-06
8.0784823109e-06
8.0749528909e-06
8.0714234709e-06
8.067894071e-06
8.064364651e-06
8.060835251e-06
8.057305831e-06
8.0537764311e-06
8.0502470111e-06
8.0467175911e-06
8.0431881911e-06
8.0396587711e-06
8.0325999512e-06
8.0325999512e-06
8.0300999512e-06
8.0275999512e-06
8.0250999512e-06
8.0225999512e-06
8.0200999513e-06
8.0175999513e-06
8.0150999513e-06
8.0125999513e-06
8.0100999513e-06
8.0075999513e-06
8.0050999513e-06
8.0025999514e-06
8.0000999514e-06
7.9975999514e-06
7.9925999514e-06
7.9925999514e-06
7.9885999514e-06
7.9845999515e-06
7.9805999515e-06
7.9725999515e-06
7.9725999515e-06
7.9885999514e-06
8.0045999514e-06
8.0205999513e-06
8.0365999512e-06
8.0525999511e-06
8.068599951e-06
8.0845999509e-06
8.1005999508e-06
8.1325999506e-06
8.1325999506e-06
8.1689635904e-06
8.2053272301e-06
8.2416908499e-06
8.2780544897e-06
8.3144181295e-06
8.3507817692e-06
8.387145409e-06
8.4235090488e-06
8.4598726686e-06
8.5325999481e-06
8.5325999481e-06
8.564028528e-06
8.5954570878e-06
8.6268856676e-06
8.6583142274e-06
8.6897428072e-06
8.7525999468e-06
8.7525999468e-06
8.7792666066e-06
8.8059332865e-06
8.8325999463e-06
8.8592666062e-06
8.885933286e-06
8.9125999458e-06
8.9392666057e-06
8.9925999453e-06
8.9925999453e-06
9.1175999446e-06
9.2425999438e-06
9.4925999423e-06
9.4925999423e-06
9.5325999421e-06
9.5725999418e-06
9.6125999416e-06
9.6525999413e-06
9.6925999411e-06
9.7325999409e-06
9.7725999406e-06
9.8525999401e-06
9.8525999401e-06
9.9214888197e-06
9.9903777193e-06
1.0059266599e-05
1.0128155498e-05
1.0197044378e-05
1.0265933278e-05
1.0334822157e-05
1.0472599936e-05
1.0472599936e-05
1.0514138396e-05
1.0555676856e-05
1.0597215316e-05
1.0638753775e-05
1.0680292235e-05
1.0721830695e-05
1.0763369175e-05
1.0804907634e-05
1.0846446094e-05
1.0887984554e-05
1.0929523014e-05
1.1012599933e-05
1.1012599933e-05
1.1032599933e-05
1.1052599933e-05
1.1072599933e-05
1.1092599933e-05
1.1112599932e-05
1.1132599932e-05
1.1152599932e-05
1.1172599932e-05
1.1192599932e-05
1.1212599932e-05
1.1252599932e-05
1.1252599932e-05
1.1258314212e-05
1.1264028512e-05
1.1269742792e-05
1.1275457071e-05
1.1281171351e-05
1.1286885651e-05
1.1292599931e-05
1.1298314211e-05
1.1304028511e-05
1.1309742791e-05
1.1315457071e-05
1.1321171351e-05
1.1332599931e-05
1.1332599931e-05
1.1332599931e-05
1.1332599931e-05
1.1332599931e-05
1.1332599931e-05
1.1332599931e-05
1.1332599931e-05
1.1287599931e-05
1.1242599932e-05
1.1197599932e-05
1.1152599932e-05
1.1107599932e-05
1.1062599933e-05
1.0972599933e-05
1.0972599933e-05
1.0839266594e-05
1.0572599936e-05
1.0572599936e-05
9.6725999412e-06
9.6725999412e-06
9.6635090413e-06
9.6544181213e-06
9.6453272214e-06
9.6362363014e-06
9.6271454015e-06
9.6180544815e-06
9.6089635816e-06
9.5998726617e-06
9.5907817617e-06
9.5725999418e-06
9.5725999418e-06
9.5669999419e-06
9.5613999419e-06
9.5557999419e-06
9.550199942e-06
9.544599942e-06
9.538999942e-06
9.5333999421e-06
9.5277999421e-06
9.5221999421e-06
9.5165999422e-06
9.5109999422e-06
9.5053999422e-06
9.4997999423e-06
9.4941999423e-06
9.4885999423e-06
9.4829999424e-06
9.4773999424e-06
9.4717999424e-06
9.4661999425e-06
9.4605999425e-06
9.4549999425e-06
9.4493999426e-06
9.4437999426e-06
9.4325999427e-06
9.4325999427e-06
9.4211713627e-06
9.4097428028e-06
9.3983142229e-06
9.386885663e-06
9.375457083e-06
9.3525999432e-06
9.3525999432e-06
9.3492666032e-06
9.3459332832e-06
9.3425999432e-06
9.3392666032e-06
9.3359332833e-06
9.3325999433e-06
9.3292666033e-06
9.3259332833e-06
9.3225999433e-06
9.3192666034e-06
9.3125999434e-06
9.3125999434e-06
9.3450999432e-06
9.377599943e-06
9.4100999428e-06
9.4425999426e-06
9.4750999424e-06
9.5075999422e-06
9.5725999418e-06
9.5725999418e-06
9.6183142215e-06
9.6640285213e-06
9.709742801e-06
9.7554570807e-06
9.8011713604e-06
9.8925999399e-06
9.8925999399e-06
9.8959332799e-06
9.8992665998e-06
9.9025999398e-06
9.9059332798e-06
9.9125999398e-06
9.9125999398e-06
9.8962362999e-06
9.87987266e-06
9.8635090401e-06
9.8471454002e-06
9.8307817603e-06
9.8144181204e-06
9.7980544805e-06
9.7816908406e-06
9.7653272207e-06
9.7325999409e-06
9.7325999409e-06
9.705933281e-06
9.6792666012e-06
9.6525999413e-06
9.6259332815e-06
9.5725999418e-06
9.5725999418e-06
9.5539332819e-06
9.535266602e-06
9.5165999422e-06
9.4979332823e-06
9.4792666024e-06
9.4605999425e-06
9.4419332826e-06
9.4232666027e-06
9.4045999428e-06
9.385933283e-06
9.3672666031e-06
9.3485999432e-06
9.3299332833e-06
9.2925999435e-06
9.2925999435e-06
9.2768856636e-06
9.2611713637e-06
9.2454570838e-06
9.2297428039e-06
9.214028524e-06
9.1983142241e-06
9.1825999442e-06
9.1668856643e-06
9.1511713644e-06
9.1354570845e-06
9.1197428046e-06
9.1040285247e-06
9.0725999449e-06
9.0725999449e-06
9.0625999449e-06
9.052599945e-06
9.042599945e-06
9.0325999451e-06
9.0225999452e-06
9.0125999452e-06
9.0025999453e-06
8.9925999453e-06
8.9725999455e-06
8.9725999455e-06
8.9550999456e-06
8.9375999457e-06
8.9200999458e-06
8.9025999459e-06
8.885099946e-06
8.8675999461e-06
8.8325999463e-06
8.8325999463e-06
8.8205999464e-06
8.8085999465e-06
8.7965999465e-06
8.7725999467e-06
8.7725999467e-06
8.7725999467e-06
8.7725999467e-06
8.7725999467e-06
8.7725999467e-06
8.7725999467e-06
8.7725999467e-06
8.7892666066e-06
8.8059332865e-06
8.8225999464e-06
8.8392666063e-06
8.8725999461e-06
8.8725999461e-06
8.8559332862e-06
8.8392666063e-06
8.8225999464e-06
8.8059332865e-06
8.7725999467e-06
8.6725999473e-06
8.6725999473e-06
8.6645999473e-06
8.6565999474e-06
8.6485999474e-06
8.6405999475e-06
8.6325999475e-06
8.6245999476e-06
8.6165999476e-06
8.6085999477e-06
8.6005999477e-06
8.5925999478e-06
8.5845999478e-06
8.5765999479e-06
8.5685999479e-06
8.552599948e-06
8.552599948e-06
8.552599948e-06
8.552599948e-06
8.552599948e-06
8.552599948e-06
8.552599948e-06
8.552599948e-06
8.556599948e-06
8.560599948e-06
8.5645999479e-06
8.5725999479e-06
8.5725999479e-06
8.6325999475e-06
8.6925999472e-06
8.8125999464e-06
8.8125999464e-06
8.8040285265e-06
8.7954570865e-06
8.7868856666e-06
8.7783142267e-06
8.7697428067e-06
8.7525999468e-06
8.7525999468e-06
8.727599947e-06
8.7025999471e-06
8.6775999473e-06
8.6525999474e-06
8.6275999476e-06
8.6025999477e-06
8.552599948e-06
8.552599948e-06
8.5375999481e-06
8.5225999482e-06
8.4925999484e-06
8.4925999484e-06
8.4925999484e-06
8.4925999484e-06
8.4925999484e-06
8.4925999484e-06
8.4925999484e-06
8.4925999484e-06
8.4925999484e-06
8.4925999484e-06
8.4925999484e-06
8.4925999484e-06
8.4925999484e-06
8.4925999484e-06
8.4925999484e-06
8.4925999484e-06
8.4925999484e-06
8.4945999484e-06
8.4965999484e-06
8.4985999484e-06
8.5005999483e-06
8.5025999483e-06
8.5045999483e-06
8.5065999483e-06
8.5085999483e-06
8.5125999483e-06
8.5125999483e-06
8.5109332883e-06
8.5092666083e-06
8.5075999483e-06
8.5059332883e-06
8.5042666083e-06
8.5025999483e-06
8.5009332883e-06
8.4992666083e-06
8.4975999484e-06
8.4959332884e-06
8.4925999484e-06
8.4925999484e-06
8.4965999484e-06
8.5005999483e-06
8.5045999483e-06
8.5085999483e-06
8.5125999483e-06
8.5165999482e-06
8.5205999482e-06
8.5245999482e-06
8.5325999481e-06
8.5325999481e-06
8.5365999481e-06
8.5405999481e-06
8.5445999481e-06
8.548599948e-06
8.552599948e-06
8.556599948e-06
8.560599948e-06
8.5645999479e-06
8.5725999479e-06
8.5725999479e-06
8.5725999479e-06
8.5725999479e-06
8.5725999479e-06
8.5725999479e-06
8.5725999479e-06
8.5725999479e-06
8.5725999479e-06
8.5780544879e-06
8.5835090478e-06
8.5889635878e-06
8.5944181278e-06
8.5998726677e-06
8.6053272277e-06
8.6107817677e-06
8.6162363076e-06
8.6216908476e-06
8.6325999475e-06
8.6325999475e-06
8.6392666075e-06
8.6459332875e-06
8.6525999474e-06
8.6592666074e-06
8.6725999473e-06
8.6725999473e-06
8.6659332873e-06
8.6592666074e-06
8.6525999474e-06
8.6459332875e-06
8.6325999475e-06
8.6325999475e-06
8.6192666076e-06
8.6059332877e-06
8.5925999478e-06
8.5792666079e-06
8.552599948e-06
8.552599948e-06
8.555933288e-06
8.559266608e-06
8.562599948e-06
8.5659332879e-06
8.5692666079e-06
8.5725999479e-06
8.5759332879e-06
8.5792666079e-06
8.5825999478e-06
8.5859332878e-06
8.5925999478e-06
8.5925999478e-06
8.6068856677e-06
8.6211713676e-06
8.6354570875e-06
8.6497428074e-06
8.6640285273e-06
8.6925999472e-06
8.6925999472e-06
8.7032666071e-06
8.713933287e-06
8.724599947e-06
8.7352666069e-06
8.7459332868e-06
8.7565999468e-06
8.7672666067e-06
8.7779332867e-06
8.7885999466e-06
8.7992666065e-06
8.8099332865e-06
8.8205999464e-06
8.8312666063e-06
8.8525999462e-06
8.8525999462e-06
8.8556768662e-06
8.8587537862e-06
8.8618307061e-06
8.8649076461e-06
8.8679845661e-06
8.8710614861e-06
8.8741384061e-06
8.877215326e-06
8.880292246e-06
8.883369186e-06
8.886446106e-06
8.892599946e-06
8.892599946e-06
8.892599946e-06
8.892599946e-06
8.892599946e-06
8.892599946e-06
8.892599946e-06
8.892599946e-06
8.892599946e-06
8.892599946e-06
8.892599946e-06
8.892599946e-06
8.892599946e-06
8.892599946e-06
8.892599946e-06
8.892599946e-06
8.886885666e-06
8.881171366e-06
8.8754570861e-06
8.8697428061e-06
8.8640285261e-06
8.8525999462e-06
8.8525999462e-06
8.8494420462e-06
8.8462841662e-06
8.8431262663e-06
8.8399683663e-06
8.8368104663e-06
8.8336525863e-06
8.8304946863e-06
8.8273367864e-06
8.8241788864e-06
8.8210210064e-06
8.8178631064e-06
8.8147052064e-06
8.8115473064e-06
8.8083894265e-06
8.8052315265e-06
8.8020736265e-06
8.7989157265e-06
8.7925999466e-06
8.7925999466e-06
8.7892666066e-06
8.7859332866e-06
8.7825999466e-06
8.7792666066e-06
8.7759332867e-06
8.7725999467e-06
8.7692666067e-06
8.7659332867e-06
8.7625999467e-06
8.7592666068e-06
8.7525999468e-06
8.7525999468e-06
8.7392666069e-06
8.725933287e-06
8.712599947e-06
8.6992666071e-06
8.6725999473e-06
8.6725999473e-06
8.6637110673e-06
8.6548221674e-06
8.6459332875e-06
8.6370443875e-06
8.6281555076e-06
8.6192666076e-06
8.6103777277e-06
8.5925999478e-06
8.5925999478e-06
8.5805999479e-06
8.5685999479e-06
8.556599948e-06
8.5325999481e-06
8.5325999481e-06
8.5183142282e-06
8.5040285283e-06
8.4897428084e-06
8.4754570885e-06
8.4611713686e-06
8.4325999488e-06
8.4325999488e-06
8.4183142288e-06
8.4040285289e-06
8.389742809e-06
8.3754570891e-06
8.3611713692e-06
8.3325999494e-06
8.3325999494e-06
8.3362363093e-06
8.3398726693e-06
8.3435090493e-06
8.3471454093e-06
8.3507817692e-06
8.3544181292e-06
8.3580544892e-06
8.3616908492e-06
8.3653272292e-06
8.3725999491e-06
8.3725999491e-06
8.3825999491e-06
8.392599949e-06
8.4025999489e-06
8.4125999489e-06
8.4225999488e-06
8.4325999488e-06
8.4425999487e-06
8.4525999486e-06
8.4725999485e-06
8.4725999485e-06
8.4871454084e-06
8.5016908483e-06
8.5162363082e-06
8.5307817682e-06
8.5453272281e-06
8.559872668e-06
8.5744181279e-06
8.5889635878e-06
8.6035090477e-06
8.6325999475e-06
8.6325999475e-06
8.6107817677e-06
8.5889635878e-06
8.5671454079e-06
8.5453272281e-06
8.5235090482e-06
8.5016908483e-06
8.4798726685e-06
8.4580544886e-06
8.4362363087e-06
8.392599949e-06
8.3725999491e-06
8.3725999491e-06
8.3725999491e-06
8.3725999491e-06
8.3665999492e-06
8.3605999492e-06
8.3545999492e-06
8.3485999493e-06
8.3425999493e-06
8.3365999493e-06
8.3305999494e-06
8.3245999494e-06
8.3125999495e-06
8.3125999495e-06
8.3014888295e-06
8.2903777296e-06
8.2792666097e-06
8.2681555098e-06
8.2570443898e-06
8.2459332899e-06
8.23482217e-06
8.2125999501e-06
8.2125999501e-06
8.1970443902e-06
8.1814888303e-06
8.1659332904e-06
8.1503777305e-06
8.1348221706e-06
8.1192666107e-06
8.1037110707e-06
8.0725999509e-06
8.0725999509e-06
8.060599951e-06
8.0485999511e-06
8.0365999512e-06
8.0245999512e-06
8.0125999513e-06
8.0005999514e-06
7.9885999514e-06
7.9765999515e-06
7.9645999516e-06
7.9525999517e-06
7.9405999517e-06
7.9285999518e-06
7.9165999519e-06
7.892599952e-06
7.892599952e-06
7.8840285321e-06
7.8754570921e-06
7.8668856722e-06
7.8583142322e-06
7.8497428123e-06
7.8325999524e-06
7.8325999524e-06
7.8205999525e-06
7.8085999525e-06
7.7965999526e-06
7.7725999528e-06
7.7725999528e-06
7.232599956e-06
7.232599956e-06
7.2095230362e-06
7.1864461163e-06
7.1633691965e-06
7.1402922566e-06
7.1172153367e-06
7.0941384169e-06
7.071061497e-06
7.0479845772e-06
7.0249076573e-06
7.0018307174e-06
6.9787537976e-06
6.9325999579e-06
6.9325999579e-06
6.8954570981e-06
6.8583142383e-06
6.8211713785e-06
6.7840285388e-06
6.746885679e-06
6.6725999594e-06
6.6725999594e-06
6.6359332997e-06
6.5992666199e-06
6.5625999601e-06
6.5259333003e-06
6.4525999608e-06
6.4525999608e-06
6.4365999609e-06
6.420599961e-06
6.4045999611e-06
6.3725999613e-06
6.3725999613e-06
6.3645999613e-06
6.3565999614e-06
6.3485999614e-06
6.3325999615e-06
6.3325999615e-06
6.3103777416e-06
6.2881555218e-06
6.2659333019e-06
6.2437110821e-06
6.2214888422e-06
6.1992666223e-06
6.1770444025e-06
6.1325999627e-06
6.1325999627e-06
6.1218307228e-06
6.1110615029e-06
6.1002922629e-06
6.089523043e-06
6.0787538031e-06
6.0679845831e-06
6.0572153432e-06
6.0464461233e-06
6.0356768833e-06
6.0249076634e-06
6.0141384234e-06
5.9925999636e-06
5.9925999636e-06
5.9125999641e-06
5.9125999641e-06
5.8725999643e-06
5.7925999648e-06
5.7925999648e-06
5.7485999651e-06
5.7045999653e-06
5.6605999656e-06
5.5725999661e-06
5.5725999661e-06
5.5365999664e-06
5.5005999666e-06
5.4645999668e-06
5.3925999672e-06
5.3925999672e-06
5.3775999673e-06
5.3625999674e-06
5.3325999676e-06
5.3325999676e-06
5.3232666276e-06
5.3139333077e-06
5.3045999678e-06
5.2952666278e-06
5.2859333079e-06
5.2765999679e-06
5.267266628e-06
5.257933308e-06
5.2485999681e-06
5.2392666282e-06
5.2299333082e-06
5.2205999683e-06
5.2112666283e-06
5.1925999684e-06
5.1925999684e-06
5.1909333085e-06
5.1892666285e-06
5.1875999685e-06
5.1859333085e-06
5.1842666285e-06
5.1825999685e-06
5.1809333085e-06
5.1792666285e-06
5.1775999685e-06
5.1759333085e-06
5.1725999686e-06
5.1725999686e-06
5.1692666286e-06
5.1659333086e-06
5.1625999686e-06
5.1592666286e-06
5.1559333087e-06
5.1525999687e-06
5.1492666287e-06
5.1459333087e-06
5.1425999687e-06
5.1392666288e-06
5.1325999688e-06
5.1325999688e-06
5.1325999688e-06
5.1325999688e-06
5.1325999688e-06
5.1325999688e-06
5.1325999688e-06
5.1325999688e-06
5.1325999688e-06
5.1325999688e-06
5.1325999688e-06
5.1325999688e-06
5.1325999688e-06
5.1325999688e-06
5.1325999688e-06
5.1325999688e-06
5.1325999688e-06
5.1325999688e-06
5.1325999688e-06
5.1325999688e-06
5.1325999688e-06
5.1325999688e-06
5.1325999688e-06
5.1325999688e-06
5.1325999688e-06
5.1325999688e-06
5.1325999688e-06
5.1325999688e-06
5.1325999688e-06
5.1325999688e-06
5.1325999688e-06
5.1325999688e-06
5.1325999688e-06
5.1325999688e-06
5.1325999688e-06
5.1325999688e-06
5.1325999688e-06
5.1325999688e-06
5.1325999688e-06
5.1325999688e-06
5.1214888489e-06
5.1103777489e-06
5.099266629e-06
5.0881555291e-06
5.0770444091e-06
5.0659333092e-06
5.0548221893e-06
5.0325999694e-06
5.0325999694e-06
5.0225999695e-06
5.0125999695e-06
5.0025999696e-06
4.9925999697e-06
4.9825999697e-06
4.9725999698e-06
4.9625999698e-06
4.9525999699e-06
4.94259997e-06
4.93259997e-06
4.9125999701e-06
4.9125999701e-06
4.8992666302e-06
4.8859333103e-06
4.8725999704e-06
4.8592666305e-06
4.8325999706e-06
4.8325999706e-06
4.8325999706e-06
4.8325999706e-06
4.8325999706e-06
4.8325999706e-06
4.8325999706e-06
4.8325999706e-06
4.8356768906e-06
4.8387538106e-06
4.8418307306e-06
4.8449076706e-06
4.8479845905e-06
4.8510615105e-06
4.8541384305e-06
4.8572153505e-06
4.8602922705e-06
4.8633692104e-06
4.8664461304e-06
4.8725999704e-06
4.8725999704e-06
4.8925999703e-06
4.9125999701e-06
4.9525999699e-06
4.9525999699e-06
4.9681555298e-06
4.9837110897e-06
4.9992666296e-06
5.0148221895e-06
5.0303777494e-06
5.0459333093e-06
5.0614888492e-06
5.092599969e-06
5.092599969e-06
5.101171389e-06
5.1097428289e-06
5.1183142489e-06
5.1268856888e-06
5.1354571088e-06
5.1440285487e-06
5.1525999687e-06
5.1611713886e-06
5.1697428286e-06
5.1783142485e-06
5.1868856885e-06
5.1954571084e-06
5.2125999683e-06
5.2125999683e-06
5.2165999683e-06
5.2205999683e-06
5.2245999682e-06
5.2325999682e-06
5.2325999682e-06
5.2405999682e-06
5.2485999681e-06
5.2565999681e-06
5.272599968e-06
5.272599968e-06
5.2925999678e-06
5.3125999677e-06
5.3325999676e-06
5.3725999673e-06
5.3725999673e-06
5.3792666273e-06
5.3925999672e-06
5.3925999672e-06
5.4065999671e-06
5.4205999671e-06
5.434599967e-06
5.4485999669e-06
5.4625999668e-06
5.4765999667e-06
5.4905999666e-06
5.5045999665e-06
5.5325999664e-06
5.5325999664e-06
5.5445999663e-06
5.5565999662e-06
5.5685999662e-06
5.5805999661e-06
5.592599966e-06
5.6045999659e-06
5.6165999659e-06
5.6285999658e-06
5.6525999656e-06
5.6525999656e-06
5.6725999655e-06
5.6925999654e-06
5.7125999653e-06
5.752599965e-06
5.752599965e-06
5.8125999647e-06
5.8725999643e-06
5.9325999639e-06
6.0525999632e-06
6.0525999632e-06
6.1175999628e-06
6.1825999624e-06
6.3125999616e-06
6.3125999616e-06
6.3525999614e-06
6.4325999609e-06
6.4325999609e-06
6.4325999609e-06
6.4268856809e-06
6.421171381e-06
6.415457101e-06
6.409742821e-06
6.4040285411e-06
6.3925999611e-06
6.3925999611e-06
6.3525999614e-06
6.2725999619e-06
6.2725999619e-06
6.1859333024e-06
6.0125999635e-06
6.0125999635e-06
6.0125999635e-06
6.0125999635e-06
6.0175999634e-06
6.0225999634e-06
6.0275999634e-06
6.0325999633e-06
6.0375999633e-06
6.0425999633e-06
6.0475999632e-06
6.0525999632e-06
6.0575999632e-06
6.0625999632e-06
6.0725999631e-06
6.0725999631e-06
6.085933303e-06
6.0992666229e-06
6.1125999629e-06
6.1259333028e-06
6.1525999626e-06
6.1525999626e-06
6.1625999625e-06
6.1725999625e-06
6.1825999624e-06
6.1925999624e-06
6.2025999623e-06
6.2125999622e-06
6.2225999622e-06
6.2325999621e-06
6.252599962e-06
6.252599962e-06
6.257599962e-06
6.2625999619e-06
6.2725999619e-06
6.2725999619e-06
6.2772153419e-06
6.2818307218e-06
6.2864461218e-06
6.2910615018e-06
6.2956768817e-06
6.3002922617e-06
6.3049076617e-06
6.3095230417e-06
6.3141384216e-06
6.3187538016e-06
6.3233692016e-06
6.3325999615e-06
6.3325999615e-06
6.3485999614e-06
6.3645999613e-06
6.3805999612e-06
6.3965999611e-06
6.412599961e-06
6.4285999609e-06
6.4445999608e-06
6.4605999607e-06
6.4925999605e-06
6.4925999605e-06
6.5159333004e-06
6.5392666203e-06
6.5625999601e-06
6.5859333e-06
6.6325999597e-06
6.6325999597e-06
6.6505999596e-06
6.6685999595e-06
6.6865999594e-06
6.7045999593e-06
6.7225999591e-06
6.740599959e-06
6.7585999589e-06
6.7765999588e-06
6.8125999586e-06
6.8125999586e-06
6.8325999585e-06
6.8525999584e-06
6.8725999582e-06
6.912599958e-06
6.912599958e-06
6.9365999578e-06
6.9605999577e-06
6.9845999576e-06
7.0325999573e-06
7.0325999573e-06
7.068599957e-06
7.1045999568e-06
7.1405999566e-06
7.1765999564e-06
7.2125999562e-06
7.2485999559e-06
7.2845999557e-06
7.3205999555e-06
7.3925999551e-06
7.3925999551e-06
7.4405999548e-06
7.4885999545e-06
7.5365999542e-06
7.6325999536e-06
7.6325999536e-06
7.6859332933e-06
7.7925999526e-06
7.8725999522e-06
7.8725999522e-06
7.905933292e-06
7.9725999515e-06
7.9725999515e-06
7.9671454116e-06
7.9616908516e-06
7.9562363116e-06
7.9507817717e-06
7.9453272317e-06
7.9398726717e-06
7.9344181318e-06
7.9289635918e-06
7.9235090518e-06
7.9180544919e-06
7.9125999519e-06
7.9071454119e-06
7.901690852e-06
7.896236312e-06
7.890781772e-06
7.8853272321e-06
7.8798726721e-06
7.8744181321e-06
7.8689635922e-06
7.8635090522e-06
7.8525999523e-06
7.8525999523e-06
7.8475999523e-06
7.8425999523e-06
7.8375999524e-06
7.8325999524e-06
7.8275999524e-06
7.8225999525e-06
7.8125999525e-06
7.8125999525e-06
7.8045999526e-06
7.7965999526e-06
7.7885999527e-06
7.7725999528e-06
7.7725999528e-06
7.7625999528e-06
7.7525999529e-06
7.7425999529e-06
7.732599953e-06
7.7125999531e-06
7.7125999531e-06
7.7125999531e-06
7.7125999531e-06
7.7125999531e-06
7.7125999531e-06
7.7125999531e-06
7.7125999531e-06
7.7125999531e-06
7.7125999531e-06
7.7125999531e-06
7.7125999531e-06
7.7125999531e-06
7.7125999531e-06
7.7125999531e-06
7.7125999531e-06
7.7125999531e-06
7.7125999531e-06
7.7125999531e-06
7.7125999531e-06
7.7125999531e-06
7.7125999531e-06
7.7125999531e-06
7.7125999531e-06
7.7125999531e-06
7.7125999531e-06
7.7192666131e-06
7.725933293e-06
7.732599953e-06
7.739266613e-06
7.7525999529e-06
7.7525999529e-06
7.7503777329e-06
7.7481555129e-06
7.7459332929e-06
7.7437110729e-06
7.741488833e-06
7.739266613e-06
7.737044393e-06
7.732599953e-06
7.732599953e-06
7.7159332931e-06
7.6992666132e-06
7.6825999533e-06
7.6659332934e-06
7.6325999536e-06
7.6325999536e-06
7.6081555138e-06
7.5837110739e-06
7.5592666141e-06
7.5348221742e-06
7.5103777344e-06
7.4859332945e-06
7.4614888347e-06
7.412599955e-06
7.412599955e-06
7.3799683751e-06
7.3473367953e-06
7.3147052155e-06
7.2820736357e-06
7.2494420559e-06
7.2168104761e-06
7.1841788963e-06
7.1515473165e-06
7.1189157367e-06
7.0862841769e-06
7.0536525971e-06
7.0210210173e-06
6.9883894375e-06
6.9557578577e-06
6.9231262779e-06
6.8904946981e-06
6.8578631183e-06
6.7925999587e-06
6.7925999587e-06
6.752599959e-06
6.7125999592e-06
6.6725999594e-06
6.6325999597e-06
6.5925999599e-06
6.5125999604e-06
6.5125999604e-06
6.4725999607e-06
6.4325999609e-06
6.3525999614e-06
6.3525999614e-06
6.3185999616e-06
6.2845999618e-06
6.250599962e-06
6.2165999622e-06
6.1825999624e-06
6.1485999626e-06
6.1145999628e-06
6.080599963e-06
6.0125999635e-06
6.0125999635e-06
6.0071454235e-06
6.0016908635e-06
5.9962363236e-06
5.9907817836e-06
5.9853272436e-06
5.9798726837e-06
5.9744181437e-06
5.9689636037e-06
5.9635090638e-06
5.9525999638e-06
5.9525999638e-06
5.9507817838e-06
5.9489636038e-06
5.9471454239e-06
5.9453272439e-06
5.9435090639e-06
5.9416908639e-06
5.9398726839e-06
5.9380545039e-06
5.9362363239e-06
5.9325999639e-06
5.9325999639e-06
5.9398726839e-06
5.9471454239e-06
5.9544181438e-06
5.9616908638e-06
5.9689636037e-06
5.9762363237e-06
5.9835090636e-06
5.9907817836e-06
5.9980545035e-06
6.0125999635e-06
6.0125999635e-06
6.0175999634e-06
6.0225999634e-06
6.0275999634e-06
6.0325999633e-06
6.0375999633e-06
6.0425999633e-06
6.0475999632e-06
6.0525999632e-06
6.0575999632e-06
6.0625999632e-06
6.0675999631e-06
6.0725999631e-06
6.0775999631e-06
6.082599963e-06
6.092599963e-06
6.092599963e-06
6.0987538029e-06
6.1049076629e-06
6.1110615029e-06
6.1172153428e-06
6.1233692028e-06
6.1295230427e-06
6.1356768827e-06
6.1418307227e-06
6.1479845826e-06
6.1541384226e-06
6.1602922626e-06
6.1725999625e-06
6.1725999625e-06
6.1910615024e-06
6.2095230423e-06
6.2279845821e-06
6.246446122e-06
6.2649076619e-06
6.2833692018e-06
6.3018307217e-06
6.3202922616e-06
6.3387538015e-06
6.3572153414e-06
6.3756768813e-06
6.412599961e-06
6.412599961e-06
6.415933301e-06
6.419266621e-06
6.422599961e-06
6.4259333009e-06
6.4325999609e-06
6.4325999609e-06
6.4288499609e-06
6.425099961e-06
6.421349961e-06
6.417599961e-06
6.413849961e-06
6.410099961e-06
6.4063499611e-06
6.4025999611e-06
6.3988499611e-06
6.3950999611e-06
6.3913499612e-06
6.3875999612e-06
6.3838499612e-06
6.3800999612e-06
6.3725999613e-06
6.3725999613e-06
6.3692666213e-06
6.3659333013e-06
6.3625999613e-06
6.3592666214e-06
6.3559333014e-06
6.3525999614e-06
6.3492666214e-06
6.3459333014e-06
6.3425999615e-06
6.3392666215e-06
6.3325999615e-06
6.3325999615e-06
6.3187538016e-06
6.3049076617e-06
6.2910615018e-06
6.2772153419e-06
6.2633692019e-06
6.249523042e-06
6.2356768821e-06
6.2218307222e-06
6.2079845823e-06
6.1941384224e-06
6.1802922624e-06
6.1525999626e-06
6.1525999626e-06
6.1585999626e-06
6.1645999625e-06
6.1705999625e-06
6.1765999625e-06
6.1825999624e-06
6.1885999624e-06
6.1945999624e-06
6.2005999623e-06
6.2125999622e-06
6.2125999622e-06
6.2354571021e-06
6.258314242e-06
6.2811713818e-06
6.3040285417e-06
6.3268856815e-06
6.3497428214e-06
6.3725999613e-06
6.3954571011e-06
6.418314241e-06
6.4411713809e-06
6.4640285407e-06
6.4868856806e-06
6.5325999603e-06
6.5325999603e-06
6.5485999602e-06
6.5645999601e-06
6.58059996e-06
6.6125999598e-06
6.6125999598e-06
6.6287904397e-06
6.6449809196e-06
6.6611713795e-06
6.6773618594e-06
6.6935523393e-06
6.7097428192e-06
6.7259332991e-06
6.742123759e-06
6.7583142389e-06
6.7745047188e-06
6.7906951987e-06
6.8068856786e-06
6.8230761585e-06
6.8392666184e-06
6.8554570983e-06
6.8716475782e-06
6.8878380581e-06
6.904028538e-06
6.9202189979e-06
6.9525999577e-06
6.9525999577e-06
6.9798726776e-06
7.0071454174e-06
7.0344181372e-06
7.0616908571e-06
7.0889635969e-06
7.1162363168e-06
7.1435090566e-06
7.1707817764e-06
7.1980544963e-06
7.2525999559e-06
7.2525999559e-06
7.2665999558e-06
7.2805999558e-06
7.2945999557e-06
7.3085999556e-06
7.3225999555e-06
7.3365999554e-06
7.3505999553e-06
7.3645999552e-06
7.3925999551e-06
7.3925999551e-06
7.4165999549e-06
7.4405999548e-06
7.4645999546e-06
7.4885999545e-06
7.5125999543e-06
7.5365999542e-06
7.5605999541e-06
7.5845999539e-06
7.6325999536e-06
7.6325999536e-06
7.6592666135e-06
7.7125999531e-06
7.7125999531e-06
7.6792666133e-06
7.6459332935e-06
7.6125999537e-06
7.5792666139e-06
7.5459332941e-06
7.5125999543e-06
7.4792666145e-06
7.412599955e-06
7.412599955e-06
7.3885999551e-06
7.3645999552e-06
7.3405999554e-06
7.3165999555e-06
7.2925999557e-06
7.2685999558e-06
7.244599956e-06
7.2205999561e-06
7.1725999564e-06
7.1725999564e-06
7.1437110766e-06
7.1148221768e-06
7.0859332969e-06
7.0570443971e-06
7.0281555173e-06
6.9992666175e-06
6.9703777376e-06
6.912599958e-06
6.912599958e-06
6.8814888382e-06
6.8503777384e-06
6.8192666186e-06
6.7881555187e-06
6.7570443989e-06
6.7259332991e-06
6.6948221793e-06
6.6325999597e-06
6.6325999597e-06
6.5992666199e-06
6.5659333001e-06
6.5325999603e-06
6.4992666205e-06
6.4325999609e-06
6.4325999609e-06
6.4365999609e-06
6.4405999609e-06
6.4445999608e-06
6.4485999608e-06
6.4525999608e-06
6.4565999608e-06
6.4605999607e-06
6.4645999607e-06
6.4725999607e-06
6.4725999607e-06
6.4787538006e-06
6.4849076606e-06
6.4910615006e-06
6.4972153405e-06
6.5033692005e-06
6.5095230404e-06
6.5156768804e-06
6.5218307204e-06
6.5279845803e-06
6.5341384203e-06
6.5402922603e-06
6.5525999602e-06
6.5525999602e-06
6.5549529002e-06
6.5573058401e-06
6.5596587801e-06
6.5620117201e-06
6.5643646601e-06
6.5667176001e-06
6.5690705401e-06
6.5714234801e-06
6.57377644e-06
6.57612938e-06
6.57848232e-06
6.58083526e-06
6.5831882e-06
6.58554114e-06
6.58789408e-06
6.5925999599e-06
6.5925999599e-06
6.6000999599e-06
6.6075999598e-06
6.6150999598e-06
6.6225999598e-06
6.6300999597e-06
6.6375999597e-06
6.6525999596e-06
6.6525999596e-06
6.6592666195e-06
6.6725999594e-06
6.6725999594e-06
6.6810210194e-06
6.6894420593e-06
6.6978631193e-06
6.7062841792e-06
6.7147052192e-06
6.7231262791e-06
6.7315473191e-06
6.739968379e-06
6.748389439e-06
6.7568104789e-06
6.7652315389e-06
6.7736525988e-06
6.7820736388e-06
6.7904946987e-06
6.7989157387e-06
6.8073367986e-06
6.8157578586e-06
6.8325999585e-06
6.8325999585e-06
6.8388499584e-06
6.8450999584e-06
6.8513499584e-06
6.8575999583e-06
6.8638499583e-06
6.8700999582e-06
6.8763499582e-06
6.8825999582e-06
6.8888499581e-06
6.8950999581e-06
6.9013499581e-06
6.907599958e-06
6.913849958e-06
6.9200999579e-06
6.9325999579e-06
6.9325999579e-06
6.9361293778e-06
6.9396587778e-06
6.9431881978e-06
6.9467175978e-06
6.9502470178e-06
6.9537764377e-06
6.9573058377e-06
6.9608352577e-06
6.9643646577e-06
6.9678940777e-06
6.9714234776e-06
6.9749528976e-06
6.9784823176e-06
6.9820117176e-06
6.9855411375e-06
6.9925999575e-06
6.9925999575e-06
6.9916475775e-06
6.9906951975e-06
6.9897428175e-06
6.9887904375e-06
6.9878380575e-06
6.9868856775e-06
6.9859332975e-06
6.9849809175e-06
6.9840285376e-06
6.9830761576e-06
6.9821237576e-06
6.9811713776e-06
6.9802189976e-06
6.9792666176e-06
6.9783142376e-06
6.9773618576e-06
6.9764094776e-06
6.9754570976e-06
6.9745047176e-06
6.9725999576e-06
6.9725999576e-06
6.9650999577e-06
6.9575999577e-06
6.9500999578e-06
6.9425999578e-06
6.9350999579e-06
6.9275999579e-06
6.9200999579e-06
6.912599958e-06
6.905099958e-06
6.8975999581e-06
6.8900999581e-06
6.8825999582e-06
6.8750999582e-06
6.8675999583e-06
6.8525999584e-06
6.8525999584e-06
6.8440285384e-06
6.8354570985e-06
6.8268856785e-06
6.8183142386e-06
6.8097428186e-06
6.8011713787e-06
6.7925999587e-06
6.7840285388e-06
6.7754570988e-06
6.7668856789e-06
6.7583142389e-06
6.749742819e-06
6.7325999591e-06
6.7325999591e-06
6.7202922592e-06
6.7079845792e-06
6.6956768793e-06
6.6833691994e-06
6.6710614995e-06
6.6587537995e-06
6.6464461196e-06
6.6341384197e-06
6.6218307198e-06
6.6095230398e-06
6.5972153399e-06
6.5725999601e-06
6.5725999601e-06
6.5712666201e-06
6.5699333001e-06
6.5685999601e-06
6.5672666201e-06
6.5659333001e-06
6.5645999601e-06
6.5632666201e-06
6.5619333001e-06
6.5605999601e-06
6.5592666201e-06
6.5579333001e-06
6.5565999602e-06
6.5552666202e-06
6.5525999602e-06
6.5525999602e-06
6.5583142401e-06
6.5640285401e-06
6.5697428201e-06
6.5754571e-06
6.58117138e-06
6.5925999599e-06
6.5925999599e-06
6.6185999598e-06
6.6445999596e-06
6.6705999595e-06
6.6965999593e-06
6.7225999591e-06
6.748599959e-06
6.7745999588e-06
6.8005999587e-06
6.8525999584e-06
6.8525999584e-06
6.8705999582e-06
6.8885999581e-06
6.906599958e-06
6.9245999579e-06
6.9425999578e-06
6.9605999577e-06
6.9785999576e-06
6.9965999575e-06
7.0325999573e-06
7.0325999573e-06
7.0642666171e-06
7.0959332969e-06
7.1275999567e-06
7.1592666165e-06
7.1909332963e-06
7.2225999561e-06
7.2542666159e-06
7.2859332957e-06
7.3175999555e-06
7.3492666153e-06
7.412599955e-06
7.412599955e-06
7.4459332947e-06
7.4792666145e-06
7.5125999543e-06
7.5459332941e-06
7.5792666139e-06
7.6125999537e-06
7.6459332935e-06
7.6792666133e-06
7.7125999531e-06
7.7459332929e-06
7.7792666127e-06
7.8125999525e-06
7.8459332923e-06
7.9125999519e-06
7.9125999519e-06
7.9675999516e-06
8.0225999512e-06
8.1325999506e-06
8.1325999506e-06
8.1225999506e-06
8.1125999507e-06
8.1025999508e-06
8.0925999508e-06
8.0825999509e-06
8.0725999509e-06
8.0525999511e-06
8.0525999511e-06
8.0309332912e-06
8.0092666113e-06
7.9875999515e-06
7.9659332916e-06
7.9442666117e-06
7.9225999519e-06
7.900933292e-06
7.8792666121e-06
7.8575999522e-06
7.8359332924e-06
7.7925999526e-06
7.7925999526e-06
7.7770443927e-06
7.7614888328e-06
7.7459332929e-06
7.730377733e-06
7.7148221731e-06
7.6992666132e-06
7.6837110733e-06
7.6525999535e-06
7.6525999535e-06
7.6450999535e-06
7.6375999536e-06
7.6300999536e-06
7.6225999537e-06
7.6150999537e-06
7.6075999538e-06
7.6000999538e-06
7.5925999539e-06
7.5850999539e-06
7.5775999539e-06
7.570099954e-06
7.562599954e-06
7.5550999541e-06
7.5475999541e-06
7.5325999542e-06
7.5325999542e-06
7.5275999543e-06
7.5225999543e-06
7.5175999543e-06
7.5125999543e-06
7.5075999544e-06
7.5025999544e-06
7.4975999544e-06
7.4925999545e-06
7.4875999545e-06
7.4825999545e-06
7.4775999546e-06
7.4725999546e-06
7.4675999546e-06
7.4625999546e-06
7.4525999547e-06
7.4525999547e-06
7.4445999548e-06
7.4365999548e-06
7.4285999549e-06
7.4205999549e-06
7.412599955e-06
7.404599955e-06
7.396599955e-06
7.3885999551e-06
7.3805999551e-06
7.3725999552e-06
7.3645999552e-06
7.3565999553e-06
7.3485999553e-06
7.3405999554e-06
7.3325999554e-06
7.3245999555e-06
7.3165999555e-06
7.3085999556e-06
7.3005999556e-06
7.2925999557e-06
7.2845999557e-06
7.2765999558e-06
7.2685999558e-06
7.2525999559e-06
7.2525999559e-06
7.2525999559e-06
7.245099956e-06
7.237599956e-06
7.2300999561e-06
7.2225999561e-06
7.2150999562e-06
7.2075999562e-06
7.2000999562e-06
7.1925999563e-06
7.1850999563e-06
7.1775999564e-06
7.1700999564e-06
7.1625999565e-06
7.1550999565e-06
7.1475999566e-06
7.1325999567e-06
7.1325999567e-06
7.1275999567e-06
7.1225999567e-06
7.1175999567e-06
7.1125999568e-06
7.1075999568e-06
7.1025999568e-06
7.0975999569e-06
7.0925999569e-06
7.0875999569e-06
7.082599957e-06
7.072599957e-06
7.072599957e-06
7.069070537e-06
7.0655411371e-06
7.0620117171e-06
7.0584823171e-06
7.0549528971e-06
7.0514234771e-06
7.0478940772e-06
7.0443646572e-06
7.0408352572e-06
7.0373058372e-06
7.0337764373e-06
7.0302470173e-06
7.0267175973e-06
7.0231881973e-06
7.0196587773e-06
7.0125999574e-06
7.0125999574e-06
7.0125999574e-06
7.0125999574e-06
7.0125999574e-06
7.0125999574e-06
7.0125999574e-06
7.0125999574e-06
7.0125999574e-06
7.0125999574e-06
7.0125999574e-06
7.0125999574e-06
7.0125999574e-06
7.0125999574e-06
7.0125999574e-06
7.0125999574e-06
7.0125999574e-06
7.0125999574e-06
7.0125999574e-06
7.0125999574e-06
7.0125999574e-06
7.0125999574e-06
7.0125999574e-06
7.0125999574e-06
7.0125999574e-06
7.0125999574e-06
7.0125999574e-06
7.0125999574e-06
7.0125999574e-06
7.0125999574e-06
7.0125999574e-06
7.0125999574e-06
7.0125999574e-06
7.0125999574e-06
7.0125999574e-06
7.0125999574e-06
7.0125999574e-06
7.0125999574e-06
7.0163036574e-06
7.0200073573e-06
7.0237110773e-06
7.0274147773e-06
7.0311184773e-06
7.0348221772e-06
7.0385258772e-06
7.0422295772e-06
7.0459332972e-06
7.0496369972e-06
7.0533406971e-06
7.0570443971e-06
7.0607480971e-06
7.0644518171e-06
7.068155517e-06
7.071859217e-06
7.075562917e-06
7.079266617e-06
7.082970337e-06
7.0866740369e-06
7.0903777369e-06
7.0940814369e-06
7.0977851369e-06
7.1014888368e-06
7.1051925568e-06
7.1125999568e-06
