6.6325999597e-06
6.6325999597e-06
6.6280838397e-06
6.6235676997e-06
6.6190515798e-06
6.6145354398e-06
6.6100193198e-06
6.6055031799e-06
6.6009870599e-06
6.5964709199e-06
6.5919547999e-06
6.58743866e-06
6.58292254e-06
6.57840642e-06
6.57389028e-06
6.5693741601e-06
6.5648580201e-06
6.5603419001e-06
6.5558257602e-06
6.5513096402e-06
6.5467935002e-06
6.5422773802e-06
6.5377612603e-06
6.5332451203e-06
6.5287290003e-06
6.5242128603e-06
6.5196967404e-06
6.5151806004e-06
6.5106644804e-06
6.5061483405e-06
6.5016322205e-06
6.4925999605e-06
6.4925999605e-06
6.4898726806e-06
6.4871454206e-06
6.4844181406e-06
6.4816908606e-06
6.4789636006e-06
6.4762363206e-06
6.4735090607e-06
6.4707817807e-06
6.4680545007e-06
6.4653272407e-06
6.4625999607e-06
6.4598726807e-06
6.4571454208e-06
6.4544181408e-06
6.4516908608e-06
6.4489636008e-06
6.4462363208e-06
6.4435090608e-06
6.4407817809e-06
6.4380545009e-06
6.4325999609e-06
6.4325999609e-06
6.4291217009e-06
6.4256434409e-06
6.422165181e-06
6.418686921e-06
6.415208661e-06
6.411730401e-06
6.4082521411e-06
6.4047738811e-06
6.4012956211e-06
6.3978173611e-06
6.3943391011e-06
6.3908608212e-06
6.3873825612e-06
6.3839043012e-06
6.3804260412e-06
6.3769477812e-06
6.3734695213e-06
6.3699912613e-06
6.3665130013e-06
6.3630347413e-06
6.3595564813e-06
6.3525999614e-06
6.3525999614e-06
6.3515473214e-06
6.3504947014e-06
6.3494420614e-06
6.3483894414e-06
6.3473368014e-06
6.3462841814e-06
6.3452315414e-06
6.3441789014e-06
6.3431262814e-06
6.3420736415e-06
6.3410210215e-06
6.3399683815e-06
6.3389157415e-06
6.3378631215e-06
6.3368104815e-06
6.3357578615e-06
6.3347052215e-06
6.3325999615e-06
6.3325999615e-06
6.3402922615e-06
6.3479845814e-06
6.3556768814e-06
6.3633692013e-06
6.3710615013e-06
6.3787538012e-06
6.3864461212e-06
6.3941384211e-06
6.4018307211e-06
6.409523041e-06
6.417215341e-06
6.4325999609e-06
6.4325999609e-06
6.4552666208e-06
6.4779333006e-06
6.5005999605e-06
6.5232666204e-06
6.5459333002e-06
6.5685999601e-06
6.5912666199e-06
6.6139332998e-06
6.6365999597e-06
6.6592666195e-06
6.6819332994e-06
6.7045999593e-06
6.7272666191e-06
6.7725999588e-06
6.7725999588e-06
6.8009332987e-06
6.8292666185e-06
6.8575999583e-06
6.8859332982e-06
6.914266618e-06
6.9425999578e-06
6.9709332976e-06
6.9992666175e-06
7.0275999573e-06
7.0559332971e-06
7.1125999568e-06
7.1125999568e-06
7.1349528966e-06
7.1573058365e-06
7.1796587764e-06
7.2020117162e-06
7.2243646561e-06
7.246717596e-06
7.2690705358e-06
7.2914234757e-06
7.3137764356e-06
7.3361293754e-06
7.3584823153e-06
7.3808352551e-06
7.403188195e-06
7.4255411349e-06
7.4478940747e-06
7.4925999545e-06
7.4925999545e-06
7.5025999544e-06
7.5125999543e-06
7.5325999542e-06
7.5325999542e-06
7.568963594e-06
7.6053272338e-06
7.6416908536e-06
7.6780544933e-06
7.7144181331e-06
7.7507817729e-06
7.7871454127e-06
7.8235090525e-06
7.8598726722e-06
7.9325999518e-06
7.9325999518e-06
7.9659332916e-06
7.9992666114e-06
8.0325999512e-06
8.065933291e-06
8.0992666108e-06
8.1325999506e-06
8.1659332904e-06
8.1992666102e-06
8.23259995e-06
8.2659332898e-06
8.3325999494e-06
8.3325999494e-06
8.3754570891e-06
8.4183142288e-06
8.4611713686e-06
8.5040285283e-06
8.5468856681e-06
8.6325999475e-06
8.6325999475e-06
8.6703777273e-06
8.7081555071e-06
8.7459332868e-06
8.7837110666e-06
8.8214888264e-06
8.8592666062e-06
8.8970443859e-06
8.9725999455e-06
8.9725999455e-06
9.0040285253e-06
9.0354570851e-06
9.0668856649e-06
9.0983142247e-06
9.1297428045e-06
9.1611713643e-06
9.1925999441e-06
9.2240285239e-06
9.2554570838e-06
9.2868856636e-06
9.3183142234e-06
9.3497428032e-06
9.4125999428e-06
9.4125999428e-06
9.4259332827e-06
9.4392666026e-06
9.4525999426e-06
9.4659332825e-06
9.4792666024e-06
9.4925999423e-06
9.5059332822e-06
9.5192666021e-06
9.5325999421e-06
9.545933282e-06
9.5725999418e-06
9.5725999418e-06
9.5759332818e-06
9.5792666018e-06
9.5825999418e-06
9.5859332817e-06
9.5892666017e-06
9.5925999417e-06
9.5959332817e-06
9.5992666017e-06
9.6025999416e-06
9.6059332816e-06
9.6125999416e-06
9.6125999416e-06
9.6562363013e-06
9.699872661e-06
9.7435090408e-06
9.7871454005e-06
9.8307817603e-06
9.87441812e-06
9.9180544797e-06
9.9616908395e-06
1.0005327219e-05
1.0092599939e-05
1.0092599939e-05
1.0125933278e-05
1.0159266598e-05
1.0192599938e-05
1.0225933278e-05
1.0259266598e-05
1.0292599937e-05
1.0325933277e-05
1.0359266597e-05
1.0392599937e-05
1.0425933277e-05
1.0492599936e-05
1.0492599936e-05
1.0495933276e-05
1.0499266596e-05
1.0502599936e-05
1.0505933276e-05
1.0512599936e-05
1.0512599936e-05
1.0429266597e-05
1.0345933277e-05
1.0262599938e-05
1.0179266598e-05
1.0012599939e-05
1.0012599939e-05
9.9580544795e-06
9.9035090398e-06
9.8489635801e-06
9.7944181205e-06
9.7398726608e-06
9.6853272211e-06
9.6307817615e-06
9.5762363018e-06
9.5216908421e-06
9.4125999428e-06
9.4125999428e-06
9.372599943e-06
9.3325999433e-06
9.2925999435e-06
9.2525999438e-06
9.212599944e-06
9.1725999443e-06
9.0925999447e-06
9.0925999447e-06
9.0611713649e-06
9.0297428051e-06
8.9983142253e-06
8.9668856655e-06
8.9354570857e-06
8.8725999461e-06
8.8725999461e-06
8.7859332866e-06
8.6992666071e-06
8.6125999477e-06
8.5259332882e-06
8.3525999492e-06
8.3525999492e-06
8.2992666096e-06
8.1925999502e-06
8.1925999502e-06
8.1775999503e-06
8.1625999504e-06
8.1475999505e-06
8.1325999506e-06
8.1175999507e-06
8.1025999508e-06
8.0875999508e-06
8.0725999509e-06
8.057599951e-06
8.0425999511e-06
8.0125999513e-06
8.0125999513e-06
7.9792666115e-06
7.9125999519e-06
7.9125999519e-06
7.9183142319e-06
7.9240285318e-06
7.9297428118e-06
7.9354570918e-06
7.9411713717e-06
7.9525999517e-06
7.9525999517e-06
7.9678940716e-06
7.9831881915e-06
7.9984823114e-06
8.0137764313e-06
8.0290705312e-06
8.0443646511e-06
8.059658771e-06
8.0749528909e-06
8.0902470108e-06
8.1055411307e-06
8.1208352506e-06
8.1361293706e-06
8.1514234705e-06
8.1667175904e-06
8.1820117103e-06
8.2125999501e-06
8.2125999501e-06
8.22815551e-06
8.2437110699e-06
8.2592666098e-06
8.2748221697e-06
8.2903777296e-06
8.3059332895e-06
8.3214888294e-06
8.3525999492e-06
8.3525999492e-06
8.3725999491e-06
8.4125999489e-06
8.4125999489e-06
8.4370443887e-06
8.4614888286e-06
8.4859332884e-06
8.5103777283e-06
8.5348221681e-06
8.559266608e-06
8.5837110678e-06
8.6325999475e-06
8.6325999475e-06
8.6109332877e-06
8.5892666078e-06
8.5675999479e-06
8.5459332881e-06
8.5242666082e-06
8.5025999483e-06
8.4809332885e-06
8.4592666086e-06
8.4375999487e-06
8.4159332889e-06
8.3725999491e-06
8.3725999491e-06
8.384028529e-06
8.395457089e-06
8.4068856689e-06
8.4183142288e-06
8.4297428088e-06
8.4525999486e-06
8.4525999486e-06
8.4575999486e-06
8.4625999486e-06
8.4675999485e-06
8.4725999485e-06
8.4775999485e-06
8.4825999484e-06
8.4875999484e-06
8.4925999484e-06
8.4975999484e-06
8.5025999483e-06
8.5125999483e-06
8.5125999483e-06
8.5075999483e-06
8.5025999483e-06
8.4975999484e-06
8.4925999484e-06
8.4875999484e-06
8.4825999484e-06
8.4775999485e-06
8.4725999485e-06
8.4675999485e-06
8.4625999486e-06
8.4525999486e-06
8.4525999486e-06
8.4468856687e-06
8.4411713687e-06
8.4354570887e-06
8.4297428088e-06
8.4240285288e-06
8.4125999489e-06
8.4125999489e-06
8.4035090489e-06
8.394418129e-06
8.385327229e-06
8.3762363091e-06
8.3671454091e-06
8.3580544892e-06
8.3489635893e-06
8.3398726693e-06
8.3307817694e-06
8.3125999495e-06
8.3125999495e-06
8.2965999496e-06
8.2805999497e-06
8.2645999498e-06
8.23259995e-06
8.23259995e-06
8.2159332901e-06
8.1992666102e-06
8.1825999503e-06
8.1659332904e-06
8.1492666105e-06
8.1325999506e-06
8.1159332907e-06
8.0992666108e-06
8.0825999509e-06
8.065933291e-06
8.0325999512e-06
8.0325999512e-06
8.0375999512e-06
8.0425999511e-06
8.0475999511e-06
8.0525999511e-06
8.057599951e-06
8.062599951e-06
8.067599951e-06
8.0725999509e-06
8.0775999509e-06
8.0825999509e-06
8.0925999508e-06
8.0925999508e-06
8.1068856707e-06
8.1211713706e-06
8.1354570906e-06
8.1497428105e-06
8.1640285304e-06
8.1925999502e-06
8.1925999502e-06
8.23259995e-06
8.3125999495e-06
8.3125999495e-06
8.3225999494e-06
8.3325999494e-06
8.3425999493e-06
8.3525999492e-06
8.3725999491e-06
8.3725999491e-06
8.3292666094e-06
8.2859332896e-06
8.2425999499e-06
8.1992666102e-06
8.1125999507e-06
8.1125999507e-06
8.0814888309e-06
8.0503777311e-06
8.0192666113e-06
7.9881555115e-06
7.9570443916e-06
7.9259332918e-06
7.894822172e-06
7.8325999524e-06
7.8325999524e-06
7.8292666124e-06
7.8259332924e-06
7.8225999525e-06
7.8192666125e-06
7.8125999525e-06
7.8125999525e-06
7.8188499525e-06
7.8250999524e-06
7.8313499524e-06
7.8375999524e-06
7.8438499523e-06
7.8500999523e-06
7.8563499523e-06
7.8625999522e-06
7.8688499522e-06
7.8750999521e-06
7.8813499521e-06
7.8875999521e-06
7.893849952e-06
7.900099952e-06
7.9125999519e-06
7.9125999519e-06
7.9175999519e-06
7.9225999519e-06
7.9275999518e-06
7.9325999518e-06
7.9375999518e-06
7.9425999517e-06
7.9525999517e-06
7.9525999517e-06
7.9631881916e-06
7.9737764315e-06
7.9843646515e-06
7.9949528914e-06
8.0055411313e-06
8.0161293713e-06
8.0267175912e-06
8.0373058312e-06
8.0478940711e-06
8.058482311e-06
8.069070531e-06
8.0796587709e-06
8.0902470108e-06
8.1008352508e-06
8.1114234707e-06
8.1325999506e-06
8.1525999505e-06
8.1525999505e-06
8.1447738705e-06
8.1369477705e-06
8.1291216906e-06
8.1212956106e-06
8.1134695107e-06
8.1056434307e-06
8.0978173508e-06
8.0899912508e-06
8.0821651709e-06
8.0743390909e-06
8.066512991e-06
8.058686911e-06
8.0508608111e-06
8.0430347311e-06
8.0352086512e-06
8.0273825512e-06
8.0195564713e-06
8.0117303913e-06
8.0039042914e-06
7.9960782114e-06
7.9882521315e-06
7.9725999515e-06
7.9725999515e-06
7.9609332916e-06
7.9492666117e-06
7.9375999518e-06
7.9259332918e-06
7.9142666119e-06
7.902599952e-06
7.890933292e-06
7.8792666121e-06
7.8675999522e-06
7.8559332923e-06
7.8442666123e-06
7.8325999524e-06
7.8209332925e-06
7.8092666125e-06
7.7975999526e-06
7.7859332927e-06
7.7742666128e-06
7.7625999528e-06
7.7509332929e-06
7.739266613e-06
7.727599953e-06
7.7159332931e-06
7.6925999532e-06
7.6925999532e-06
7.6835090533e-06
7.6744181334e-06
7.6653272334e-06
7.6562363135e-06
7.6471454135e-06
7.6380544936e-06
7.6289635936e-06
7.6198726737e-06
7.6107817737e-06
7.5925999539e-06
7.5925999539e-06
7.567599954e-06
7.5425999542e-06
7.4925999545e-06
7.4925999545e-06
7.4935523345e-06
7.4945047145e-06
7.4954570944e-06
7.4964094744e-06
7.4973618544e-06
7.4983142344e-06
7.4992666144e-06
7.5002189944e-06
7.5011713744e-06
7.5021237544e-06
7.5030761544e-06
7.5040285344e-06
7.5049809144e-06
7.5059332944e-06
7.5068856744e-06
7.5078380544e-06
7.5087904344e-06
7.5097428144e-06
7.5106951944e-06
7.5125999543e-06
7.5125999543e-06
7.5136525943e-06
7.5147052143e-06
7.5157578543e-06
7.5168104743e-06
7.5178631143e-06
7.5189157343e-06
7.5199683743e-06
7.5210210143e-06
7.5220736343e-06
7.5231262743e-06
7.5241788943e-06
7.5252315343e-06
7.5262841743e-06
7.5273367943e-06
7.5283894342e-06
7.5294420542e-06
7.5304946942e-06
7.5325999542e-06
7.5325999542e-06
7.5303777342e-06
7.5281555142e-06
7.5259332943e-06
7.5237110743e-06
7.5214888343e-06
7.5192666143e-06
7.5170443943e-06
7.5125999543e-06
7.5125999543e-06
7.5142666143e-06
7.5159332943e-06
7.5175999543e-06
7.5192666143e-06
7.5209332943e-06
7.5225999543e-06
7.5242666143e-06
7.5259332943e-06
7.5275999543e-06
7.5292666142e-06
7.5325999542e-06
7.5325999542e-06
7.5325999542e-06
7.5325999542e-06
7.5168856743e-06
7.5011713744e-06
7.4854570945e-06
7.4697428146e-06
7.4540285347e-06
7.4383142348e-06
7.4225999549e-06
7.406885675e-06
7.3911713751e-06
7.3754570952e-06
7.3597428153e-06
7.3440285354e-06
7.3125999556e-06
7.3125999556e-06
7.3175999555e-06
7.3225999555e-06
7.3275999555e-06
7.3325999554e-06
7.3375999554e-06
7.3425999554e-06
7.3525999553e-06
7.3525999553e-06
7.3681555152e-06
7.3837110751e-06
7.399266615e-06
7.4148221749e-06
7.4303777348e-06
7.4459332947e-06
7.4614888347e-06
7.4925999545e-06
7.4925999545e-06
7.5925999539e-06
7.5925999539e-06
7.5783142339e-06
7.564028534e-06
7.5497428141e-06
7.5354570942e-06
7.5211713743e-06
7.4925999545e-06
7.4925999545e-06
7.4925999545e-06
7.4925999545e-06
7.4925999545e-06
7.4925999545e-06
7.4925999545e-06
7.4925999545e-06
7.4925999545e-06
7.4925999545e-06
7.4925999545e-06
7.4925999545e-06
7.4925999545e-06
7.5092666144e-06
7.5259332943e-06
7.5425999542e-06
7.5592666141e-06
7.5925999539e-06
7.5925999539e-06
7.5986869138e-06
7.6047738738e-06
7.6108608137e-06
7.6169477737e-06
7.6230347337e-06
7.6291216936e-06
7.6352086536e-06
7.6412956136e-06
7.6473825535e-06
7.6534695135e-06
7.6595564734e-06
7.6656434334e-06
7.6717303934e-06
7.6778173533e-06
7.6839042933e-06
7.6899912533e-06
7.6960782132e-06
7.7021651732e-06
7.7082521332e-06
7.7143390931e-06
7.7204260331e-06
7.732599953e-06
7.732599953e-06
7.733599953e-06
7.734599953e-06
7.735599953e-06
7.736599953e-06
7.737599953e-06
7.738599953e-06
7.739599953e-06
7.740599953e-06
7.741599953e-06
7.7425999529e-06
7.7435999529e-06
7.7445999529e-06
7.7455999529e-06
7.7465999529e-06
7.7475999529e-06
7.7485999529e-06
7.7495999529e-06
7.7505999529e-06
7.7525999529e-06
7.7525999529e-06
7.7516475729e-06
7.7506951929e-06
7.7497428129e-06
7.7487904329e-06
7.7478380529e-06
7.7468856729e-06
7.7459332929e-06
7.7449809129e-06
7.7440285329e-06
7.7430761529e-06
7.7421237529e-06
7.741171373e-06
7.740218993e-06
7.739266613e-06
7.738314233e-06
7.737361853e-06
7.736409473e-06
7.735457093e-06
7.734504713e-06
7.732599953e-06
7.732599953e-06
7.730599953e-06
7.728599953e-06
7.726599953e-06
7.7245999531e-06
7.7225999531e-06
7.7205999531e-06
7.7185999531e-06
7.7165999531e-06
7.7125999531e-06
7.7125999531e-06
7.6697428134e-06
7.6268856736e-06
7.5840285339e-06
7.5411713742e-06
7.4983142344e-06
7.412599955e-06
7.412599955e-06
7.408963595e-06
7.405327235e-06
7.401690855e-06
7.398054495e-06
7.3944181351e-06
7.3907817751e-06
7.3871454151e-06
7.3835090551e-06
7.3798726751e-06
7.3725999552e-06
7.3725999552e-06
7.3705999552e-06
7.3685999552e-06
7.3665999552e-06
7.3645999552e-06
7.3625999553e-06
7.3605999553e-06
7.3585999553e-06
7.3565999553e-06
7.3525999553e-06
7.3525999553e-06
7.3092666156e-06
7.2659332958e-06
7.2225999561e-06
7.1792666164e-06
7.0925999569e-06
7.0925999569e-06
7.067599957e-06
7.0425999572e-06
7.0175999574e-06
6.9925999575e-06
6.9675999577e-06
6.9425999578e-06
6.8925999581e-06
6.8925999581e-06
6.8592666183e-06
6.7925999587e-06
6.7925999587e-06
6.8015999587e-06
6.8105999586e-06
6.8195999586e-06
6.8285999585e-06
6.8375999584e-06
6.8465999584e-06
6.8555999583e-06
6.8645999583e-06
6.8735999582e-06
6.8825999582e-06
6.8915999581e-06
6.9005999581e-06
6.909599958e-06
6.918599958e-06
6.9275999579e-06
6.9365999578e-06
6.9455999578e-06
6.9545999577e-06
6.9725999576e-06
6.9725999576e-06
7.1925999563e-06
7.1925999563e-06
7.2525999559e-06
7.2525999559e-06
7.2492666159e-06
7.245933296e-06
7.242599956e-06
7.239266616e-06
7.235933296e-06
7.232599956e-06
7.2292666161e-06
7.2259332961e-06
7.2225999561e-06
7.2192666161e-06
7.2125999562e-06
7.2125999562e-06
7.2068856762e-06
7.2011713762e-06
7.1954570963e-06
7.1897428163e-06
7.1840285363e-06
7.1725999564e-06
7.1725999564e-06
7.1725999564e-06
7.1725999564e-06
7.1725999564e-06
7.1725999564e-06
7.1725999564e-06
7.1725999564e-06
7.1725999564e-06
7.1725999564e-06
7.1725999564e-06
7.1885999563e-06
7.2045999562e-06
7.2205999561e-06
7.236599956e-06
7.2525999559e-06
7.2685999558e-06
7.2845999557e-06
7.3005999556e-06
7.3165999555e-06
7.3325999554e-06
7.3485999553e-06
7.3645999552e-06
7.3805999551e-06
7.412599955e-06
7.412599955e-06
7.4325999548e-06
7.4525999547e-06
7.4725999546e-06
7.4925999545e-06
7.5125999543e-06
7.5325999542e-06
7.5525999541e-06
7.572599954e-06
7.5925999539e-06
7.6325999536e-06
7.6325999536e-06
7.6392666136e-06
7.6459332935e-06
7.6525999535e-06
7.6592666135e-06
7.6659332934e-06
7.6725999534e-06
7.6792666133e-06
7.6859332933e-06
7.6925999532e-06
7.6992666132e-06
7.7059332932e-06
7.7125999531e-06
7.7192666131e-06
7.725933293e-06
7.732599953e-06
7.739266613e-06
7.7525999529e-06
7.7525999529e-06
7.7653272328e-06
7.7780544927e-06
7.7907817727e-06
7.8035090526e-06
7.8162363125e-06
7.8289635924e-06
7.8416908523e-06
7.8544181323e-06
7.8671454122e-06
7.892599952e-06
7.892599952e-06
7.898054492e-06
7.903509052e-06
7.9089635919e-06
7.9144181319e-06
7.9198726719e-06
7.9253272318e-06
7.9307817718e-06
7.9362363118e-06
7.9416908517e-06
7.9525999517e-06
7.9525999517e-06
7.9649809116e-06
7.9773618515e-06
7.9897428114e-06
8.0021237514e-06
8.0145047113e-06
8.0268856712e-06
8.0392666111e-06
8.0516475711e-06
8.064028531e-06
8.0764094709e-06
8.0887904308e-06
8.1011713708e-06
8.1135523307e-06
8.1259332906e-06
8.1383142305e-06
8.1506951905e-06
8.1630761504e-06
8.1754570903e-06
8.1878380502e-06
8.2125999501e-06
8.2125999501e-06
8.21926661e-06
8.22593329e-06
8.23259995e-06
8.2392666099e-06
8.2525999498e-06
8.2525999498e-06
8.2580544898e-06
8.2635090498e-06
8.2689635897e-06
8.2744181297e-06
8.2798726697e-06
8.2853272296e-06
8.2907817696e-06
8.2962363096e-06
8.3016908495e-06
8.3125999495e-06
8.3125999495e-06
8.3097428095e-06
8.3068856695e-06
8.3040285295e-06
8.3011713695e-06
8.2983142296e-06
8.2954570896e-06
8.2925999496e-06
8.2897428096e-06
8.2868856696e-06
8.2840285297e-06
8.2811713697e-06
8.2783142297e-06
8.2725999497e-06
8.2725999497e-06
8.2772153297e-06
8.2818307097e-06
8.2864461096e-06
8.2910614896e-06
8.2956768696e-06
8.3002922496e-06
8.3049076495e-06
8.3095230295e-06
8.3141384095e-06
8.3187537894e-06
8.3233691894e-06
8.3325999494e-06
8.3325999494e-06
8.3425999493e-06
8.3525999492e-06
8.3625999492e-06
8.3725999491e-06
8.3825999491e-06
8.392599949e-06
8.4025999489e-06
8.4125999489e-06
8.4225999488e-06
8.4325999488e-06
8.4525999486e-06
8.4525999486e-06
8.4650999486e-06
8.4775999485e-06
8.4900999484e-06
8.5025999483e-06
8.5150999482e-06
8.5275999482e-06
8.5400999481e-06
8.552599948e-06
8.5650999479e-06
8.5775999479e-06
8.5900999478e-06
8.6025999477e-06
8.6150999476e-06
8.6275999476e-06
8.6525999474e-06
8.6525999474e-06
8.6925999472e-06
8.6925999472e-06
8.6845999472e-06
8.6765999473e-06
8.6685999473e-06
8.6605999474e-06
8.6525999474e-06
8.6445999475e-06
8.6365999475e-06
8.6285999476e-06
8.6205999476e-06
8.6125999477e-06
8.6045999477e-06
8.5965999478e-06
8.5885999478e-06
8.5725999479e-06
8.5725999479e-06
8.562599948e-06
8.552599948e-06
8.5425999481e-06
8.5325999481e-06
8.5225999482e-06
8.5125999483e-06
8.5025999483e-06
8.4925999484e-06
8.4825999484e-06
8.4725999485e-06
8.4625999486e-06
8.4525999486e-06
8.4425999487e-06
8.4325999488e-06
8.4125999489e-06
8.4125999489e-06
8.399872669e-06
8.387145409e-06
8.3744181291e-06
8.3616908492e-06
8.3489635893e-06
8.3362363093e-06
8.3235090494e-06
8.3107817695e-06
8.2980544896e-06
8.2725999497e-06
8.2725999497e-06
8.2625999498e-06
8.2525999498e-06
8.2425999499e-06
8.23259995e-06
8.22259995e-06
8.2125999501e-06
8.1925999502e-06
8.1925999502e-06
8.1825999503e-06
8.1725999503e-06
8.1625999504e-06
8.1525999505e-06
8.1425999505e-06
8.1325999506e-06
8.1225999506e-06
8.1125999507e-06
8.0925999508e-06
8.0925999508e-06
8.0925999508e-06
8.0925999508e-06
8.0925999508e-06
8.0925999508e-06
8.0925999508e-06
8.0925999508e-06
8.0925999508e-06
8.0925999508e-06
8.0925999508e-06
8.0972153308e-06
8.1018307108e-06
8.1064461107e-06
8.1110614907e-06
8.1156768707e-06
8.1202922506e-06
8.1249076506e-06
8.1295230306e-06
8.1341384106e-06
8.1387537905e-06
8.1433691905e-06
8.1525999505e-06
8.1525999505e-06
8.1535999504e-06
8.1545999504e-06
8.1555999504e-06
8.1565999504e-06
8.1575999504e-06
8.1585999504e-06
8.1595999504e-06
8.1605999504e-06
8.1615999504e-06
8.1625999504e-06
8.1635999504e-06
8.1645999504e-06
8.1655999504e-06
8.1665999504e-06
8.1675999504e-06
8.1685999504e-06
8.1695999503e-06
8.1705999503e-06
8.1725999503e-06
8.1725999503e-06
8.1711713703e-06
8.1697428103e-06
8.1683142304e-06
8.1668856704e-06
8.1654570904e-06
8.1640285304e-06
8.1625999504e-06
8.1611713704e-06
8.1597428104e-06
8.1583142304e-06
8.1568856704e-06
8.1554570904e-06
8.1525999505e-06
8.1525999505e-06
8.1549528904e-06
8.1573058304e-06
8.1596587704e-06
8.1620117104e-06
8.1643646504e-06
8.1667175904e-06
8.1690705304e-06
8.1714234703e-06
8.1737764303e-06
8.1761293703e-06
8.1784823103e-06
8.1808352503e-06
8.1831881903e-06
8.1855411303e-06
8.1878940702e-06
8.1925999502e-06
8.1925999502e-06
8.1853272303e-06
8.1780544903e-06
8.1707817703e-06
8.1635090504e-06
8.1562363104e-06
8.1489635905e-06
8.1416908505e-06
8.1344181306e-06
8.1271454106e-06
8.1125999507e-06
8.1125999507e-06
8.1068856707e-06
8.1011713708e-06
8.0954570908e-06
8.0897428108e-06
8.0840285309e-06
8.0725999509e-06
8.0725999509e-06
8.069742811e-06
8.066885671e-06
8.064028531e-06
8.061171371e-06
8.058314231e-06
8.055457091e-06
8.0525999511e-06
8.0497428111e-06
8.0468856711e-06
8.0440285311e-06
8.0411713711e-06
8.0383142311e-06
8.0325999512e-06
8.0325999512e-06
8.0297428112e-06
8.0268856712e-06
8.0240285312e-06
8.0211713713e-06
8.0183142313e-06
8.0125999513e-06
8.0125999513e-06
8.0125999513e-06
8.0125999513e-06
8.0125999513e-06
8.0125999513e-06
8.0125999513e-06
8.0125999513e-06
8.0125999513e-06
8.0125999513e-06
8.0125999513e-06
8.0125999513e-06
8.0125999513e-06
8.0125999513e-06
8.0125999513e-06
8.0125999513e-06
8.0103777313e-06
8.0081555113e-06
8.0059332913e-06
8.0037110714e-06
8.0014888314e-06
7.9992666114e-06
7.9970443914e-06
7.9925999514e-06
7.9925999514e-06
7.9925999514e-06
7.9925999514e-06
7.9925999514e-06
7.9925999514e-06
7.9925999514e-06
7.9925999514e-06
7.9877999515e-06
7.9829999515e-06
7.9781999515e-06
7.9733999515e-06
7.9685999516e-06
7.9637999516e-06
7.9589999516e-06
7.9541999517e-06
7.9493999517e-06
7.9445999517e-06
7.9397999517e-06
7.9349999518e-06
7.9301999518e-06
7.9253999518e-06
7.9205999519e-06
7.9157999519e-06
7.9109999519e-06
7.906199952e-06
7.901399952e-06
7.896599952e-06
7.891799952e-06
7.8869999521e-06
7.8821999521e-06
7.8725999522e-06
7.8725999522e-06
7.8692666122e-06
7.8659332922e-06
7.8625999522e-06
7.8592666122e-06
7.8525999523e-06
7.8525999523e-06
7.8525999523e-06
7.8525999523e-06
7.8525999523e-06
7.8525999523e-06
7.8525999523e-06
7.8525999523e-06
7.8525999523e-06
7.8525999523e-06
7.8525999523e-06
7.8525999523e-06
7.8525999523e-06
7.8525999523e-06
7.8525999523e-06
7.8525999523e-06
7.8450999523e-06
7.8375999524e-06
7.8300999524e-06
7.8225999525e-06
7.8150999525e-06
7.8075999525e-06
7.7925999526e-06
7.7925999526e-06
7.7934695126e-06
7.7943390926e-06
7.7952086526e-06
7.7960782126e-06
7.7969477726e-06
7.7978173526e-06
7.7986869126e-06
7.7995564726e-06
7.8004260326e-06
7.8012956126e-06
7.8021651726e-06
7.8030347326e-06
7.8039042926e-06
7.8047738726e-06
7.8056434326e-06
7.8065129926e-06
7.8073825526e-06
7.8082521325e-06
7.8091216925e-06
7.8099912525e-06
7.8108608125e-06
7.8125999525e-06
7.8125999525e-06
7.8144181325e-06
7.8162363125e-06
7.8180544925e-06
7.8198726725e-06
7.8216908525e-06
7.8235090525e-06
7.8253272324e-06
7.8271454124e-06
7.8289635924e-06
7.8325999524e-06
7.8325999524e-06
7.8325999524e-06
7.8325999524e-06
7.8325999524e-06
7.8325999524e-06
7.8325999524e-06
7.8325999524e-06
7.8325999524e-06
7.8325999524e-06
7.8317999524e-06
7.8309999524e-06
7.8301999524e-06
7.8293999524e-06
7.8285999524e-06
7.8277999524e-06
7.8269999524e-06
7.8261999524e-06
7.8253999524e-06
7.8245999524e-06
7.8237999525e-06
7.8229999525e-06
7.8221999525e-06
7.8213999525e-06
7.8205999525e-06
7.8197999525e-06
7.8189999525e-06
7.8181999525e-06
7.8173999525e-06
7.8165999525e-06
7.8157999525e-06
7.8149999525e-06
7.8141999525e-06
7.8125999525e-06
7.8125999525e-06
7.8100999525e-06
7.8075999525e-06
7.8050999526e-06
7.8025999526e-06
7.8000999526e-06
7.7975999526e-06
7.7925999526e-06
7.7925999526e-06
7.7840285327e-06
7.7754570927e-06
7.7668856728e-06
7.7583142328e-06
7.7497428129e-06
7.741171373e-06
7.732599953e-06
7.7240285331e-06
7.7154570931e-06
7.7068856732e-06
7.6983142332e-06
7.6897428133e-06
7.6725999534e-06
7.6725999534e-06
7.6625999534e-06
7.6525999535e-06
7.6325999536e-06
7.6325999536e-06
7.6175999537e-06
7.6025999538e-06
7.572599954e-06
7.572599954e-06
7.5788499539e-06
7.5850999539e-06
7.5913499539e-06
7.5975999538e-06
7.6038499538e-06
7.6100999537e-06
7.6163499537e-06
7.6225999537e-06
7.6288499536e-06
7.6350999536e-06
7.6413499536e-06
7.6475999535e-06
7.6538499535e-06
7.6600999534e-06
7.6725999534e-06
7.6725999534e-06
7.6744181334e-06
7.6762363133e-06
7.6780544933e-06
7.6798726733e-06
7.6816908533e-06
7.6835090533e-06
7.6853272333e-06
7.6871454133e-06
7.6889635933e-06
7.6925999532e-06
7.6925999532e-06
7.6954570932e-06
7.6983142332e-06
7.7011713732e-06
7.7040285332e-06
7.7068856732e-06
7.7125999531e-06
7.7125999531e-06
7.7242666131e-06
7.735933293e-06
7.7475999529e-06
7.7592666128e-06
7.7709332928e-06
7.7825999527e-06
7.7942666126e-06
7.8059332926e-06
7.8175999525e-06
7.8292666124e-06
7.8525999523e-06
7.8525999523e-06
7.8411713723e-06
7.8297428124e-06
7.8183142325e-06
7.8068856726e-06
7.7954570926e-06
7.7725999528e-06
7.7725999528e-06
7.7525999529e-06
7.7525999529e-06
7.7614888328e-06
7.7703777328e-06
7.7792666127e-06
7.7881555127e-06
7.7970443926e-06
7.8059332926e-06
7.8148221725e-06
7.8325999524e-06
7.8325999524e-06
7.8565999523e-06
7.8805999521e-06
7.904599952e-06
7.9285999518e-06
7.9525999517e-06
7.9765999515e-06
8.0005999514e-06
8.0245999512e-06
8.0725999509e-06
8.0725999509e-06
8.1059332907e-06
8.1392666105e-06
8.1725999503e-06
8.2059332901e-06
8.2392666099e-06
8.2725999497e-06
8.3059332895e-06
8.3392666093e-06
8.3725999491e-06
8.4059332889e-06
8.4725999485e-06
8.4725999485e-06
8.5065999483e-06
8.5405999481e-06
8.5745999479e-06
8.6085999477e-06
8.6425999475e-06
8.6765999473e-06
8.7105999471e-06
8.7445999469e-06
8.8125999464e-06
8.8125999464e-06
8.8297428063e-06
8.8468856662e-06
8.8640285261e-06
8.881171366e-06
8.8983142259e-06
8.9325999457e-06
8.9325999457e-06
8.9297428057e-06
8.9268856657e-06
8.9240285258e-06
8.9211713658e-06
8.9183142258e-06
8.9154570858e-06
8.9125999458e-06
8.9097428059e-06
8.9068856659e-06
8.9040285259e-06
8.9011713659e-06
8.8983142259e-06
8.892599946e-06
8.892599946e-06
8.888599946e-06
8.884599946e-06
8.880599946e-06
8.8725999461e-06
8.8725999461e-06
8.8633691861e-06
8.8541384062e-06
8.8449076462e-06
8.8356768663e-06
8.8264461064e-06
8.8172153264e-06
8.8079845665e-06
8.7987537865e-06
8.7895230266e-06
8.7802922466e-06
8.7710614867e-06
8.7525999468e-06
8.7525999468e-06
8.7411713669e-06
8.7297428069e-06
8.718314227e-06
8.7068856671e-06
8.6954570872e-06
8.6725999473e-06
8.6725999473e-06
8.6725999473e-06
8.6689635873e-06
8.6653272273e-06
8.6616908474e-06
8.6580544874e-06
8.6544181274e-06
8.6507817674e-06
8.6471454074e-06
8.6435090475e-06
8.6398726675e-06
8.6325999475e-06
8.6325999475e-06
8.6397428075e-06
8.6468856674e-06
8.6540285274e-06
8.6611713674e-06
8.6683142273e-06
8.6754570873e-06
8.6825999472e-06
8.6897428072e-06
8.6968856671e-06
8.7040285271e-06
8.7111713671e-06
8.718314227e-06
8.7325999469e-06
8.7325999469e-06
8.7292666069e-06
8.725933287e-06
8.722599947e-06
8.719266607e-06
8.712599947e-06
8.712599947e-06
8.6965999471e-06
8.6805999472e-06
8.6645999473e-06
8.6325999475e-06
8.6325999475e-06
8.6125999477e-06
8.5925999478e-06
8.5725999479e-06
8.5325999481e-06
8.5325999481e-06
8.5348221681e-06
8.5370443881e-06
8.5392666081e-06
8.5414888281e-06
8.5437110681e-06
8.5459332881e-06
8.548155508e-06
8.552599948e-06
8.552599948e-06
8.5681555079e-06
8.5837110678e-06
8.5992666077e-06
8.6148221676e-06
8.6303777275e-06
8.6459332875e-06
8.6614888274e-06
8.6925999472e-06
8.6925999472e-06
8.6950999472e-06
8.6975999471e-06
8.7000999471e-06
8.7025999471e-06
8.7050999471e-06
8.7075999471e-06
8.712599947e-06
8.712599947e-06
8.7059332871e-06
8.6992666071e-06
8.6925999472e-06
8.6859332872e-06
8.6792666073e-06
8.6725999473e-06
8.6659332873e-06
8.6592666074e-06
8.6525999474e-06
8.6459332875e-06
8.6325999475e-06
8.6325999475e-06
8.6231262676e-06
8.6136525877e-06
8.6041788877e-06
8.5947052078e-06
8.5852315278e-06
8.5757578479e-06
8.5662841679e-06
8.556810468e-06
8.5473367881e-06
8.5378631081e-06
8.5283894282e-06
8.5189157282e-06
8.5094420483e-06
8.4999683683e-06
8.4904946884e-06
8.4810210085e-06
8.4715473085e-06
8.4525999486e-06
8.4525999486e-06
8.4411713687e-06
8.4297428088e-06
8.4183142288e-06
8.4068856689e-06
8.395457089e-06
8.3725999491e-06
8.3725999491e-06
8.3700999491e-06
8.3675999491e-06
8.3650999492e-06
8.3625999492e-06
8.3600999492e-06
8.3575999492e-06
8.3525999492e-06
8.3525999492e-06
8.3562363092e-06
8.3598726692e-06
8.3635090492e-06
8.3671454091e-06
8.3707817691e-06
8.3744181291e-06
8.3780544891e-06
8.3816908491e-06
8.385327229e-06
8.392599949e-06
8.392599949e-06
8.4020117089e-06
8.4114234689e-06
8.4208352488e-06
8.4302470088e-06
8.4396587687e-06
8.4490705287e-06
8.4584823086e-06
8.4678940685e-06
8.4773058285e-06
8.4867175884e-06
8.4961293684e-06
8.5055411283e-06
8.5149528883e-06
8.5243646482e-06
8.5337764281e-06
8.552599948e-06
8.552599948e-06
8.562599948e-06
8.5725999479e-06
8.5825999478e-06
8.5925999478e-06
8.6025999477e-06
8.6125999477e-06
8.6325999475e-06
8.6325999475e-06
8.6554570874e-06
8.6783142273e-06
8.7011713671e-06
8.724028527e-06
8.7468856668e-06
8.7925999466e-06
8.7925999466e-06
8.8011713665e-06
8.8097428065e-06
8.8183142264e-06
8.8268856664e-06
8.8354570863e-06
8.8525999462e-06
8.8525999462e-06
8.8325999463e-06
8.8125999464e-06
8.7925999466e-06
8.7725999467e-06
8.7525999468e-06
8.7325999469e-06
8.6925999472e-06
8.6925999472e-06
8.6897428072e-06
8.6868856672e-06
8.6840285272e-06
8.6811713672e-06
8.6783142273e-06
8.6725999473e-06
8.6725999473e-06
8.6685999473e-06
8.6645999473e-06
8.6605999474e-06
8.6525999474e-06
8.6525999474e-06
8.6554570874e-06
8.6583142274e-06
8.6611713674e-06
8.6640285273e-06
8.6668856673e-06
8.6697428073e-06
8.6725999473e-06
8.6754570873e-06
8.6783142273e-06
8.6811713672e-06
8.6840285272e-06
8.6868856672e-06
8.6897428072e-06
8.6925999472e-06
8.6954570872e-06
8.6983142271e-06
8.7011713671e-06
8.7040285271e-06
8.7068856671e-06
8.712599947e-06
8.712599947e-06
8.712599947e-06
8.712599947e-06
8.719872667e-06
8.727145407e-06
8.7344181269e-06
8.7416908469e-06
8.7489635868e-06
8.7562363068e-06
8.7635090467e-06
8.7707817667e-06
8.7780544867e-06
8.7925999466e-06
8.7925999466e-06
8.8325999463e-06
8.8325999463e-06
8.8205999464e-06
8.8085999465e-06
8.7965999465e-06
8.7725999467e-06
8.7725999467e-06
8.7375999469e-06
8.7025999471e-06
8.6325999475e-06
8.6325999475e-06
8.6372153275e-06
8.6418307075e-06
8.6464461075e-06
8.6510614874e-06
8.6556768674e-06
8.6602922474e-06
8.6649076473e-06
8.6695230273e-06
8.6741384073e-06
8.6787537873e-06
8.6833691872e-06
8.6925999472e-06
8.6925999472e-06
8.6983142271e-06
8.7040285271e-06
8.7097428071e-06
8.715457087e-06
8.721171367e-06
8.7325999469e-06
8.7325999469e-06
8.7392666069e-06
8.7525999468e-06
8.7525999468e-06
8.7575999468e-06
8.7625999467e-06
8.7675999467e-06
8.7725999467e-06
8.7775999467e-06
8.7825999466e-06
8.7925999466e-06
8.7925999466e-06
8.7992666065e-06
8.8059332865e-06
8.8125999464e-06
8.8192666064e-06
8.8259332864e-06
8.8325999463e-06
8.8392666063e-06
8.8525999462e-06
8.8525999462e-06
8.8654570861e-06
8.878314226e-06
8.891171366e-06
8.9040285259e-06
8.9168856658e-06
8.9297428057e-06
8.9425999457e-06
8.9554570856e-06
8.9683142255e-06
8.9811713654e-06
8.9940285253e-06
9.0068856653e-06
9.0325999451e-06
9.0325999451e-06
9.043711065e-06
9.054822165e-06
9.0659332849e-06
9.0770443848e-06
9.0881555048e-06
9.0992666047e-06
9.1103777246e-06
9.1325999445e-06
9.1325999445e-06
9.1392666045e-06
9.1525999444e-06
9.1525999444e-06
9.1542666044e-06
9.1559332844e-06
9.1575999443e-06
9.1592666043e-06
9.1609332843e-06
9.1625999443e-06
9.1642666043e-06
9.1659332843e-06
9.1675999443e-06
9.1692666043e-06
9.1725999443e-06
9.1725999443e-06
9.1840285242e-06
9.1954570841e-06
9.206885664e-06
9.218314224e-06
9.2297428039e-06
9.2525999438e-06
9.2525999438e-06
9.2611713637e-06
9.2697428037e-06
9.2783142236e-06
9.2868856636e-06
9.2954570835e-06
9.3040285235e-06
9.3125999434e-06
9.3211713634e-06
9.3297428033e-06
9.3383142232e-06
9.3468856632e-06
9.3554570831e-06
9.372599943e-06
9.372599943e-06
9.4014888229e-06
9.4303777227e-06
9.4592666025e-06
9.4881555023e-06
9.5170443822e-06
9.545933282e-06
9.5748221618e-06
9.6325999415e-06
9.6325999415e-06
9.6640285213e-06
9.6954570811e-06
9.7268856609e-06
9.7583142207e-06
9.7897428005e-06
9.8525999401e-06
9.8525999401e-06
9.8925999399e-06
9.8925999399e-06
9.8849076399e-06
9.87721532e-06
9.86952302e-06
9.8618307001e-06
9.8541384001e-06
9.8464461002e-06
9.8387537802e-06
9.8310614803e-06
9.8233691803e-06
9.8156768603e-06
9.8079845604e-06
9.7925999405e-06
9.7925999405e-06
9.7640285207e-06
9.7354570808e-06
9.706885661e-06
9.6783142212e-06
9.6497428014e-06
9.5925999417e-06
9.5925999417e-06
9.5525999419e-06
9.5525999419e-06
9.539266602e-06
9.5125999422e-06
9.5125999422e-06
9.5225999421e-06
9.5325999421e-06
9.542599942e-06
9.5525999419e-06
9.5625999419e-06
9.5725999418e-06
9.5925999417e-06
9.5925999417e-06
9.6005999417e-06
9.6085999416e-06
9.6165999416e-06
9.6245999415e-06
9.6325999415e-06
9.6405999414e-06
9.6485999414e-06
9.6565999413e-06
9.6725999412e-06
9.6725999412e-06
9.6725999412e-06
9.6725999412e-06
9.6725999412e-06
9.6725999412e-06
9.6725999412e-06
9.6725999412e-06
9.6725999412e-06
9.6725999412e-06
9.6725999412e-06
9.6725999412e-06
9.6725999412e-06
9.6725999412e-06
9.6725999412e-06
9.6725999412e-06
9.6725999412e-06
9.6725999412e-06
9.6725999412e-06
9.6625999413e-06
9.6525999413e-06
9.6425999414e-06
9.6325999415e-06
9.6125999416e-06
9.6125999416e-06
9.6125999416e-06
9.6125999416e-06
9.6125999416e-06
9.6125999416e-06
9.6125999416e-06
9.6125999416e-06
9.6125999416e-06
9.6125999416e-06
9.6125999416e-06
9.6144181216e-06
9.6162363016e-06
9.6180544815e-06
9.6198726615e-06
9.6216908415e-06
9.6235090415e-06
9.6253272215e-06
9.6271454015e-06
9.6289635815e-06
9.6325999415e-06
9.6325999415e-06
9.6405999414e-06
9.6485999414e-06
9.6565999413e-06
9.6645999413e-06
9.6725999412e-06
9.6805999412e-06
9.6885999411e-06
9.6965999411e-06
9.704599941e-06
9.712599941e-06
9.7205999409e-06
9.7285999409e-06
9.7365999408e-06
9.7525999407e-06
9.7525999407e-06
9.7525999407e-06
9.7525999407e-06
9.7525999407e-06
9.7525999407e-06
9.7525999407e-06
9.7525999407e-06
9.7525999407e-06
9.7525999407e-06
9.7459332808e-06
9.7392666008e-06
9.7325999409e-06
9.7259332809e-06
9.7192666009e-06
9.712599941e-06
9.705933281e-06
9.6992666011e-06
9.6925999411e-06
9.6859332811e-06
9.6725999412e-06
9.4525999426e-06
9.4525999426e-06
9.4495230226e-06
9.4464461026e-06
9.4433691826e-06
9.4402922426e-06
9.4372153226e-06
9.4341384027e-06
9.4310614827e-06
9.4279845627e-06
9.4249076427e-06
9.4218307027e-06
9.4187537828e-06
9.4125999428e-06
9.4125999428e-06
9.4105999428e-06
9.4085999428e-06
9.4065999428e-06
9.4045999428e-06
9.4025999429e-06
9.4005999429e-06
9.3985999429e-06
9.3965999429e-06
9.3925999429e-06
9.3525999432e-06
9.3525999432e-06
9.3165999434e-06
9.2805999436e-06
9.2445999438e-06
9.1725999443e-06
9.1725999443e-06
9.1775999442e-06
9.1825999442e-06
9.1875999442e-06
9.1925999441e-06
9.1975999441e-06
9.2025999441e-06
9.207599944e-06
9.212599944e-06
9.217599944e-06
9.2225999439e-06
9.2325999439e-06
9.2325999439e-06
9.2347052039e-06
9.2368104639e-06
9.2389157239e-06
9.2410210038e-06
9.2431262638e-06
9.2452315238e-06
9.2473367838e-06
9.2494420438e-06
9.2515473038e-06
9.2536525838e-06
9.2557578437e-06
9.2578631037e-06
9.2599683637e-06
9.2620736237e-06
9.2641788837e-06
9.2662841637e-06
9.2683894237e-06
9.2725999436e-06
9.2725999436e-06
9.2725999436e-06
9.2725999436e-06
9.2725999436e-06
9.2725999436e-06
9.2725999436e-06
9.2725999436e-06
9.2725999436e-06
9.2725999436e-06
9.2725999436e-06
9.2725999436e-06
9.2725999436e-06
9.2725999436e-06
9.2725999436e-06
9.2725999436e-06
9.2725999436e-06
9.2725999436e-06
9.2725999436e-06
9.2725999436e-06
9.2725999436e-06
9.2725999436e-06
9.2783142236e-06
9.2840285236e-06
9.2897428035e-06
9.2954570835e-06
9.3011713635e-06
9.3125999434e-06
9.3125999434e-06
9.3175999434e-06
9.3225999433e-06
9.3275999433e-06
9.3325999433e-06
9.3375999433e-06
9.3425999432e-06
9.3475999432e-06
9.3525999432e-06
9.3575999431e-06
9.3625999431e-06
9.372599943e-06
9.372599943e-06
9.379266603e-06
9.385933283e-06
9.3925999429e-06
9.3992666029e-06
9.4059332828e-06
9.4125999428e-06
9.4192666028e-06
9.4325999427e-06
9.4325999427e-06
9.4405999426e-06
9.4485999426e-06
9.4565999425e-06
9.4725999424e-06
9.4725999424e-06
9.4845999424e-06
9.4965999423e-06
9.5085999422e-06
9.5325999421e-06
9.5325999421e-06
9.5259332821e-06
9.5125999422e-06
9.5125999422e-06
9.4992666023e-06
9.4859332823e-06
9.4725999424e-06
9.4592666025e-06
9.4459332826e-06
9.4325999427e-06
9.4192666028e-06
9.4059332828e-06
9.3925999429e-06
9.379266603e-06
9.3525999432e-06
9.3525999432e-06
9.3497428032e-06
9.3468856632e-06
9.3440285232e-06
9.3411713632e-06
9.3383142232e-06
9.3325999433e-06
9.3325999433e-06
9.3325999433e-06
9.3325999433e-06
9.3325999433e-06
9.3325999433e-06
9.3325999433e-06
9.3325999433e-06
9.3325999433e-06
9.3325999433e-06
9.3325999433e-06
9.3325999433e-06
9.3325999433e-06
9.3325999433e-06
9.3325999433e-06
9.3241788833e-06
9.3157578434e-06
9.3073367834e-06
9.2989157235e-06
9.2904946835e-06
9.2820736236e-06
9.2736525836e-06
9.2652315237e-06
9.2568104637e-06
9.2483894238e-06
9.2399683638e-06
9.2315473039e-06
9.2231262639e-06
9.214705204e-06
9.206284164e-06
9.1978631041e-06
9.1894420442e-06
9.1725999443e-06
9.1725999443e-06
9.1825999442e-06
9.1925999441e-06
9.212599944e-06
9.212599944e-06
9.207599944e-06
9.2025999441e-06
9.1975999441e-06
9.1925999441e-06
9.1875999442e-06
9.1825999442e-06
9.1775999442e-06
9.1725999443e-06
9.1675999443e-06
9.1625999443e-06
9.1575999443e-06
9.1525999444e-06
9.1475999444e-06
9.1425999444e-06
9.1375999445e-06
9.1325999445e-06
9.1275999445e-06
9.1225999446e-06
9.1125999446e-06
9.1125999446e-06
9.1072666047e-06
9.1019332847e-06
9.0965999447e-06
9.0912666047e-06
9.0859332848e-06
9.0805999448e-06
9.0752666048e-06
9.0699332849e-06
9.0645999449e-06
9.0592666049e-06
9.053933285e-06
9.048599945e-06
9.043266605e-06
9.0325999451e-06
9.0325999451e-06
9.0305999451e-06
9.0285999451e-06
9.0265999451e-06
9.0245999452e-06
9.0225999452e-06
9.0205999452e-06
9.0185999452e-06
9.0165999452e-06
9.0125999452e-06
9.0125999452e-06
9.0210210052e-06
9.0294420451e-06
9.0378631051e-06
9.046284165e-06
9.054705205e-06
9.0631262649e-06
9.0715473049e-06
9.0799683648e-06
9.0883894248e-06
9.0968104647e-06
9.1052315247e-06
9.1136525846e-06
9.1220736246e-06
9.1304946845e-06
9.1389157245e-06
9.1473367844e-06
9.1557578444e-06
9.1725999443e-06
9.1725999443e-06
9.206599944e-06
9.2405999438e-06
9.2745999436e-06
9.3085999434e-06
9.3425999432e-06
9.376599943e-06
9.4105999428e-06
9.4445999426e-06
9.5125999422e-06
9.5125999422e-06
9.538314222e-06
9.5640285219e-06
9.5897428017e-06
9.6154570816e-06
9.6411713614e-06
9.6925999411e-06
9.6925999411e-06
9.6825999412e-06
9.6725999412e-06
9.6625999413e-06
9.6525999413e-06
9.6325999415e-06
9.6325999415e-06
9.5125999422e-06
9.2725999436e-06
9.2725999436e-06
9.2325999439e-06
9.2325999439e-06
8.9725999455e-06
8.4525999486e-06
8.4525999486e-06
8.4490705287e-06
8.4455411287e-06
8.4420117087e-06
8.4384823087e-06
8.4349528887e-06
8.4314234688e-06
8.4278940688e-06
8.4243646488e-06
8.4208352488e-06
8.4173058288e-06
8.4137764289e-06
8.4102470089e-06
8.4067175889e-06
8.4031881889e-06
8.399658769e-06
8.392599949e-06
8.392599949e-06
8.390099949e-06
8.387599949e-06
8.385099949e-06
8.3825999491e-06
8.3800999491e-06
8.3775999491e-06
8.3750999491e-06
8.3725999491e-06
8.3700999491e-06
8.3675999491e-06
8.3650999492e-06
8.3625999492e-06
8.3600999492e-06
8.3575999492e-06
8.3525999492e-06
8.3525999492e-06
8.3485999493e-06
8.3445999493e-06
8.3405999493e-06
8.3325999494e-06
8.3325999494e-06
8.3485999493e-06
8.3645999492e-06
8.3805999491e-06
8.396599949e-06
8.4125999489e-06
8.4285999488e-06
8.4445999487e-06
8.4605999486e-06
8.4925999484e-06
8.4925999484e-06
8.5289635882e-06
8.5653272279e-06
8.6016908477e-06
8.6380544875e-06
8.6744181273e-06
8.7107817671e-06
8.7471454068e-06
8.7835090466e-06
8.8198726664e-06
8.892599946e-06
8.892599946e-06
8.9240285258e-06
8.9554570856e-06
8.9868856654e-06
9.0183142252e-06
9.049742805e-06
9.1125999446e-06
9.1125999446e-06
9.1392666045e-06
9.1659332843e-06
9.1925999441e-06
9.219266604e-06
9.2459332838e-06
9.2725999436e-06
9.2992666035e-06
9.3525999432e-06
9.3525999432e-06
9.4775999424e-06
9.6025999416e-06
9.8525999401e-06
9.8525999401e-06
9.8925999399e-06
9.9325999396e-06
9.9725999394e-06
1.0012599939e-05
1.0052599939e-05
1.0092599939e-05
1.0132599938e-05
1.0212599938e-05
1.0212599938e-05
1.0281488818e-05
1.0350377717e-05
1.0419266597e-05
1.0488155496e-05
1.0557044376e-05
1.0625933275e-05
1.0694822155e-05
1.0832599934e-05
1.0832599934e-05
1.0874138394e-05
1.0915676854e-05
1.0957215313e-05
1.0998753773e-05
1.1040292233e-05
1.1081830693e-05
1.1123369172e-05
1.1164907632e-05
1.1206446092e-05
1.1247984552e-05
1.1289523011e-05
1.1372599931e-05
1.1372599931e-05
1.1392599931e-05
1.1412599931e-05
1.1432599931e-05
1.145259993e-05
1.147259993e-05
1.149259993e-05
1.151259993e-05
1.153259993e-05
1.155259993e-05
1.157259993e-05
1.1612599929e-05
1.1612599929e-05
1.1618314209e-05
1.1624028509e-05
1.1629742789e-05
1.1635457069e-05
1.1641171349e-05
1.1646885649e-05
1.1652599929e-05
1.1658314209e-05
1.1664028509e-05
1.1669742789e-05
1.1675457069e-05
1.1681171349e-05
1.1692599929e-05
1.1692599929e-05
1.1692599929e-05
1.1692599929e-05
1.1692599929e-05
1.1692599929e-05
1.1692599929e-05
1.1692599929e-05
1.1647599929e-05
1.1602599929e-05
1.155759993e-05
1.151259993e-05
1.146759993e-05
1.1422599931e-05
1.1332599931e-05
1.1332599931e-05
1.1199266592e-05
1.0932599934e-05
1.0932599934e-05
1.0032599939e-05
1.0032599939e-05
1.0023509039e-05
1.0014418119e-05
1.0005327219e-05
9.9962362992e-06
9.9871453993e-06
9.9780544794e-06
9.9689635794e-06
9.9598726595e-06
9.9507817595e-06
9.9325999396e-06
9.9325999396e-06
9.9269999397e-06
9.9213999397e-06
9.9157999397e-06
9.9101999398e-06
9.9045999398e-06
9.8989999398e-06
9.8933999399e-06
9.8877999399e-06
9.8821999399e-06
9.87659994e-06
9.87099994e-06
9.86539994e-06
9.8597999401e-06
9.8541999401e-06
9.8485999401e-06
9.8429999402e-06
9.8373999402e-06
9.8317999402e-06
9.8261999403e-06
9.8205999403e-06
9.8149999403e-06
9.8093999404e-06
9.8037999404e-06
9.7925999405e-06
9.7925999405e-06
9.7811713606e-06
9.7697428006e-06
9.7583142207e-06
9.7468856608e-06
9.7354570808e-06
9.712599941e-06
9.712599941e-06
9.709266601e-06
9.705933281e-06
9.702599941e-06
9.6992666011e-06
9.6959332811e-06
9.6925999411e-06
9.6892666011e-06
9.6859332811e-06
9.6825999412e-06
9.6792666012e-06
9.6725999412e-06
9.6725999412e-06
9.705099941e-06
9.7375999408e-06
9.7700999406e-06
9.8025999404e-06
9.8350999402e-06
9.86759994e-06
9.9325999396e-06
9.9325999396e-06
9.9783142194e-06
1.0024028519e-05
1.0069742799e-05
1.0115457079e-05
1.0161171358e-05
1.0252599938e-05
1.0252599938e-05
1.0255933278e-05
1.0259266598e-05
1.0262599938e-05
1.0265933278e-05
1.0272599938e-05
1.0272599938e-05
1.0256236298e-05
1.0239872658e-05
1.0223509038e-05
1.0207145398e-05
1.0190781758e-05
1.0174418118e-05
1.0158054478e-05
1.0141690838e-05
1.0125327218e-05
1.0092599939e-05
1.0092599939e-05
1.0065933279e-05
1.0039266599e-05
1.0012599939e-05
9.9859332793e-06
9.9325999396e-06
9.9325999396e-06
9.9139332797e-06
9.8952665999e-06
9.87659994e-06
9.8579332801e-06
9.8392666002e-06
9.8205999403e-06
9.8019332804e-06
9.7832666005e-06
9.7645999407e-06
9.7459332808e-06
9.7272666009e-06
9.708599941e-06
9.6899332811e-06
9.6525999413e-06
9.6525999413e-06
9.6368856614e-06
9.6211713615e-06
9.6054570816e-06
9.5897428017e-06
9.5740285218e-06
9.5583142219e-06
9.542599942e-06
9.5268856621e-06
9.5111713622e-06
9.4954570823e-06
9.4797428024e-06
9.4640285225e-06
9.4325999427e-06
9.4325999427e-06
9.4225999427e-06
9.4125999428e-06
9.4025999429e-06
9.3925999429e-06
9.382599943e-06
9.372599943e-06
9.3625999431e-06
9.3525999432e-06
9.3325999433e-06
9.3325999433e-06
9.3150999434e-06
9.2975999435e-06
9.2800999436e-06
9.2625999437e-06
9.2450999438e-06
9.2275999439e-06
9.1925999441e-06
9.1925999441e-06
9.1805999442e-06
9.1685999443e-06
9.1565999444e-06
9.1325999445e-06
9.1325999445e-06
9.1325999445e-06
9.1325999445e-06
9.1325999445e-06
9.1325999445e-06
9.1325999445e-06
9.1325999445e-06
9.1492666044e-06
9.1659332843e-06
9.1825999442e-06
9.1992666041e-06
9.2325999439e-06
9.2325999439e-06
9.215933284e-06
9.1992666041e-06
9.1825999442e-06
9.1659332843e-06
9.1325999445e-06
9.0325999451e-06
9.0325999451e-06
9.0245999452e-06
9.0165999452e-06
9.0085999453e-06
9.0005999453e-06
8.9925999453e-06
8.9845999454e-06
8.9765999454e-06
8.9685999455e-06
8.9605999455e-06
8.9525999456e-06
8.9445999456e-06
8.9365999457e-06
8.9285999457e-06
8.9125999458e-06
8.9125999458e-06
8.9125999458e-06
8.9125999458e-06
8.9125999458e-06
8.9125999458e-06
8.9125999458e-06
8.9125999458e-06
8.9165999458e-06
8.9205999458e-06
8.9245999458e-06
8.9325999457e-06
8.9325999457e-06
8.9925999453e-06
9.052599945e-06
9.1725999443e-06
9.1725999443e-06
9.1640285243e-06
9.1554570844e-06
9.1468856644e-06
9.1383142245e-06
9.1297428045e-06
9.1125999446e-06
9.1125999446e-06
9.0875999448e-06
9.0625999449e-06
9.0375999451e-06
9.0125999452e-06
8.9875999454e-06
8.9625999455e-06
8.9125999458e-06
8.9125999458e-06
8.8975999459e-06
8.882599946e-06
8.8525999462e-06
8.8525999462e-06
8.8525999462e-06
8.8525999462e-06
8.8525999462e-06
8.8525999462e-06
8.8525999462e-06
8.8525999462e-06
8.8525999462e-06
8.8525999462e-06
8.8525999462e-06
8.8525999462e-06
8.8525999462e-06
8.8525999462e-06
8.8525999462e-06
8.8525999462e-06
8.8525999462e-06
8.8545999462e-06
8.8565999462e-06
8.8585999462e-06
8.8605999461e-06
8.8625999461e-06
8.8645999461e-06
8.8665999461e-06
8.8685999461e-06
8.8725999461e-06
8.8725999461e-06
8.8709332861e-06
8.8692666061e-06
8.8675999461e-06
8.8659332861e-06
8.8642666061e-06
8.8625999461e-06
8.8609332861e-06
8.8592666062e-06
8.8575999462e-06
8.8559332862e-06
8.8525999462e-06
8.8525999462e-06
8.8565999462e-06
8.8605999461e-06
8.8645999461e-06
8.8685999461e-06
8.8725999461e-06
8.8765999461e-06
8.880599946e-06
8.884599946e-06
8.892599946e-06
8.892599946e-06
8.8965999459e-06
8.9005999459e-06
8.9045999459e-06
8.9085999459e-06
8.9125999458e-06
8.9165999458e-06
8.9205999458e-06
8.9245999458e-06
8.9325999457e-06
8.9325999457e-06
8.9325999457e-06
8.9325999457e-06
8.9325999457e-06
8.9325999457e-06
8.9325999457e-06
8.9325999457e-06
8.9325999457e-06
8.9380544857e-06
8.9435090456e-06
8.9489635856e-06
8.9544181256e-06
8.9598726655e-06
8.9653272255e-06
8.9707817655e-06
8.9762363054e-06
8.9816908454e-06
8.9925999453e-06
8.9925999453e-06
8.9992666053e-06
9.0059332853e-06
9.0125999452e-06
9.0192666052e-06
9.0325999451e-06
9.0325999451e-06
9.0259332851e-06
9.0192666052e-06
9.0125999452e-06
9.0059332853e-06
8.9925999453e-06
8.9925999453e-06
8.9792666054e-06
8.9659332855e-06
8.9525999456e-06
8.9392666057e-06
8.9125999458e-06
8.9125999458e-06
8.9159332858e-06
8.9192666058e-06
8.9225999458e-06
8.9259332858e-06
8.9292666057e-06
8.9325999457e-06
8.9359332857e-06
8.9392666057e-06
8.9425999457e-06
8.9459332856e-06
8.9525999456e-06
8.9525999456e-06
8.9668856655e-06
8.9811713654e-06
8.9954570853e-06
9.0097428052e-06
9.0240285252e-06
9.052599945e-06
9.052599945e-06
9.0632666049e-06
9.0739332849e-06
9.0845999448e-06
9.0952666047e-06
9.1059332847e-06
9.1165999446e-06
9.1272666045e-06
9.1379332845e-06
9.1485999444e-06
9.1592666043e-06
9.1699332843e-06
9.1805999442e-06
9.1912666041e-06
9.212599944e-06
9.212599944e-06
9.215676864e-06
9.218753784e-06
9.221830704e-06
9.2249076439e-06
9.2279845639e-06
9.2310614839e-06
9.2341384039e-06
9.2372153239e-06
9.2402922438e-06
9.2433691838e-06
9.2464461038e-06
9.2525999438e-06
9.2525999438e-06
9.2525999438e-06
9.2525999438e-06
9.2525999438e-06
9.2525999438e-06
9.2525999438e-06
9.2525999438e-06
9.2525999438e-06
9.2525999438e-06
9.2525999438e-06
9.2525999438e-06
9.2525999438e-06
9.2525999438e-06
9.2525999438e-06
9.2525999438e-06
9.2468856638e-06
9.2411713638e-06
9.2354570839e-06
9.2297428039e-06
9.2240285239e-06
9.212599944e-06
9.212599944e-06
9.209442044e-06
9.206284164e-06
9.2031262641e-06
9.1999683641e-06
9.1968104641e-06
9.1936525841e-06
9.1904946841e-06
9.1873367842e-06
9.1841788842e-06
9.1810210042e-06
9.1778631042e-06
9.1747052042e-06
9.1715473043e-06
9.1683894243e-06
9.1652315243e-06
9.1620736243e-06
9.1589157243e-06
9.1525999444e-06
9.1525999444e-06
9.1492666044e-06
9.1459332844e-06
9.1425999444e-06
9.1392666045e-06
9.1359332845e-06
9.1325999445e-06
9.1292666045e-06
9.1259332845e-06
9.1225999446e-06
9.1192666046e-06
9.1125999446e-06
9.1125999446e-06
9.0992666047e-06
9.0859332848e-06
9.0725999449e-06
9.0592666049e-06
9.0325999451e-06
9.0325999451e-06
9.0237110652e-06
9.0148221652e-06
9.0059332853e-06
8.9970443853e-06
8.9881555054e-06
8.9792666054e-06
8.9703777255e-06
8.9525999456e-06
8.9525999456e-06
8.9405999457e-06
8.9285999457e-06
8.9165999458e-06
8.892599946e-06
8.892599946e-06
8.878314226e-06
8.8640285261e-06
8.8497428062e-06
8.8354570863e-06
8.8211713664e-06
8.7925999466e-06
8.7925999466e-06
8.7783142267e-06
8.7640285267e-06
8.7497428068e-06
8.7354570869e-06
8.721171367e-06
8.6925999472e-06
8.6925999472e-06
8.6962363071e-06
8.6998726671e-06
8.7035090471e-06
8.7071454071e-06
8.7107817671e-06
8.714418127e-06
8.718054487e-06
8.721690847e-06
8.725327227e-06
8.7325999469e-06
8.7325999469e-06
8.7425999469e-06
8.7525999468e-06
8.7625999467e-06
8.7725999467e-06
8.7825999466e-06
8.7925999466e-06
8.8025999465e-06
8.8125999464e-06
8.8325999463e-06
8.8325999463e-06
8.8471454062e-06
8.8616908461e-06
8.8762363061e-06
8.890781766e-06
8.9053272259e-06
8.9198726658e-06
8.9344181257e-06
8.9489635856e-06
8.9635090455e-06
8.9925999453e-06
8.9925999453e-06
8.9707817655e-06
8.9489635856e-06
8.9271454057e-06
8.9053272259e-06
8.883509046e-06
8.8616908461e-06
8.8398726663e-06
8.8180544864e-06
8.7962363065e-06
8.7525999468e-06
8.7325999469e-06
8.7325999469e-06
8.7325999469e-06
8.7325999469e-06
8.726599947e-06
8.720599947e-06
8.714599947e-06
8.7085999471e-06
8.7025999471e-06
8.6965999471e-06
8.6905999472e-06
8.6845999472e-06
8.6725999473e-06
8.6725999473e-06
8.6614888274e-06
8.6503777274e-06
8.6392666075e-06
8.6281555076e-06
8.6170443876e-06
8.6059332877e-06
8.5948221678e-06
8.5725999479e-06
8.5725999479e-06
8.557044388e-06
8.5414888281e-06
8.5259332882e-06
8.5103777283e-06
8.4948221684e-06
8.4792666085e-06
8.4637110686e-06
8.4325999488e-06
8.4325999488e-06
8.4205999488e-06
8.4085999489e-06
8.396599949e-06
8.384599949e-06
8.3725999491e-06
8.3605999492e-06
8.3485999493e-06
8.3365999493e-06
8.3245999494e-06
8.3125999495e-06
8.3005999496e-06
8.2885999496e-06
8.2765999497e-06
8.2525999498e-06
8.2525999498e-06
8.2440285299e-06
8.2354570899e-06
8.22688567e-06
8.2183142301e-06
8.2097428101e-06
8.1925999502e-06
8.1925999502e-06
8.1805999503e-06
8.1685999504e-06
8.1565999504e-06
8.1325999506e-06
8.1325999506e-06
7.5925999539e-06
7.5925999539e-06
7.569523034e-06
7.5464461141e-06
7.5233691943e-06
7.5002922544e-06
7.4772153346e-06
7.4541384147e-06
7.4310614948e-06
7.407984575e-06
7.3849076551e-06
7.3618307153e-06
7.3387537954e-06
7.2925999557e-06
7.2925999557e-06
7.2554570959e-06
7.2183142361e-06
7.1811713764e-06
7.1440285366e-06
7.1068856768e-06
7.0325999573e-06
7.0325999573e-06
6.9959332975e-06
6.9592666177e-06
6.9225999579e-06
6.8859332982e-06
6.8125999586e-06
6.8125999586e-06
6.7965999587e-06
6.7805999588e-06
6.7645999589e-06
6.7325999591e-06
6.7325999591e-06
6.7245999591e-06
6.7165999592e-06
6.7085999592e-06
6.6925999593e-06
6.6925999593e-06
6.6703777395e-06
6.6481555196e-06
6.6259332997e-06
6.6037110799e-06
6.58148884e-06
6.5592666201e-06
6.5370444003e-06
6.4925999605e-06
6.4925999605e-06
6.4818307206e-06
6.4710615007e-06
6.4602922607e-06
6.4495230408e-06
6.4387538009e-06
6.4279845809e-06
6.417215341e-06
6.4064461211e-06
6.3956768811e-06
6.3849076612e-06
6.3741384213e-06
6.3525999614e-06
6.3525999614e-06
6.2725999619e-06
6.2725999619e-06
6.2325999621e-06
6.1525999626e-06
6.1525999626e-06
6.1085999629e-06
6.0645999631e-06
6.0205999634e-06
5.9325999639e-06
5.9325999639e-06
5.8965999642e-06
5.8605999644e-06
5.8245999646e-06
5.752599965e-06
5.752599965e-06
5.7375999651e-06
5.7225999652e-06
5.6925999654e-06
5.6925999654e-06
5.6832666255e-06
5.6739333055e-06
5.6645999656e-06
5.6552666256e-06
5.6459333057e-06
5.6365999657e-06
5.6272666258e-06
5.6179333059e-06
5.6085999659e-06
5.599266626e-06
5.589933306e-06
5.5805999661e-06
5.5712666261e-06
5.5525999663e-06
5.5525999663e-06
5.5509333063e-06
5.5492666263e-06
5.5475999663e-06
5.5459333063e-06
5.5442666263e-06
5.5425999663e-06
5.5409333063e-06
5.5392666263e-06
5.5375999663e-06
5.5359333064e-06
5.5325999664e-06
5.5325999664e-06
5.5292666264e-06
5.5259333064e-06
5.5225999664e-06
5.5192666265e-06
5.5159333065e-06
5.5125999665e-06
5.5092666265e-06
5.5059333065e-06
5.5025999666e-06
5.4992666266e-06
5.4925999666e-06
5.4925999666e-06
5.4925999666e-06
5.4925999666e-06
5.4925999666e-06
5.4925999666e-06
5.4925999666e-06
5.4925999666e-06
5.4925999666e-06
5.4925999666e-06
5.4925999666e-06
5.4925999666e-06
5.4925999666e-06
5.4925999666e-06
5.4925999666e-06
5.4925999666e-06
5.4925999666e-06
5.4925999666e-06
5.4925999666e-06
5.4925999666e-06
5.4925999666e-06
5.4925999666e-06
5.4925999666e-06
5.4925999666e-06
5.4925999666e-06
5.4925999666e-06
5.4925999666e-06
5.4925999666e-06
5.4925999666e-06
5.4925999666e-06
5.4925999666e-06
5.4925999666e-06
5.4925999666e-06
5.4925999666e-06
5.4925999666e-06
5.4925999666e-06
5.4925999666e-06
5.4925999666e-06
5.4925999666e-06
5.4925999666e-06
5.4814888467e-06
5.4703777468e-06
5.4592666268e-06
5.4481555269e-06
5.437044407e-06
5.425933307e-06
5.4148221871e-06
5.3925999672e-06
5.3925999672e-06
5.3825999673e-06
5.3725999673e-06
5.3625999674e-06
5.3525999675e-06
5.3425999675e-06
5.3325999676e-06
5.3225999677e-06
5.3125999677e-06
5.3025999678e-06
5.2925999678e-06
5.272599968e-06
5.272599968e-06
5.259266628e-06
5.2459333081e-06
5.2325999682e-06
5.2192666283e-06
5.1925999684e-06
5.1925999684e-06
5.1925999684e-06
5.1925999684e-06
5.1925999684e-06
5.1925999684e-06
5.1925999684e-06
5.1925999684e-06
5.1956768884e-06
5.1987538084e-06
5.2018307284e-06
5.2049076684e-06
5.2079845883e-06
5.2110615083e-06
5.2141384283e-06
5.2172153483e-06
5.2202922683e-06
5.2233692083e-06
5.2264461282e-06
5.2325999682e-06
5.2325999682e-06
5.2525999681e-06
5.272599968e-06
5.3125999677e-06
5.3125999677e-06
5.3281555276e-06
5.3437110875e-06
5.3592666274e-06
5.3748221873e-06
5.3903777472e-06
5.4059333071e-06
5.4214888471e-06
5.4525999669e-06
5.4525999669e-06
5.4611713868e-06
5.4697428268e-06
5.4783142467e-06
5.4868856867e-06
5.4954571066e-06
5.5040285465e-06
5.5125999665e-06
5.5211713864e-06
5.5297428264e-06
5.5383142463e-06
5.5468856863e-06
5.5554571062e-06
5.5725999661e-06
5.5725999661e-06
5.5765999661e-06
5.5805999661e-06
5.5845999661e-06
5.592599966e-06
5.592599966e-06
5.600599966e-06
5.6085999659e-06
5.6165999659e-06
5.6325999658e-06
5.6325999658e-06
5.6525999656e-06
5.6725999655e-06
5.6925999654e-06
5.7325999652e-06
5.7325999652e-06
5.7392666251e-06
5.752599965e-06
5.752599965e-06
5.766599965e-06
5.7805999649e-06
5.7945999648e-06
5.8085999647e-06
5.8225999646e-06
5.8365999645e-06
5.8505999644e-06
5.8645999644e-06
5.8925999642e-06
5.8925999642e-06
5.9045999641e-06
5.916599964e-06
5.928599964e-06
5.9405999639e-06
5.9525999638e-06
5.9645999638e-06
5.9765999637e-06
5.9885999636e-06
6.0125999635e-06
6.0125999635e-06
6.0325999633e-06
6.0525999632e-06
6.0725999631e-06
6.1125999629e-06
6.1125999629e-06
6.1725999625e-06
6.2325999621e-06
6.2925999618e-06
6.412599961e-06
6.412599961e-06
6.4775999606e-06
6.5425999602e-06
6.6725999594e-06
6.6725999594e-06
6.7125999592e-06
6.7925999587e-06
6.7925999587e-06
6.7925999587e-06
6.7868856788e-06
6.7811713788e-06
6.7754570988e-06
6.7697428189e-06
6.7640285389e-06
6.752599959e-06
6.752599959e-06
6.7125999592e-06
6.6325999597e-06
6.6325999597e-06
6.5459333002e-06
6.3725999613e-06
6.3725999613e-06
6.3725999613e-06
6.3725999613e-06
6.3775999612e-06
6.3825999612e-06
6.3875999612e-06
6.3925999611e-06
6.3975999611e-06
6.4025999611e-06
6.4075999611e-06
6.412599961e-06
6.417599961e-06
6.422599961e-06
6.4325999609e-06
6.4325999609e-06
6.4459333008e-06
6.4592666207e-06
6.4725999607e-06
6.4859333006e-06
6.5125999604e-06
6.5125999604e-06
6.5225999604e-06
6.5325999603e-06
6.5425999602e-06
6.5525999602e-06
6.5625999601e-06
6.5725999601e-06
6.58259996e-06
6.5925999599e-06
6.6125999598e-06
6.6125999598e-06
6.6175999598e-06
6.6225999598e-06
6.6325999597e-06
6.6325999597e-06
6.6372153397e-06
6.6418307196e-06
6.6464461196e-06
6.6510614996e-06
6.6556768796e-06
6.6602922595e-06
6.6649076595e-06
6.6695230395e-06
6.6741384194e-06
6.6787537994e-06
6.6833691994e-06
6.6925999593e-06
6.6925999593e-06
6.7085999592e-06
6.7245999591e-06
6.740599959e-06
6.7565999589e-06
6.7725999588e-06
6.7885999587e-06
6.8045999586e-06
6.8205999585e-06
6.8525999584e-06
6.8525999584e-06
6.8759332982e-06
6.8992666181e-06
6.9225999579e-06
6.9459332978e-06
6.9925999575e-06
6.9925999575e-06
7.0105999574e-06
7.0285999573e-06
7.0465999572e-06
7.0645999571e-06
7.082599957e-06
7.1005999568e-06
7.1185999567e-06
7.1365999566e-06
7.1725999564e-06
7.1725999564e-06
7.1925999563e-06
7.2125999562e-06
7.232599956e-06
7.2725999558e-06
7.2725999558e-06
7.2965999557e-06
7.3205999555e-06
7.3445999554e-06
7.3925999551e-06
7.3925999551e-06
7.4285999549e-06
7.4645999546e-06
7.5005999544e-06
7.5365999542e-06
7.572599954e-06
7.6085999538e-06
7.6445999535e-06
7.6805999533e-06
7.7525999529e-06
7.7525999529e-06
7.8005999526e-06
7.8485999523e-06
7.896599952e-06
7.9925999514e-06
7.9925999514e-06
8.0459332911e-06
8.1525999505e-06
8.23259995e-06
8.23259995e-06
8.2659332898e-06
8.3325999494e-06
8.3325999494e-06
8.3271454094e-06
8.3216908494e-06
8.3162363095e-06
8.3107817695e-06
8.3053272295e-06
8.2998726696e-06
8.2944181296e-06
8.2889635896e-06
8.2835090497e-06
8.2780544897e-06
8.2725999497e-06
8.2671454098e-06
8.2616908498e-06
8.2562363098e-06
8.2507817699e-06
8.2453272299e-06
8.2398726699e-06
8.23441813e-06
8.22896359e-06
8.22350905e-06
8.2125999501e-06
8.2125999501e-06
8.2075999501e-06
8.2025999501e-06
8.1975999502e-06
8.1925999502e-06
8.1875999502e-06
8.1825999503e-06
8.1725999503e-06
8.1725999503e-06
8.1645999504e-06
8.1565999504e-06
8.1485999505e-06
8.1325999506e-06
8.1325999506e-06
8.1225999506e-06
8.1125999507e-06
8.1025999508e-06
8.0925999508e-06
8.0725999509e-06
8.0725999509e-06
8.0725999509e-06
8.0725999509e-06
8.0725999509e-06
8.0725999509e-06
8.0725999509e-06
8.0725999509e-06
8.0725999509e-06
8.0725999509e-06
8.0725999509e-06
8.0725999509e-06
8.0725999509e-06
8.0725999509e-06
8.0725999509e-06
8.0725999509e-06
8.0725999509e-06
8.0725999509e-06
8.0725999509e-06
8.0725999509e-06
8.0725999509e-06
8.0725999509e-06
8.0725999509e-06
8.0725999509e-06
8.0725999509e-06
8.0725999509e-06
8.0792666109e-06
8.0859332909e-06
8.0925999508e-06
8.0992666108e-06
8.1125999507e-06
8.1125999507e-06
8.1103777307e-06
8.1081555107e-06
8.1059332907e-06
8.1037110707e-06
8.1014888308e-06
8.0992666108e-06
8.0970443908e-06
8.0925999508e-06
8.0925999508e-06
8.0759332909e-06
8.059266611e-06
8.0425999511e-06
8.0259332912e-06
7.9925999514e-06
7.9925999514e-06
7.9681555116e-06
7.9437110717e-06
7.9192666119e-06
7.894822172e-06
7.8703777322e-06
7.8459332923e-06
7.8214888325e-06
7.7725999528e-06
7.7725999528e-06
7.739968373e-06
7.7073367932e-06
7.6747052134e-06
7.6420736336e-06
7.6094420538e-06
7.576810474e-06
7.5441788942e-06
7.5115473143e-06
7.4789157345e-06
7.4462841747e-06
7.4136525949e-06
7.3810210151e-06
7.3483894353e-06
7.3157578555e-06
7.2831262757e-06
7.2504946959e-06
7.2178631161e-06
7.1525999565e-06
7.1525999565e-06
7.1125999568e-06
7.072599957e-06
7.0325999573e-06
6.9925999575e-06
6.9525999577e-06
6.8725999582e-06
6.8725999582e-06
6.8325999585e-06
6.7925999587e-06
6.7125999592e-06
6.7125999592e-06
6.6785999594e-06
6.6445999596e-06
6.6105999598e-06
6.57659996e-06
6.5425999602e-06
6.5085999604e-06
6.4745999607e-06
6.4405999609e-06
6.3725999613e-06
6.3725999613e-06
6.3671454213e-06
6.3616908613e-06
6.3562363214e-06
6.3507817814e-06
6.3453272414e-06
6.3398726815e-06
6.3344181415e-06
6.3289636015e-06
6.3235090616e-06
6.3125999616e-06
6.3125999616e-06
6.3107817816e-06
6.3089636017e-06
6.3071454217e-06
6.3053272417e-06
6.3035090617e-06
6.3016908617e-06
6.2998726817e-06
6.2980545017e-06
6.2962363217e-06
6.2925999618e-06
6.2925999618e-06
6.2998726817e-06
6.3071454217e-06
6.3144181416e-06
6.3216908616e-06
6.3289636015e-06
6.3362363215e-06
6.3435090614e-06
6.3507817814e-06
6.3580545014e-06
6.3725999613e-06
6.3725999613e-06
6.3775999612e-06
6.3825999612e-06
6.3875999612e-06
6.3925999611e-06
6.3975999611e-06
6.4025999611e-06
6.4075999611e-06
6.412599961e-06
6.417599961e-06
6.422599961e-06
6.4275999609e-06
6.4325999609e-06
6.4375999609e-06
6.4425999608e-06
6.4525999608e-06
6.4525999608e-06
6.4587538007e-06
6.4649076607e-06
6.4710615007e-06
6.4772153406e-06
6.4833692006e-06
6.4895230406e-06
6.4956768805e-06
6.5018307205e-06
6.5079845804e-06
6.5141384204e-06
6.5202922604e-06
6.5325999603e-06
6.5325999603e-06
6.5510615002e-06
6.5695230401e-06
6.58798458e-06
6.6064461198e-06
6.6249076597e-06
6.6433691996e-06
6.6618307195e-06
6.6802922594e-06
6.6987537993e-06
6.7172153392e-06
6.7356768791e-06
6.7725999588e-06
6.7725999588e-06
6.7759332988e-06
6.7792666188e-06
6.7825999588e-06
6.7859332988e-06
6.7925999587e-06
6.7925999587e-06
6.7888499587e-06
6.7850999588e-06
6.7813499588e-06
6.7775999588e-06
6.7738499588e-06
6.7700999589e-06
6.7663499589e-06
6.7625999589e-06
6.7588499589e-06
6.7550999589e-06
6.751349959e-06
6.747599959e-06
6.743849959e-06
6.740099959e-06
6.7325999591e-06
6.7325999591e-06
6.7292666191e-06
6.7259332991e-06
6.7225999591e-06
6.7192666192e-06
6.7159332992e-06
6.7125999592e-06
6.7092666192e-06
6.7059332992e-06
6.7025999593e-06
6.6992666193e-06
6.6925999593e-06
6.6925999593e-06
6.6787537994e-06
6.6649076595e-06
6.6510614996e-06
6.6372153397e-06
6.6233691997e-06
6.6095230398e-06
6.5956768799e-06
6.58183072e-06
6.5679845801e-06
6.5541384202e-06
6.5402922603e-06
6.5125999604e-06
6.5125999604e-06
6.5185999604e-06
6.5245999603e-06
6.5305999603e-06
6.5365999603e-06
6.5425999602e-06
6.5485999602e-06
6.5545999602e-06
6.5605999601e-06
6.5725999601e-06
6.5725999601e-06
6.5954570999e-06
6.6183142398e-06
6.6411713796e-06
6.6640285395e-06
6.6868856794e-06
6.7097428192e-06
6.7325999591e-06
6.7554570989e-06
6.7783142388e-06
6.8011713787e-06
6.8240285385e-06
6.8468856784e-06
6.8925999581e-06
6.8925999581e-06
6.908599958e-06
6.9245999579e-06
6.9405999578e-06
6.9725999576e-06
6.9725999576e-06
6.9887904375e-06
7.0049809174e-06
7.0211713773e-06
7.0373618572e-06
7.0535523371e-06
7.069742817e-06
7.0859332969e-06
7.1021237568e-06
7.1183142367e-06
7.1345047166e-06
7.1506951965e-06
7.1668856764e-06
7.1830761563e-06
7.1992666162e-06
7.2154570961e-06
7.231647576e-06
7.247838056e-06
7.2640285359e-06
7.2802189958e-06
7.3125999556e-06
7.3125999556e-06
7.3398726754e-06
7.3671454152e-06
7.3944181351e-06
7.4216908549e-06
7.4489635947e-06
7.4762363146e-06
7.5035090544e-06
7.5307817742e-06
7.5580544941e-06
7.6125999537e-06
7.6125999537e-06
7.6265999536e-06
7.6405999536e-06
7.6545999535e-06
7.6685999534e-06
7.6825999533e-06
7.6965999532e-06
7.7105999531e-06
7.7245999531e-06
7.7525999529e-06
7.7525999529e-06
7.7765999527e-06
7.8005999526e-06
7.8245999524e-06
7.8485999523e-06
7.8725999522e-06
7.896599952e-06
7.9205999519e-06
7.9445999517e-06
7.9925999514e-06
7.9925999514e-06
8.0192666113e-06
8.0725999509e-06
8.0725999509e-06
8.0392666111e-06
8.0059332913e-06
7.9725999515e-06
7.9392666117e-06
7.905933292e-06
7.8725999522e-06
7.8392666124e-06
7.7725999528e-06
7.7725999528e-06
7.7485999529e-06
7.7245999531e-06
7.7005999532e-06
7.6765999533e-06
7.6525999535e-06
7.6285999536e-06
7.6045999538e-06
7.5805999539e-06
7.5325999542e-06
7.5325999542e-06
7.5037110744e-06
7.4748221746e-06
7.4459332947e-06
7.4170443949e-06
7.3881555151e-06
7.3592666153e-06
7.3303777354e-06
7.2725999558e-06
7.2725999558e-06
7.241488836e-06
7.2103777362e-06
7.1792666164e-06
7.1481555166e-06
7.1170443967e-06
7.0859332969e-06
7.0548221771e-06
6.9925999575e-06
6.9925999575e-06
6.9592666177e-06
6.9259332979e-06
6.8925999581e-06
6.8592666183e-06
6.7925999587e-06
6.7925999587e-06
6.7965999587e-06
6.8005999587e-06
6.8045999586e-06
6.8085999586e-06
6.8125999586e-06
6.8165999586e-06
6.8205999585e-06
6.8245999585e-06
6.8325999585e-06
6.8325999585e-06
6.8387537984e-06
6.8449076584e-06
6.8510614984e-06
6.8572153383e-06
6.8633691983e-06
6.8695230383e-06
6.8756768782e-06
6.8818307182e-06
6.8879845781e-06
6.8941384181e-06
6.9002922581e-06
6.912599958e-06
6.912599958e-06
6.914952898e-06
6.917305838e-06
6.9196587779e-06
6.9220117179e-06
6.9243646579e-06
6.9267175979e-06
6.9290705379e-06
6.9314234779e-06
6.9337764379e-06
6.9361293778e-06
6.9384823178e-06
6.9408352578e-06
6.9431881978e-06
6.9455411378e-06
6.9478940778e-06
6.9525999577e-06
6.9525999577e-06
6.9600999577e-06
6.9675999577e-06
6.9750999576e-06
6.9825999576e-06
6.9900999575e-06
6.9975999575e-06
7.0125999574e-06
7.0125999574e-06
7.0192666173e-06
7.0325999573e-06
7.0325999573e-06
7.0410210172e-06
7.0494420572e-06
7.0578631171e-06
7.0662841771e-06
7.074705217e-06
7.083126277e-06
7.0915473169e-06
7.0999683769e-06
7.1083894368e-06
7.1168104767e-06
7.1252315367e-06
7.1336525966e-06
7.1420736366e-06
7.1504946965e-06
7.1589157365e-06
7.1673367964e-06
7.1757578564e-06
7.1925999563e-06
7.1925999563e-06
7.1988499562e-06
7.2050999562e-06
7.2113499562e-06
7.2175999561e-06
7.2238499561e-06
7.2300999561e-06
7.236349956e-06
7.242599956e-06
7.2488499559e-06
7.2550999559e-06
7.2613499559e-06
7.2675999558e-06
7.2738499558e-06
7.2800999558e-06
7.2925999557e-06
7.2925999557e-06
7.2961293757e-06
7.2996587756e-06
7.3031881956e-06
7.3067175956e-06
7.3102470156e-06
7.3137764356e-06
7.3173058355e-06
7.3208352555e-06
7.3243646555e-06
7.3278940755e-06
7.3314234754e-06
7.3349528954e-06
7.3384823154e-06
7.3420117154e-06
7.3455411354e-06
7.3525999553e-06
7.3525999553e-06
7.3516475753e-06
7.3506951953e-06
7.3497428153e-06
7.3487904353e-06
7.3478380553e-06
7.3468856753e-06
7.3459332954e-06
7.3449809154e-06
7.3440285354e-06
7.3430761554e-06
7.3421237554e-06
7.3411713754e-06
7.3402189954e-06
7.3392666154e-06
7.3383142354e-06
7.3373618554e-06
7.3364094754e-06
7.3354570954e-06
7.3345047154e-06
7.3325999554e-06
7.3325999554e-06
7.3250999555e-06
7.3175999555e-06
7.3100999556e-06
7.3025999556e-06
7.2950999557e-06
7.2875999557e-06
7.2800999558e-06
7.2725999558e-06
7.2650999558e-06
7.2575999559e-06
7.2500999559e-06
7.242599956e-06
7.235099956e-06
7.2275999561e-06
7.2125999562e-06
7.2125999562e-06
7.2040285362e-06
7.1954570963e-06
7.1868856763e-06
7.1783142364e-06
7.1697428164e-06
7.1611713765e-06
7.1525999565e-06
7.1440285366e-06
7.1354570966e-06
7.1268856767e-06
7.1183142367e-06
7.1097428168e-06
7.0925999569e-06
7.0925999569e-06
7.080292257e-06
7.067984577e-06
7.0556768771e-06
7.0433691972e-06
7.0310614973e-06
7.0187537973e-06
7.0064461174e-06
6.9941384175e-06
6.9818307176e-06
6.9695230376e-06
6.9572153377e-06
6.9325999579e-06
6.9325999579e-06
6.9312666179e-06
6.9299332979e-06
6.9285999579e-06
6.9272666179e-06
6.9259332979e-06
6.9245999579e-06
6.9232666179e-06
6.9219332979e-06
6.9205999579e-06
6.9192666179e-06
6.917933298e-06
6.916599958e-06
6.915266618e-06
6.912599958e-06
6.912599958e-06
6.918314238e-06
6.9240285379e-06
6.9297428179e-06
6.9354570978e-06
6.9411713778e-06
6.9525999577e-06
6.9525999577e-06
6.9785999576e-06
7.0045999574e-06
7.0305999573e-06
7.0565999571e-06
7.082599957e-06
7.1085999568e-06
7.1345999566e-06
7.1605999565e-06
7.2125999562e-06
7.2125999562e-06
7.2305999561e-06
7.2485999559e-06
7.2665999558e-06
7.2845999557e-06
7.3025999556e-06
7.3205999555e-06
7.3385999554e-06
7.3565999553e-06
7.3925999551e-06
7.3925999551e-06
7.4242666149e-06
7.4559332947e-06
7.4875999545e-06
7.5192666143e-06
7.5509332941e-06
7.5825999539e-06
7.6142666137e-06
7.6459332935e-06
7.6775999533e-06
7.7092666131e-06
7.7725999528e-06
7.7725999528e-06
7.8059332926e-06
7.8392666124e-06
7.8725999522e-06
7.905933292e-06
7.9392666117e-06
7.9725999515e-06
8.0059332913e-06
8.0392666111e-06
8.0725999509e-06
8.1059332907e-06
8.1392666105e-06
8.1725999503e-06
8.2059332901e-06
8.2725999497e-06
8.2725999497e-06
8.3275999494e-06
8.3825999491e-06
8.4925999484e-06
8.4925999484e-06
8.4825999484e-06
8.4725999485e-06
8.4625999486e-06
8.4525999486e-06
8.4425999487e-06
8.4325999488e-06
8.4125999489e-06
8.4125999489e-06
8.390933289e-06
8.3692666091e-06
8.3475999493e-06
8.3259332894e-06
8.3042666095e-06
8.2825999497e-06
8.2609332898e-06
8.2392666099e-06
8.2175999501e-06
8.1959332902e-06
8.1525999505e-06
8.1525999505e-06
8.1370443905e-06
8.1214888306e-06
8.1059332907e-06
8.0903777308e-06
8.0748221709e-06
8.059266611e-06
8.0437110711e-06
8.0125999513e-06
8.0125999513e-06
8.0050999513e-06
7.9975999514e-06
7.9900999514e-06
7.9825999515e-06
7.9750999515e-06
7.9675999516e-06
7.9600999516e-06
7.9525999517e-06
7.9450999517e-06
7.9375999518e-06
7.9300999518e-06
7.9225999519e-06
7.9150999519e-06
7.9075999519e-06
7.892599952e-06
7.892599952e-06
7.8875999521e-06
7.8825999521e-06
7.8775999521e-06
7.8725999522e-06
7.8675999522e-06
7.8625999522e-06
7.8575999522e-06
7.8525999523e-06
7.8475999523e-06
7.8425999523e-06
7.8375999524e-06
7.8325999524e-06
7.8275999524e-06
7.8225999525e-06
7.8125999525e-06
7.8125999525e-06
7.8045999526e-06
7.7965999526e-06
7.7885999527e-06
7.7805999527e-06
7.7725999528e-06
7.7645999528e-06
7.7565999529e-06
7.7485999529e-06
7.740599953e-06
7.732599953e-06
7.7245999531e-06
7.7165999531e-06
7.7085999532e-06
7.7005999532e-06
7.6925999532e-06
7.6845999533e-06
7.6765999533e-06
7.6685999534e-06
7.6605999534e-06
7.6525999535e-06
7.6445999535e-06
7.6365999536e-06
7.6285999536e-06
7.6125999537e-06
7.6125999537e-06
7.6125999537e-06
7.6050999538e-06
7.5975999538e-06
7.5900999539e-06
7.5825999539e-06
7.575099954e-06
7.567599954e-06
7.5600999541e-06
7.5525999541e-06
7.5450999541e-06
7.5375999542e-06
7.5300999542e-06
7.5225999543e-06
7.5150999543e-06
7.5075999544e-06
7.4925999545e-06
7.4925999545e-06
7.4875999545e-06
7.4825999545e-06
7.4775999546e-06
7.4725999546e-06
7.4675999546e-06
7.4625999546e-06
7.4575999547e-06
7.4525999547e-06
7.4475999547e-06
7.4425999548e-06
7.4325999548e-06
7.4325999548e-06
7.4290705349e-06
7.4255411349e-06
7.4220117149e-06
7.4184823149e-06
7.4149528949e-06
7.411423475e-06
7.407894075e-06
7.404364655e-06
7.400835255e-06
7.397305835e-06
7.3937764351e-06
7.3902470151e-06
7.3867175951e-06
7.3831881951e-06
7.3796587752e-06
7.3725999552e-06
7.3725999552e-06
7.3725999552e-06
7.3725999552e-06
7.3725999552e-06
7.3725999552e-06
7.3725999552e-06
7.3725999552e-06
7.3725999552e-06
7.3725999552e-06
7.3725999552e-06
7.3725999552e-06
7.3725999552e-06
7.3725999552e-06
7.3725999552e-06
7.3725999552e-06
7.3725999552e-06
7.3725999552e-06
7.3725999552e-06
7.3725999552e-06
7.3725999552e-06
7.3725999552e-06
7.3725999552e-06
7.3725999552e-06
7.3725999552e-06
7.3725999552e-06
7.3725999552e-06
7.3725999552e-06
7.3725999552e-06
7.3725999552e-06
7.3725999552e-06
7.3725999552e-06
7.3725999552e-06
7.3725999552e-06
7.3725999552e-06
7.3725999552e-06
7.3725999552e-06
7.3725999552e-06
7.3763036552e-06
7.3800073551e-06
7.3837110751e-06
7.3874147751e-06
7.3911184751e-06
7.3948221751e-06
7.398525875e-06
7.402229575e-06
7.405933295e-06
7.409636995e-06
7.4133406949e-06
7.4170443949e-06
7.4207480949e-06
7.4244518149e-06
7.4281555149e-06
7.4318592148e-06
7.4355629148e-06
7.4392666148e-06
7.4429703348e-06
7.4466740347e-06
7.4503777347e-06
7.4540814347e-06
7.4577851347e-06
7.4614888347e-06
7.4651925546e-06
7.4725999546e-06
