71501249
71503752
71506250
71508753
71511249
71513752
71516250
71518751
71521251
71523755
71526253
71528750
71531251
71533749
71536251
71538752
71541250
71543757
71546296
71548799
71551294
71553797
71556294
71558798
71561295
71563798
71566295
71568794
71571298
71573798
71576297
71578797
71581299
71583794
71586301
71588797
71591297
71593799
71596295
71598799
71601295
71603796
71606373
71608872
71611374
71613872
71616377
71618875
71621375
71623874
71626372
71628876
71631378
71633871
71636377
71638874
71641374
71643874
71646373
71648874
71651375
71653873
71656373
71658875
71661375
71663875
71666417
71668917
71671415
71673915
71676417
71678920
71681416
71683916
71686416
71688918
71691416
71693917
71696421
71698916
71701417
71703916
71706418
71708916
71711415
71713919
71716415
71718922
71721420
71723915
71726465
71728965
71731464
71733963
71736463
71738963
71741464
71743967
71746465
71748967
71751468
71753968
71756466
71758964
71761465
71763966
71766468
71768966
71771465
71773962
71776464
71778969
71781465
71783968
71786514
71789017
71791518
71794013
71796514
71799015
71801515
71804014
71806514
71809013
71811512
71814018
71816514
71819017
71821513
71824016
71826517
71829015
71831516
71834014
71836513
71839014
71841513
71844015
71846561
71849062
71851561
71854059
71856560
71859058
71861558
71864059
71866559
71869063
71871560
71874059
71876558
71879061
71881559
71884060
71886559
71889060
71891561
71894058
71896560
71899060
71901559
71904059
71906608
71909106
71911614
71914104
71916609
71919108
71921606
71924104
71926607
71929105
71931606
71934106
71936604
71939111
71941606
71944107
71946608
71949107
71951604
71954106
71956607
71959109
71961605
71964105
71966646
71969148
71971648
71974150
71976647
71979154
71981651
71984147
71986649
71989150
71991649
71994146
71996648
71999150
72001651
72004151
72006647
72009148
72011650
72014152
72016646
72019152
72021651
72024147
72026697
72029196
72031696
72034195
72036697
72039198
72041698
72044194
72046696
72049194
72051704
72054194
72056694
72059195
72061699
72064194
72066695
72069195
72071697
72074196
72076697
72079198
72081700
72084198
72086748
72089244
72091744
72094243
72096744
72099243
72101747
72104245
72106745
72109243
72111744
72114244
72116743
72119244
72121745
72124249
72126743
72129246
72131744
72134242
72136743
72139242
72141743
72144245
72146788
72149291
72151787
72154289
72156792
72159287
72161788
72164290
72166789
72169289
72171791
72174292
72176791
72179288
72181790
72184289
72186788
72189288
72191788
72194294
72196790
72199292
72201790
72204290
72206836
72209333
72211831
72214345
72216832
72219336
72221837
72224332
72226843
72229332
72231836
72234332
72236842
72239332
72241831
72244333
72246832
72249331
72251836
72254337
72256835
72259335
72261833
72264332
72266880
72269375
72271877
72274375
72276878
72279376
72281877
72284377
72286881
72289377
72291881
72294378
72296876
72299376
72301874
72304378
72306876
72309375
72311879
72314379
72316877
72319377
72321875
72324377
72326921
72329427
72331921
72334420
72336919
72339420
72341922
72344418
72346920
72349424
72351920
72354418
72356918
72359423
72361919
72364422
72366920
72369420
72371919
72374420
72376920
72379423
72381918
72384422
72386966
72389468
72391968
72394467
72396966
72399468
72401968
72404469
72406966
72409465
72411966
72414469
72416967
72419467
72421967
72424468
72426966
72429467
72431970
72434468
72436968
72439469
72441966
72444468
72447017
72449508
72452010
72454512
72457016
72459513
72462010
72464514
72467009
72469513
72472011
72474509
72477013
72479512
72482013
72484511
72487011
72489513
72492013
72494510
72497014
72499513
72502012
72504510
72507054
72509554
72512052
72514554
72517055
72519554
72522057
72524559
72527053
72529557
72532056
72534552
72537055
72539553
72542057
72544555
72547055
72549557
72552053
72554555
72557054
72559554
72562054
72564554
72567100
72569601
72572097
72574601
72577100
72579601
72582102
72584599
72587100
72589604
72592100
72594604
72597100
72599601
72602103
72604604
72607103
72609605
72612101
72614599
72617102
72619602
72622100
72624602
72627146
72629644
72632144
72634642
72637140
72639643
72642141
72644645
72647147
72649647
72652144
72654642
72657145
72659641
72662142
72664644
72667147
72669646
72672142
72674642
72677141
72679641
72682145
72684641
72687187
72689691
72692190
72694689
72697193
72699689
72702192
72704689
72707192
72709690
72712187
72714690
72717188
72719688
72722188
72724689
72727189
72729688
72732192
72734688
72737192
72739689
72742189
72744690
72747234
72749737
72752233
72754734
72757236
72759737
72762232
72764734
72767233
72769734
72772236
72774734
72777235
72779735
72782235
72784737
72787236
72789735
72792236
72794734
72797237
72799737
72802233
72804735
72807279
72809777
72812277
72814777
72817277
72819778
72822278
72824777
72827278
72829779
72832276
72834777
72837278
72839777
72842279
72844779
72847277
72849776
72852278
72854780
72857276
72859776
72862276
72864776
72867324
72869826
72872326
72874823
72877321
72879821
72882323
72884823
72887325
72889824
72892322
72894824
72897322
72899824
72902324
72904823
72907325
72909823
72912323
72914821
72917322
72919822
72922321
72924827
72927367
72929870
72932366
72934868
72937369
72939867
72942369
72944867
72947367
72949869
72952369
72954867
72957368
72959869
72962368
72964871
72967367
72969870
72972365
72974868
72977368
72979866
72982369
72984869
72987411
72989912
72992413
72994915
72997413
72999913
73002410
73004915
73007416
73009913
73012412
73014913
73017412
73019915
73022413
73024911
73027412
73029911
73032414
73034913
73037413
73039914
73042414
73044912
73047457
73049960
73052457
73054964
73057458
73059962
73062465
73064959
73067464
73069961
73072457
73074959
73077458
73079960
73082463
73084963
73087458
73089961
73092461
73094961
73097461
73099958
73102459
73104961
73107508
73110007
73112510
73115006
73117509
73120008
73122507
73125007
73127505
73130006
73132505
73135011
73137509
73140007
73142506
73145005
73147507
73150007
73152510
73155006
73157511
73160009
73162506
73165005
73167552
73170053
73172556
73175056
73177550
73180051
73182554
73185050
73187551
73190050
73192553
73195055
73197556
73200051
73202555
73205052
73207556
73210053
73212553
73215050
73217550
73220050
73222550
73225052
73227596
73230099
73232597
73235094
73237595
73240095
73242597
73245094
73247594
73250098
73252596
73255097
73257596
73260098
73262597
73265097
73267597
73270094
73272596
73275094
73277595
73280101
73282598
73285097
73287636
73290140
73292639
73295140
73297642
73300141
73302638
73305141
73307641
73310142
73312641
73315138
73317636
73320137
73322639
73325137
73327635
73330141
73332640
73335136
73337640
73340140
73342640
73345138
73347684
73350181
73352682
73355182
73357682
73360182
73362683
73365182
73367683
73370183
73372682
73375183
73377681
73380182
73382681
73385182
73387685
73390181
73392686
73395185
73397683
73400182
73402687
73405181
73407737
73410224
73412727
73415224
73417726
73420226
73422728
73425225
73427732
73430225
73432729
73435224
73437731
73440227
73442734
73445226
73447726
73450225
73452729
73455227
73457727
73460227
73462724
73465226
73467772
73470273
73472774
73475270
73477771
73480269
73482770
73485270
73487773
73490270
73492770
73495274
73497773
73500271
73502769
73505270
73507772
73510273
73512771
73515270
73517771
73520269
73522771
73525271
73527819
73530316
73532817
73535317
73537818
73540322
73542817
73545318
73547817
73550316
73552820
73555318
73557820
73560317
73562823
73565319
73567818
73570317
73572816
73575318
73577816
73580317
73582818
73585320
73587863
73590361
73592866
73595366
73597865
73600366
73602861
73605363
73607865
73610365
73612866
73615362
73617865
73620364
73622863
73625363
73627862
73630361
73632865
73635362
73637862
73640361
73642862
73645362
73647906
73650407
73652906
73655411
73657907
73660410
73662910
73665407
73667909
73670409
73672908
73675410
73677910
73680410
73682908
73685412
73687909
73690410
73692912
73695409
73697908
73700408
73702908
73705407
73707958
73710457
73712955
73715454
73717957
73720454
73722953
73725457
73727953
73730456
73732957
73735453
73737956
73740455
73742958
73745458
73747957
73750455
73752958
73755455
73757955
73760455
73762953
73765455
73768004
73770501
73773003
73775501
73778002
73780503
73783003
73785505
73788003
73790504
73793006
73795502
73798003
73800502
73803007
73805505
73808002
73810503
73813002
73815504
73818002
73820504
73823002
73825504
73828051
73830550
73833053
73835549
73838049
73840549
73843054
73845550
73848049
73850550
73853049
73855548
73858051
73860550
73863049
73865550
73868052
73870550
73873049
73875551
73878054
73880554
73883048
73885550
73888099
73890595
73893098
73895599
73898096
73900599
73903096
73905601
73908096
73910597
73913097
73915600
73918098
73920598
73923099
73925596
73928097
73930595
73933098
73935597
73938100
73940599
73943095
73945596
73948141
73950641
73953139
73955637
73958137
73960637
73963140
73965638
73968141
73970639
73973138
73975640
73978141
73980639
73983137
73985643
73988138
73990638
73993137
73995640
73998137
74000637
74003141
74005641
74008182
74010683
74013184
74015683
74018184
74020685
74023183
74025681
74028183
74030682
74033186
74035682
74038185
74040684
74043186
74045686
74048181
74050683
74053183
74055681
74058185
74060686
74063184
74065682
74068231
74070730
74073232
74075728
74078230
74080730
74083231
74085730
74088232
74090731
74093231
74095732
74098229
74100733
74103230
74105730
74108232
74110730
74113232
74115730
74118229
74120730
74123231
74125731
74128274
74130776
74133278
74135776
74138275
74140775
74143276
74145776
74148274
74150778
74153279
74155775
74158276
74160775
74163277
74165775
74168277
74170776
74173277
74175777
74178276
74180779
74183276
74185775
74188319
74190820
74193318
74195819
74198317
74200822
74203321
74205818
74208322
74210823
74213320
74215817
74218322
74220822
74223318
74225818
74228318
74230822
74233321
74235820
74238320
74240819
74243318
74245824
74248365
74250862
74253364
74255862
74258363
74260864
74263365
74265864
74268364
74270862
74273366
74275864
74278361
74280862
74283364
74285864
74288362
74290865
74293366
74295863
74298364
74300862
74303361
74305861
74308408
74310905
74313404
74315906
74318406
74320908
74323408
74325906
74328404
74330907
74333407
74335905
74338404
74340906
74343404
74345908
74348406
74350905
74353404
74355911
74358405
74360906
74363406
74365910
74368452
74370949
74373452
74375948
74378448
74380949
74383451
74385950
74388448
74390950
74393453
74395949
74398451
74400949
74403447
74405949
74408452
74410953
74413452
74415953
74418448
74420949
74423448
74425949
74428497
74431003
74433496
74435998
74438497
74440997
74443495
74445996
74448495
74450999
74453496
74455996
74458497
74460998
74463495
74465997
74468498
74470995
74473496
74476001
74478496
74481000
74483499
74486003
74488540
74491038
74493538
74496039
74498542
74501039
74503539
74506044
74508545
74511040
74513542
74516043
74518540
74521040
74523540
74526040
74528539
74531039
74533542
74536040
74538540
74541040
74543541
74546040
74548622
74551121
74553625
74556123
74558621
74561123
74563620
74566126
74568623
74571125
74573620
74576123
74578622
74581123
74583622
74586122
74588624
74591124
74593622
74596123
74598624
74601125
74603623
74606125
74608666
74611168
74613667
74616168
74618666
74621164
74623670
74626166
74628666
74631166
74633664
74636168
74638665
74641167
74643664
74646168
74648666
74651166
74653670
74656164
74658669
74661165
74663665
74666166
74668711
74671213
74673711
74676213
74678715
74681212
74683715
74686210
74688716
74691212
74693713
74696211
74698711
74701211
74703715
74706213
74708713
74711215
74713714
74716212
74718712
74721214
74723714
74726217
74728773
74731273
74733777
74736277
74738773
74741271
74743775
74746274
74748776
74751276
74753774
74756272
74758772
74761275
74763775
74766275
74768775
74771275
74773774
74776273
74778772
74781272
74783772
74786275
74788817
74791317
74793820
74796320
74798818
74801319
74803817
74806320
74808819
74811318
74813820
74816320
74818820
74821320
74823821
74826320
74828818
74831318
74833824
74836321
74838818
74841318
74843821
74846318
74848864
74851370
74853865
74856363
74858865
74861366
74863864
74866365
74868866
74871363
74873864
74876365
74878864
74881365
74883864
74886368
74888868
74891364
74893866
74896367
74898864
74901365
74903864
74906365
74908912
74911413
74913911
74916412
74918909
74921414
74923913
74926410
74928910
74931412
74933911
74936416
74938910
74941411
74943914
74946413
74948914
74951410
74953913
74956411
74958913
74961412
74963913
74966415
74968988
74971489
74973988
74976488
74978987
74981490
74983987
74986488
74988993
74991487
74993986
74996488
74998988
75001486
75003993
75006487
75008990
75011490
75013994
75016489
75018987
75021487
75023990
75026487
75029033
75031533
75034036
75036532
75039034
75041534
75044039
75046534
75049035
75051532
75054034
75056533
75059035
75061531
75064035
75066531
75069034
75071533
75074035
75076534
75079033
75081536
75084036
75086532
75089077
75091576
75094077
75096577
75099075
75101575
75104076
75106576
75109077
75111577
75114074
75116579
75119080
75121576
75124076
75126578
75129078
75131577
75134076
75136578
75139076
75141579
75144077
75146576
75149120
75151621
75154120
75156625
75159124
75161619
75164122
75166622
75169122
75171624
75174123
75176624
75179121
75181623
75184123
75186622
75189122
75191624
75194125
75196623
75199122
75201624
75204124
75206625
75209164
75211665
75214164
75216668
75219166
75221664
75224165
75226666
75229163
75231665
75234165
75236666
75239164
75241662
75244162
75246668
75249163
75251664
75254167
75256664
75259166
75261669
75264165
75266669
75269207
75271711
75274209
75276711
75279209
75281711
75284210
75286709
75289209
75291707
75294206
75296710
75299210
75301708
75304209
75306706
75309210
75311706
75314208
75316707
75319207
75321712
75324208
75326708
75329253
75331749
75334257
75336752
75339254
75341751
75344251
75346750
75349255
75351750
75354251
75356750
75359250
75361751
75364252
75366755
75369258
75371755
75374252
75376749
75379253
75381751
75384252
75386755
75389297
75391798
75394296
75396794
75399295
75401795
75404301
75406797
75409294
75411796
75414295
75416794
75419295
75421798
75424294
75426798
75429293
75431795
75434295
75436796
75439296
75441800
75444300
75446795
75449340
75451842
75454341
75456840
75459340
75461840
75464339
75466841
75469340
75471842
75474338
75476841
75479340
75481842
75484340
75486841
75489339
75491842
75494341
75496841
75499339
75501840
75504339
75506839
75509392
75511890
75514390
75516889
75519389
75521888
75524391
75526889
75529388
75531888
75534388
75536890
75539389
75541891
75544390
75546892
75549389
75551889
75554391
75556887
75559389
75561889
75564392
75566894
75569433
75571935
75574435
75576938
75579437
75581934
75584441
75586935
75589447
75591936
75594439
75596936
75599436
75601934
75604439
75606934
75609435
75611939
75614432
75616935
75619436
75621936
75624437
75626935
75629481
75631984
75634484
75636982
75639479
75641980
75644480
75646984
75649479
75651982
75654481
75656984
75659482
75661984
75664483
75666980
75669480
75671985
75674479
75676982
75679480
75681979
75684481
75686980
75689530
75692028
75694530
75697031
75699528
75702027
75704526
75707033
75709528
75712029
75714531
75717031
75719532
75722027
75724528
75727028
75729528
75732030
75734527
75737027
75739528
75742030
75744532
75747028
75749578
75752078
75754579
75757075
75759577
75762075
75764579
75767078
75769578
75772076
75774576
75777079
75779574
75782074
75784577
75787074
75789575
75792074
75794575
75797074
75799575
75802074
75804579
75807073
75809623
75812120
75814620
75817122
75819621
75822123
75824618
75827122
75829622
75832120
75834624
75837120
75839621
75842121
75844620
75847127
75849621
75852122
75854620
75857124
75859620
75862120
75864619
75867120
75869666
75872167
75874665
75877167
75879666
75882167
75884664
75887164
75889666
75892167
75894667
75897167
75899665
75902167
75904664
75907166
75909665
75912164
75914665
75917168
75919665
75922167
75924666
75927168
75929711
75932209
75934709
75937211
75939709
75942210
75944708
75947211
75949708
75952212
75954710
75957214
75959708
75962210
75964711
75967214
75969712
75972208
75974707
75977209
75979712
75982208
75984708
75987212
75989756
75992257
75994756
75997257
75999758
76002258
76004758
76007259
76009758
76012259
76014756
76017256
76019758
76022257
76024758
76027257
76029761
76032260
76034757
76037258
76039760
76042259
76044758
76047258
76049806
76052306
76054811
76057307
76059808
76062308
76064808
76067308
76069807
76072308
76074808
76077307
76079811
76082305
76084805
76087309
76089806
76092306
76094807
76097306
76099805
76102306
76104805
76107306
76109852
76112354
76114857
76117352
76119851
76122352
76124856
76127353
76129852
76132355
76134852
76137352
76139854
76142356
76144852
76147354
76149858
76152355
76154853
76157354
76159852
76162353
76164853
76167352
76169898
76172396
76174898
76177398
76179898
76182400
76184896
76187397
76189899
76192397
76194900
76197398
76199897
76202398
76204897
76207397
76209899
76212399
76214897
76217399
76219897
76222397
76224898
76227399
76229941
76232440
76234940
76237444
76239943
76242439
76244941
76247440
76249942
76252440
76254941
76257441
76259944
76262442
76264941
76267439
76269944
76272441
76274939
76277440
76279942
76282440
76284943
76287441
76289990
76292488
76294992
76297488
76299991
76302488
76304989
76307487
76309991
76312487
76314988
76317489
76319989
76322489
76324989
76327491
76329990
76332489
76334990
76337487
76339989
76342488
76344991
76347487
76350037
76352534
76355038
76357533
76360031
76362536
76365035
76367537
76370036
76372532
76375036
76377533
76380033
76382533
76385036
76387533
76390034
76392533
76395033
76397536
76400034
76402535
76405034
76407536
76410082
76412580
76415078
76417579
76420081
76422579
76425079
76427579
76430078
76432581
76435083
76437580
76440082
76442582
76445083
76447579
76450084
76452583
76455081
76457578
76460079
76462582
76465085
76467580
76470127
76472625
76475125
76477626
76480130
76482629
76485124
76487624
76490129
76492627
76495126
76497624
76500123
76502625
76505129
76507624
76510126
76512626
76515124
76517626
76520128
76522625
76525124
76527626
76530170
76532670
76535175
76537671
76540170
76542674
76545173
76547674
76550171
76552675
76555171
76557673
76560173
76562674
76565174
76567674
76570171
76572676
76575174
76577675
76580172
76582676
76585172
76587672
76590221
76592715
76595220
76597719
76600217
76602716
76605219
76607720
76610217
76612719
76615215
76617716
76620216
76622716
76625217
76627718
76630217
76632716
76635216
76637717
76640219
76642718
76645222
76647720
76650264
76652763
76655266
76657761
76660274
76662766
76665265
76667762
76670263
76672763
76675262
76677762
76680265
76682760
76685263
76687760
76690264
76692760
76695266
76697763
76700264
76702762
76705270
76707762
76710305
76712805
76715305
76717806
76720305
76722804
76725305
76727804
76730303
76732805
76735305
76737803
76740305
76742805
76745308
76747804
76750302
76752807
76755306
76757807
76760306
76762806
76765305
76767805
76770356
76772853
76775352
76777853
76780355
76782854
76785354
76787853
76790353
76792853
76795352
76797854
76800355
76802853
76805353
76807856
76810352
76812857
76815354
76817852
76820357
76822855
76825354
76827854
76830428
76832930
76835429
76837929
76840428
76842929
76845431
76847930
76850432
76852928
76855431
76857934
76860431
76862930
76865431
76867933
76870428
76872928
76875433
76877934
76880432
76882928
76885430
76887930
76890481
76892981
76895481
76897977
76900477
76902976
76905477
76907977
76910479
76912981
76915477
76917979
76920478
76922980
76925478
76927976
76930477
76932980
76935478
76937977
76940482
76942980
76945484
76947980
76950527
76953031
76955529
76958028
76960529
76963033
76965528
76968031
76970529
76973029
76975529
76978029
76980529
76983031
76985528
76988033
76990530
76993033
76995530
76998031
77000528
77003030
77005529
77008027
77010577
77013078
77015576
77018077
77020577
77023079
77025578
77028076
77030577
77033077
77035578
77038075
77040578
77043079
77045575
77048075
77050575
77053077
77055575
77058076
77060576
77063078
77065579
77068081
77070629
77073125
77075626
77078122
77080624
77083127
77085625
77088122
77090622
77093122
77095623
77098124
77100622
77103124
77105623
77108128
77110623
77113127
77115625
77118125
77120625
77123127
77125624
77128123
77130670
77133171
77135669
77138170
77140669
77143171
77145668
77148172
77150674
77153169
77155673
77158173
77160670
77163171
77165668
77168169
77170669
77173168
77175668
77178172
77180668
77183168
77185669
77188170
77190715
77193212
77195716
77198216
77200713
77203214
77205714
77208212
77210713
77213215
77215715
77218214
77220712
77223217
77225715
77228217
77230714
77233215
77235713
77238214
77240719
77243214
77245713
77248213
77250762
77253259
77255758
77258259
77260757
77263259
77265759
77268260
77270770
77273258
77275759
77278257
77280759
77283261
77285757
77288261
77290760
77293257
77295759
77298257
77300760
77303261
77305758
77308259
77310811
77313304
77315806
77318304
77320810
77323303
77325809
77328308
77330811
77333306
77335810
77338307
77340809
77343305
77345804
77348304
77350807
77353306
77355807
77358302
77360804
77363308
77365809
77368304
77370849
77373347
77375852
77378348
77380848
77383348
77385850
77388351
77390851
77393349
77395853
77398350
77400848
77403350
77405851
77408348
77410849
77413348
77415850
77418350
77420851
77423348
77425853
77428348
77430890
77433395
77435893
77438395
77440892
77443392
77445891
77448393
77450893
77453390
77455890
77458393
77460892
77463390
77465893
77468391
77470891
77473391
77475890
77478392
77480894
77483391
77485890
77488394
77490935
77493434
77495933
77498432
77500934
77503433
77505933
77508433
77510933
77513432
77515937
77518437
77520932
77523433
77525933
77528436
77530931
77533433
77535932
77538433
77540933
77543435
77545931
77548433
77550975
77553474
77555977
77558477
77560979
77563475
77565974
77568481
77570977
77573473
77575973
77578477
77580975
77583476
77585974
77588474
77590974
77593476
77595980
77598475
77600974
77603479
77605978
77608477
77611017
77613519
77616019
77618520
77621018
77623520
77626016
77628518
77631017
77633518
77636021
77638518
77641022
77643520
77646018
77648523
77651019
77653518
77656017
77658518
77661021
77663520
77666016
77668518
77671061
77673563
77676063
77678564
77681066
77683567
77686062
77688561
77691063
77693563
77696064
77698561
77701063
77703561
77706064
77708564
77711061
77713564
77716064
77718562
77721063
77723561
77726063
77728562
77731109
77733610
77736107
77738608
77741111
77743607
77746110
77748606
77751107
77753609
77756108
77758613
77761108
77763608
77766108
77768611
77771111
77773609
77776107
77778607
77781108
77783608
77786109
77788612
77791155
77793650
77796153
77798650
77801151
77803654
77806154
77808654
77811155
77813654
77816153
77818652
77821153
77823652
77826151
77828650
77831155
77833652
77836155
77838651
77841154
77843649
77846151
77848651
77851195
77853703
77856200
77858699
77861199
77863703
77866200
77868698
77871196
77873696
77876200
77878695
77881199
77883696
77886199
77888697
77891196
77893699
77896199
77898696
77901197
77903695
77906195
77908700
77911241
77913739
77916240
77918739
77921242
77923741
77926241
77928742
77931241
77933742
77936240
77938738
77941242
77943742
77946242
77948740
77951239
77953740
77956243
77958741
77961243
77963739
77966243
77968743
77971285
77973789
77976287
77978791
77981287
77983788
77986285
77988788
77991289
77993792
77996292
77998786
78001290
78003789
78006287
78008786
78011286
78013787
78016289
78018789
78021287
78023789
78026286
78028790
78031334
78033833
78036334
78038835
78041335
78043833
78046335
78048832
78051336
78053832
78056333
78058831
78061334
78063834
78066335
78068830
78071333
78073831
78076331
78078831
78081333
78083835
78086332
78088835
78091375
78093879
78096376
78098878
78101375
78103878
78106380
78108879
78111380
78113875
78116378
78118876
78121378
78123877
78126374
78128877
78131375
78133880
78136376
78138877
78141378
78143875
78146382
78148881
78151421
78153923
78156422
78158925
78161420
78163920
78166422
78168921
78171423
78173921
78176423
78178919
78181424
78183920
78186422
78188922
78191421
78193923
78196423
78198918
78201419
78203921
78206423
78208919
78211463
78213963
78216466
78218965
78221467
78223967
78226463
78228966
78231465
78233965
78236465
78238964
78241466
78243964
78246464
78248963
78251467
78253967
78256465
78258963
78261464
78263967
78266463
78268965
78271511
78274014
78276512
78279013
78281510
78284009
78286510
78289012
78291512
78294011
78296510
78299014
78301510
78304011
78306511
78309012
78311511
78314012
78316509
78319012
78321511
78324011
78326511
78329011
78331554
78334054
78336559
78339058
78341557
78344059
78346557
78349055
78351556
78354060
78356556
78359057
78361560
78364061
78366556
78369056
78371556
78374059
78376555
78379058
78381561
78384059
78386557
78389056
78391605
78394106
78396608
78399105
78401604
78404105
78406604
78409105
78411609
78414105
78416607
78419107
78421605
78424109
78426608
78429102
78431603
78434104
78436605
78439105
78441606
78444104
78446604
78449104
78451647
78454149
78456651
78459153
78461649
78464152
78466650
78469150
78471648
78474148
78476650
78479150
78481650
78484149
78486651
78489150
78491651
78494148
78496647
78499151
78501650
78504151
78506655
78509146
78511692
78514194
78516690
78519190
78521693
78524195
78526693
78529190
78531694
78534193
78536692
78539192
78541693
78544193
78546690
78549194
78551694
78554194
78556693
78559194
78561696
78564193
78566692
78569191
78571737
78574237
78576735
78579237
78581735
78584237
78586735
78589236
78591739
78594234
78596738
78599237
78601736
78604234
78606739
78609236
78611742
78614235
78616743
78619238
78621742
78624237
78626741
78629236
78631790
78634284
78636788
78639280
78641789
78644278
78646792
78649279
78651784
78654278
78656782
78659279
78661782
78664280
78666779
78669279
78671783
78674278
78676781
78679279
78681779
78684279
78686784
78689281
78691826
78694327
78696827
78699330
78701824
78704325
78706827
78709327
78711825
78714325
78716824
78719325
78721825
78724328
78726824
78729325
78731830
78734325
78736825
78739325
78741827
78744326
78746826
78749326
78751871
78754370
78756874
78759372
78761870
78764370
78766869
78769371
78771870
78774372
78776872
78779371
78781871
78784373
78786873
78789371
78791871
78794370
78796869
78799371
78801872
78804370
78806871
78809372
78811920
78814419
78816920
78819420
78821917
78824420
78826920
78829419
78831920
78834419
78836920
78839417
78841918
78844422
78846919
78849419
78851921
78854419
78856919
78859421
78861918
78864418
78866920
78869419
78871965
78874464
78876969
78879468
78881965
78884465
78886968
78889465
78891968
78894466
78896965
78899465
78901967
78904467
78906965
78909468
78911969
78914464
78916968
78919479
78921965
78924466
78926967
78929468
78932013
78934514
78937013
78939513
78942015
78944511
78947013
78949514
78952015
78954518
78957014
78959517
78962013
78964521
78967018
78969521
78972013
78974522
78977015
78979521
78982015
78984521
78987013
78989521
78992064
78994564
78997061
78999562
79002064
79004565
79007064
79009562
79012062
79014562
79017064
79019563
79022064
79024561
79027063
79029563
79032065
79034563
79037061
79039565
79042064
79044562
79047064
79049561
79052107
79054605
79057106
79059605
79062107
79064606
79067104
79069605
79072110
79074607
79077104
79079609
79082106
79084605
79087108
79089607
79092107
79094605
79097108
79099607
79102105
79104615
79107104
79109610
79112154
79114666
79117153
79119657
79122155
79124655
79127153
79129656
79132155
79134657
79137155
79139653
79142155
79144656
79147157
79149654
79152154
79154655
79157153
79159653
79162159
79164657
79167155
79169654
79172203
79174703
79177204
79179704
79182204
79184706
79187203
79189711
79192203
79194708
79197201
79199709
79202203
79204702
79207204
79209703
79212201
79214701
79217205
79219703
79222203
79224703
79227204
79229702
79232248
79234749
79237246
79239750
79242248
79244748
79247248
79249747
79252251
79254747
79257248
79259746
79262251
79264746
79267248
79269749
79272247
79274746
79277247
79279749
79282250
79284748
79287250
79289746
79292292
79294791
79297294
79299792
79302295
79304793
79307293
79309792
79312297
79314789
79317293
79319794
79322292
79324793
79327291
79329795
79332293
79334791
79337291
79339793
79342293
79344793
79347293
79349791
79352337
79354837
79357338
79359838
79362334
79364834
79367335
79369838
79372340
79374838
79377337
79379836
79382336
79384836
79387340
79389836
79392334
79394839
79397335
79399836
79402335
79404835
79407334
79409839
79412384
79414882
79417384
79419881
79422384
79424881
79427380
79429880
79432381
79434885
79437384
79439882
79442381
79444880
79447383
79449883
79452382
79454881
79457383
79459882
79462381
79464882
79467383
79469884
79472429
79474924
79477431
79479928
79482425
79484926
79487429
79489926
79492425
79494927
79497429
79499926
79502425
79504925
79507429
79509928
79512428
79514929
79517428
79519925
79522427
79524927
79527427
79529925
79532474
79534974
79537475
79539972
79542474
79544971
79547475
79549974
79552473
79554972
79557475
79559975
79562472
79564974
79567471
79569974
79572476
79574972
79577474
79579977
79582475
79584973
79587473
79589973
79592520
79595018
79597522
79600020
79602520
79605018
79607516
79610017
79612516
79615019
79617517
79620017
79622517
79625016
79627518
79630017
79632516
79635019
79637518
79640021
79642517
79645021
79647517
79650016
79652559
79655058
79657559
79660059
79662558
79665058
79667558
79670062
79672562
79675061
79677557
79680062
79682557
79685059
79687561
79690058
79692559
79695063
79697560
79700061
79702561
79705059
79707557
79710062
79712605
79715103
79717601
79720106
79722605
79725102
79727603
79730107
79732607
79735106
79737604
79740106
79742605
79745104
79747604
79750105
79752604
79755104
79757602
79760107
79762606
79765104
79767604
79770104
79772645
79775147
79777649
79780150
79782648
79785151
79787646
79790150
79792646
79795148
79797652
79800149
79802649
79805148
79807650
79810146
79812649
79815150
79817646
79820150
79822649
79825148
79827647
79830146
79832692
79835189
79837695
79840189
79842689
79845190
79847690
79850190
79852694
79855193
79857691
79860191
79862692
79865193
79867689
79870190
79872692
79875192
79877690
79880191
79882691
79885191
79887689
79890190
79892738
79895236
79897738
79900235
79902737
79905238
79907736
79910237
79912735
79915237
79917737
79920237
79922737
79925239
79927734
79930236
79932738
79935236
79937738
79940236
79942738
79945236
79947738
79950238
79952781
79955282
79957781
79960283
79962786
79965281
79967781
79970281
79972783
79975282
79977782
79980279
79982782
79985283
79987781
79990280
79992782
79995283
79997783
80000282
80002781
80005284
80007782
80010283
80012827
80015324
80017821
80020324
80022823
80025324
80027828
80030322
80032825
80035322
80037822
80040321
80042822
80045326
80047825
80050322
80052823
80055329
80057824
80060326
80062826
80065325
80067828
80070325
80072866
80075371
80077866
80080367
80082868
80085367
80087868
80090372
80092867
80095365
80097866
80100368
80102868
80105367
80107869
80110368
80112866
80115366
80117870
80120370
80122866
80125367
80127866
80130372
80132912
80135413
80137916
80140412
80142912
80145415
80147914
80150413
80152913
80155414
80157912
80160416
80162915
80165417
80167917
80170413
80172914
80175414
80177911
80180411
80182912
80185411
80187912
80190412
80192959
80195460
80197961
80200462
80202963
80205459
80207961
80210459
80212962
80215458
80217963
80220460
80222962
80225463
80227959
80230464
80232961
80235460
80237961
80240465
80242960
80245464
80247962
80250459
80253004
80255505
80258008
80260503
80263005
80265504
80268006
80270501
80273006
80275505
80278003
80280503
80283003
80285505
80288003
80290505
80293002
80295502
80298006
80300503
80303004
80305505
80308004
80310507
80313048
80315546
80318050
80320549
80323046
80325549
80328047
80330546
80333060
80335547
80338048
80340547
80343049
80345546
80348046
80350547
80353047
80355548
80358045
80360545
80363047
80365546
80368045
80370549
80373094
80375592
80378093
80380598
80383092
80385598
80388092
80390593
80393093
80395592
80398096
80400593
80403096
80405599
80408093
80410594
80413094
80415594
80418092
80420594
80423093
80425593
80428093
80430596
80433136
80435645
80438138
80440639
80443137
80445636
80448135
80450639
80453136
80455639
80458134
80460636
80463135
80465634
80468139
80470638
80473135
80475635
80478135
80480635
80483135
80485634
80488136
80490637
80493184
80495682
80498180
80500680
80503180
80505683
80508184
80510683
80513181
80515683
80518182
80520683
80523181
80525680
80528183
80530681
80533183
80535680
80538180
80540680
80543181
80545683
80548184
80550682
80553229
80555729
80558232
80560729
80563227
80565729
80568226
80570728
80573226
80575726
80578229
80580726
80583231
80585730
80588227
80590727
80593226
80595732
80598227
80600727
80603228
80605731
80608232
80610727
80613272
80615771
80618272
80620774
80623277
80625775
80628272
80630773
80633272
80635773
80638273
80640775
80643272
80645771
80648276
80650775
80653276
80655774
80658271
80660773
80663275
80665774
80668276
80670773
80673315
80675815
80678316
80680814
80683315
80685816
80688316
80690816
80693315
80695813
80698312
80700814
80703317
80705812
80708315
80710815
80713315
80715815
80718314
80720817
80723314
80725814
80728315
80730815
80733358
80735859
80738361
80740858
80743361
80745859
80748358
80750858
80753361
80755860
80758357
80760864
80763357
80765860
80768361
80770858
80773358
80775860
80778358
80780862
80783361
80785862
80788361
80790860
80793405
80795907
80798408
80800906
80803409
80805907
80808408
80810910
80813408
80815911
80818409
80820906
80823411
80825905
80828407
80830905
80833407
80835908
80838407
80840906
80843406
80845907
80848406
80850906
80853454
80855953
80858454
80860958
80863452
80865955
80868454
80870956
80873452
80875952
80878452
80880952
80883453
80885955
80888456
80890952
80893454
80895954
80898457
80900956
80903453
80905952
80908452
80910954
80913499
80915996
80918496
80920994
80923496
80925996
80928495
80930996
80933498
80935993
80938498
80940996
80943496
80945999
80948497
80950996
80953495
80955995
80958496
80960994
80963503
80965995
80968496
80970998
80973550
80976052
80978546
80981051
80983550
80986050
80988548
80991052
80993547
80996049
80998547
81001052
81003550
81006048
81008548
81011048
81013550
81016047
81018547
81021047
81023551
81026049
81028549
81031050
81033635
81036135
81038635
81041134
81043634
81046136
81048637
81051135
81053635
81056134
81058635
81061137
81063633
81066136
81068633
81071136
81073633
81076136
81078635
81081136
81083633
81086135
81088634
81091136
81093682
81096186
81098684
81101184
81103685
81106184
81108683
81111182
81113682
81116183
81118684
81121183
81123686
81126183
81128684
81131185
81133686
81136185
81138682
81141183
81143681
81146182
81148682
81151183
81153729
81156225
81158729
81161227
81163729
81166227
81168728
81171230
81173727
81176228
81178728
81181231
81183731
81186226
81188729
81191228
81193728
81196229
81198727
81201226
81203729
81206228
81208730
81211227
81213772
81216271
81218775
81221271
81223775
81226272
81228773
81231273
81233772
81236275
81238770
81241270
81243774
81246272
81248772
81251271
81253770
81256272
81258777
81261271
81263772
81266275
81268774
81271274
81273822
81276325
81278821
81281323
81283821
81286323
81288822
81291322
81293822
81296325
81298824
81301323
81303823
81306325
81308824
81311326
81313823
81316320
81318822
81321322
81323822
81326321
81328824
81331324
81333865
81336365
81338867
81341365
81343868
81346365
81348864
81351367
81353864
81356369
81358865
81361364
81363862
81366366
81368863
81371366
81373868
81376368
81378863
81381362
81383868
81386368
81388865
81391365
81393915
81396408
81398908
81401409
81403913
81406408
81408909
81411409
81413911
81416410
81418907
81421411
81423909
81426407
81428910
81431409
81433911
81436408
81438909
81441413
81443913
81446410
81448913
81451411
81453953
81456454
81458952
81461459
81463957
81466457
81468955
81471454
81473952
81476452
81478953
81481456
81483954
81486452
81488952
81491452
81493952
81496453
81498953
81501455
81503951
81506451
81508952
81511451
81513997
81516496
81518997
81521497
81523997
81526497
81528998
81531498
81533995
81536499
81538998
81541500
81543998
81546498
81548998
81551497
81553998
81556502
81559000
81561499
81563997
81566496
81568999
81571495
81574042
81576541
81579045
81581543
81584042
81586542
81589043
81591542
81594042
81596542
81599044
81601543
81604046
81606542
81609044
81611542
81614042
81616543
81619043
81621542
81624046
81626543
81629044
81631545
81634086
81636588
81639085
81641585
81644086
81646586
81649085
81651589
81654084
81656585
81659085
81661588
81664088
81666586
81669086
81671586
81674088
81676587
81679088
81681587
81684087
81686587
81689091
81691589
81694132
81696631
81699133
81701628
81704131
81706630
81709131
81711631
81714128
81716630
81719131
81721630
81724130
81726630
81729128
81731631
81734129
81736629
81739128
81741628
81744129
81746630
81749132
81751629
81754181
81756677
81759177
81761678
81764179
81766675
81769177
81771681
81774179
81776675
81779176
81781678
81784178
81786675
81789174
81791679
81794175
81796679
81799177
81801678
81804179
81806678
81809176
81811675
81814221
81816723
81819223
81821722
81824224
81826720
81829221
81831724
81834224
81836721
81839223
81841722
81844222
81846723
81849221
81851722
81854222
81856724
81859223
81861725
81864222
81866724
81869224
81871723
81874270
81876778
81879273
81881776
81884274
81886773
81889271
81891772
81894270
81896772
81899272
81901772
81904272
81906771
81909271
81911772
81914271
81916774
81919273
81921770
81924271
81926770
81929273
81931772
81934315
81936813
81939313
81941814
81944315
81946816
81949314
81951812
81954315
81956816
81959315
81961813
81964314
81966814
81969313
81971817
81974313
81976814
81979315
81981816
81984314
81986815
81989314
81991813
81994361
81996861
