6.4676338207e-06
6.4721500607e-06
6.5153906604e-06
6.5552746002e-06
6.4373255009e-06
6.4316043609e-06
6.5487585202e-06
nan
6.5230006404e-06
nan
nan
6.4575970608e-06
6.4586281207e-06
6.4557597608e-06
6.4425145008e-06
6.422335701e-06
nan
nan
nan
nan
nan
nan
6.4708044807e-06
nan
nan
6.3179804216e-06
6.3526250014e-06
6.3476062814e-06
6.3479440814e-06
6.420425621e-06
6.3124123216e-06
6.2870481618e-06
6.4274228609e-06
6.4281861409e-06
6.2846020818e-06
6.2718899219e-06
6.2623453619e-06
6.2626810819e-06
6.3421509215e-06
6.2307737021e-06
nan
6.416532381e-06
6.2882984618e-06
6.2792673218e-06
6.2929225618e-06
6.2336102421e-06
6.2860562818e-06
6.3007074417e-06
6.2965815817e-06
6.2771622819e-06
6.3013466617e-06
6.3114325816e-06
6.3132357616e-06
6.3004381417e-06
6.2342227421e-06
6.2425680621e-06
6.250452842e-06
6.3002626817e-06
6.2025576223e-06
6.2133763622e-06
6.2360629621e-06
6.2874816818e-06
6.247287022e-06
6.2676143419e-06
6.2722081619e-06
6.1900107624e-06
6.1740011425e-06
6.1734721225e-06
6.2092557023e-06
6.2318153021e-06
6.2047653223e-06
6.1701423825e-06
6.2749216019e-06
6.1908598824e-06
6.1916104024e-06
6.1764844825e-06
6.1745427025e-06
6.2021838423e-06
6.2053541823e-06
6.1332835227e-06
6.2052352223e-06
6.1570251426e-06
6.1338595827e-06
6.1584723226e-06
6.1461309226e-06
6.1519946226e-06
6.1867665424e-06
6.1798363424e-06
6.1880535824e-06
6.1656783225e-06
6.2108786223e-06
6.1614225826e-06
6.1793892424e-06
6.2020152823e-06
6.2033538423e-06
6.2057802623e-06
6.2307533021e-06
6.2412022421e-06
6.2371096621e-06
6.2304667621e-06
nan
6.2753992219e-06
6.1398504627e-06
6.1308771827e-06
6.2995459617e-06
6.259530602e-06
6.2713428819e-06
6.1930364224e-06
6.2062202223e-06
6.2139796822e-06
6.2239208222e-06
6.2311208821e-06
6.2629909819e-06
6.2881538418e-06
6.3059147817e-06
6.3632955413e-06
6.4538325408e-06
6.4621869207e-06
6.4496086408e-06
6.4478940208e-06
6.4447935008e-06
6.4336164809e-06
6.4675560807e-06
6.5001439605e-06
6.5130215404e-06
6.5365835603e-06
6.6300907597e-06
6.6679054195e-06
6.6101646198e-06
6.6968751993e-06
6.8838121982e-06
6.6937949193e-06
6.7683792189e-06
6.918820818e-06
6.8206602185e-06
nan
nan
nan
nan
nan
nan
7.1315184567e-06
7.1135969768e-06
7.1735543364e-06
7.1627095365e-06
nan
nan
7.2991509756e-06
nan
7.3423149554e-06
nan
nan
7.3448431554e-06
7.3762467552e-06
7.3647905352e-06
7.3435566154e-06
7.3751037952e-06
7.3816466151e-06
7.3750143552e-06
nan
nan
7.5392461342e-06
7.5462913741e-06
nan
nan
7.7762410327e-06
nan
7.8115138725e-06
7.7685544128e-06
7.7663795328e-06
7.8809641921e-06
7.7623119128e-06
nan
7.9237289118e-06
8.0378229112e-06
8.0908884908e-06
8.1249897906e-06
nan
8.1889013102e-06
8.1697608103e-06
8.2117787701e-06
8.2465842099e-06
8.2636339898e-06
8.2699106097e-06
8.3461015093e-06
8.3568631492e-06
8.4220904088e-06
8.4395973887e-06
8.4687649685e-06
8.5044149483e-06
8.5019132683e-06
8.6187802676e-06
nan
8.7636327867e-06
8.720598467e-06
8.7301892869e-06
8.7421018269e-06
8.881211386e-06
8.9163646058e-06
8.9269193657e-06
8.9650308255e-06
8.8686366461e-06
8.8968702259e-06
9.0397104451e-06
9.0979716247e-06
9.0893841848e-06
9.1302176045e-06
9.1420890844e-06
9.1769815042e-06
9.1273914645e-06
9.1228725246e-06
9.1901147241e-06
nan
9.1974046441e-06
9.2037227841e-06
9.3495251632e-06
9.1925968841e-06
nan
nan
9.3008998435e-06
nan
9.2877799236e-06
9.3236657033e-06
9.2975268635e-06
9.3376526033e-06
9.4395581426e-06
9.3560302431e-06
9.3518210832e-06
9.3404351232e-06
9.3364668033e-06
9.3075447234e-06
9.4683627225e-06
9.4696792024e-06
9.4188135428e-06
9.4405095626e-06
9.4304883427e-06
9.5103635822e-06
9.4592793625e-06
9.6463543814e-06
nan
nan
9.8576115201e-06
9.87169618e-06
9.8952585399e-06
9.9177246597e-06
1.0027393419e-05
1.0035583019e-05
1.0033719519e-05
1.0021101979e-05
1.0176771318e-05
1.0203431078e-05
1.0216933858e-05
1.0260175538e-05
1.0241455878e-05
nan
1.0371995997e-05
1.0392365057e-05
1.0434372037e-05
1.0321747337e-05
1.0397182197e-05
1.0400284297e-05
nan
nan
nan
1.0130193978e-05
1.0293276457e-05
nan
nan
9.9334617396e-06
9.7165105409e-06
nan
nan
nan
nan
9.5241932421e-06
nan
nan
9.4836008024e-06
9.3622715631e-06
9.1961976041e-06
9.2227642439e-06
9.2364153439e-06
9.2422619838e-06
nan
9.1814904642e-06
nan
9.1109130846e-06
nan
9.0298843451e-06
8.9319647057e-06
8.9202675458e-06
8.7295257469e-06
nan
nan
8.7121964871e-06
8.8155471864e-06
8.7047208471e-06
8.5159142882e-06
8.4613260886e-06
8.4217599688e-06
8.1525425305e-06
8.0496884311e-06
8.058903511e-06
8.056181351e-06
8.054550951e-06
8.1099265307e-06
7.9902462714e-06
8.056730091e-06
8.0423481911e-06
7.9402458717e-06
7.9780634115e-06
8.0074066913e-06
nan
7.903993972e-06
7.8720640722e-06
7.7230940531e-06
7.727774973e-06
7.7828812727e-06
7.8020588526e-06
7.6994632332e-06
7.7938830126e-06
7.7086067132e-06
7.736701953e-06
7.7481100529e-06
7.732043973e-06
nan
7.8367086724e-06
nan
7.8439288723e-06
7.8539165923e-06
7.8819174321e-06
nan
7.9503178317e-06
7.9427638717e-06
nan
8.0269856912e-06
8.0387927711e-06
8.061339151e-06
8.063830551e-06
8.065183171e-06
nan
nan
8.1567953904e-06
8.0846121709e-06
8.0838749909e-06
nan
nan
nan
nan
nan
8.1190796307e-06
8.1448793505e-06
8.3006206496e-06
8.2802845897e-06
8.2459206099e-06
8.2790852897e-06
8.3373369493e-06
8.3152468895e-06
8.3648493092e-06
8.3558100092e-06
8.3816990491e-06
8.4333185287e-06
8.5053744483e-06
8.5379891081e-06
8.5126890083e-06
8.5144581083e-06
8.5256493882e-06
nan
8.4902434284e-06
nan
nan
8.23121327e-06
8.386560829e-06
nan
nan
8.2522048498e-06
8.2597738498e-06
nan
nan
8.2532842498e-06
nan
nan
nan
nan
nan
nan
nan
nan
nan
nan
nan
nan
nan
nan
8.3582137092e-06
8.3825899891e-06
8.393250349e-06
nan
8.4105452489e-06
8.4030405689e-06
nan
nan
nan
8.3767288691e-06
8.4022793089e-06
8.4172609288e-06
nan
nan
nan
nan
nan
nan
nan
8.1489384905e-06
8.1440324105e-06
8.1179976707e-06
8.2086377701e-06
8.1885841502e-06
8.1521165305e-06
8.0934985308e-06
8.1202370306e-06
8.1548330704e-06
8.1409209105e-06
8.1254181906e-06
8.1285199506e-06
8.1550907504e-06
8.1548483904e-06
8.1736802503e-06
8.1574736904e-06
8.1349962506e-06
8.1416868705e-06
nan
nan
8.1090967907e-06
8.1249060306e-06
7.9808523315e-06
7.8819895321e-06
7.9123163119e-06
nan
nan
7.9970554114e-06
nan
7.8429396323e-06
7.8564349723e-06
7.8790657721e-06
nan
7.8874105721e-06
7.893806772e-06
nan
7.8807407721e-06
7.904639452e-06
7.9328345718e-06
nan
8.0090332913e-06
8.0058397513e-06
nan
nan
nan
nan
nan
8.1386193105e-06
8.1016326908e-06
8.1383786505e-06
8.1181242507e-06
nan
8.2154254101e-06
8.2741555097e-06
8.23331511e-06
8.0427508711e-06
nan
8.068068611e-06
8.22328443e-06
8.2354276099e-06
nan
8.1281002906e-06
nan
8.057625031e-06
7.8068485926e-06
7.8806637321e-06
7.730751553e-06
nan
nan
nan
7.7197551531e-06
nan
7.7221753531e-06
7.6863364733e-06
7.6625173334e-06
7.6722796934e-06
7.7038695732e-06
7.7120987131e-06
7.6940489932e-06
7.7010938132e-06
7.7112261731e-06
7.7178925331e-06
7.7061267132e-06
7.7174815731e-06
7.6935618332e-06
7.6901821333e-06
7.7088334331e-06
7.732398833e-06
7.6854723733e-06
7.6833554133e-06
7.6979370132e-06
7.7221483131e-06
7.7206444131e-06
7.728286053e-06
7.7929362126e-06
nan
7.8259557924e-06
7.8168540325e-06
nan
7.8154305125e-06
7.8289321124e-06
7.7213368931e-06
nan
nan
nan
7.8118299125e-06
nan
nan
7.7159457531e-06
nan
7.9533588717e-06
nan
nan
8.0001243914e-06
nan
nan
nan
7.9623523516e-06
7.9485143317e-06
7.9458484517e-06
8.0971564108e-06
8.0913416308e-06
7.9312146318e-06
7.9224276319e-06
8.0336159512e-06
7.9530306917e-06
7.9396766317e-06
7.9598507516e-06
7.896314472e-06
7.9108927919e-06
7.905869552e-06
7.9096916319e-06
7.8658360522e-06
7.8711912522e-06
7.8897694121e-06
7.7986282726e-06
7.8807737321e-06
7.8426158723e-06
7.7686553128e-06
7.899833312e-06
7.7957562926e-06
7.7589449728e-06
7.7608336728e-06
7.7178567931e-06
7.7940341126e-06
7.7154244331e-06
7.7734258928e-06
7.6846541533e-06
7.6849182533e-06
7.6345353336e-06
7.737518033e-06
7.6879109733e-06
7.7621787528e-06
7.7791958727e-06
7.7500780129e-06
7.7621643728e-06
7.6638601134e-06
7.6087834538e-06
7.6395398936e-06
7.6104343137e-06
7.6256423337e-06
7.6275342736e-06
7.6881214733e-06
7.564216154e-06
7.5839724939e-06
7.6207817137e-06
7.6322508536e-06
7.5482872941e-06
7.5355701542e-06
7.5296600542e-06
nan
nan
nan
nan
7.5100364544e-06
7.4962492144e-06
7.5219514743e-06
7.4940220145e-06
7.4992626344e-06
7.4455341147e-06
nan
nan
7.3899847951e-06
7.405703275e-06
7.3258040355e-06
7.2829252357e-06
7.3122092756e-06
7.3416089554e-06
7.2958983557e-06
7.2982474356e-06
7.3055036756e-06
7.3213318755e-06
7.2906752157e-06
7.3217238355e-06
7.2860396557e-06
7.3213241355e-06
7.3154017355e-06
7.3144122955e-06
7.2935509957e-06
7.3126292356e-06
7.3554208153e-06
7.3301489555e-06
7.3467274154e-06
7.3507586553e-06
7.3281211955e-06
7.3194623555e-06
7.3379455154e-06
7.3196189555e-06
7.3042714356e-06
7.3230549355e-06
7.4390310148e-06
7.4561756747e-06
nan
nan
7.4331856748e-06
7.3292248955e-06
7.3399420754e-06
7.3742557752e-06
7.3773010152e-06
7.3632622952e-06
7.3632674152e-06
7.403407475e-06
7.4420908348e-06
7.4520189547e-06
7.4226690549e-06
7.3789898552e-06
7.397849415e-06
7.3960959551e-06
7.3595872353e-06
7.3638480752e-06
7.3790156352e-06
7.3859334751e-06
7.3615059153e-06
7.2571980359e-06
7.2680497558e-06
7.3683883152e-06
7.3583754353e-06
7.3563341753e-06
7.3357918754e-06
7.3819381551e-06
7.2676960958e-06
7.247105096e-06
7.3323950954e-06
7.3605766353e-06
7.241475396e-06
nan
7.234067096e-06
7.2658934758e-06
7.2233235761e-06
7.1998797362e-06
7.2737339958e-06
7.2647771158e-06
7.2180931961e-06
7.1723605564e-06
7.1421591766e-06
7.1520412365e-06
7.1630677565e-06
7.1612646765e-06
7.1809051164e-06
7.237619356e-06
7.2003242162e-06
7.2210508161e-06
7.2250557761e-06
7.2605697959e-06
7.2238262161e-06
nan
nan
nan
7.1344466366e-06
7.1891399563e-06
7.1829681763e-06
7.3409810754e-06
nan
nan
nan
nan
7.398166775e-06
7.4380508348e-06
7.4892429945e-06
7.4706106746e-06
7.4447373348e-06
7.4498735347e-06
7.4563306947e-06
7.4555504147e-06
7.4220044349e-06
7.3786415952e-06
7.3504197153e-06
7.3184097555e-06
7.3576029153e-06
7.4292408548e-06
7.4224327749e-06
7.4323818748e-06
7.3522195353e-06
7.3786116352e-06
7.4126862749e-06
7.3652827952e-06
7.3719418952e-06
7.3630289353e-06
7.3799543351e-06
nan
nan
nan
nan
7.5310773942e-06
7.5186178343e-06
7.5504105141e-06
nan
nan
7.567365434e-06
7.569243314e-06
7.5812022339e-06
7.565909174e-06
7.5856757739e-06
7.5915579739e-06
7.571352754e-06
nan
nan
7.6249052337e-06
7.5995363538e-06
7.5858503539e-06
7.569851854e-06
7.5883603339e-06
7.6137403537e-06
7.5601366541e-06
7.5449103541e-06
7.6117152537e-06
7.5402867942e-06
7.5946369938e-06
7.6161963337e-06
7.6078808138e-06
7.5881625339e-06
7.5897403739e-06
7.567726694e-06
7.5795691939e-06
7.6090993138e-06
7.6819829333e-06
7.7006729932e-06
7.6541648335e-06
nan
7.5965133538e-06
7.6646115734e-06
7.6655529134e-06
7.6017388338e-06
7.5776487739e-06
7.563468254e-06
7.565553854e-06
7.571943274e-06
7.6467438335e-06
7.562494434e-06
7.5777632539e-06
7.5534977141e-06
7.5784605939e-06
7.5922243939e-06
7.5777349539e-06
7.563830034e-06
7.575453594e-06
7.5816025939e-06
7.570105054e-06
7.571631994e-06
7.5824615739e-06
7.571542034e-06
7.5872720939e-06
7.6183002337e-06
7.6040881738e-06
7.568960634e-06
7.6019213338e-06
7.6075670538e-06
7.561002654e-06
7.576913254e-06
7.5824455739e-06
7.5982574338e-06
7.5812320539e-06
7.5560493141e-06
7.5932950739e-06
7.6365664136e-06
7.5914608139e-06
7.6167866137e-06
7.6079235538e-06
7.5440638342e-06
7.4145421749e-06
7.3875738951e-06
7.408430955e-06
nan
7.247151316e-06
7.2516662359e-06
7.243032316e-06
7.2723479558e-06
7.2909203757e-06
7.2529839359e-06
7.2873516357e-06
7.2791708958e-06
7.238682936e-06
7.2583245959e-06
7.2625272359e-06
7.1567963165e-06
7.1700247964e-06
7.1476286766e-06
7.1560708965e-06
7.1713664964e-06
7.1534502765e-06
7.1798319764e-06
7.2029390962e-06
7.1932921963e-06
7.2091794762e-06
7.1822360764e-06
7.2050007162e-06
7.2125166562e-06
7.074567077e-06
7.0369785372e-06
nan
6.9375227178e-06
6.9366082178e-06
nan
6.7992956187e-06
nan
nan
6.7040336393e-06
6.7168649592e-06
6.7252177191e-06
6.7578241189e-06
6.6284194397e-06
6.6112028198e-06
6.7025329193e-06
6.6979643793e-06
6.6379564797e-06
6.6394267796e-06
6.6544387396e-06
6.7191986992e-06
6.6450331596e-06
6.7066073392e-06
6.6806315794e-06
6.6957950793e-06
6.6746648194e-06
6.6950717593e-06
6.6678344595e-06
6.7034675793e-06
6.6984224393e-06
6.7042748793e-06
6.7069153192e-06
6.7101512792e-06
nan
nan
7.1148489168e-06
7.0879392169e-06
7.0961937169e-06
7.0274772973e-06
7.1363840966e-06
7.1268970367e-06
7.1005741568e-06
7.1029237168e-06
7.1427767566e-06
7.1487271766e-06
7.1275616567e-06
7.0328746173e-06
7.1026415168e-06
6.9951225175e-06
7.0036905974e-06
7.0203032973e-06
nan
7.0368773372e-06
nan
6.9425825178e-06
nan
6.9758065176e-06
6.9666366977e-06
7.0419305972e-06
6.9766443976e-06
6.9731954576e-06
6.9656485177e-06
6.9789384576e-06
6.9920922775e-06
7.0546111971e-06
6.9991260575e-06
6.9818691776e-06
6.9937435975e-06
7.0137070774e-06
7.0036932774e-06
7.0600097971e-06
7.081208697e-06
7.1426685766e-06
7.1514009365e-06
7.238830036e-06
7.1809118764e-06
7.2663109158e-06
7.2596607359e-06
nan
nan
7.3108845156e-06
7.3624744553e-06
7.3694672152e-06
7.398890515e-06
7.3563002153e-06
7.3590993353e-06
7.3900475951e-06
7.3915283351e-06
7.3752086352e-06
7.4229618149e-06
7.4359440748e-06
7.4213115349e-06
7.4170633549e-06
7.4297307748e-06
7.4691689746e-06
7.4791549945e-06
7.4623209346e-06
7.562963854e-06
7.5358839142e-06
7.5971807338e-06
7.5954199538e-06
7.5400897142e-06
7.570552914e-06
7.5286545342e-06
7.5258013143e-06
7.566722594e-06
7.570368114e-06
7.5966592938e-06
7.562889054e-06
7.5259771343e-06
7.6639375134e-06
7.6892673333e-06
7.7176912131e-06
nan
7.6623604934e-06
7.6768438533e-06
7.6981452532e-06
7.7519632329e-06
7.7591894528e-06
7.7751772527e-06
7.7906410327e-06
7.7018344532e-06
7.7186612931e-06
7.7424925129e-06
7.7561381129e-06
7.7605254328e-06
7.7576940129e-06
7.7538368329e-06
7.7620384928e-06
7.7872673727e-06
7.7471491529e-06
7.7763763327e-06
7.7769996127e-06
7.8045071926e-06
7.8721846722e-06
7.8361028324e-06
7.8243158524e-06
7.9080625519e-06
7.9147489919e-06
7.8879828921e-06
7.901997552e-06
8.0036084714e-06
7.9961820714e-06
7.8533943923e-06
7.9233194718e-06
8.0252462112e-06
8.0507369711e-06
8.0748610509e-06
8.0927779108e-06
nan
nan
nan
nan
nan
nan
nan
nan
nan
nan
nan
nan
nan
nan
nan
nan
nan
nan
nan
nan
nan
nan
nan
nan
nan
nan
nan
nan
nan
8.2035941701e-06
8.1717537703e-06
8.1787147103e-06
8.1342435906e-06
8.1519720105e-06
8.1723043303e-06
8.1495999505e-06
8.1351870506e-06
8.1477648705e-06
8.1317931706e-06
8.1963715302e-06
8.2161928701e-06
8.1439328905e-06
8.1379023105e-06
8.1430575505e-06
8.1632414904e-06
8.1688979704e-06
8.1615938104e-06
8.1661794904e-06
8.1719066303e-06
8.1703003903e-06
8.2102396501e-06
8.2420976699e-06
8.21984811e-06
8.1978671502e-06
8.2119554901e-06
8.1995054702e-06
8.3474711693e-06
8.3014744695e-06
8.3445920893e-06
8.2944817496e-06
8.2923585496e-06
8.3654760892e-06
8.3029779495e-06
8.3683456891e-06
8.3547275492e-06
8.3502065693e-06
8.3807221291e-06
8.4044990489e-06
8.4524881686e-06
8.4506630686e-06
8.4839216084e-06
8.4910862684e-06
8.4632887486e-06
8.5151174282e-06
8.5111000283e-06
8.4998355283e-06
8.563015028e-06
8.563272028e-06
8.549387508e-06
8.5775504279e-06
8.4918733684e-06
8.5347927881e-06
8.5369196081e-06
8.5369109881e-06
8.5225789682e-06
8.5006744883e-06
8.551784308e-06
8.553245068e-06
8.4970614084e-06
8.5269178082e-06
8.5327026081e-06
8.4640669286e-06
8.5166126882e-06
8.397499869e-06
8.4137974489e-06
nan
8.3716646091e-06
nan
8.4628300686e-06
8.4129552689e-06
8.3259966294e-06
8.2966050096e-06
8.2791142497e-06
8.2922961296e-06
8.2491171499e-06
8.2407644299e-06
8.3321359694e-06
8.2609475698e-06
8.2951426496e-06
8.3503549493e-06
8.2440263099e-06
8.2633081298e-06
8.1966083502e-06
8.2793629497e-06
8.1498912105e-06
nan
8.21995911e-06
8.2122229501e-06
8.23029675e-06
nan
nan
nan
8.1590253704e-06
8.1635468304e-06
8.067053771e-06
8.0878356308e-06
8.0803319909e-06
8.1138402707e-06
8.1183643507e-06
8.066677131e-06
nan
nan
7.9130657719e-06
7.902022852e-06
7.9174749319e-06
7.9178385519e-06
7.9245455318e-06
7.9112661919e-06
7.9115568119e-06
7.9269958718e-06
7.9635144916e-06
7.9675816916e-06
7.9502673917e-06
7.9313122118e-06
7.9571654116e-06
7.9285232318e-06
8.0085267313e-06
7.9969683114e-06
7.9639200916e-06
7.9767387115e-06
7.9283772918e-06
7.9232339918e-06
8.0020095314e-06
8.0101600113e-06
8.0356819912e-06
8.0260943512e-06
8.0049210714e-06
8.0130203113e-06
8.0086988313e-06
8.0715654309e-06
7.9955580314e-06
8.0087828713e-06
8.0221541512e-06
7.9986630914e-06
8.0026918714e-06
8.0099960113e-06
8.0059688913e-06
8.0035563714e-06
8.0074523713e-06
8.0894210108e-06
8.059362791e-06
8.0374902912e-06
8.0213622513e-06
8.0083190513e-06
nan
7.9948099514e-06
8.0263004112e-06
8.0332139312e-06
nan
8.0318514712e-06
8.0352687112e-06
8.0204226513e-06
8.0398282111e-06
8.0213446713e-06
7.9727250715e-06
7.9341225118e-06
8.0537515111e-06
8.056779571e-06
8.0267373512e-06
8.0156809513e-06
8.0513577511e-06
8.056859111e-06
7.9399888317e-06
8.0329082312e-06
8.0241388712e-06
7.9507279517e-06
7.9680039716e-06
8.0713019309e-06
8.0987584508e-06
8.0381812911e-06
8.0915012908e-06
8.1101064907e-06
8.0243446512e-06
8.0872590708e-06
8.0054967313e-06
8.0508284711e-06
8.0442796111e-06
8.0464473511e-06
8.0276837912e-06
7.9999056914e-06
8.0121326113e-06
8.0294233712e-06
8.0388699311e-06
8.0183799513e-06
7.9915953314e-06
8.1108623107e-06
7.9899520714e-06
7.9920433114e-06
7.9890882714e-06
7.9837834315e-06
7.9591829516e-06
8.0110516313e-06
7.9629874916e-06
7.9485049717e-06
7.9525419717e-06
7.9675963916e-06
7.9569286916e-06
7.9579995316e-06
7.9773245515e-06
7.9368836518e-06
7.9350320518e-06
nan
7.9389780318e-06
nan
nan
7.9226213719e-06
7.7713749128e-06
7.9754551115e-06
7.9368800718e-06
7.9095144519e-06
7.8607655122e-06
7.8336829724e-06
7.8484780723e-06
7.8791221521e-06
7.8566450923e-06
7.8615138922e-06
7.8509189523e-06
7.8509238323e-06
7.8624265922e-06
7.8781803521e-06
7.8770336321e-06
7.8858864721e-06
7.8582123922e-06
7.7843900727e-06
7.9554751917e-06
7.9322715318e-06
7.9459734917e-06
7.9459939517e-06
7.9493207517e-06
7.9312203318e-06
7.8599486922e-06
7.8513877123e-06
7.8169259325e-06
7.8732072922e-06
7.8344580524e-06
7.8283300924e-06
7.8227693125e-06
7.8211088525e-06
7.8264958924e-06
7.8303838124e-06
7.8312818324e-06
7.905736532e-06
7.8455260923e-06
nan
nan
7.9340196518e-06
7.8892839121e-06
nan
7.8161151925e-06
7.8167655525e-06
7.9256470718e-06
nan
nan
nan
nan
nan
nan
nan
nan
nan
nan
nan
nan
7.7444183329e-06
7.8408245123e-06
7.738913053e-06
7.727732013e-06
7.7484346729e-06
7.7526889529e-06
7.7665149328e-06
7.6782888733e-06
7.6887437133e-06
7.6565027935e-06
7.732630953e-06
7.6799259933e-06
7.6753799934e-06
7.6885331733e-06
7.7723763528e-06
7.7510293129e-06
7.7770495727e-06
7.7892817327e-06
7.7928897326e-06
7.740942893e-06
7.7120324731e-06
7.7210086131e-06
7.7111597331e-06
7.6944689132e-06
7.734516173e-06
7.7436432529e-06
7.7870314727e-06
7.7627377128e-06
7.725870553e-06
7.7592615528e-06
7.730147513e-06
7.7899733127e-06
7.7571872329e-06
7.7177364131e-06
7.7165410731e-06
nan
7.5406153542e-06
7.7496446929e-06
7.5854069139e-06
7.562173934e-06
7.6073113138e-06
7.5506528941e-06
7.5794602339e-06
7.5995604938e-06
7.6438093935e-06
7.561234434e-06
7.6621813134e-06
7.7113822731e-06
nan
nan
7.6535413335e-06
7.6622688534e-06
7.6631524734e-06
7.7077807732e-06
7.7493849529e-06
7.7642570128e-06
7.6826959333e-06
7.6605743734e-06
7.6579832335e-06
7.6590064335e-06
nan
7.6632162534e-06
nan
7.7520525729e-06
7.7096948331e-06
7.7132317331e-06
7.5413266342e-06
7.561493914e-06
7.7576677729e-06
7.728561373e-06
7.6436945935e-06
7.6506265335e-06
7.7013765932e-06
7.6585339135e-06
7.6433623535e-06
7.6191951337e-06
7.6007418938e-06
7.6016371738e-06
7.5795475139e-06
7.5945372738e-06
7.6060734338e-06
7.567205734e-06
7.6665254134e-06
7.6524345135e-06
7.6268416136e-06
7.6194369537e-06
7.6249460137e-06
7.6188344137e-06
7.6044785138e-06
7.6112776137e-06
7.7208759331e-06
7.5890976739e-06
7.6257997137e-06
7.6823476533e-06
7.7222943531e-06
7.6923241133e-06
7.734211913e-06
7.7004455932e-06
7.6853691533e-06
7.6903581533e-06
7.732283373e-06
7.6411260336e-06
7.5464679141e-06
7.5776310739e-06
7.5912154939e-06
7.6351114936e-06
7.6353718136e-06
7.5941441138e-06
7.6001149538e-06
7.5904034539e-06
7.5973482938e-06
7.5954617738e-06
7.6477256535e-06
7.6534717535e-06
7.6202041337e-06
7.5604028741e-06
nan
7.569092014e-06
7.575045614e-06
7.5949101538e-06
nan
nan
7.4672311546e-06
7.4455135948e-06
7.4636052146e-06
7.4712713946e-06
7.4753316146e-06
7.4681905746e-06
7.4754052146e-06
7.4266328549e-06
7.4223376349e-06
7.4316266748e-06
7.4376895748e-06
7.409512515e-06
7.4215660949e-06
7.4443942548e-06
nan
7.5123237343e-06
7.4360309548e-06
7.4463112347e-06
7.4160331149e-06
7.404431615e-06
7.405629535e-06
7.410703335e-06
7.4947378745e-06
7.5481516541e-06
7.5406308542e-06
7.409301175e-06
7.5144299543e-06
7.4847208945e-06
7.5044564144e-06
7.5125870143e-06
7.5256301743e-06
7.5305656142e-06
7.5583971341e-06
7.5486630541e-06
nan
7.5414543942e-06
7.5339226942e-06
7.6285236336e-06
7.5273659543e-06
7.6312514736e-06
7.5505314741e-06
7.5589390541e-06
nan
7.5793982739e-06
7.5921352739e-06
7.5961163538e-06
7.5895656539e-06
7.5862852339e-06
nan
7.6123291337e-06
nan
nan
7.6957873532e-06
nan
nan
nan
nan
nan
nan
nan
nan
nan
nan
7.560970514e-06
7.568667994e-06
7.5348494342e-06
7.561400194e-06
7.5916192939e-06
7.5343971142e-06
7.6542584735e-06
7.5273908543e-06
7.5798569139e-06
7.5859815139e-06
7.6010132938e-06
7.5984970538e-06
7.6132498937e-06
7.6921468333e-06
7.6882922533e-06
7.740394713e-06
7.7198240731e-06
7.738339453e-06
7.8565147323e-06
nan
7.8880321921e-06
nan
nan
7.890672112e-06
7.8516215923e-06
7.9091067119e-06
8.0474349711e-06
8.0488469911e-06
8.0538320311e-06
8.0334942512e-06
8.0095557313e-06
8.1410948105e-06
8.1293873506e-06
8.22627369e-06
8.1700756503e-06
8.1578294904e-06
8.2888513896e-06
8.3041105895e-06
8.3636587292e-06
8.3366879293e-06
8.4265022488e-06
8.4048572889e-06
8.4990986883e-06
8.4988219483e-06
nan
8.6735846273e-06
8.6860363272e-06
nan
nan
nan
nan
nan
nan
nan
nan
nan
nan
nan
nan
nan
nan
nan
nan
nan
8.8251869264e-06
nan
nan
nan
8.725308967e-06
8.7437180269e-06
8.716700607e-06
nan
nan
nan
nan
nan
nan
nan
8.7696851467e-06
8.7510728268e-06
nan
nan
nan
nan
nan
8.6791600073e-06
8.6990407871e-06
8.6651173073e-06
nan
nan
nan
nan
nan
8.4375011687e-06
8.4455126687e-06
8.4646150486e-06
8.4879372484e-06
8.5212256082e-06
8.4450570287e-06
8.4660055485e-06
8.4476607087e-06
8.5228903882e-06
8.4761938285e-06
8.4946184484e-06
8.5263960482e-06
8.5263720082e-06
8.5171648682e-06
8.5370070281e-06
8.5912648478e-06
nan
nan
nan
8.5765224679e-06
8.563083388e-06
8.5801549879e-06
8.6029982077e-06
8.5977471277e-06
8.6344772275e-06
8.5781525679e-06
8.5442752481e-06
8.557163668e-06
8.5347802281e-06
8.6326829675e-06
8.5854149678e-06
8.5832269678e-06
8.6046110277e-06
nan
nan
nan
nan
nan
8.5167271082e-06
8.4479241087e-06
8.4498673486e-06
8.4461474287e-06
8.4016793289e-06
8.4065436089e-06
8.3810833691e-06
8.3595822492e-06
8.3363315093e-06
8.4054509089e-06
8.3260683894e-06
8.3222880494e-06
8.3411195293e-06
8.391205789e-06
8.4006274689e-06
8.4833268084e-06
8.4398433487e-06
nan
8.4948458884e-06
8.5112722483e-06
8.5399116081e-06
8.5434275881e-06
8.5368090281e-06
8.5194240482e-06
8.5274953482e-06
nan
8.4677678685e-06
nan
8.5847695478e-06
8.6071237077e-06
8.6196240676e-06
8.556196608e-06
8.5386990081e-06
8.550318448e-06
8.5366424681e-06
8.5034443483e-06
8.4740098085e-06
8.4766889085e-06
8.5040305283e-06
8.4903582084e-06
8.5063065283e-06
8.4923300684e-06
nan
8.5129217883e-06
8.4179784488e-06
nan
8.5247405882e-06
8.5267264682e-06
nan
8.4771559885e-06
8.4809379885e-06
nan
8.4500102286e-06
nan
nan
8.3384409693e-06
nan
8.4076347689e-06
nan
8.3727482891e-06
8.3548197892e-06
8.3502799493e-06
8.3139443095e-06
8.3239291894e-06
8.3194488694e-06
8.2960951496e-06
8.2953762896e-06
8.2560653298e-06
8.23324909e-06
8.2804447297e-06
8.2496473699e-06
8.2624053298e-06
8.2568956098e-06
nan
8.22731271e-06
8.2394168699e-06
nan
8.1889136102e-06
8.1663780304e-06
8.1689220104e-06
8.1956615502e-06
8.1666019304e-06
8.1830349703e-06
8.1642123104e-06
8.1567530104e-06
8.1548149904e-06
8.1949305502e-06
8.1866524702e-06
8.1750948103e-06
8.1812438903e-06
8.22864605e-06
8.2372370499e-06
8.2829697697e-06
8.2653861498e-06
8.2853504496e-06
8.2754254697e-06
8.3142751895e-06
8.3742889091e-06
8.3358473693e-06
8.3599930892e-06
8.3280050294e-06
8.3305179494e-06
8.3545861292e-06
8.4674138085e-06
8.4229188488e-06
8.4715631085e-06
8.4695898685e-06
8.4594310486e-06
8.4673972885e-06
8.4859606484e-06
8.4900293084e-06
nan
nan
nan
nan
nan
nan
8.6928425872e-06
8.7017417471e-06
8.7309897269e-06
8.7084868271e-06
8.7032709071e-06
8.720939867e-06
8.719659427e-06
8.7590952868e-06
8.7799999266e-06
8.7789225666e-06
8.7529029868e-06
8.7547353868e-06
nan
8.6953172672e-06
8.6737568873e-06
8.6748419473e-06
8.5968635478e-06
8.5754250679e-06
nan
nan
8.5216134082e-06
nan
8.4646914686e-06
8.4771273885e-06
8.4835932084e-06
nan
8.563787688e-06
8.563205128e-06
8.554344288e-06
nan
nan
nan
nan
8.5659726679e-06
8.554838128e-06
8.5438781681e-06
nan
8.5901563878e-06
8.5934520678e-06
8.4950335684e-06
8.4453470487e-06
8.4421471487e-06
8.4322927688e-06
8.6173486476e-06
nan
nan
nan
8.5393594281e-06
8.5371501481e-06
8.554285568e-06
8.555156428e-06
8.548850868e-06
8.6604274674e-06
8.6450350275e-06
8.6326946275e-06
8.6353814675e-06
8.6700641873e-06
8.6542878874e-06
8.6537878874e-06
8.6828494872e-06
nan
nan
8.6012271477e-06
8.6691568273e-06
8.7495235668e-06
8.5905378678e-06
8.7593692668e-06
nan
nan
8.718744147e-06
nan
nan
8.5216425082e-06
8.4822762084e-06
8.5078557883e-06
8.5000314883e-06
8.4860615284e-06
8.4865564884e-06
8.558423948e-06
8.563994848e-06
8.555911688e-06
8.4887011884e-06
8.4683499685e-06
8.4531899086e-06
8.5472736881e-06
8.558700568e-06
8.4751862685e-06
8.5265999482e-06
8.6063128277e-06
8.6080801677e-06
8.5783960679e-06
8.5975504077e-06
8.6211909276e-06
8.6548312474e-06
8.6520344074e-06
8.6589231874e-06
8.6644855673e-06
8.6606850474e-06
nan
nan
nan
nan
nan
nan
nan
nan
nan
nan
nan
nan
nan
8.7116754271e-06
nan
8.7440658869e-06
nan
8.7880841466e-06
8.7771573267e-06
8.7922491466e-06
8.7735479867e-06
nan
8.882628806e-06
8.8585841862e-06
8.8560855862e-06
8.8720371061e-06
nan
8.7959364065e-06
8.8033070265e-06
8.9620169655e-06
8.8608095261e-06
8.9008775659e-06
8.886384686e-06
8.9523713456e-06
nan
nan
8.9526832456e-06
8.9748688055e-06
8.9548523656e-06
8.9809405054e-06
8.9974043853e-06
9.0761974248e-06
9.052381165e-06
9.046439285e-06
9.0866130848e-06
8.9877280854e-06
9.052151085e-06
9.050102485e-06
9.050487965e-06
9.0595894449e-06
9.0807815848e-06
9.1084184646e-06
9.0814113248e-06
9.1204658446e-06
9.1114569046e-06
nan
9.1156370846e-06
9.1477979644e-06
nan
nan
9.1766903442e-06
nan
nan
9.219975444e-06
9.1315358645e-06
9.0932379047e-06
9.1236122846e-06
9.1657213243e-06
9.1667458843e-06
9.1421165044e-06
9.1742817442e-06
9.1765647042e-06
9.217965804e-06
9.1964806841e-06
nan
9.215004744e-06
nan
nan
nan
nan
nan
nan
nan
nan
nan
9.6224812615e-06
9.6346407414e-06
nan
nan
9.6942181611e-06
9.6959889211e-06
9.6866899411e-06
9.6940524811e-06
nan
9.8422106002e-06
nan
nan
nan
nan
nan
nan
nan
nan
nan
nan
nan
nan
nan
nan
nan
nan
9.3994450029e-06
9.4401729226e-06
nan
9.3119398634e-06
9.3679179431e-06
9.3462172832e-06
9.3598315031e-06
nan
9.383726503e-06
9.4157332428e-06
9.4833053224e-06
nan
nan
nan
nan
nan
nan
nan
nan
nan
nan
nan
9.5880852817e-06
9.5850484617e-06
nan
9.6180009815e-06
nan
9.5281854021e-06
9.5634811219e-06
9.5712642618e-06
nan
9.5951231017e-06
nan
9.537940782e-06
9.6178989015e-06
nan
9.4901967023e-06
9.5222515221e-06
nan
nan
nan
nan
9.5554272619e-06
9.5964295617e-06
nan
nan
nan
nan
9.5325421421e-06
nan
nan
nan
9.4838242624e-06
9.4587059025e-06
9.4693422425e-06
nan
9.4501679626e-06
9.4482235426e-06
nan
9.5588538619e-06
nan
nan
nan
nan
9.4473334226e-06
nan
9.5164429022e-06
9.5229952421e-06
9.5523364219e-06
nan
9.5835960418e-06
nan
9.6043539616e-06
9.6036190216e-06
9.5611802819e-06
nan
9.5710085618e-06
9.5940909017e-06
nan
nan
9.6483079214e-06
9.6572277213e-06
9.6341786414e-06
9.6587292613e-06
9.6653769213e-06
9.6497370014e-06
nan
nan
nan
nan
nan
nan
nan
nan
nan
nan
nan
nan
nan
nan
nan
nan
nan
9.2001535641e-06
9.2782054036e-06
nan
9.3460705232e-06
nan
nan
nan
nan
nan
nan
nan
9.3062496434e-06
9.2710550437e-06
9.2518594838e-06
9.2722548636e-06
9.3046947635e-06
9.3073889834e-06
9.2908753835e-06
9.3125099034e-06
9.212750904e-06
9.222473744e-06
9.1965288041e-06
9.2325515439e-06
9.2587667637e-06
9.2600935637e-06
nan
9.1994814641e-06
9.219661364e-06
nan
nan
nan
nan
8.9893040654e-06
9.0023951453e-06
nan
nan
8.9433304456e-06
8.9285735657e-06
8.9392924057e-06
nan
nan
8.9321145657e-06
8.9353093857e-06
8.9562303856e-06
8.9560950256e-06
8.9470861456e-06
8.9807488654e-06
9.0140744252e-06
9.0298824451e-06
9.052257505e-06
9.0622436649e-06
9.0344817451e-06
9.0270853651e-06
9.1755326242e-06
9.1069746247e-06
9.1225667046e-06
9.1218706646e-06
9.1157797846e-06
9.1287715245e-06
9.0743367849e-06
9.0682501249e-06
9.1917024041e-06
9.1199775646e-06
9.1222723846e-06
9.1104065246e-06
9.1594896043e-06
9.1424656444e-06
9.1306669845e-06
9.1349910245e-06
9.1086351646e-06
9.1564408844e-06
9.1271401645e-06
9.1381121445e-06
9.1433757244e-06
9.1266305245e-06
9.0731639849e-06
9.0647706849e-06
9.0793138248e-06
9.1268761845e-06
9.0903147048e-06
9.0915891047e-06
9.1338824845e-06
9.1729882643e-06
9.1422141644e-06
9.1230229246e-06
9.1647078843e-06
9.1843447242e-06
9.1910365441e-06
9.1995068441e-06
9.2615014237e-06
9.2331374839e-06
9.214931824e-06
9.2334234639e-06
nan
9.2044693441e-06
9.2297331839e-06
9.2232725839e-06
9.2670486037e-06
9.2601419237e-06
9.2760961836e-06
9.3126955434e-06
9.2732446236e-06
9.2637810237e-06
9.2572865037e-06
nan
9.2783759036e-06
9.2847525836e-06
9.2815762036e-06
9.2864781636e-06
9.2847273236e-06
9.3119459834e-06
9.2927169235e-06
9.3007407235e-06
9.3001154235e-06
9.2867429436e-06
9.3352865033e-06
9.3077230234e-06
9.3017176435e-06
9.3171167634e-06
9.3124013234e-06
9.3101360634e-06
9.3241343633e-06
9.3038143435e-06
9.3254014433e-06
9.2652768237e-06
9.3599497431e-06
9.3661469031e-06
9.1884259442e-06
9.2055309041e-06
9.1856206842e-06
9.211979524e-06
9.210827024e-06
9.2522677038e-06
9.2316334039e-06
9.2025760441e-06
9.1637917643e-06
9.211727244e-06
9.1301747245e-06
9.1488590444e-06
9.2311565639e-06
9.207065744e-06
9.206404224e-06
9.219450204e-06
9.2392226438e-06
9.2518106438e-06
9.1850164042e-06
9.1695267243e-06
9.2022763841e-06
9.221202744e-06
9.2517207838e-06
9.1705364243e-06
9.1726164243e-06
9.1625350043e-06
9.1401734645e-06
9.1178404846e-06
9.0969106647e-06
9.0633109449e-06
9.1729524443e-06
9.0790873648e-06
9.1307980445e-06
9.1060663847e-06
9.1219607846e-06
9.1048580447e-06
9.0632067649e-06
9.057420585e-06
9.0871949848e-06
9.0872712448e-06
9.0888297648e-06
9.1321736045e-06
9.1325402645e-06
8.9965258453e-06
9.0005540253e-06
8.9809975654e-06
9.0715355449e-06
9.0225367452e-06
9.0174104252e-06
8.9917959054e-06
8.9449055456e-06
8.9487098656e-06
8.9480728856e-06
8.9866786054e-06
8.9907220654e-06
8.9937314853e-06
9.0063154853e-06
9.046929185e-06
9.0334768251e-06
9.0083222653e-06
9.0195346252e-06
9.0206754052e-06
9.0409953851e-06
9.0677715249e-06
9.0627567049e-06
8.9803556454e-06
nan
9.0067393253e-06
9.0081629253e-06
9.0070579253e-06
8.9591772456e-06
nan
9.0115818452e-06
8.9554153056e-06
8.9244131258e-06
8.9930422053e-06
8.9279803857e-06
8.9170084658e-06
8.9221089258e-06
8.9295444457e-06
8.9090829859e-06
8.9291496257e-06
8.8354823663e-06
8.8695284661e-06
8.8528841662e-06
8.8660431861e-06
8.878872746e-06
8.9239803058e-06
8.8689486261e-06
8.8978474059e-06
8.8944652659e-06
8.8679465861e-06
8.8580165862e-06
8.8649073861e-06
8.887259546e-06
8.9221028858e-06
8.9223618258e-06
8.889960766e-06
8.885100706e-06
8.9212875058e-06
8.9713601855e-06
8.9154983658e-06
nan
8.9870956654e-06
8.9234712258e-06
8.9267189257e-06
8.9462127256e-06
8.9451741856e-06
9.046301165e-06
9.054112745e-06
9.042907065e-06
9.0067515053e-06
9.043300985e-06
9.0583460049e-06
9.0684488649e-06
9.1085812046e-06
9.1320698845e-06
9.1720809043e-06
9.1884996442e-06
9.2013501041e-06
9.2687920037e-06
9.214906144e-06
9.2779817036e-06
nan
nan
nan
nan
nan
nan
nan
nan
nan
nan
nan
nan
nan
nan
9.4387109026e-06
9.373982803e-06
9.2024698641e-06
9.051337325e-06
nan
nan
8.8066497065e-06
8.2535559298e-06
8.2560380698e-06
8.2006017302e-06
8.2099573701e-06
nan
8.1364083906e-06
8.3367602093e-06
8.3507638892e-06
8.3226217294e-06
nan
8.2115928901e-06
8.1945501902e-06
8.3153440095e-06
nan
nan
nan
nan
nan
nan
nan
nan
nan
nan
8.2873077296e-06
8.2172987101e-06
8.22794089e-06
8.21912023e-06
8.21921305e-06
8.22144813e-06
8.22249415e-06
8.1917572302e-06
8.2063276101e-06
8.1607283504e-06
8.1581517704e-06
8.1213875106e-06
8.1398682705e-06
8.1574874904e-06
8.1359443906e-06
8.1446661905e-06
8.1288085106e-06
8.1264742106e-06
8.1704016103e-06
8.2017141902e-06
8.1976630902e-06
8.2636199298e-06
8.2402838299e-06
8.3131204695e-06
8.3287559694e-06
8.3153609495e-06
8.3680029691e-06
8.3378833093e-06
8.398550529e-06
nan
nan
8.6189797876e-06
nan
nan
8.728180327e-06
8.7489581068e-06
8.723456547e-06
8.8055812065e-06
8.8275551664e-06
8.8256845064e-06
8.8080994865e-06
8.9349865657e-06
nan
nan
nan
nan
nan
nan
nan
nan
nan
9.1521064644e-06
9.1004607247e-06
9.1772257642e-06
nan
nan
nan
nan
nan
nan
nan
9.9495474395e-06
9.9013849798e-06
nan
nan
1.0145517278e-05
nan
nan
1.0296665917e-05
nan
nan
nan
nan
1.0392843517e-05
1.0677393675e-05
nan
1.0598246616e-05
nan
1.0794388034e-05
nan
nan
1.0811263454e-05
1.0864543134e-05
nan
nan
1.1102090673e-05
1.1056694093e-05
1.1224806372e-05
nan
1.1145727532e-05
nan
1.1198366932e-05
1.1282278511e-05
nan
1.1331816711e-05
1.1361050771e-05
nan
1.1355460151e-05
nan
1.148199387e-05
1.1383463351e-05
1.148551741e-05
1.151748833e-05
1.154874023e-05
1.153357113e-05
1.156530689e-05
1.149271097e-05
1.1420059611e-05
1.143706553e-05
1.1380557791e-05
1.1411622551e-05
1.144009491e-05
nan
nan
nan
1.153043419e-05
1.153085479e-05
1.157458793e-05
1.1619260829e-05
1.159489015e-05
1.148414719e-05
1.154312689e-05
1.1414840811e-05
nan
nan
nan
nan
1.1273184171e-05
1.1263258392e-05
nan
1.0718011995e-05
1.0720291275e-05
nan
9.8061279204e-06
nan
9.7442363608e-06
nan
nan
9.7633805607e-06
9.7964843205e-06
9.7809339806e-06
9.8843111599e-06
9.8831508599e-06
nan
9.6299194815e-06
nan
9.8496102201e-06
9.7557858807e-06
nan
nan
nan
9.7691053806e-06
9.7709486006e-06
9.7377084208e-06
9.8030954604e-06
9.7744810006e-06
9.8031318004e-06
9.7677718406e-06
9.7223195409e-06
9.711764441e-06
9.6597590413e-06
9.7165593609e-06
9.711746141e-06
9.703326521e-06
9.6026907416e-06
9.6013892016e-06
9.6059069616e-06
9.5230924621e-06
9.5304320821e-06
9.546544602e-06
9.5633439419e-06
nan
9.542316622e-06
nan
nan
9.5538219419e-06
9.5631592819e-06
nan
9.6317625615e-06
nan
9.6368661414e-06
9.6390055614e-06
nan
nan
nan
nan
nan
nan
nan
nan
nan
nan
9.715781101e-06
nan
9.7836405405e-06
nan
9.87119726e-06
nan
nan
nan
nan
nan
1.0150388878e-05
1.0148566198e-05
1.0130954478e-05
1.0135472198e-05
nan
1.0027829619e-05
nan
nan
1.0095646839e-05
nan
1.0062971259e-05
1.0047325159e-05
1.0031805039e-05
1.0082719119e-05
1.0007973419e-05
1.0027363979e-05
1.0077027139e-05
9.9818478993e-06
9.9501300395e-06
9.9506410395e-06
nan
9.8250854403e-06
9.8248842403e-06
9.7919123205e-06
9.87975664e-06
nan
9.8364663202e-06
nan
nan
nan
9.7371606008e-06
9.548462542e-06
9.6039615616e-06
9.6438957814e-06
9.6188091015e-06
9.6041558416e-06
9.6198494215e-06
nan
nan
9.5601884419e-06
9.5575847019e-06
9.5334808821e-06
9.5278411421e-06
9.5119376422e-06
9.4722658424e-06
9.379888023e-06
9.3545729031e-06
9.4805044024e-06
nan
9.3487635432e-06
9.3385893032e-06
9.372231523e-06
nan
nan
9.3230135433e-06
9.2235599839e-06
9.2517473838e-06
nan
9.209266404e-06
9.1547532444e-06
9.1060519847e-06
9.1389277245e-06
9.1936487441e-06
9.1100989246e-06
9.1206391646e-06
9.0408989651e-06
9.1193076246e-06
9.0414476051e-06
9.049846965e-06
9.048253645e-06
9.0258677651e-06
8.9771893654e-06
9.0000760253e-06
8.9841431854e-06
8.9818032454e-06
9.0607391249e-06
8.9900865054e-06
8.9945090453e-06
9.0045616853e-06
9.0100375652e-06
9.0055784853e-06
9.0376579651e-06
nan
9.0812567248e-06
9.1170826846e-06
nan
nan
8.9684174655e-06
8.9880225854e-06
8.9970118853e-06
9.0587127249e-06
9.0676989849e-06
9.0717839049e-06
nan
8.8644531461e-06
nan
8.9465233856e-06
8.7844153666e-06
8.7664397667e-06
8.8609917461e-06
8.8561210862e-06
8.8198772464e-06
8.7967407865e-06
8.7811169666e-06
8.7974127665e-06
8.8652995461e-06
8.8445639062e-06
8.7721630067e-06
8.8358709663e-06
8.8314254463e-06
8.8465165262e-06
nan
8.7967139065e-06
8.720888747e-06
8.8354230463e-06
8.7740716667e-06
nan
nan
8.7914202666e-06
nan
nan
nan
nan
8.9480318456e-06
nan
9.0899338848e-06
9.1121586446e-06
nan
9.1009555047e-06
8.9937984453e-06
8.9765467454e-06
8.9888581854e-06
8.9573443256e-06
8.9703073855e-06
8.9194918258e-06
8.9379869657e-06
8.7892728266e-06
8.7973694265e-06
8.7635540867e-06
8.7410550869e-06
8.7062567671e-06
8.719755887e-06
8.8304824263e-06
nan
nan
nan
nan
nan
nan
nan
nan
nan
nan
nan
nan
nan
8.6469181474e-06
8.6370110075e-06
nan
8.713591047e-06
8.717621947e-06
8.7541330668e-06
nan
8.7784341266e-06
nan
8.8110012665e-06
8.7564754868e-06
8.7839961266e-06
8.8066313265e-06
8.6913279472e-06
8.721467647e-06
8.7292438869e-06
8.6929131672e-06
8.7058598071e-06
8.7378630469e-06
8.7457624668e-06
nan
8.7653463067e-06
8.7828481866e-06
8.7734039467e-06
8.7578532068e-06
8.7800277066e-06
8.7949773065e-06
nan
8.7301272469e-06
8.7393253069e-06
8.7077919871e-06
8.724669627e-06
8.7315048269e-06
8.7831607066e-06
8.713878967e-06
8.7608398268e-06
8.7438213469e-06
8.7436667869e-06
8.7327675469e-06
8.6807586072e-06
8.7794225866e-06
8.7985376465e-06
8.712871527e-06
8.7100931271e-06
8.7555368068e-06
8.7720076867e-06
8.7682013467e-06
8.7400292669e-06
8.7590988668e-06
8.7533758868e-06
8.7714860067e-06
8.7811445866e-06
8.7570795468e-06
8.7941721466e-06
8.7697180467e-06
8.8143750264e-06
8.7852243266e-06
8.9012891059e-06
8.887361066e-06
8.8667669661e-06
nan
nan
8.8973636059e-06
8.887152546e-06
8.9028831259e-06
8.8624178461e-06
8.8611202661e-06
8.9268898657e-06
8.9572666056e-06
8.8118511864e-06
8.8534106062e-06
8.8171853864e-06
8.8009619665e-06
8.7980255065e-06
8.8153342464e-06
8.718818627e-06
8.7634230067e-06
8.7722009667e-06
8.8163464264e-06
8.7754135067e-06
8.7972521265e-06
8.8102582065e-06
8.8590653662e-06
8.7917026866e-06
8.8021886665e-06
8.8411417063e-06
8.8303093463e-06
8.8475466262e-06
8.8163464264e-06
8.7983348865e-06
8.8571650862e-06
8.7981056465e-06
8.7895504066e-06
8.7749993467e-06
8.7770309067e-06
8.8153111464e-06
8.8343804663e-06
8.8253390664e-06
8.8376291863e-06
8.8706389061e-06
8.9632796655e-06
8.9868952454e-06
nan
nan
nan
9.051640165e-06
9.045316985e-06
9.0008425053e-06
9.0297796851e-06
9.0393176451e-06
9.0614312049e-06
9.0643874849e-06
9.1096798846e-06
9.0044958653e-06
9.0738608249e-06
9.0376694451e-06
9.047992445e-06
9.047966325e-06
9.0675787649e-06
9.0645279649e-06
9.1056172847e-06
9.1178197846e-06
9.1054830647e-06
9.1305721045e-06
nan
9.1986535241e-06
9.1612783043e-06
9.1377843445e-06
nan
9.1659426243e-06
9.1263011845e-06
9.1234985046e-06
9.1267282045e-06
9.043602425e-06
9.0623238849e-06
9.1098563846e-06
9.1527831444e-06
9.0961833847e-06
9.1078270646e-06
9.1640718443e-06
9.0805913248e-06
9.048999945e-06
9.0047782453e-06
9.0085272253e-06
9.0835900048e-06
9.0650581249e-06
9.0807063248e-06
9.0658227249e-06
9.0254996451e-06
9.0265276851e-06
9.0881908048e-06
9.1258765045e-06
9.0977363247e-06
nan
9.0734322449e-06
9.0780851848e-06
9.0697701049e-06
9.1141852646e-06
9.0902716648e-06
nan
9.0326886851e-06
nan
9.0854013448e-06
9.1073954247e-06
9.1200871246e-06
nan
nan
nan
nan
nan
nan
9.0619297849e-06
nan
nan
9.0710694249e-06
9.0664157049e-06
9.0778052848e-06
nan
nan
8.9572951856e-06
8.9847969854e-06
9.0387840451e-06
nan
8.9889538654e-06
8.9517455256e-06
8.9213264058e-06
8.9019549259e-06
8.7913928266e-06
8.9126374858e-06
8.7439375669e-06
8.8030149065e-06
nan
nan
8.7499604068e-06
8.7418223469e-06
8.7806239066e-06
8.8084159865e-06
8.7629345867e-06
nan
nan
nan
8.6780335873e-06
8.6691733673e-06
8.7464648468e-06
8.6490585674e-06
8.7070811471e-06
8.727885767e-06
8.725303087e-06
nan
8.6740619473e-06
8.5987089277e-06
8.5855808478e-06
8.5113776883e-06
8.5067974083e-06
8.4907505284e-06
8.553186348e-06
8.6120818877e-06
8.5967396878e-06
8.552387448e-06
8.548200248e-06
8.5905388878e-06
nan
nan
8.6156049476e-06
8.560295608e-06
8.6474819874e-06
8.6599274274e-06
8.6207364276e-06
8.6245657276e-06
8.6939844472e-06
8.6006258877e-06
nan
8.6658253273e-06
8.727573807e-06
8.7672348867e-06
8.7811298066e-06
nan
nan
nan
nan
8.8127725664e-06
8.8302573263e-06
8.6995910671e-06
8.7022750871e-06
8.7351996869e-06
8.7789503666e-06
8.9123348658e-06
8.7319288669e-06
nan
8.715770647e-06
8.7109614671e-06
8.7409800269e-06
8.720156887e-06
8.7087550671e-06
8.6769780473e-06
8.6529363674e-06
8.6688482273e-06
8.6763006473e-06
8.5979386477e-06
nan
nan
8.5736727879e-06
8.5230149682e-06
8.6026180277e-06
8.4980112484e-06
8.6014973077e-06
8.5814664678e-06
8.5711702279e-06
8.4611705286e-06
8.4739387085e-06
8.4616196686e-06
8.4417161687e-06
8.4344651087e-06
8.4478732687e-06
8.4634208086e-06
nan
8.556294788e-06
nan
nan
nan
nan
8.3831895891e-06
nan
nan
8.3401122293e-06
8.3689330891e-06
8.397749909e-06
nan
8.3128154895e-06
8.2765204697e-06
8.2456861299e-06
8.3410865893e-06
8.3332783294e-06
8.2891934696e-06
nan
8.2704712097e-06
8.2752492097e-06
8.22104065e-06
8.1018906708e-06
8.1526799905e-06
8.1940668502e-06
8.1864543702e-06
8.1709271503e-06
8.1822355303e-06
8.0467932111e-06
8.0076525513e-06
8.0106141913e-06
8.0303134712e-06
8.0008112114e-06
8.0899781908e-06
8.0520113311e-06
7.9922944914e-06
7.9555187717e-06
7.9368585918e-06
7.899395052e-06
7.9667144916e-06
nan
nan
nan
7.3584892353e-06
7.3767400352e-06
7.3413666554e-06
7.246976236e-06
7.2743565358e-06
7.3094279356e-06
nan
7.1480587166e-06
7.1125927168e-06
nan
7.1037145168e-06
7.0023776974e-06
6.9798325976e-06
nan
7.0513528971e-06
6.9517488778e-06
6.9448842178e-06
nan
nan
nan
nan
6.6605191995e-06
nan
6.5376591403e-06
6.7600702789e-06
6.6325702197e-06
nan
6.58445206e-06
nan
6.5636014801e-06
6.58157476e-06
6.5931696999e-06
6.5521927002e-06
6.5413544002e-06
6.4416707609e-06
6.4729505807e-06
6.5006768005e-06
6.423486541e-06
6.4291379009e-06
6.4066430211e-06
6.4551158608e-06
6.424077801e-06
6.3851679612e-06
6.3769495412e-06
6.3923506812e-06
6.3603599613e-06
nan
6.3108021016e-06
6.3453375614e-06
6.3567651814e-06
6.3036124017e-06
6.3164585416e-06
6.3305071815e-06
6.2893481818e-06
6.252273922e-06
6.1689802425e-06
nan
6.1560805626e-06
6.1838831624e-06
6.1329537427e-06
nan
nan
nan
5.9872398636e-06
nan
nan
nan
nan
nan
5.7047382853e-06
5.7008164654e-06
5.6878801654e-06
nan
nan
5.6270926458e-06
5.5214589264e-06
5.6332385658e-06
5.4963208466e-06
5.5835377261e-06
5.5606825462e-06
5.599792386e-06
5.5724013461e-06
5.5289581664e-06
5.4868357667e-06
5.4882795466e-06
nan
5.5399585663e-06
nan
nan
5.4783556067e-06
nan
5.4919907866e-06
nan
5.4991630266e-06
5.422522887e-06
5.429344407e-06
5.4040970472e-06
5.4153214871e-06
5.3424035075e-06
5.3360326876e-06
5.432777967e-06
5.3085388077e-06
5.3132322277e-06
5.3685306474e-06
5.3562753274e-06
5.3378727476e-06
5.3448779075e-06
5.3619365274e-06
5.2999783878e-06
nan
5.2934865278e-06
nan
5.2805645879e-06
5.265165148e-06
nan
5.3831408473e-06
5.429998167e-06
nan
5.3914924272e-06
5.423479207e-06
nan
nan
nan
5.4160389871e-06
5.3762166873e-06
5.3617002474e-06
nan
nan
nan
nan
nan
nan
nan
5.427883507e-06
nan
nan
nan
5.3703871674e-06
nan
nan
nan
nan
5.3951974272e-06
nan
nan
nan
nan
nan
5.2504389081e-06
nan
5.1956727084e-06
5.2347210282e-06
nan
5.2163403883e-06
5.2184352683e-06
5.3404843875e-06
5.3898478472e-06
5.2098986683e-06
5.2224271283e-06
5.1221066889e-06
5.1358797888e-06
5.1195646289e-06
5.1861063885e-06
5.1812098485e-06
5.2070925484e-06
5.1831581485e-06
5.1808168685e-06
5.1658689686e-06
5.1325482688e-06
5.1616629686e-06
5.0604253492e-06
5.0257229495e-06
5.0228305895e-06
5.1629889886e-06
5.0086817096e-06
5.0023333096e-06
5.0244754695e-06
5.0369240894e-06
5.0173707495e-06
5.0143386095e-06
5.0819133091e-06
5.101247749e-06
5.1215185689e-06
5.102577429e-06
5.0409207094e-06
5.0393102694e-06
5.0733267092e-06
5.0669518292e-06
5.0372205694e-06
5.0250844895e-06
4.9496356699e-06
5.0786659091e-06
5.0047537496e-06
5.0031735896e-06
5.0781800891e-06
5.0669391092e-06
5.0489915493e-06
5.1107611889e-06
5.0651609692e-06
5.0853757091e-06
5.0835652691e-06
5.0530083693e-06
5.0800187691e-06
5.2364544882e-06
5.2558546881e-06
5.2910168878e-06
5.2113352283e-06
5.2858664079e-06
5.2211303683e-06
5.2145022083e-06
5.269354108e-06
5.2860923879e-06
5.2814992079e-06
5.2798992679e-06
5.268673168e-06
5.2743531479e-06
5.3036383278e-06
5.2896504879e-06
5.2749393679e-06
5.272212048e-06
5.3043539478e-06
5.2804743279e-06
5.2793156879e-06
5.270540908e-06
5.3036792278e-06
5.3108897877e-06
5.2890415679e-06
5.3230744476e-06
5.3343473876e-06
5.3317177276e-06
5.4747697467e-06
5.4169708871e-06
5.3741816673e-06
5.3262847276e-06
nan
5.3497422075e-06
5.5035324266e-06
5.4754275067e-06
5.4804101267e-06
5.5354253464e-06
5.4865729867e-06
5.5358078664e-06
5.5174054465e-06
5.5340980464e-06
5.5053205265e-06
5.5402932863e-06
5.5436412663e-06
5.5264770464e-06
5.5356128664e-06
5.6154983259e-06
5.6393184457e-06
nan
5.6470422657e-06
5.6487450657e-06
5.6789190455e-06
5.6864087654e-06
5.7261992652e-06
5.7325626452e-06
5.763240205e-06
5.765071665e-06
5.7935206448e-06
5.7864770048e-06
5.8813856643e-06
5.9104488441e-06
5.9401831639e-06
5.9323194839e-06
5.9144053841e-06
5.8911240242e-06
6.0118820235e-06
6.0114859035e-06
nan
6.1410546427e-06
6.1453753027e-06
6.2257518422e-06
6.2797123818e-06
6.3006358817e-06
nan
6.6167349198e-06
6.6016655999e-06
6.57641258e-06
6.6178958398e-06
6.6482372796e-06
6.5609901201e-06
6.6118854798e-06
6.6332739197e-06
6.6176775598e-06
6.5493047802e-06
6.5640297401e-06
6.5635724601e-06
6.57929722e-06
6.57651116e-06
nan
6.260188782e-06
6.2343590021e-06
6.1920809824e-06
6.2035041423e-06
6.1967817823e-06
6.1867790424e-06
6.1999783423e-06
6.1776738225e-06
6.1924363024e-06
6.1930111024e-06
6.2129078222e-06
6.1896582424e-06
6.1969959023e-06
6.2360174421e-06
6.2170874622e-06
6.2749492219e-06
6.2348272421e-06
6.2873972218e-06
6.2350960821e-06
6.2314113421e-06
6.2638181819e-06
6.3232311616e-06
6.3400232415e-06
6.3435928814e-06
6.3127256616e-06
6.3787946212e-06
6.4071677411e-06
6.4023187811e-06
6.414543801e-06
6.416755181e-06
6.4382284009e-06
6.4408327009e-06
6.4608076807e-06
6.4582352408e-06
6.4331454609e-06
6.4653108807e-06
6.4260036609e-06
6.4337857609e-06
6.5134018204e-06
6.4926044005e-06
6.5378948803e-06
6.5025231605e-06
6.5298864603e-06
6.5437268202e-06
6.5011186405e-06
6.4601740207e-06
6.4548872608e-06
6.4885039206e-06
nan
6.5266029803e-06
6.6568107995e-06
nan
6.6597699395e-06
6.6059373999e-06
nan
6.6720243395e-06
6.6710251795e-06
6.7108887792e-06
6.7791167588e-06
6.7661366389e-06
6.7658045389e-06
nan
6.7972683787e-06
6.8697550982e-06
6.904893778e-06
6.903750678e-06
6.9300325179e-06
6.9419133978e-06
6.9778752376e-06
6.9929572375e-06
7.0183036573e-06
7.0187015173e-06
7.0340661973e-06
7.0204200973e-06
nan
nan
nan
7.1590163765e-06
nan
nan
nan
nan
nan
nan
nan
nan
nan
nan
nan
nan
nan
7.5392630942e-06
nan
7.4609907747e-06
nan
7.5799852139e-06
7.574630274e-06
7.6266052936e-06
nan
7.6756044334e-06
7.6878380333e-06
7.7609777128e-06
8.058136911e-06
nan
nan
8.2121371101e-06
8.1651544504e-06
8.0726863909e-06
8.1615194904e-06
nan
8.0914381908e-06
nan
nan
nan
8.0365905312e-06
8.1659166904e-06
8.0409565911e-06
7.9793880915e-06
nan
nan
8.1013164108e-06
7.9868831115e-06
8.1989004702e-06
8.1697210103e-06
8.055072611e-06
nan
8.1473634505e-06
nan
8.065278951e-06
8.055997151e-06
nan
8.0816810309e-06
8.0740422709e-06
7.9406056317e-06
8.0784051509e-06
8.065847491e-06
8.0804326309e-06
8.1085710307e-06
nan
nan
nan
7.904172212e-06
7.900256552e-06
7.8670490922e-06
7.8328189124e-06
7.905838812e-06
7.8279544924e-06
7.890748632e-06
7.8774467321e-06
7.9218063119e-06
7.905095052e-06
7.9070789319e-06
7.894522172e-06
7.894643272e-06
nan
nan
7.893309932e-06
nan
7.897023252e-06
7.9409999517e-06
7.9232916318e-06
nan
nan
nan
nan
nan
7.9554551117e-06
7.9830338715e-06
7.9706522316e-06
7.9685086316e-06
7.9583378116e-06
7.9666344916e-06
7.8674377922e-06
7.8532985923e-06
7.8476501523e-06
nan
7.9627540316e-06
7.9439918317e-06
7.892515032e-06
7.9611185316e-06
nan
nan
8.0053595113e-06
7.9403970517e-06
nan
nan
7.9793299115e-06
7.9923160714e-06
7.9909882914e-06
7.9262277318e-06
7.8138876325e-06
7.8868394721e-06
7.8175160525e-06
7.8485304923e-06
7.8226658925e-06
7.8209664725e-06
7.8548824323e-06
7.6049166338e-06
7.566886074e-06
7.6033817138e-06
7.6583088535e-06
7.6508413735e-06
7.6065905938e-06
7.6769659933e-06
nan
7.5571255541e-06
7.571493994e-06
7.4569916147e-06
7.3340807354e-06
7.3403656754e-06
7.4393754548e-06
7.3156450755e-06
7.2853457957e-06
7.2538479759e-06
7.2919224757e-06
7.1707233964e-06
7.1724285964e-06
7.1472466166e-06
6.9815985776e-06
7.0028204174e-06
7.0034968774e-06
6.9911910775e-06
6.9712406776e-06
6.9592283977e-06
nan
nan
nan
nan
6.7133954192e-06
6.6739599194e-06
6.6810516994e-06
6.5605269601e-06
6.6284825597e-06
6.58489062e-06
6.5105920404e-06
nan
nan
6.424231981e-06
6.4372796409e-06
nan
nan
nan
nan
6.3032793817e-06
6.2761134019e-06
6.1782259225e-06
6.2321003821e-06
6.2419025021e-06
6.0492214432e-06
nan
nan
nan
6.1681822225e-06
6.1535408626e-06
6.1788692824e-06
6.1603151026e-06
6.1774841025e-06
6.2216427222e-06
6.1674827025e-06
6.2027431823e-06
6.1677639825e-06
6.1553534626e-06
6.1916502424e-06
6.2055447423e-06
6.1810892224e-06
nan
6.2423684021e-06
6.1376672827e-06
6.1797997224e-06
6.2160392622e-06
6.258250362e-06
6.2423579021e-06
6.2357971221e-06
6.247883502e-06
6.2279205421e-06
6.1765546225e-06
6.2882012218e-06
nan
nan
nan
6.3130780016e-06
6.2725109619e-06
6.3030685617e-06
6.247255942e-06
6.3356166815e-06
6.3798619612e-06
6.3515149814e-06
6.3322240615e-06
6.3525834414e-06
6.3390407215e-06
6.3454716214e-06
6.3296206815e-06
6.3274691815e-06
6.2609845819e-06
6.2915334418e-06
6.2931318018e-06
6.2922052418e-06
6.3299732815e-06
nan
6.3477587614e-06
nan
nan
nan
nan
nan
nan
nan
nan
nan
6.5599789401e-06
6.5655103001e-06
6.5491029402e-06
nan
6.6212102198e-06
nan
6.6534571396e-06
6.6280133797e-06
6.6400255796e-06
6.5971613799e-06
6.6025171799e-06
6.58050692e-06
6.6355137197e-06
6.6076055598e-06
6.6196211998e-06
6.6161987398e-06
6.6631871195e-06
6.6059352599e-06
6.4725892007e-06
nan
6.6062012399e-06
6.6060981599e-06
6.58965654e-06
6.6164969598e-06
6.58783732e-06
6.5932429799e-06
6.5991887799e-06
6.5558033002e-06
6.5286482803e-06
6.5438722602e-06
6.5444798402e-06
6.5402044803e-06
6.5194607604e-06
6.5329067003e-06
6.5370851203e-06
6.5516246002e-06
6.5342427803e-06
6.5437717002e-06
6.5287609603e-06
6.5414169202e-06
6.5652434601e-06
6.5989538399e-06
6.5137818604e-06
6.5350656203e-06
6.5528384202e-06
6.5708462801e-06
6.5207537404e-06
6.5265657003e-06
6.5224891004e-06
6.5037326405e-06
nan
6.4812454806e-06
6.4886975406e-06
6.4778795006e-06
6.3276189615e-06
nan
6.3024412417e-06
6.3051720017e-06
6.2773444618e-06
6.3561836414e-06
6.2937963417e-06
6.3469418814e-06
6.4070027011e-06
6.4730370407e-06
6.4634433207e-06
6.5120383204e-06
6.5323622003e-06
nan
nan
nan
nan
6.4508702208e-06
nan
nan
nan
nan
6.7572057989e-06
6.7214973792e-06
6.7158969392e-06
6.7229657391e-06
6.8535478983e-06
6.8765022782e-06
nan
6.8879904981e-06
6.8871105581e-06
6.8968716981e-06
6.8413942384e-06
6.8092999186e-06
6.9239625579e-06
6.918452738e-06
6.910006678e-06
nan
nan
nan
nan
7.0593656371e-06
7.1015074168e-06
7.1142080968e-06
nan
nan
7.1373212366e-06
7.1289698167e-06
7.1949082963e-06
7.1841233763e-06
nan
7.2311480561e-06
7.2635151359e-06
nan
nan
7.2760573958e-06
7.3472139153e-06
7.3841508551e-06
7.3421899554e-06
7.4432578748e-06
7.4716663746e-06
7.4638985146e-06
7.4743726146e-06
7.4937069345e-06
7.4436485948e-06
7.5197061343e-06
7.4296403948e-06
7.6127044737e-06
7.4879620945e-06
7.5056520744e-06
7.4906343945e-06
7.6857204333e-06
7.7017332532e-06
7.6532363135e-06
nan
7.6405530136e-06
7.6346872936e-06
7.6364785736e-06
nan
nan
7.8341218124e-06
7.8145094925e-06
7.8222477325e-06
7.8022951326e-06
7.9366023518e-06
nan
nan
7.8043155726e-06
7.7802706527e-06
7.7595577528e-06
nan
nan
7.6839030133e-06
nan
nan
nan
nan
7.4901453945e-06
nan
nan
nan
nan
7.3960595351e-06
7.4175848749e-06
7.3844907751e-06
7.3452613754e-06
7.3318730754e-06
7.3615670153e-06
nan
7.244471296e-06
7.1884124963e-06
7.1896787963e-06
7.1620887765e-06
7.2215954361e-06
7.1341206166e-06
7.1214928767e-06
nan
7.0490023972e-06
nan
nan
nan
nan
nan
6.752685819e-06
6.7758501188e-06
6.7333515591e-06
nan
6.7092702192e-06
6.7332928791e-06
nan
nan
6.7141712592e-06
6.7090754192e-06
6.7045850793e-06
6.6906511993e-06
nan
6.747872599e-06
nan
6.7170732392e-06
6.6015378199e-06
6.6302773197e-06
6.7812516788e-06
6.6342228597e-06
6.6565793795e-06
6.7159379792e-06
nan
6.7552047389e-06
6.7727093388e-06
6.7775032388e-06
6.7674658789e-06
6.7606083989e-06
6.745098959e-06
6.7589101589e-06
6.7878988787e-06
6.7860662988e-06
6.7851365388e-06
6.7875660587e-06
6.7687263589e-06
6.7840098788e-06
6.7996786187e-06
6.6790015594e-06
6.7072611592e-06
6.7348496591e-06
6.6788653594e-06
6.7546055589e-06
6.7819232388e-06
6.746208539e-06
6.7737887788e-06
6.7722061588e-06
6.7236128991e-06
6.8324151385e-06
6.7829399188e-06
6.8381011384e-06
6.8114122586e-06
6.7806276588e-06
6.8389463784e-06
6.7836955788e-06
6.8581726983e-06
nan
nan
nan
6.8697303582e-06
6.8590800583e-06
6.8810025582e-06
6.8515532384e-06
nan
nan
6.9782150976e-06
7.0441843372e-06
7.0287460173e-06
nan
nan
7.0438648372e-06
nan
nan
7.0313482773e-06
7.0627500571e-06
7.0459392172e-06
7.068221157e-06
7.0343400972e-06
7.0633582571e-06
7.1095278368e-06
7.1176358767e-06
7.0587601571e-06
7.070873797e-06
7.068858797e-06
7.080789837e-06
7.1071892768e-06
7.0839561369e-06
7.1709610964e-06
7.1716725564e-06
7.1897812763e-06
7.1610575165e-06
7.1637772365e-06
7.1561634965e-06
7.1647648965e-06
7.1522425365e-06
7.1909121963e-06
7.1546630965e-06
7.1899700963e-06
7.1264697567e-06
7.1292172167e-06
7.2005862162e-06
7.1885718763e-06
7.1650966965e-06
7.1845163963e-06
7.1947945563e-06
7.1775555764e-06
7.1594090365e-06
7.1617769165e-06
7.1623597565e-06
7.1679568964e-06
7.2013069162e-06
7.1982666963e-06
7.2140980162e-06
7.2203816361e-06
7.236591996e-06
7.1849380363e-06
7.246237456e-06
7.2749617558e-06
7.246673616e-06
7.2942356757e-06
7.2573091159e-06
7.2652571158e-06
7.2667289958e-06
7.1618293365e-06
7.1894861163e-06
7.1751755364e-06
7.2527163959e-06
7.2748807158e-06
7.236002976e-06
7.1931242563e-06
7.1856596963e-06
7.1559942165e-06
7.1598859965e-06
7.1601864765e-06
7.237182496e-06
7.1762085164e-06
7.1827101363e-06
7.1728434964e-06
7.0918696969e-06
7.2093365962e-06
7.078074817e-06
7.0280499573e-06
7.1136368368e-06
7.1565988165e-06
7.0521813371e-06
7.0651003171e-06
7.078846417e-06
nan
7.0345207172e-06
7.0620351371e-06
6.9792496976e-06
nan
nan
nan
6.9242015979e-06
6.9745335576e-06
6.9564612777e-06
6.8739356182e-06
6.8420899384e-06
6.9676482977e-06
6.8768199782e-06
6.8587370383e-06
6.9294167979e-06
6.9551482177e-06
6.8250193785e-06
6.8305814785e-06
6.7709704988e-06
6.8062489186e-06
6.8203969185e-06
6.8600277583e-06
6.7343403191e-06
6.7586632389e-06
nan
6.7907337187e-06
6.7649388589e-06
nan
6.6825112594e-06
6.6511715196e-06
6.8665801383e-06
6.6506757996e-06
nan
nan
6.7635160389e-06
6.7127264592e-06
6.7032099593e-06
6.7703907589e-06
6.7334384591e-06
6.7770985588e-06
6.7819174188e-06
6.7863256588e-06
6.7988972587e-06
6.7890323187e-06
6.7856056988e-06
6.8348822185e-06
nan
6.7648439989e-06
6.8370656584e-06
6.8447639584e-06
nan
6.904737818e-06
6.8823956382e-06
6.911754878e-06
6.8988927181e-06
6.9279604179e-06
7.0120067974e-06
nan
7.075062257e-06
7.1677484764e-06
7.1300037967e-06
7.1329365366e-06
7.1465377766e-06
7.1517228765e-06
7.1769586764e-06
7.1709992964e-06
7.1765177364e-06
7.2059426562e-06
7.2166692161e-06
7.2290819361e-06
7.4421356748e-06
nan
7.4873111545e-06
7.4864955745e-06
7.5262059543e-06
7.5229637943e-06
7.5185016143e-06
7.4921570345e-06
nan
nan
7.7197117731e-06
nan
nan
7.8294935324e-06
7.8677834522e-06
7.8418363323e-06
7.9074689319e-06
7.8679972522e-06
nan
nan
8.0829784909e-06
nan
8.1450236105e-06
8.1623910304e-06
nan
8.2487982499e-06
8.2503706099e-06
8.2515230299e-06
8.4279945288e-06
nan
8.23158087e-06
8.2126819701e-06
8.2443191099e-06
8.2507462699e-06
8.3020881095e-06
8.2942477896e-06
8.22128937e-06
8.2163949701e-06
8.1887551302e-06
8.2510299299e-06
nan
8.0986730508e-06
8.0821118109e-06
8.1190500307e-06
8.0112861113e-06
8.0196399513e-06
8.0708086309e-06
8.0239281112e-06
nan
nan
nan
nan
nan
nan
nan
7.9492336917e-06
7.8560268123e-06
7.9155973919e-06
7.7991279926e-06
7.8856609521e-06
7.8244183324e-06
7.8207374725e-06
7.7880998127e-06
7.7971304326e-06
7.8249670524e-06
7.7853908527e-06
7.7984382326e-06
7.8234328125e-06
nan
nan
7.8535364523e-06
7.8103436725e-06
7.7879320527e-06
nan
7.7912737926e-06
7.7598327728e-06
7.737719813e-06
7.732122853e-06
7.6725954734e-06
7.6360422136e-06
7.7128646531e-06
7.6978859932e-06
7.6254746937e-06
7.7750860127e-06
7.6785664133e-06
7.6822052533e-06
7.6621144934e-06
7.570894314e-06
7.738519233e-06
nan
7.6543300935e-06
7.6360799136e-06
7.6819444133e-06
7.6889372933e-06
7.6434489335e-06
7.6241316737e-06
7.7009489532e-06
7.6010696538e-06
7.6468743135e-06
7.6478731135e-06
7.6596273534e-06
nan
7.4549430747e-06
7.4429211148e-06
nan
nan
7.6084979138e-06
7.6207120137e-06
nan
nan
7.5424156342e-06
7.5443917541e-06
nan
nan
7.5220678743e-06
7.5361991542e-06
nan
nan
7.5179198143e-06
7.4230453349e-06
7.4424663748e-06
7.2857041357e-06
7.2697594358e-06
7.3843825951e-06
7.3027515156e-06
7.3291112755e-06
7.2850309557e-06
7.3008482756e-06
7.4446479948e-06
7.3828539951e-06
7.406976775e-06
7.3825935951e-06
7.3605201553e-06
7.3253577955e-06
nan
nan
7.3780605552e-06
7.2580610359e-06
7.2599364759e-06
7.2760252158e-06
7.2223398561e-06
7.1790400964e-06
7.3574022353e-06
7.1753561564e-06
nan
7.1966406763e-06
7.2018643162e-06
7.2012428362e-06
7.2002323762e-06
7.2125395962e-06
7.3317958354e-06
7.2264078161e-06
7.3307304954e-06
7.3186612555e-06
nan
7.2285652361e-06
7.2178254761e-06
7.2518142359e-06
nan
7.2669465158e-06
7.2772551558e-06
7.3016608156e-06
7.3130928356e-06
7.2560110559e-06
7.2816549957e-06
nan
nan
7.235822656e-06
7.2603325559e-06
nan
7.2011390962e-06
7.2543975559e-06
7.241023736e-06
7.240791296e-06
7.233748616e-06
nan
7.2966821557e-06
nan
7.3157200355e-06
7.2752677158e-06
7.2996386356e-06
nan
7.3197314755e-06
7.2926679357e-06
7.2888072157e-06
7.2010975162e-06
7.2543370359e-06
7.1844018963e-06
7.2560939759e-06
7.2848786957e-06
7.1223191767e-06
7.1084932168e-06
7.1422821166e-06
7.1821572364e-06
7.1979392363e-06
7.2198891561e-06
7.2694474958e-06
7.2690050158e-06
7.2149338362e-06
7.2045959162e-06
7.2188734961e-06
nan
7.1464979966e-06
7.0979099769e-06
nan
7.2970339157e-06
nan
nan
nan
nan
nan
7.3666449152e-06
7.3643887952e-06
nan
nan
7.3655023552e-06
7.3156800955e-06
7.2917368957e-06
7.2740557158e-06
7.2677386558e-06
7.3486764353e-06
7.3773723352e-06
7.237709716e-06
