-39.416602567
-38.980562007
-39.191051163
-35.463531318
-40.938163204
-37.982973902
-38.050975422
nan
-38.475323199
nan
nan
-45.724553553
-39.278403452
-38.975578782
-37.412808885
-37.60181854
nan
nan
nan
nan
nan
nan
-38.744320233
nan
nan
-41.154117947
-38.385827695
-37.338654429
-39.397308453
-35.194552308
-34.215921233
-37.453562329
-40.836806782
-37.750622979
-34.530159995
-33.357761635
-31.748310334
-36.111441772
-35.886429671
-34.724085628
nan
-34.525271771
-35.759658943
-32.173892062
-31.867367619
-35.546016208
-32.415142147
-34.412012855
-34.333919166
-27.55451891
-32.388401378
-31.539098248
-30.50143402
-31.859302697
-31.9727818
-31.366472973
-29.762066127
-34.790255398
-33.771070827
-31.702981442
-32.832518563
-27.023703287
-26.242257251
-33.504934603
-31.027748251
-27.861218683
-30.605282048
-31.720674091
-35.103704305
-29.65155393
-32.030811521
-32.480301979
-28.159856106
-34.40260097
-24.430001235
-29.630614514
-33.032078988
-30.798822786
-31.518245368
-29.553900093
-29.114888545
-26.026066771
-27.68358661
-25.873570081
-22.490183906
-26.845496234
-28.402800273
-28.743291477
-28.736998788
-35.25651122
-35.235675638
-30.886664285
-31.668219762
-30.548740666
-29.568053021
-35.569743955
-26.769179645
-32.319813293
-27.188198664
-31.571563022
nan
-37.413690514
-30.215210011
-30.313508995
-38.33076853
-30.787250838
-36.667262064
-31.606516509
-30.726403782
-26.31571629
-25.67938754
-29.764735245
-31.352814275
-36.424585535
-37.632444092
-38.243150624
-36.949418557
-39.335182283
-35.464932385
-35.603188136
-27.382914129
-31.586324504
-34.20867044
-33.419698523
-38.99765385
-34.636479613
-38.309818401
-43.593489311
-43.377319935
-48.375743869
-47.040944651
-45.433605581
-45.760638296
-40.989386241
-41.519363357
nan
nan
nan
nan
nan
nan
-37.863472983
-41.550929448
-38.946448133
-40.89025637
nan
nan
-44.457001966
nan
-40.730029037
nan
nan
-38.531495327
-40.044918903
-37.915801594
-35.766957245
-37.139728566
-40.479509887
-38.751774965
nan
nan
-46.923993348
-43.69019991
nan
nan
-42.133502456
nan
-42.7087755
-42.775636211
-47.883064331
-43.751907013
-42.925832414
nan
-47.61072355
-49.883114485
-47.177558128
-48.999950458
nan
-48.565165411
-43.453095829
-43.172444526
-50.097594117
-50.508518634
-50.753584446
-55.236444375
-52.973691479
-56.507118831
-46.987309455
-44.811922397
-41.184435696
-48.694948568
-51.689458506
nan
-53.149129739
-54.142605712
-54.974495659
-50.589357272
-55.213771952
-55.950099318
-51.450339032
-55.664140286
-55.014358899
-56.877775811
-61.378257778
-52.570787788
-51.210367371
-52.276643623
-49.700949853
-53.380800854
-55.810649082
-58.107033139
-55.561860276
nan
-57.917634715
-61.048246046
-60.839879453
-62.397628564
nan
nan
-59.888620777
nan
-59.598771514
-61.257951078
-62.479393698
-62.291444622
-61.779788654
-59.057603496
-59.309012515
-60.633544755
-61.942173514
-65.972930122
-66.373200546
-65.813977149
-65.933910954
-64.284416111
-64.975377553
-63.555017015
-67.681514085
-67.021879784
nan
nan
-69.920469589
-65.955645791
-63.415287533
-64.493195045
-65.440878812
-65.763767192
-63.094857188
-69.886267266
-70.869649456
-70.02166748
-70.421513928
-69.213409812
-68.958293512
nan
-66.554992461
-67.878505842
-71.768863946
-70.643674274
-66.652811761
-66.925285649
nan
nan
nan
-70.674188086
-70.733351505
nan
nan
-71.663309921
-70.137511667
nan
nan
nan
nan
-69.650076669
nan
nan
-67.596851784
-65.474980361
-62.955122136
-60.002278289
-56.110172113
-55.581029541
nan
-56.696677247
nan
-60.880792842
nan
-62.630492581
-64.402337753
-67.106169721
-65.775494666
nan
nan
-68.118374416
-62.273825801
-64.305388246
-64.023933308
-64.64995537
-59.963153624
-63.921996698
-60.445217041
-57.42470069
-55.284638538
-51.457738608
-52.572212012
-50.636893425
-46.706134067
-48.785764403
-43.507407055
-45.868714649
-49.212027845
nan
-54.395194165
-55.006888188
-49.789201384
-46.858421969
-51.976909611
-49.955368486
-51.967318107
-50.27623738
-48.654919913
-40.939544735
-41.618886178
-52.913213128
nan
-49.33240692
nan
-43.57301719
-41.98289669
-44.469663162
nan
-45.25190343
-48.322053695
nan
-47.750754236
-42.86565009
-40.698745637
-39.097899776
-43.133343361
nan
nan
-40.100520143
-41.4311427
-40.217088587
nan
nan
nan
nan
nan
-35.949049105
-40.28290265
-39.812456788
-44.186217715
-43.856069621
-42.734503807
-37.136468075
-43.842696231
-45.209380156
-46.524873064
-46.443886507
-45.510902552
-41.844082361
-46.13072625
-38.264645342
-39.409715082
-37.841033229
nan
-45.591420739
nan
nan
-52.072746887
-49.60890523
nan
nan
-48.05079645
-47.512906279
nan
nan
-52.694459584
nan
nan
nan
nan
nan
nan
nan
nan
nan
nan
nan
nan
nan
nan
-40.636558783
-40.291399922
-35.079420211
nan
-38.739108225
-33.833112116
nan
nan
nan
-39.424800999
-38.199710297
-37.012087502
nan
nan
nan
nan
nan
nan
nan
-41.336964655
-39.05304546
-39.859029592
-34.452796502
-31.23471974
-31.983985652
-38.409619622
-36.585190412
-34.107061568
-36.623423871
-32.655135486
-31.0890728
-32.61515255
-40.541712888
-32.364708211
-31.166142167
-33.113131868
-37.648679327
nan
nan
-42.657378781
-47.150324595
-47.021103424
-46.193390165
-45.702896264
nan
nan
-45.049808989
nan
-46.45662241
-45.407148561
-47.331721761
nan
-44.399513509
-45.153701951
nan
-47.496182378
-46.80307684
-46.214982066
nan
-43.313336361
-45.595502882
nan
nan
nan
nan
nan
-41.158835972
-46.228090679
-40.624684585
-39.148321399
nan
-44.285495698
-49.226680476
-44.816583144
-44.46569966
nan
-40.506587958
-40.715213816
-42.330656676
nan
-47.119409062
nan
-50.044834443
-59.869186718
-53.494532975
-52.623914078
nan
nan
nan
-53.087418956
nan
-49.29097539
-47.605631527
-43.050665911
-39.600358665
-40.939625107
-36.766569685
-29.520188058
-28.634302661
-30.070240584
-31.764188355
-30.848980008
-36.619596887
-35.690230303
-38.74177551
-39.767340046
-37.556829398
-38.429063698
-37.945076896
-35.859595532
-36.60181128
-41.24365438
-42.476551546
-45.089341144
nan
-49.659548686
-50.205220912
nan
-46.795327731
-43.771666208
-47.06871924
nan
nan
nan
-44.796242307
nan
nan
-43.083897379
nan
-45.445011504
nan
nan
-36.150656846
nan
nan
nan
-36.185045352
-45.369352325
-37.494747786
-36.517312592
-34.150403393
-31.464056153
-30.53154758
-33.852124249
-32.823273577
-35.761397971
-38.095258627
-35.21182277
-32.185185695
-33.300162282
-33.35902961
-32.660864096
-27.764638303
-26.731220509
-35.032268867
-34.560472212
-32.870524579
-38.329274405
-37.660567949
-34.333006883
-30.755827912
-29.168403457
-30.979593306
-34.572991397
-35.100913633
-36.864799615
-43.908180302
-38.112047375
-38.862069808
-36.181876231
-31.786271724
-32.34452983
-32.391716053
-31.984412946
-32.800198756
-36.702936271
-27.199523692
-31.183725589
-32.438301893
-32.523048014
-26.859254729
-31.730949086
-26.208809407
-26.114788235
-31.416987102
-29.017267293
-29.914717085
-31.612301447
-28.725776641
nan
nan
nan
nan
-34.017398422
-35.034877358
-41.050996808
-44.38934076
-43.587320617
-35.311891491
nan
nan
-33.586573981
-32.030686326
-31.114760586
-37.263720909
-26.552066202
-29.166181168
-22.702998509
-23.559907681
-26.778949784
-31.203057488
-34.091832097
-33.734114803
-31.207607186
-32.130018503
-29.948297452
-30.638066997
-31.87183751
-27.956341905
-37.592093261
-32.852855008
-33.426583232
-30.310447536
-35.489286928
-31.769830857
-27.961466418
-29.43269424
-34.145559078
-29.565061068
-29.424000354
-30.874654963
nan
nan
-34.124102177
-30.960128655
-32.225682519
-24.664066458
-29.680692998
-30.680145371
-27.968806983
-26.292351096
-24.349681798
-30.82452263
-29.853019867
-28.869269545
-34.467165725
-30.806002207
-30.451704099
-31.438037603
-28.604707847
-30.937342857
-27.150563428
-31.839297571
-31.621626203
-29.292837672
-30.2204529
-30.069681446
-28.801361965
-34.300934571
-31.529579105
-29.548987027
-31.524273827
-30.666839534
-30.065023685
nan
-32.924680406
-31.845506505
-30.66821496
-30.60009157
-35.475709993
-32.066664474
-31.536428459
-35.125424825
-29.768162873
-29.343199632
-21.855109115
-25.151986661
-28.792519756
-38.449770304
-33.465323791
-34.865536243
-37.478693344
-35.621188001
-38.032015079
nan
nan
nan
-35.731451834
-35.884095782
-36.894371385
-38.98408574
nan
nan
nan
nan
-35.805962783
-33.060403042
-30.441214342
-29.772315546
-29.82880428
-29.393903924
-26.13138508
-26.723742918
-27.279617555
-27.728151638
-24.681471685
-28.725705491
-33.624891958
-28.690141868
-29.044660952
-28.42327111
-28.219341315
-30.414997051
-36.081908891
-36.937728359
-30.555343762
-32.280620783
-34.3771348
nan
nan
nan
nan
-32.155996046
-30.530817193
-30.822080315
nan
nan
-33.584433818
-32.94446014
-34.434115541
-31.221297296
-31.375323053
-29.670433601
-35.062907809
nan
nan
-30.692242085
-27.740489807
-26.320804386
-26.184734671
-31.562740162
-38.760527337
-29.90068632
-33.728253415
-40.482200472
-33.176499019
-30.69846
-34.590758831
-32.1126137
-28.500089141
-28.265395325
-34.738957145
-32.833484366
-37.874236562
-35.343229347
-37.62251233
-33.685808771
nan
-34.734302741
-35.020376964
-35.168157926
-32.391584345
-28.933556285
-33.015659962
-31.453454884
-29.292673112
-33.104033564
-23.975175655
-22.728189527
-27.629842275
-22.479616469
-29.035588339
-24.999517312
-30.852934496
-28.728256534
-28.712471061
-31.182545284
-25.596566259
-24.816537931
-27.896463098
-30.341671067
-30.122387575
-26.822348029
-29.007353703
-29.685886755
-36.592206784
-26.748948532
-29.797648607
-33.263177582
-34.163401229
-39.778788365
-35.058178527
-34.963870732
-36.716118132
-32.374300853
-32.618464467
-38.045610379
-37.829409996
-37.12961586
-35.754593958
-38.782461274
nan
-30.857525553
-29.636139282
-30.318682461
-28.657763497
-36.006330322
-32.389105288
-36.721412247
-35.673645452
-32.403705851
-28.867731603
-28.424995013
-29.095240236
-28.823922124
-25.97442695
-27.20930237
-19.893318669
-23.374135225
-22.404679523
-27.724801609
-27.55881949
-28.624861928
-28.619279711
-30.968092427
-32.203613576
-35.294974738
-37.17671748
nan
-38.024759391
-38.076919965
nan
-39.802043478
nan
nan
-37.494300236
-33.720863844
-30.700806991
-32.510504287
-30.558014084
-35.054117898
-28.446663364
-30.278744791
-29.505173068
-32.903488661
-25.616639673
-29.058849526
-26.926426442
-24.311835635
-23.747329881
-22.701957889
-26.237656108
-24.95464792
-24.485744127
-25.687307676
-24.597544331
-29.837121481
-34.033549853
-35.599284726
nan
nan
-34.917766952
-35.085311875
-29.386447469
-30.086190383
-26.523873505
-25.652176524
-24.385638968
-31.864743599
-28.117833949
-30.9920206
-36.110440932
-32.316675296
-30.668344002
-23.104237868
-24.972211989
-27.232075406
nan
-28.015014081
nan
-30.760274577
nan
-34.603740067
-34.12889541
-39.572721894
-38.035477032
-32.299775937
-34.192210169
-26.89654774
-26.988366496
-33.678404831
-35.654609434
-31.983472727
-31.978024256
-30.076487542
-34.502878125
-42.403882844
-41.175881689
-41.648097598
-41.047959198
-41.150589926
-41.325099299
-38.873515201
-37.101738106
nan
nan
-35.120632185
-35.091682879
-30.542110088
-31.718897471
-23.886345975
-26.483233124
-27.677647169
-21.673915689
-22.396948528
-26.788765411
-28.129178425
-28.012771471
-30.642520319
-28.527277306
-31.151747396
-24.999188273
-28.460321544
-28.46431585
-28.784130961
-32.966997862
-33.627556706
-26.43461393
-29.278853715
-28.189115244
-29.537792197
-31.624398577
-30.153609706
-34.748556376
-34.11295066
-35.874518902
-36.79402775
-37.212714285
-36.948648075
nan
-36.873990308
-32.52873939
-29.537724824
-29.292232683
-35.933495005
-32.90477574
-32.326945001
-29.478501572
-28.986321736
-29.933528127
-29.454604053
-25.371002592
-26.699655569
-25.431051628
-25.48813574
-32.224853333
-35.176497021
-31.175503455
-30.8168438
-35.026683644
-32.378258349
-26.1759707
-28.063761788
-35.455884318
-35.79452327
-37.842080469
-33.762915248
-44.246278456
-41.686171664
-42.90552933
-43.921509888
-43.61128657
-40.723440338
-39.974740481
-40.643289024
nan
nan
nan
nan
nan
nan
nan
nan
nan
nan
nan
nan
nan
nan
nan
nan
nan
nan
nan
nan
nan
nan
nan
nan
nan
nan
nan
nan
nan
-34.24821834
-34.099357944
-30.845676452
-37.235993534
-35.071304553
-36.654390374
-33.43087
-27.889461035
-29.655037932
-35.650417077
-34.747775879
-36.713656214
-33.147752222
-40.408291531
-32.970204152
-26.315517683
-26.812814733
-30.068935648
-27.471385001
-27.705690922
-28.019065175
-31.627489905
-31.661192088
-30.571141816
-29.694535948
-33.056747376
-28.289588928
-33.520136076
-31.718759428
-36.278959902
-30.710636203
-26.35925414
-34.345090485
-31.562720993
-35.788641362
-33.683814719
-27.603114231
-33.600094262
-31.653729956
-36.344531959
-33.46791235
-39.516871483
-37.348315471
-34.25794782
-31.309019156
-31.442631696
-32.151217393
-33.570557984
-29.531478695
-28.819929591
-34.039301553
-34.61531367
-25.815870218
-27.556119753
-24.234187267
-31.720548951
-35.343685243
-29.778211054
-32.635563193
-34.534269446
-28.739383737
-32.756444824
-32.605095111
-30.404799545
-28.046344291
-30.18221019
nan
-30.883407146
nan
-34.802068293
-34.695337817
-30.101059382
-35.024919986
-34.824233801
-35.796183647
-32.281260786
-30.535764477
-35.624627288
-33.412026163
-34.324943513
-37.407680828
-32.133432064
-33.939107274
-35.018399973
-34.823363728
-35.924297873
nan
-32.23387136
-37.289534211
-34.986454839
nan
nan
nan
-31.836369774
-33.771899089
-30.959193677
-32.958851889
-29.448276265
-29.495081935
-31.221949174
-34.634676446
nan
nan
-28.15032541
-32.662787278
-27.230603789
-25.49381388
-23.089543208
-28.903688889
-31.8233627
-28.612318826
-30.083983423
-26.925495855
-23.986076844
-23.627901755
-27.256712486
-31.71546926
-35.446471658
-33.069259373
-30.404293556
-36.548784983
-32.044688351
-33.928754547
-33.205004839
-31.539713622
-28.041934867
-24.925393704
-25.916617113
-29.147754681
-25.344260012
-30.680208791
-27.608413144
-28.877252431
-24.255938586
-29.196916791
-24.154458716
-31.895707177
-33.322835551
-26.262509727
-27.263280657
-36.878619381
-35.822058663
-36.672514495
-31.31852907
-35.115962951
nan
-35.733416988
-35.177149293
-36.403304171
nan
-31.436948244
-28.851139673
-27.824058311
-32.764678688
-29.257964648
-38.031898959
-32.651824396
-37.719048765
-32.20960555
-34.591375794
-35.848159408
-35.018587014
-31.830929304
-33.64657496
-27.805573964
-29.24873751
-32.062166252
-33.099961793
-37.032502088
-31.353741951
-38.60745073
-35.828477917
-30.998507279
-36.31203435
-33.004462162
-30.766651231
-28.703536892
-28.607175168
-26.426324258
-27.857525714
-33.94111438
-28.304387152
-27.55045808
-29.104087538
-29.470000768
-32.419509977
-36.987187736
-27.805376009
-29.845268659
-28.217425341
-29.755726326
-31.746319948
-29.063804144
-28.675108805
-30.461507008
-29.838621903
-33.604956228
-35.709680044
-34.83776415
-33.359757445
-28.091320619
-33.048728963
nan
-30.00797334
nan
nan
-30.89429948
-36.774665329
-34.72545655
-29.688735454
-31.132014787
-34.200354393
-34.124435955
-30.379059367
-34.702520753
-27.527796469
-27.21052034
-23.295074631
-24.018097746
-26.038970022
-26.686029636
-25.386327473
-37.016606264
-38.580009989
-39.604180371
-37.998032226
-36.778955334
-36.770568355
-27.514257585
-29.491161431
-35.603028266
-37.219327062
-32.956302401
-31.884333377
-38.109673828
-30.347156941
-32.277890804
-29.561246653
-29.822992026
-26.916688165
-27.232824624
-30.741346286
-37.539175664
-35.667069034
nan
nan
-34.355745515
-35.585025221
nan
-36.686083531
-31.945046526
-29.360966707
nan
nan
nan
nan
nan
nan
nan
nan
nan
nan
nan
nan
-38.070482497
-40.157290426
-37.211404422
-39.758804197
-31.80457031
-32.793733068
-32.894046498
-30.166588473
-32.901322724
-28.59218251
-35.252827022
-29.341968297
-31.557650578
-26.506510771
-37.587002422
-28.984942951
-28.909367165
-25.331381462
-29.955514832
-25.728245234
-30.913042654
-32.816824199
-30.360970505
-33.180935103
-34.814229581
-35.596769521
-36.919399583
-36.101906699
-39.164771788
-31.595593627
-33.286239155
-29.333616593
-31.051405923
-29.452495778
-34.120636551
nan
-30.256542466
-34.731726932
-37.067051123
-33.882507616
-30.393495969
-31.297662088
-34.272122434
-38.259139486
-29.335994586
-35.348010506
-38.977615734
-34.07335152
nan
nan
-25.484253702
-25.191955288
-34.286020122
-33.30433265
-28.56670214
-33.460888499
-30.235490197
-33.694810314
-29.406599384
-30.479651587
nan
-32.642287305
nan
-33.395605517
-31.243839075
-30.230272434
-34.351052231
-31.297770688
-27.581280887
-25.774317767
-32.304100804
-32.809398108
-31.824904681
-25.68344574
-26.083297293
-26.668639678
-27.940564288
-25.563562861
-25.449691745
-26.148455384
-26.38388459
-25.590000878
-29.584539698
-32.534266307
-32.013106795
-29.078253899
-29.044356971
-35.274796178
-34.83717146
-32.373354156
-28.327470936
-30.710658203
-32.8307442
-34.896755336
-34.056103839
-30.600111337
-33.800596639
-30.917977692
-28.978975976
-38.353962686
-32.439425165
-32.057381482
-29.320956543
-26.661251195
-29.37195926
-32.218976247
-29.989965098
-27.326834447
-29.006065371
-32.805708257
-30.083662886
-25.213973146
-26.436496464
-33.598586761
-29.033210658
-33.891242414
nan
-30.484931548
-35.970613146
-34.048452632
nan
nan
-34.957628417
-39.18240367
-27.977726013
-34.735241235
-33.984671665
-30.997536041
-30.146743363
-30.505919539
-24.658026893
-28.779413148
-29.395690954
-30.118399492
-33.787239782
-33.602424194
nan
-32.870208982
-35.759078243
-29.514331062
-28.338179572
-25.984260293
-25.514752456
-26.069712571
-26.979598723
-30.421096274
-31.391695609
-32.208467261
-32.574042387
-29.884948209
-23.750858665
-24.703799741
-28.701603489
-27.53236629
-27.700907744
-24.295193825
nan
-34.619679224
-27.15603665
-28.867866072
-23.712113889
-27.356113243
-30.585146968
-28.021775071
nan
-28.710813395
-26.180829421
-26.560550016
-24.079941355
-29.297757893
nan
-30.157690457
nan
nan
-32.648884561
nan
nan
nan
nan
nan
nan
nan
nan
nan
nan
-38.713985179
-30.854915431
-29.616966953
-27.814353143
-32.601515427
-33.304599596
-37.70293734
-34.225142075
-35.887584185
-29.758977972
-29.099896341
-31.442059176
-39.905425617
-38.12557319
-39.884529231
-39.890436307
-34.518574949
-35.604378223
-32.13363166
nan
-36.260332809
nan
nan
-38.433249765
-41.797821945
-37.043028066
-35.788510516
-31.589874536
-35.012447909
-35.847405382
-39.482845989
-40.147370777
-40.094590565
-38.835604199
-45.895656725
-46.08892676
-42.008361158
-41.259884519
-41.730323599
-46.014349945
-45.86544073
-49.242897606
-47.856005936
-42.519389347
nan
-43.290351716
-42.318140013
nan
nan
nan
nan
nan
nan
nan
nan
nan
nan
nan
nan
nan
nan
nan
nan
nan
-50.789100886
nan
nan
nan
-43.192007179
-36.719497643
-44.389666662
nan
nan
nan
nan
nan
nan
nan
-43.542260263
-47.921423516
nan
nan
nan
nan
nan
-44.686213266
-37.016398046
-39.25897293
nan
nan
nan
nan
nan
-48.138088154
-32.669302275
-27.835942523
-32.018995284
-38.577233981
-31.025070582
-28.493209145
-39.187813615
-31.260581543
-32.752923814
-34.71688254
-24.273383033
-25.994195926
-33.183764252
-29.811309336
-33.312544756
nan
nan
nan
-32.86315762
-37.127920713
-31.917330158
-30.321357023
-30.228428308
-42.325059594
-34.293600919
-29.293290652
-28.564600369
-37.789876502
-41.975847387
-37.157260547
-36.796412956
-41.070565651
nan
nan
nan
nan
nan
-42.005909009
-40.405970879
-34.106890244
-35.535258509
-37.96139323
-38.378180673
-30.889881199
-32.617107615
-36.493284668
-37.680867795
-32.693706193
-33.50852395
-37.33256061
-39.153337153
-40.113159174
-41.810084894
-38.042855018
nan
-43.064443809
-33.912577745
-27.45381695
-36.696411466
-32.102765331
-34.23621908
-33.369030962
nan
-35.420576857
nan
-35.631372116
-36.489547247
-34.61107347
-34.93857173
-36.529160311
-30.963821429
-36.125717904
-34.433015269
-33.73072988
-35.981631644
-34.599449558
-36.293569824
-35.095300938
-37.422950749
nan
-42.269011691
-39.703969994
nan
-43.063732739
-37.378152814
nan
-38.114016389
-36.224264463
nan
-39.552239718
nan
nan
-42.346140709
nan
-30.026275053
nan
-29.989967737
-33.89837283
-32.117595
-30.846639132
-28.297922744
-32.140812867
-28.333962285
-31.047545631
-30.924040175
-33.928570882
-32.993917332
-29.189745462
-28.038946085
-25.858737448
nan
-24.647495336
-26.035831919
nan
-33.358432757
-35.400796472
-36.900453085
-31.686937016
-31.633332852
-27.231014637
-32.351821733
-31.867722446
-29.276753002
-34.61486198
-33.881867303
-34.083262014
-32.358956627
-29.690356575
-29.993964803
-32.095847148
-32.134860628
-31.446774531
-27.99031855
-34.735765179
-30.826441662
-34.266244551
-34.980699577
-43.359075545
-41.347826436
-37.308468315
-38.00962324
-39.438345222
-40.285404742
-39.632627345
-35.64111044
-34.642796765
-32.062567055
-37.502036078
nan
nan
nan
nan
nan
nan
-27.469376529
-26.751672068
-32.539529497
-28.071693334
-28.515462183
-23.845420958
-29.025905585
-38.851194667
-34.567072336
-36.353494098
-37.391082576
-37.368854393
nan
-31.801151926
-31.553051702
-29.157740136
-30.378322707
-30.383676121
nan
nan
-37.650976393
nan
-38.885947644
-38.51959708
-36.56344941
nan
-37.137538579
-33.766922333
-39.10897328
nan
nan
nan
nan
-33.020287182
-28.668895848
-28.847347062
nan
-33.520377407
-35.822681975
-39.40429631
-36.421297535
-37.471548927
-38.171600473
-38.133968045
nan
nan
nan
-34.590721562
-32.666294115
-33.932420258
-34.105706192
-30.081354686
-39.292119468
-31.08321293
-29.344784614
-26.960031605
-29.0852497
-29.929538911
-30.78141881
-36.903075759
nan
nan
-35.121809919
-33.410787816
-34.234997125
-33.245869827
-32.635050178
nan
nan
-42.940518227
nan
nan
-44.575642181
-41.540151775
-37.5242973
-36.712521854
-36.856794315
-38.111142486
-48.993715063
-40.933636174
-41.566241235
-45.802909189
-36.966415279
-38.711798796
-38.759053303
-45.871408962
-41.663149335
-38.400015
-42.377549269
-41.478690807
-42.272338085
-36.793609156
-37.661876978
-42.264698602
-40.894612077
-39.500820431
-38.902003172
-38.5163676
nan
nan
nan
nan
nan
nan
nan
nan
nan
nan
nan
nan
nan
-42.205530108
nan
-42.150233143
nan
-45.869630682
-37.666007265
-43.161923467
-40.544540567
nan
-41.47604899
-44.20641617
-42.417854641
-47.045549103
nan
-40.966191257
-45.384305051
-45.20332381
-45.474400632
-47.23999412
-46.73665997
-49.025124567
nan
nan
-40.334361224
-40.725933722
-39.269564132
-37.219328177
-36.090444086
-39.984345479
-41.026783306
-40.725602296
-45.165797622
-42.271681427
-36.056055072
-36.351019858
-34.544057785
-44.365555226
-46.523218359
-45.951149315
-39.30034679
-39.038515078
-40.370445481
nan
-41.572974545
-39.236743995
nan
nan
-44.946230121
nan
nan
-39.758793984
-45.584205376
-46.66021836
-45.797975168
-49.866472254
-46.67197544
-46.361327895
-43.030365125
-48.433078968
-49.210927305
-53.37249964
nan
-55.048587398
nan
nan
nan
nan
nan
nan
nan
nan
nan
-52.063471772
-44.779938835
nan
nan
-53.170503629
-51.176800197
-45.989718801
-43.503036358
nan
-47.324849375
nan
nan
nan
nan
nan
nan
nan
nan
nan
nan
nan
nan
nan
nan
nan
nan
-62.050279373
-56.060359374
nan
-54.153022139
-49.922936751
-48.857750385
-46.765579348
nan
-47.566965882
-45.361350932
-44.322557246
nan
nan
nan
nan
nan
nan
nan
nan
nan
nan
nan
-41.353106909
-43.24460702
nan
-45.862657499
nan
-50.995302782
-43.381535651
-48.565431101
nan
-45.577220151
nan
-50.018737755
-47.934186237
nan
-53.570024214
-53.409377758
nan
nan
nan
nan
-48.878481039
-54.746100407
nan
nan
nan
nan
-47.497081958
nan
nan
nan
-43.484065174
-45.611377285
-48.243557365
nan
-41.724905697
-39.715441376
nan
-44.34953218
nan
nan
nan
nan
-45.04960789
nan
-47.378392943
-45.126873529
-51.452004437
nan
-47.278754992
nan
-46.551359435
-47.831829045
-50.099757353
nan
-47.905011127
-52.531866604
nan
nan
-43.704718602
-46.666268494
-48.912898328
-46.698276249
-49.45864236
-44.08835856
nan
nan
nan
nan
nan
nan
nan
nan
nan
nan
nan
nan
nan
nan
nan
nan
nan
-59.323627864
-58.137948095
nan
-48.149304311
nan
nan
nan
nan
nan
nan
nan
-34.150327544
-31.430360208
-32.884414384
-32.635994471
-29.893182365
-32.611858542
-30.268374308
-36.35624206
-32.153816008
-30.048529178
-34.711073497
-38.534341768
-38.215270804
-34.339936792
nan
-29.369280042
-24.318654168
nan
nan
nan
nan
-34.858539116
-34.248681977
nan
nan
-32.037095893
-32.269718691
-32.004456102
nan
nan
-31.76195874
-35.88693395
-34.102322273
-35.582013684
-30.630253791
-29.158257338
-35.596123117
-38.323466616
-33.991553436
-35.851157096
-40.417090894
-37.01461449
-37.976245841
-34.198907519
-33.415323599
-33.113581597
-34.636824037
-35.268802067
-34.708128158
-37.552678791
-40.0574438
-35.082602511
-34.013069178
-41.775984266
-33.955649135
-30.586456964
-28.451085286
-27.984865028
-34.987437484
-34.946296255
-28.140877651
-31.673241341
-27.167870425
-30.431676313
-32.998186771
-28.511014248
-29.513750998
-34.514054712
-40.90762379
-42.894848479
-39.629409711
-35.163119707
-32.811988021
-34.16750626
-33.391118631
-33.57704684
-32.587703511
-36.495709511
-34.424614521
-40.55782191
-38.311921982
-41.478650672
nan
-39.469759723
-33.891369553
-35.34496501
-33.918377447
-29.390147301
-36.781109319
-37.96936378
-31.698734948
-31.509293041
-34.04732736
nan
-34.673532129
-34.057272483
-31.593301724
-35.77703702
-40.747347261
-32.30609481
-34.08249557
-36.551257811
-33.506623193
-30.473423845
-33.35307828
-28.313559546
-26.553107646
-30.675917079
-29.366469598
-29.612799281
-32.901018261
-32.063390564
-35.929649598
-38.148409674
-36.23474822
-40.047494421
-36.072219163
-37.872355954
-34.196692639
-37.105836153
-37.39852991
-40.570503469
-44.69523764
-43.937349641
-40.099903296
-36.065379185
-36.747309615
-33.279934853
-42.120586927
-32.097542045
-27.118540161
-36.874882534
-35.473450361
-40.57360644
-44.118621396
-41.98779473
-35.584035408
-30.578368339
-35.702793327
-30.30178282
-28.602113791
-29.466292439
-38.174711851
-41.584341158
-40.91452337
-43.448544911
-39.652621564
-39.558847562
-39.77526915
-37.813082441
-30.500268718
-29.789791051
-32.949344342
-35.482197791
-32.82731583
-30.064982191
-32.778164485
-35.818844182
-36.841882282
-33.658229017
-34.939156327
-32.784943907
-38.636546661
-35.532991243
-36.894454222
-29.001159062
-34.617678437
-33.504941587
-34.379365181
-36.562948835
-33.118521137
-31.43080595
-29.776592533
-29.126833013
-34.223942115
-32.521755475
-33.339501508
-31.671461134
-32.549211592
-33.444647187
-44.663427718
-35.671152007
nan
-35.194890282
-32.19939605
-34.30274328
-41.630942933
nan
-33.644349282
-32.586565996
-34.786353985
-39.984701297
-31.961977492
-29.1895305
-32.723913693
-35.275337734
-30.636013466
-37.04893993
-33.060923002
-33.121314408
-36.152996748
-30.733239183
-36.342790441
-38.297776608
-29.322406329
-29.06920872
-29.940541661
-25.591465108
-25.004761998
-31.841449873
-31.55828885
-31.358311553
-32.349853225
-30.794922376
-33.072907812
-40.125743154
-38.873456473
-31.825703508
nan
-34.16856337
-33.453397734
-37.429317645
-35.904983491
-36.275616781
-35.919550979
-34.869462853
-36.761474962
-30.83474393
-29.495408161
-29.862069039
-38.516777714
-42.631039512
-47.117273693
-49.618024923
-56.239106352
-57.650484208
-59.069750887
-57.118986176
-57.197226378
nan
nan
nan
nan
nan
nan
nan
nan
nan
nan
nan
nan
nan
nan
-66.771082485
-65.520310263
-70.295394053
-74.402221717
nan
nan
-71.358148801
-67.231859782
-68.198245215
-68.107257139
-71.274016833
nan
-68.466046321
-68.02381813
-71.761696581
-68.999549067
nan
-64.980508334
-69.064990837
-71.276558114
nan
nan
nan
nan
nan
nan
nan
nan
nan
nan
-46.515961164
-44.945294135
-34.316373403
-38.370942766
-41.337513742
-40.059507574
-35.26290626
-37.412817965
-36.136138314
-37.585530293
-37.941974105
-35.791073944
-40.781159363
-33.824586806
-41.747206622
-35.664423509
-39.754780113
-43.89829383
-38.913614298
-40.929354751
-46.476116808
-49.116514976
-54.857742438
-56.78212797
-55.631665847
-51.869065155
-57.999522624
-62.751956537
-60.869875924
nan
nan
-49.790974093
nan
nan
-51.819695083
-51.409322277
-49.209465772
-59.459115339
-59.337111183
-56.132695179
-59.080322767
-58.767918695
nan
nan
nan
nan
nan
nan
nan
nan
nan
-72.598828715
-72.913251318
-71.744080384
nan
nan
nan
nan
nan
nan
nan
-64.253418728
-69.587776048
nan
nan
-69.443866058
nan
nan
-69.352635216
nan
nan
nan
nan
-72.999089218
-75.071468533
nan
-73.592512941
nan
-76.95189961
nan
nan
-79.903639361
-73.597686803
nan
nan
-81.126172322
-80.545915225
-79.120378365
nan
-77.189726916
nan
-80.879169951
-77.885722787
nan
-79.220761399
-78.272904146
nan
-75.485472296
nan
-78.124237879
-77.749316019
-72.073752169
-73.168021164
-70.336644875
-73.848597075
-74.605567889
-73.477069892
-72.938597984
-68.640490449
-72.047351306
-74.005994252
-69.975442154
nan
nan
nan
-66.686085178
-69.227378091
-67.463935526
-65.263593623
-66.410160562
-67.472031525
-69.053198812
-62.842742893
nan
nan
nan
nan
-67.375704032
-70.565836149
nan
-69.448956975
-69.028573456
nan
-76.563508216
nan
-71.791132751
nan
nan
-76.667223372
-76.453744763
-75.033122619
-76.421170837
-71.876952967
nan
-70.702803504
nan
-74.639223682
-72.701448304
nan
nan
nan
-70.667228792
-65.367640754
-61.835905072
-59.402426406
-50.376323419
-51.613927236
-51.641379446
-52.686060834
-46.752324821
-51.458914854
-48.900877812
-45.271820906
-49.338464592
-49.022561315
-45.984323023
-54.066049726
-53.081657833
-52.759314745
-53.07918022
-54.295532715
nan
-53.292937485
nan
nan
-52.41394231
-56.811979071
nan
-59.479346696
nan
-60.440118374
-63.320752147
nan
nan
nan
nan
nan
nan
nan
nan
nan
nan
-60.206108662
nan
-61.817411739
nan
-62.998619636
nan
nan
nan
nan
nan
-46.521026976
-47.193078205
-57.026391572
-54.983375967
nan
-54.275350088
nan
nan
-56.739723459
nan
-55.718146423
-47.216351234
-51.635841577
-51.981265466
-49.043776197
-50.762544788
-51.515839951
-53.522767418
-52.785225679
-57.196275616
nan
-55.310356017
-54.627444197
-55.866331469
-48.725573263
nan
-53.540318578
nan
nan
nan
-52.738358264
-52.751762901
-51.784915114
-54.089304278
-51.263626798
-51.084006419
-55.47450933
nan
nan
-51.588040182
-48.635592444
-57.775918936
-49.807135072
-54.232917758
-54.511878055
-48.437335616
-49.194785443
-52.883429302
nan
-49.99981061
-47.853713427
-53.027066391
nan
nan
-49.813865509
-49.711571888
-50.655894157
nan
-45.861989682
-47.500025393
-48.716775856
-47.755891205
-48.320485299
-43.383330579
-50.012119608
-45.739547842
-49.287509495
-43.438426624
-41.70701684
-44.931193354
-42.221467626
-45.418367597
-41.326094533
-43.803541154
-37.688984102
-45.66307641
-40.668894231
-44.255961753
-42.716255148
-43.815413276
-42.328018945
-41.558792024
nan
-42.377002641
-44.506752943
nan
nan
-46.034821085
-43.328613362
-49.453374611
-44.95700393
-44.230617517
-47.889894127
nan
-48.65801289
nan
-50.342167344
-42.108250696
-42.619533682
-44.450577624
-44.600854371
-46.262676724
-45.782583652
-44.659853984
-50.347660556
-49.49845977
-48.67887964
-47.368531279
-45.92860524
-39.747725649
-39.225625588
nan
-42.625362719
-39.780263517
-46.648500484
-46.365874044
nan
nan
-53.456923958
nan
nan
nan
nan
-49.722148909
nan
-41.087542222
-40.433011348
nan
-42.706057778
-51.061071798
-41.74979715
-36.263562254
-41.07920233
-40.303401954
-48.254725549
-45.086117239
-46.663166233
-42.168502549
-49.536901154
-46.547962851
-42.086972206
-48.667669136
-53.906470687
nan
nan
nan
nan
nan
nan
nan
nan
nan
nan
nan
nan
nan
-42.076215931
-43.175446431
nan
-38.698507929
-37.892518007
-45.27581669
nan
-46.2537373
nan
-46.184777599
-42.202419863
-40.103762228
-40.896522047
-43.22937752
-39.546413607
-42.167268088
-42.443089187
-42.820447198
-48.557911199
-40.937669342
nan
-46.056621432
-42.354485991
-41.240188547
-41.183703898
-36.764938425
-36.369787372
nan
-42.714063021
-45.427219876
-40.418749353
-36.653474078
-38.006835021
-45.543295423
-48.992322743
-42.59839217
-43.130574298
-43.61388299
-44.60758743
-43.78444316
-44.536034581
-45.941834082
-47.047383246
-44.792704846
-42.99491211
-42.016194576
-43.187228597
-46.992648046
-50.647568749
-49.666529366
-48.88163006
-46.353050035
-45.635735716
-38.78751427
-43.968858876
-46.401391176
-44.619564921
-45.93003292
-42.211545966
-43.533985218
nan
nan
-49.510668607
-45.615048334
-42.48266658
-47.00409667
-47.92658374
-53.282812225
-51.85211619
-45.10226849
-46.988941099
-48.945902946
-45.20066375
-46.168315306
-48.072998058
-48.828315752
-42.236223944
-40.06721277
-45.232905402
-42.412610424
-45.131830394
-41.761831678
-45.059320109
-44.648410778
-41.448611077
-42.725020041
-40.118061197
-43.142504408
-48.235315322
-44.158230981
-50.228661381
-43.219522816
-45.474057166
-44.527180342
-43.728700667
-50.641032921
-47.987523023
-45.950194173
-45.219099843
-49.864007755
-45.008041644
-50.180169028
nan
nan
nan
-42.815715173
-43.518420895
-42.908209219
-42.983218392
-42.161516783
-46.639988955
-46.477696349
-47.025665849
-48.046939788
-48.247668563
-46.712066811
-44.648674488
-43.420013782
-43.542677092
-48.152816713
-44.374977711
-46.606166564
-42.493899221
-47.246247102
nan
-44.069303558
-44.251697044
-46.763587888
nan
-43.297311032
-43.472259247
-46.106388267
-48.511931345
-43.037078022
-42.498945295
-47.288293928
-46.092725454
-44.564061215
-43.278498888
-52.003671257
-46.486891312
-48.929209
-51.447373985
-52.63446826
-47.163653974
-46.331407139
-48.869827022
-47.545230681
-45.723138146
-48.96202156
-44.987389915
-44.905631163
-46.839781793
nan
-51.962554414
-49.405837821
-47.870115336
-48.754535879
-49.034842254
nan
-45.962703859
nan
-48.943028797
-49.906666315
-49.329549744
nan
nan
nan
nan
nan
nan
-47.773990449
nan
nan
-50.803293181
-45.436556024
-42.490176731
nan
nan
-48.895730413
-48.665886883
-47.328026435
nan
-43.968338676
-47.837361308
-50.160856198
-50.259411019
-49.927758934
-48.6192844
-48.86767219
-45.770557956
nan
nan
-46.463394584
-43.252482407
-45.32318195
-44.351442026
-44.530288272
nan
nan
nan
-46.340656508
-51.282681394
-49.439695412
-46.893258124
-39.470646302
-43.133151673
-41.699110714
nan
-45.451502438
-46.562112417
-48.770613581
-47.975317079
-39.774260541
-42.90295359
-47.209619559
-41.684372606
-43.781942582
-42.24730768
-43.4327696
-42.342534062
nan
nan
-42.126523719
-42.215693478
-41.427933689
-47.089245603
-42.046710919
-42.085587166
-46.956996746
-44.032392878
nan
-42.021494879
-45.284422954
-45.137758595
-43.860114641
nan
nan
nan
nan
-42.127108332
-47.472921623
-46.021006295
-40.421352363
-43.37585105
-40.768208162
-44.772021508
-43.252028299
nan
-41.434919765
-43.811745751
-42.569289173
-40.477213543
-42.23407003
-50.573368159
-41.685876314
-42.091990621
-44.625051375
-40.857226609
nan
nan
-41.128835033
-40.659831419
-46.24674947
-45.451566564
-44.957876748
-42.492788749
-38.284476091
-47.92473236
-39.859779639
-41.510732553
-37.17289302
-37.323712021
-40.502637402
-41.477472246
nan
-34.928388562
nan
nan
nan
nan
-40.521867126
nan
nan
-46.982981035
-46.727226647
-44.751549746
nan
-46.229102994
-47.835152819
-47.398306081
-43.64630531
-41.608781499
-48.643877404
nan
-51.866519083
-46.376282275
-45.426195534
-49.304482212
-45.640963624
-42.493819743
-43.996715883
-43.178579121
-43.835596699
-38.651626223
-36.448313273
-40.778446685
-45.536898657
-49.503746165
-46.330001772
-46.122439236
-38.910613486
-43.762750454
-35.945228737
-44.02645318
-46.581484409
nan
nan
nan
-52.078040769
-48.924980189
-52.945119148
-51.14625156
-47.38371333
-50.470663754
nan
-50.453191701
-48.876085642
nan
-48.677156955
-48.250133404
-43.825586739
nan
-47.367125771
-49.575165026
-44.861784749
nan
nan
nan
nan
-46.57769348
nan
-35.484272785
-42.468389984
-39.425969718
nan
-35.293858985
nan
-39.252073035
-40.9837432
-41.34266787
-35.942369774
-39.248120285
-38.224680327
-39.122675531
-38.711004211
-41.142866335
-37.072450111
-38.001592847
-37.400594763
-39.400590602
-37.492075203
-38.500817875
-35.809879196
-42.7419734
nan
-34.581535463
-38.173422253
-39.209636629
-33.881841453
-32.751217727
-38.365347725
-38.032379049
-39.069921792
-41.751657271
nan
-36.73078622
-39.918124146
-38.222067335
nan
nan
nan
-35.657234577
nan
nan
nan
nan
nan
-39.273932271
-34.442562801
-31.244139798
nan
nan
-32.770992979
-38.197704309
-43.299242813
-34.128678081
-37.666268785
-37.228751041
-37.874820675
-39.276086747
-38.315675995
-35.372701025
-40.354444827
nan
-38.591860733
nan
nan
-33.381115812
nan
-34.180692002
nan
-38.806698043
-34.438568558
-28.281594823
-33.247046284
-40.403570812
-39.022406799
-36.529472744
-37.52246845
-36.678154081
-35.416272544
-35.701157252
-35.719484867
-33.173800372
-39.156857478
-40.304119355
-38.374114945
nan
-38.876440983
nan
-40.226992403
-40.022810301
nan
-34.062242565
-33.630610245
nan
-34.4222315
-35.623666907
nan
nan
nan
-38.479997456
-41.904168197
-37.110978877
nan
nan
nan
nan
nan
nan
nan
-34.319398682
nan
nan
nan
-37.388431996
nan
nan
nan
nan
-33.502507539
nan
nan
nan
nan
nan
-32.934305518
nan
-34.799383059
-33.968754867
nan
-31.197885557
-34.610667777
-39.605869921
-40.31772712
-36.889562597
-36.967380186
-35.414877502
-33.030176272
-33.74866493
-33.609370267
-28.914186596
-31.94142359
-30.217609723
-31.815733156
-29.087005044
-29.272368714
-35.689284961
-34.420557709
-36.250088933
-35.527382627
-34.670209637
-32.292069285
-28.870803333
-34.120969475
-31.597114536
-26.274782308
-30.35695906
-31.774092733
-30.561923489
-30.05014221
-32.489674597
-30.914566079
-27.654812736
-31.291653459
-32.043574531
-34.043560905
-33.834937179
-33.572474069
-37.788030548
-30.626944083
-38.124109895
-39.170575552
-40.587080689
-33.002510083
-30.403926059
-29.91635899
-28.60185997
-31.753929917
-36.113197894
-34.710355043
-33.584652721
-24.667352281
-33.293460193
-31.792311973
-30.049702694
-28.45865294
-28.73273598
-25.850937315
-26.067013295
-27.764722186
-28.795336164
-25.269714013
-24.49839371
-26.315129639
-26.617946825
-25.324801837
-25.295300852
-30.315459742
-27.508037611
-36.358136138
-31.677413634
-30.007999046
-26.525294659
-31.727185035
-31.051549137
-31.735638816
-36.464777666
-36.014733778
-36.982608175
-31.219656889
-32.244612188
nan
-30.997946355
-35.970100088
-38.173310956
-31.404004845
-35.072366619
-31.27555031
-25.902094046
-25.595378469
-34.402339951
-34.88671874
-32.512484529
-31.099888682
-33.28262349
-32.735359788
-38.636241966
-34.524716595
nan
-30.788688265
-34.009572639
-33.774318549
-33.556630935
-35.144323657
-31.259969936
-31.288917695
-31.789987125
-34.788712249
-34.842294472
-34.681219933
-34.368424977
-32.110310568
-28.085496747
-25.275583664
-34.967829387
-43.271448205
-40.394955817
nan
-35.852220052
-38.561057005
-33.689204722
-32.259564443
-37.828959192
nan
-26.732614018
-24.787331376
-31.069542647
-30.382239197
-31.907376481
-34.234494556
-34.474519515
-38.118667722
-34.070850769
-30.968091249
-30.652099706
-30.706902455
-34.281763433
-39.190671216
nan
-35.480012596
-35.760681086
-36.88323658
-33.903523932
-32.592718636
-29.024811461
-26.157719903
-23.865666313
-27.942461917
-21.835236132
-27.795693018
-27.827156265
-26.515156378
-27.669587169
-25.442337364
-33.059629032
-31.843948117
-33.797595562
-36.26017655
-33.017040363
-32.344654488
-34.159803587
-28.6878381
-28.018410613
-31.974829176
-30.769472893
-28.230120239
-33.744848383
-28.347479271
-24.485909273
-25.830985621
-26.142694105
-30.312352
-30.034351202
-29.256287172
-32.604459033
-40.909007563
-29.707628202
-29.065540565
-30.610371417
-33.416238148
-36.593681953
-35.987837769
-32.686321723
-34.916325485
-33.909798605
-31.371822503
-37.489950326
nan
-33.660769985
-37.324566205
nan
-33.965987469
-36.073174587
nan
-29.664003002
-31.90357339
-27.898491183
-33.535841243
-27.717748328
-26.506306558
nan
-39.202336981
-39.598818548
-35.784533469
-31.52416193
-36.020370791
-36.046026269
-37.886032308
-34.987189231
-34.438424974
-31.390750146
-31.999215336
-42.131358061
nan
nan
nan
-47.706040336
nan
nan
nan
nan
nan
nan
nan
nan
nan
nan
nan
nan
nan
-56.641746021
nan
-56.962811547
nan
-55.50056071
-59.06426541
-62.869764263
nan
-64.643883744
-65.4911023
-65.539178015
-62.618467587
nan
nan
-67.290682956
-64.564151441
-64.792359542
-66.505529199
nan
-69.803055531
nan
nan
nan
-65.984399865
-66.458974463
-69.092496908
-66.674912076
nan
nan
-68.036969192
-65.310819231
-67.860297278
-67.188905406
-65.565974043
nan
-63.120634571
nan
-59.934499659
-58.555620931
nan
-51.755771892
-51.410085538
-55.617548494
-56.256456188
-61.695514309
-57.990648606
-57.416118833
nan
nan
nan
-53.888910367
-51.692956273
-45.313796889
-47.683700266
-44.87462194
-42.286410554
-43.558373241
-40.709929291
-46.536810265
-45.324982567
-44.764713863
-51.314069674
-42.689675191
nan
nan
-40.807911671
nan
-45.374518268
-44.186391143
-48.343871756
nan
nan
nan
nan
nan
-50.612128275
-45.635666917
-52.113033894
-47.41395152
-45.551524762
-49.897567066
-51.462322313
-55.710910822
-48.543213984
nan
-50.046723144
-53.913616118
-52.210419867
-50.455086322
nan
nan
-51.227449799
-49.795415857
nan
nan
-47.424309336
-45.070596294
-46.055407821
-47.206720873
-47.675876575
-46.248370651
-45.556075834
-46.364950699
-43.094316381
-45.139963629
-45.471208268
-40.365188947
-35.213632653
-39.392891957
-38.166552733
-39.227906685
-40.325830674
-40.689332933
nan
-35.448997712
-39.840451646
-41.063069905
-37.664356221
-41.437160197
-39.282056988
-40.091311229
-39.421052479
-39.338423042
-39.320567595
-37.787112093
-35.839379735
-37.570399414
-33.367802496
-31.651995554
-33.368356874
-38.077580689
-31.872974553
-27.728404142
nan
nan
nan
nan
-37.550382386
-41.473689667
-33.60283154
-33.051007261
-31.70682348
-29.848053474
-31.482781281
nan
nan
-31.82241523
-34.163185642
nan
nan
nan
nan
-30.036443058
-28.626412848
-33.35089746
-28.271825
-32.256209055
-32.780655268
nan
nan
nan
-26.068203974
-25.78295474
-31.626087859
-34.090792477
-33.512256324
-35.674043607
-34.262003893
-33.262492263
-32.121988755
-31.578907213
-33.651431608
-36.235011345
-32.127507448
nan
-32.829748064
-34.742324292
-31.4474352
-29.539573823
-28.326529675
-27.483554562
-29.06556319
-30.149106479
-26.218714617
-36.462595207
-31.831524598
nan
nan
nan
-33.742188798
-32.137395773
-35.342732388
-37.297906617
-33.884945841
-31.464161018
-27.491058789
-31.795262244
-26.648142403
-29.768250388
-28.153663195
-31.080325395
-34.431025728
-38.40686733
-35.36900701
-36.049442994
-35.839294184
-35.326106881
nan
-41.334028586
nan
nan
nan
nan
nan
nan
nan
nan
nan
-33.235507289
-31.785258958
-33.342320971
nan
-33.668205612
nan
-35.038823484
-37.215316089
-38.684520924
-34.532910566
-34.28376359
-40.693343753
-37.336390855
-28.956474046
-28.953390731
-28.421776198
-33.72000069
-33.536098405
-41.836856874
nan
-33.509088225
-34.186048743
-27.573017031
-30.069423852
-32.629011726
-27.09340805
-25.95183994
-33.218651868
-31.874434962
-36.615689586
-25.906997735
-24.605245124
-24.24338213
-27.787423431
-28.902030486
-31.757922121
-34.26840647
-29.820160047
-27.62971699
-26.330897537
-30.155453802
-33.609632525
-34.714576833
-32.220531807
-27.579496868
-32.005562229
-28.253582654
-26.344237152
-27.515604649
-26.15625413
nan
-24.420331987
-24.65713888
-27.964665572
-29.639412887
nan
-27.684174661
-32.246456443
-25.243114168
-32.632600755
-32.801558584
-26.866313565
-37.70648822
-37.053109672
-35.638019887
-43.14956687
-44.345372188
nan
nan
nan
nan
-49.020678422
nan
nan
nan
nan
-29.384527713
-27.371637977
-33.1031938
-33.618407016
-37.37506127
-34.263070825
nan
-34.462069772
-38.59594323
-35.931459647
-38.515356093
-37.516999525
-36.623981558
-40.879586419
-46.797660464
nan
nan
nan
nan
-43.898046834
-43.556341673
-44.309614328
nan
nan
-44.8262367
-47.476360274
-40.246092455
-37.537513395
nan
-39.805961644
-38.117490872
nan
nan
-42.137625078
-38.073282945
-38.634877991
-41.614643062
-42.413088794
-41.085495975
-40.255829554
-43.602728706
-38.591702681
-40.85705078
-42.617435543
-41.567160203
-42.86153737
-45.820672818
-40.787331856
-47.19281983
-44.242739364
-42.913991911
-46.171066169
nan
-46.38762108
-43.43695879
-47.816456225
nan
nan
-44.693290363
-41.244364703
-42.47614084
-46.151275898
-45.913119994
nan
nan
-43.949677359
-44.248895263
-47.390849903
nan
nan
-47.344345016
nan
nan
nan
nan
-48.112602785
nan
nan
nan
nan
-42.150826438
-39.250156043
-40.116532797
-36.197732816
-33.739130767
-36.778619973
nan
-37.770627287
-39.004764347
-39.327986416
-35.573476307
-38.783839788
-40.180647395
-39.002208815
nan
-40.059331763
nan
nan
nan
nan
nan
-38.569961554
-37.111819364
-32.054394783
nan
-30.083554349
-25.735427471
nan
nan
-37.505550955
-31.141300211
-32.42283974
-31.850160131
nan
-32.636760944
nan
-38.977250294
-34.289307244
-36.590875588
-33.21920609
-26.193576748
-28.836279566
-31.467886472
nan
-32.270215378
-33.451696786
-29.317300229
-25.868368131
-25.664234165
-29.167292186
-26.870732361
-32.370667799
-31.373518536
-32.822591961
-34.002540018
-27.975534313
-29.870019909
-30.65623435
-31.81743291
-29.579697741
-29.789774219
-35.110971374
-35.466707099
-33.742042406
-33.199677203
-28.250865603
-29.873457358
-34.086701026
-34.202199
-30.261255749
-31.500412543
-35.130097279
-33.213742382
-35.133206037
-35.618881794
-38.009868768
nan
nan
nan
-34.152219662
-30.017806017
-33.860033447
-35.378013832
nan
nan
-31.609625747
-29.539176674
-36.03447608
nan
nan
-30.811077953
nan
nan
-34.825538667
-29.831919338
-32.897793608
-27.267794682
-27.420234511
-30.589912369
-26.860531656
-29.927940958
-35.763276882
-25.083911093
-24.854928954
-28.12788298
-29.21463288
-30.354444908
-34.289664683
-34.300617418
-31.82195167
-29.87747735
-21.459827062
-30.069669012
-27.75182504
-29.134417693
-28.010323686
-28.927597552
-34.04119044
-34.503362526
-36.900012673
-29.492136795
-37.129759529
-33.00171873
-26.471851562
-29.505052985
-39.072565942
-33.578984298
-32.654441245
-30.171854775
-32.178008222
-34.229351635
-29.619362897
-32.268116245
-29.719979158
-32.228479878
-37.195507729
-32.23477488
-29.645127886
-28.24190241
-31.443817396
-26.616710316
-29.696787436
-33.709502903
-33.794662044
-31.942238859
-35.075579454
-36.246048702
-32.091479601
-36.669237119
-29.903821441
-33.509765759
-27.982799496
-31.269006826
-34.971347443
-35.079130121
-33.144952672
-34.32349276
-31.576959116
-35.552273568
-34.883410956
-30.519291301
-31.803886857
-31.008705122
-30.347479999
-30.672392677
-29.416089062
-34.272609911
nan
-33.961272996
-33.297977946
-35.489707529
nan
nan
nan
-37.148681052
-37.918672688
-37.608289192
-30.048080632
-30.91447491
-36.343328862
-35.887069237
-36.688253043
-32.734668438
-29.210279186
-29.394979989
-28.347989445
-28.256606937
-25.647342535
-29.723811606
-33.147318716
-32.187138264
-29.150937152
nan
-30.481166958
-29.880096329
nan
-33.448708338
-31.839296866
-30.670025962
-34.959950997
nan
nan
-32.148355301
-29.482693097
-29.154238788
-33.256634333
-40.698883626
-33.691938123
-33.596047171
-26.478624101
-30.461572235
-28.90301347
-34.054625157
-38.137624013
nan
-38.918745236
-39.396365733
-38.869820957
nan
-38.687622925
-33.799387243
-38.247934695
-41.499161361
-38.220010651
-40.17784065
nan
-34.883645916
-40.708840028
-34.285190385
-26.739661969
-27.164768198
-32.479356806
-38.322729882
-39.116355199
-40.376710839
-40.890190339
-45.159552999
-45.173397865
-40.535539493
nan
-44.061232921
-44.734361092
-46.09836018
-43.311378365
-43.417196115
-46.691124298
nan
nan
-47.405794567
nan
nan
-44.784750799
-43.707361552
-43.54853756
-50.096978072
-49.047023484
nan
nan
-43.973858963
nan
-42.551794438
-45.650637772
nan
-47.492539391
-40.205535732
-39.963134945
-45.882850804
nan
-45.360310669
-42.235587288
-40.680301213
-44.325168665
-40.066279502
-43.745830291
-43.08462406
-39.574676296
-38.319452069
-38.65568724
nan
-38.867371192
-39.765521235
-44.851110031
-42.347385519
-39.410909614
-43.692613697
-41.997148289
nan
nan
nan
nan
nan
nan
nan
-42.790249852
-43.795711599
-35.289377495
-40.487928448
-37.423514607
-37.851139906
-33.789746594
-37.73237433
-30.80871491
-36.267795085
-37.529532693
-39.999560263
-39.164084226
nan
nan
-32.42644746
-33.870957077
-34.810599839
nan
-33.59797711
-30.013510675
-29.927828544
-33.117689778
-33.100514252
-34.483533202
-36.427720705
-38.096963746
-38.30178442
-39.803424514
-39.255175375
-32.443646359
-34.836457304
-37.782020682
-36.411428132
nan
-36.368027757
-30.747864591
-33.492122366
-32.313731328
-34.193112002
-29.447436495
-32.43332084
-35.511338783
-30.877318789
-37.768758111
-32.276284733
nan
-36.370051043
-36.26001281
nan
nan
-40.470142143
-36.752135097
nan
nan
-36.840050758
-38.786005647
nan
nan
-34.07037708
-37.065324628
nan
nan
-48.771577646
-42.860082186
-42.945936736
-45.448875147
-45.765501117
-46.227356984
-38.63794502
-42.21687016
-38.852096416
-37.596299059
-39.914677718
-39.62181998
-36.638084663
-33.64662495
-39.427156082
-35.885895659
nan
nan
-37.266740915
-37.377646228
-33.641312605
-36.997744361
-35.872169472
-36.463206492
-38.697428334
-34.970735071
nan
-35.193117877
-32.72539069
-33.545501634
-39.264209367
-38.339881489
-41.221737577
-41.883965522
-39.490772694
-43.109427548
nan
-37.744838636
-37.881432421
-42.154335714
nan
-40.196043565
-41.369327841
-40.61630092
-41.198929613
-38.508596228
-36.346696219
nan
nan
-39.386332562
-37.133453155
nan
-42.037330341
-41.904073375
-39.71351412
-41.205130197
-42.17344447
nan
-41.968987552
nan
-35.353921158
-37.08358603
-37.351361058
nan
-36.290760074
-44.271680955
-39.140813232
-40.571284507
-36.703389789
-40.165594514
-34.653999419
-37.104928545
-35.501845441
-36.768820633
-39.680632221
-39.550509558
-34.258888839
-37.825957615
-41.284973296
-39.853837109
-42.051639861
-40.120857104
-43.962652471
nan
-43.301664571
-45.185341884
nan
-46.328289836
nan
nan
nan
nan
nan
-44.01716638
-42.162406157
nan
nan
-42.641141014
-39.694423987
-37.988889921
-36.401396362
-40.254832757
-43.23739634
-41.563474009
-42.173039061
