1.1472599875e-05
1.1472599875e-05
1.1472413935e-05
1.1472227995e-05
1.1472042075e-05
1.1471856135e-05
1.1471670195e-05
1.1471484255e-05
1.1471298335e-05
1.1471112395e-05
1.1470926455e-05
1.1470740515e-05
1.1470554575e-05
1.1470368655e-05
1.1470182715e-05
1.1469996775e-05
1.1469810835e-05
1.1469624895e-05
1.1469438975e-05
1.1469253035e-05
1.1469067095e-05
1.1468881155e-05
1.1468695235e-05
1.1468509295e-05
1.1468323355e-05
1.1468137415e-05
1.1467951475e-05
1.1467765555e-05
1.1467579615e-05
1.1467393675e-05
1.1467207735e-05
1.1467021815e-05
1.1466835875e-05
1.1466649935e-05
1.1466463995e-05
1.1466278055e-05
1.1466092135e-05
1.1465906195e-05
1.1465720255e-05
1.1465534315e-05
1.1465348395e-05
1.1465162455e-05
1.1464976515e-05
1.1464790575e-05
1.1464604635e-05
1.1464418715e-05
1.1464232775e-05
1.1464046835e-05
1.1463860895e-05
1.1463674955e-05
1.1463489035e-05
1.1463303095e-05
1.1463117155e-05
1.1462931215e-05
1.1462745295e-05
1.1462559355e-05
1.1462373415e-05
1.1462187475e-05
1.1462001535e-05
1.1461815615e-05
1.1461629675e-05
1.1461443735e-05
1.1461257795e-05
1.1461071875e-05
1.1460885935e-05
1.1460699995e-05
1.1460514055e-05
1.1460328115e-05
1.1460142195e-05
1.1459956255e-05
1.1459770315e-05
1.1459584375e-05
1.1459398435e-05
1.1459212515e-05
1.1459026575e-05
1.1458840635e-05
1.1458654695e-05
1.1458468775e-05
1.1458282835e-05
1.1458096895e-05
1.1457910955e-05
1.1457725015e-05
1.1457539095e-05
1.1457353155e-05
1.1457167215e-05
1.1456981275e-05
1.1456795355e-05
1.1456609415e-05
1.1456423475e-05
1.1456237535e-05
1.1456051595e-05
1.1455865675e-05
1.1455679735e-05
1.1455493795e-05
1.1455307855e-05
1.1455121935e-05
1.1454935995e-05
1.1454750055e-05
1.1454564115e-05
1.1454378175e-05
1.1454192255e-05
1.1454006315e-05
1.1453820375e-05
1.1453634435e-05
1.1453448495e-05
1.1453262575e-05
1.1453076635e-05
1.1452890695e-05
1.1452704755e-05
1.1452518835e-05
1.1452332895e-05
1.1452146955e-05
1.1451961015e-05
1.1451775075e-05
1.1451589155e-05
1.1451403215e-05
1.1451217275e-05
1.1451031335e-05
1.1450845415e-05
1.1450659475e-05
1.1450473535e-05
1.1450287595e-05
1.1450101655e-05
1.1449915735e-05
1.1449729795e-05
1.1449543855e-05
1.1449357915e-05
1.1449171975e-05
1.1448986055e-05
1.1448800115e-05
1.1448614175e-05
1.1448428235e-05
1.1448242315e-05
1.1448056375e-05
1.1447870435e-05
1.1447684495e-05
1.1447498555e-05
1.1447312635e-05
1.1447126695e-05
1.1446940755e-05
1.1446754816e-05
1.1446568896e-05
1.1446382956e-05
1.1446197016e-05
1.1446011076e-05
1.1445825136e-05
1.1445639216e-05
1.1445453276e-05
1.1445267336e-05
1.1445081396e-05
1.1444895456e-05
1.1444709536e-05
1.1444523596e-05
1.1444337656e-05
1.1444151716e-05
1.1443965796e-05
1.1443779856e-05
1.1443593916e-05
1.1443407976e-05
1.1443222036e-05
1.1443036116e-05
1.1442850176e-05
1.1442664236e-05
1.1442478296e-05
1.1442292376e-05
1.1442106436e-05
1.1441920496e-05
1.1441734556e-05
1.1441548616e-05
1.1441362696e-05
1.1441176756e-05
1.1440990816e-05
1.1440804876e-05
1.1440618956e-05
1.1440433016e-05
1.1440247076e-05
1.1440061136e-05
1.1439875196e-05
1.1439689276e-05
1.1439503336e-05
1.1439317396e-05
1.1439131456e-05
1.1438945516e-05
1.1438759596e-05
1.1438573656e-05
1.1438387716e-05
1.1438201776e-05
1.1438015856e-05
1.1437829916e-05
1.1437643976e-05
1.1437458036e-05
1.1437272096e-05
1.1437086176e-05
1.1436900236e-05
1.1436714296e-05
1.1436528356e-05
1.1436342436e-05
1.1436156496e-05
1.1435970556e-05
1.1435784616e-05
1.1435598676e-05
1.1435412756e-05
1.1435226816e-05
1.1435040876e-05
1.1434854936e-05
1.1434668996e-05
1.1434483076e-05
1.1434297136e-05
1.1434111196e-05
1.1433925256e-05
1.1433739336e-05
1.1433553396e-05
1.1433367456e-05
1.1433181516e-05
1.1432995576e-05
1.1432809656e-05
1.1432623716e-05
1.1432437776e-05
1.1432251836e-05
1.1432065916e-05
1.1431879976e-05
1.1431694036e-05
1.1431508096e-05
1.1431322156e-05
1.1431136236e-05
1.1430950296e-05
1.1430764356e-05
1.1430578416e-05
1.1430392496e-05
1.1430206556e-05
1.1430020616e-05
1.1429834676e-05
1.1429648736e-05
1.1429462816e-05
1.1429276876e-05
1.1429090936e-05
1.1428904996e-05
1.1428719056e-05
1.1428533136e-05
1.1428347196e-05
1.1428161256e-05
1.1427975316e-05
1.1427789396e-05
1.1427603456e-05
1.1427417516e-05
1.1427231576e-05
1.1427045636e-05
1.1426859716e-05
1.1426673776e-05
1.1426487836e-05
1.1426301896e-05
1.1426115976e-05
1.1425930036e-05
1.1425744096e-05
1.1425558156e-05
1.1425372216e-05
1.1425186296e-05
1.1425000356e-05
1.1424814416e-05
1.1424628476e-05
1.1424442536e-05
1.1424256616e-05
1.1424070676e-05
1.1423884736e-05
1.1423698796e-05
1.1423512876e-05
1.1423326936e-05
1.1423140996e-05
1.1422955056e-05
1.1422769116e-05
1.1422583196e-05
1.1422397256e-05
1.1422211316e-05
1.1422025376e-05
1.1421839456e-05
1.1421653516e-05
1.1421467576e-05
1.1421281636e-05
1.1421095696e-05
1.1420909776e-05
1.1420723836e-05
1.1420537896e-05
1.1420351956e-05
1.1420166036e-05
1.1419980096e-05
1.1419794156e-05
1.1419608216e-05
1.1419422276e-05
1.1419236356e-05
1.1419050416e-05
1.1418864476e-05
1.1418678536e-05
1.1418492596e-05
1.1418306676e-05
1.1418120736e-05
1.1417934796e-05
1.1417748856e-05
1.1417562936e-05
1.1417376996e-05
1.1417191056e-05
1.1417005116e-05
1.1416819176e-05
1.1416633256e-05
1.1416447316e-05
1.1416261376e-05
1.1416075436e-05
1.1415889516e-05
1.1415703576e-05
1.1415517636e-05
1.1415331696e-05
1.1415145756e-05
1.1414959836e-05
1.1414773896e-05
1.1414587956e-05
1.1414402016e-05
1.1414216076e-05
1.1414030156e-05
1.1413844216e-05
1.1413658276e-05
1.1413472336e-05
1.1413286416e-05
1.1413100476e-05
1.1412914536e-05
1.1412728596e-05
1.1412542656e-05
1.1412356736e-05
1.1412170796e-05
1.1411984856e-05
1.1411798916e-05
1.1411612996e-05
1.1411427056e-05
1.1411241116e-05
1.1411055176e-05
1.1410869236e-05
1.1410683316e-05
1.1410497376e-05
1.1410311436e-05
1.1410125496e-05
1.1409939576e-05
1.1409753636e-05
1.1409567696e-05
1.1409381756e-05
1.1409195816e-05
1.1409009896e-05
1.1408823956e-05
1.1408638016e-05
1.1408452076e-05
1.1408266136e-05
1.1408080216e-05
1.1407894276e-05
1.1407708336e-05
1.1407522396e-05
1.1407336476e-05
1.1407150536e-05
1.1406964596e-05
1.1406778656e-05
1.1406592716e-05
1.1406406796e-05
1.1406220856e-05
1.1406034916e-05
1.1405848976e-05
1.1405663056e-05
1.1405477116e-05
1.1405291176e-05
1.1405105236e-05
1.1404919296e-05
1.1404733376e-05
1.1404547436e-05
1.1404361496e-05
1.1404175556e-05
1.1403989616e-05
1.1403803696e-05
1.1403617756e-05
1.1403431816e-05
1.1403245876e-05
1.1403059956e-05
1.1402874016e-05
1.1402688076e-05
1.1402502136e-05
1.1402316196e-05
1.1402130276e-05
1.1401944336e-05
1.1401758396e-05
1.1401572456e-05
1.1401386536e-05
1.1401200596e-05
1.1401014656e-05
1.1400828716e-05
1.1400642776e-05
1.1400456856e-05
1.1400270916e-05
1.1400084976e-05
1.1399899036e-05
1.1399713116e-05
1.1399527176e-05
1.1399341236e-05
1.1399155296e-05
1.1398969356e-05
1.1398783436e-05
1.1398597496e-05
1.1398411556e-05
1.1398225616e-05
1.1398039676e-05
1.1397853756e-05
1.1397667816e-05
1.1397481876e-05
1.1397295936e-05
1.1397110016e-05
1.1396924076e-05
1.1396738136e-05
1.1396552196e-05
1.1396366256e-05
1.1396180336e-05
1.1395994396e-05
1.1395808456e-05
1.1395622516e-05
1.1395436596e-05
1.1395250656e-05
1.1395064716e-05
1.1394878776e-05
1.1394692836e-05
1.1394506916e-05
1.1394320976e-05
1.1394135036e-05
1.1393949096e-05
1.1393763156e-05
1.1393577236e-05
1.1393391296e-05
1.1393205356e-05
1.1393019416e-05
1.1392833496e-05
1.1392647556e-05
1.1392461616e-05
1.1392275676e-05
1.1392089736e-05
1.1391903816e-05
1.1391717876e-05
1.1391531936e-05
1.1391345996e-05
1.1391160076e-05
1.1390974136e-05
1.1390788196e-05
1.1390602256e-05
1.1390416316e-05
1.1390230396e-05
1.1390044456e-05
1.1389858516e-05
1.1389672576e-05
1.1389486636e-05
1.1389300716e-05
1.1389114776e-05
1.1388928836e-05
1.1388742896e-05
1.1388556976e-05
1.1388371036e-05
1.1388185096e-05
1.1387999156e-05
1.1387813216e-05
1.1387627296e-05
1.1387441356e-05
1.1387255416e-05
1.1387069476e-05
1.1386883556e-05
1.1386697616e-05
1.1386511676e-05
1.1386325736e-05
1.1386139796e-05
1.1385953876e-05
1.1385767936e-05
1.1385581996e-05
1.1385396056e-05
1.1385210136e-05
1.1385024196e-05
1.1384838256e-05
1.1384652316e-05
1.1384466376e-05
1.1384280456e-05
1.1384094516e-05
1.1383908576e-05
1.1383722636e-05
1.1383536696e-05
1.1383350776e-05
1.1383164836e-05
1.1382978896e-05
1.1382792956e-05
1.1382607036e-05
1.1382421096e-05
1.1382235156e-05
1.1382049216e-05
1.1381863276e-05
1.1381677356e-05
1.1381491416e-05
1.1381305476e-05
1.1381119536e-05
1.1380933616e-05
1.1380747676e-05
1.1380561736e-05
1.1380375796e-05
1.1380189856e-05
1.1380003936e-05
1.1379817996e-05
1.1379632056e-05
1.1379446116e-05
1.1379260176e-05
1.1379074256e-05
1.1378888316e-05
1.1378702376e-05
1.1378516436e-05
1.1378330516e-05
1.1378144576e-05
1.1377958636e-05
1.1377772696e-05
1.1377586756e-05
1.1377400836e-05
1.1377214896e-05
1.1377028956e-05
1.1376843016e-05
1.1376657096e-05
1.1376471156e-05
1.1376285216e-05
1.1376099276e-05
1.1375913336e-05
1.1375727416e-05
1.1375541476e-05
1.1375355536e-05
1.1375169596e-05
1.1374983676e-05
1.1374797736e-05
1.1374611796e-05
1.1374425856e-05
1.1374239916e-05
1.1374053996e-05
1.1373868056e-05
1.1373682116e-05
1.1373496176e-05
1.1373310236e-05
1.1373124316e-05
1.1372938376e-05
1.1372752436e-05
1.1372566496e-05
1.1372380576e-05
1.1372194636e-05
1.1372008696e-05
1.1371822756e-05
1.1371636816e-05
1.1371450896e-05
1.1371264956e-05
1.1371079016e-05
1.1370893076e-05
1.1370707156e-05
1.1370521216e-05
1.1370335276e-05
1.1370149336e-05
1.1369963396e-05
1.1369777476e-05
1.1369591536e-05
1.1369405596e-05
1.1369219656e-05
1.1369033716e-05
1.1368847796e-05
1.1368661856e-05
1.1368475916e-05
1.1368289976e-05
1.1368104056e-05
1.1367918116e-05
1.1367732176e-05
1.1367546236e-05
1.1367360296e-05
1.1367174376e-05
1.1366988436e-05
1.1366802496e-05
1.1366616556e-05
1.1366430636e-05
1.1366244696e-05
1.1366058756e-05
1.1365872816e-05
1.1365686876e-05
1.1365500956e-05
1.1365315016e-05
1.1365129076e-05
1.1364943136e-05
1.1364757216e-05
1.1364571276e-05
1.1364385336e-05
1.1364199396e-05
1.1364013456e-05
1.1363827536e-05
1.1363641596e-05
1.1363455656e-05
1.1363269716e-05
1.1363083776e-05
1.1362897856e-05
1.1362711916e-05
1.1362525976e-05
1.1362340036e-05
1.1362154116e-05
1.1361968176e-05
1.1361782236e-05
1.1361596296e-05
1.1361410356e-05
1.1361224436e-05
1.1361038496e-05
1.1360852556e-05
1.1360666616e-05
1.1360480696e-05
1.1360294756e-05
1.1360108816e-05
1.1359922876e-05
1.1359736936e-05
1.1359551016e-05
1.1359365076e-05
1.1359179136e-05
1.1358993196e-05
1.1358807256e-05
1.1358621336e-05
1.1358435396e-05
1.1358249456e-05
1.1358063516e-05
1.1357877596e-05
1.1357691656e-05
1.1357505716e-05
1.1357319776e-05
1.1357133836e-05
1.1356947916e-05
1.1356761976e-05
1.1356576036e-05
1.1356390096e-05
1.1356204176e-05
1.1356018236e-05
1.1355832296e-05
1.1355646356e-05
1.1355460416e-05
1.1355274496e-05
1.1355088556e-05
1.1354902616e-05
1.1354716676e-05
1.1354530756e-05
1.1354344816e-05
1.1354158876e-05
1.1353972936e-05
1.1353786996e-05
1.1353601076e-05
1.1353415136e-05
1.1353229196e-05
1.1353043256e-05
1.1352857316e-05
1.1352671396e-05
1.1352485456e-05
1.1352299516e-05
1.1352113576e-05
1.1351927656e-05
1.1351741716e-05
1.1351555776e-05
1.1351369836e-05
1.1351183896e-05
1.1350997976e-05
1.1350812036e-05
1.1350626096e-05
1.1350440156e-05
1.1350254236e-05
1.1350068296e-05
1.1349882356e-05
1.1349696416e-05
1.1349510476e-05
1.1349324556e-05
1.1349138616e-05
1.1348952676e-05
1.1348766736e-05
1.1348580796e-05
1.1348394876e-05
1.1348208936e-05
1.1348022996e-05
1.1347837056e-05
1.1347651136e-05
1.1347465196e-05
1.1347279256e-05
1.1347093316e-05
1.1346907376e-05
1.1346721456e-05
1.1346535516e-05
1.1346349576e-05
1.1346163636e-05
1.1345977716e-05
1.1345791776e-05
1.1345605836e-05
1.1345419896e-05
1.1345233956e-05
1.1345048036e-05
1.1344862096e-05
1.1344676156e-05
1.1344490216e-05
1.1344304296e-05
1.1344118356e-05
1.1343932416e-05
1.1343746476e-05
1.1343560536e-05
1.1343374616e-05
1.1343188676e-05
1.1343002736e-05
1.1342816796e-05
1.1342630856e-05
1.1342444936e-05
1.1342258996e-05
1.1342073056e-05
1.1341887116e-05
1.1341701196e-05
1.1341515256e-05
1.1341329316e-05
1.1341143376e-05
1.1340957436e-05
1.1340771516e-05
1.1340585576e-05
1.1340399636e-05
1.1340213696e-05
1.1340027776e-05
1.1339841836e-05
1.1339655896e-05
1.1339469956e-05
1.1339284016e-05
1.1339098096e-05
1.1338912156e-05
1.1338726216e-05
1.1338540276e-05
1.1338354336e-05
1.1338168416e-05
1.1337982476e-05
1.1337796536e-05
1.1337610596e-05
1.1337424676e-05
1.1337238736e-05
1.1337052796e-05
1.1336866856e-05
1.1336680916e-05
1.1336494996e-05
1.1336309056e-05
1.1336123116e-05
1.1335937176e-05
1.1335751256e-05
1.1335565316e-05
1.1335379376e-05
1.1335193436e-05
1.1335007496e-05
1.1334821576e-05
1.1334635636e-05
1.1334449696e-05
1.1334263756e-05
1.1334077816e-05
1.1333891896e-05
1.1333705956e-05
1.1333520016e-05
1.1333334076e-05
1.1333148156e-05
1.1332962216e-05
1.1332776276e-05
1.1332590336e-05
1.1332404396e-05
1.1332218476e-05
1.1332032536e-05
1.1331846596e-05
1.1331660656e-05
1.1331474736e-05
1.1331288796e-05
1.1331102856e-05
1.1330916916e-05
1.1330730976e-05
1.1330545056e-05
1.1330359116e-05
1.1330173176e-05
1.1329987236e-05
1.1329801316e-05
1.1329615376e-05
1.1329429436e-05
1.1329243496e-05
1.1329057556e-05
1.1328871636e-05
1.1328685696e-05
1.1328499756e-05
1.1328313816e-05
1.1328127876e-05
1.1327941956e-05
1.1327756016e-05
1.1327570076e-05
1.1327384136e-05
1.1327198216e-05
1.1327012276e-05
1.1326826336e-05
1.1326640396e-05
1.1326454456e-05
1.1326268536e-05
1.1326082596e-05
1.1325896656e-05
1.1325710716e-05
1.1325524796e-05
1.1325338856e-05
1.1325152916e-05
1.1324966976e-05
1.1324781036e-05
1.1324595116e-05
1.1324409176e-05
1.1324223236e-05
1.1324037296e-05
1.1323851356e-05
1.1323665436e-05
1.1323479496e-05
1.1323293556e-05
1.1323107616e-05
1.1322921696e-05
1.1322735756e-05
1.1322549816e-05
1.1322363876e-05
1.1322177936e-05
1.1321992016e-05
1.1321806076e-05
1.1321620136e-05
1.1321434196e-05
1.1321248276e-05
1.1321062336e-05
1.1320876396e-05
1.1320690456e-05
1.1320504516e-05
1.1320318596e-05
1.1320132656e-05
1.1319946716e-05
1.1319760776e-05
1.1319574856e-05
1.1319388916e-05
1.1319202976e-05
1.1319017036e-05
1.1318831096e-05
1.1318645176e-05
1.1318459236e-05
1.1318273296e-05
1.1318087356e-05
1.1317901416e-05
1.1317715496e-05
1.1317529556e-05
1.1317343616e-05
1.1317157676e-05
1.1316971756e-05
1.1316785816e-05
1.1316599876e-05
1.1316413936e-05
1.1316227996e-05
1.1316042076e-05
1.1315856136e-05
1.1315670196e-05
1.1315484256e-05
1.1315298336e-05
1.1315112396e-05
1.1314926456e-05
1.1314740516e-05
1.1314554576e-05
1.1314368656e-05
1.1314182716e-05
1.1313996776e-05
1.1313810836e-05
1.1313624896e-05
1.1313438976e-05
1.1313253036e-05
1.1313067096e-05
1.1312881156e-05
1.1312695236e-05
1.1312509296e-05
1.1312323356e-05
1.1312137416e-05
1.1311951476e-05
1.1311765556e-05
1.1311579616e-05
1.1311393676e-05
1.1311207736e-05
1.1311021816e-05
1.1310835876e-05
1.1310649936e-05
1.1310463996e-05
1.1310278056e-05
1.1310092136e-05
1.1309906196e-05
1.1309720256e-05
1.1309534316e-05
1.1309348396e-05
1.1309162456e-05
1.1308976516e-05
1.1308790576e-05
1.1308604636e-05
1.1308418716e-05
1.1308232776e-05
1.1308046836e-05
1.1307860896e-05
1.1307674956e-05
1.1307489036e-05
1.1307303096e-05
1.1307117156e-05
1.1306931216e-05
1.1306745296e-05
1.1306559356e-05
1.1306373416e-05
1.1306187476e-05
1.1306001536e-05
1.1305815616e-05
1.1305629676e-05
1.1305443736e-05
1.1305257796e-05
1.1305071876e-05
1.1304885936e-05
1.1304699996e-05
1.1304514056e-05
1.1304328116e-05
1.1304142196e-05
1.1303956256e-05
1.1303770316e-05
1.1303584376e-05
1.1303398436e-05
1.1303212516e-05
1.1303026576e-05
1.1302840636e-05
1.1302654696e-05
1.1302468776e-05
1.1302282836e-05
1.1302096896e-05
1.1301910956e-05
1.1301725016e-05
1.1301539096e-05
1.1301353156e-05
1.1301167216e-05
1.1300981276e-05
1.1300795356e-05
1.1300609416e-05
1.1300423476e-05
1.1300237536e-05
1.1300051596e-05
1.1299865676e-05
1.1299679736e-05
1.1299493796e-05
1.1299307856e-05
1.1299121936e-05
1.1298935996e-05
1.1298750056e-05
1.1298564116e-05
1.1298378176e-05
1.1298192256e-05
1.1298006316e-05
1.1297820376e-05
1.1297634436e-05
1.1297448496e-05
1.1297262576e-05
1.1297076636e-05
1.1296890696e-05
1.1296704756e-05
1.1296518836e-05
1.1296332896e-05
1.1296146956e-05
1.1295961016e-05
1.1295775076e-05
1.1295589156e-05
1.1295403216e-05
1.1295217276e-05
1.1295031336e-05
1.1294845416e-05
1.1294659476e-05
1.1294473536e-05
1.1294287596e-05
1.1294101656e-05
1.1293915736e-05
1.1293729796e-05
1.1293543856e-05
1.1293357916e-05
1.1293171976e-05
1.1292986056e-05
1.1292800116e-05
1.1292614176e-05
1.1292428236e-05
1.1292242316e-05
1.1292056376e-05
1.1291870436e-05
1.1291684496e-05
1.1291498556e-05
1.1291312636e-05
1.1291126696e-05
1.1290940756e-05
1.1290754816e-05
1.1290568896e-05
1.1290382956e-05
1.1290197016e-05
1.1290011076e-05
1.1289825136e-05
1.1289639216e-05
1.1289453276e-05
1.1289267336e-05
1.1289081396e-05
1.1288895456e-05
1.1288709536e-05
1.1288523596e-05
1.1288337656e-05
1.1288151716e-05
1.1287965796e-05
1.1287779856e-05
1.1287593916e-05
1.1287407976e-05
1.1287222036e-05
1.1287036116e-05
1.1286850176e-05
1.1286664236e-05
1.1286478296e-05
1.1286292376e-05
1.1286106436e-05
1.1285920496e-05
1.1285734556e-05
1.1285548616e-05
1.1285362696e-05
1.1285176756e-05
1.1284990816e-05
1.1284804876e-05
1.1284618956e-05
1.1284433016e-05
1.1284247076e-05
1.1284061136e-05
1.1283875196e-05
1.1283689276e-05
1.1283503336e-05
1.1283317396e-05
1.1283131456e-05
1.1282945516e-05
1.1282759596e-05
1.1282573656e-05
1.1282387716e-05
1.1282201777e-05
1.1282015857e-05
1.1281829917e-05
1.1281643977e-05
1.1281458037e-05
1.1281272097e-05
1.1281086177e-05
1.1280900237e-05
1.1280714297e-05
1.1280528357e-05
1.1280342437e-05
1.1280156497e-05
1.1279970557e-05
1.1279784617e-05
1.1279598677e-05
1.1279412757e-05
1.1279226817e-05
1.1279040877e-05
1.1278854937e-05
1.1278668997e-05
1.1278483077e-05
1.1278297137e-05
1.1278111197e-05
1.1277925257e-05
1.1277739337e-05
1.1277553397e-05
1.1277367457e-05
1.1277181517e-05
1.1276995577e-05
1.1276809657e-05
1.1276623717e-05
1.1276437777e-05
1.1276251837e-05
1.1276065917e-05
1.1275879977e-05
1.1275694037e-05
1.1275508097e-05
1.1275322157e-05
1.1275136237e-05
1.1274950297e-05
1.1274764357e-05
1.1274578417e-05
1.1274392497e-05
1.1274206557e-05
1.1274020617e-05
1.1273834677e-05
1.1273648737e-05
1.1273462817e-05
1.1273276877e-05
1.1273090937e-05
1.1272904997e-05
1.1272719057e-05
1.1272533137e-05
1.1272347197e-05
1.1272161257e-05
1.1271975317e-05
1.1271789397e-05
1.1271603457e-05
1.1271417517e-05
1.1271231577e-05
1.1271045637e-05
1.1270859717e-05
1.1270673777e-05
1.1270487837e-05
1.1270301897e-05
1.1270115977e-05
1.1269930037e-05
1.1269744097e-05
1.1269558157e-05
1.1269372217e-05
1.1269186297e-05
1.1269000357e-05
1.1268814417e-05
1.1268628477e-05
1.1268442537e-05
1.1268256617e-05
1.1268070677e-05
1.1267884737e-05
1.1267698797e-05
1.1267512877e-05
1.1267326937e-05
1.1267140997e-05
1.1266955057e-05
1.1266769117e-05
1.1266583197e-05
1.1266397257e-05
1.1266211317e-05
1.1266025377e-05
1.1265839457e-05
1.1265653517e-05
1.1265467577e-05
1.1265281637e-05
1.1265095697e-05
1.1264909777e-05
1.1264723837e-05
1.1264537897e-05
1.1264351957e-05
1.1264166037e-05
1.1263980097e-05
1.1263794157e-05
1.1263608217e-05
1.1263422277e-05
1.1263236357e-05
1.1263050417e-05
1.1262864477e-05
1.1262678537e-05
1.1262492597e-05
1.1262306677e-05
1.1262120737e-05
1.1261934797e-05
1.1261748857e-05
1.1261562937e-05
1.1261376997e-05
1.1261191057e-05
1.1261005117e-05
1.1260819177e-05
1.1260633257e-05
1.1260447317e-05
1.1260261377e-05
1.1260075437e-05
1.1259889517e-05
1.1259703577e-05
1.1259517637e-05
1.1259331697e-05
1.1259145757e-05
1.1258959837e-05
1.1258773897e-05
1.1258587957e-05
1.1258402017e-05
1.1258216077e-05
1.1258030157e-05
1.1257844217e-05
1.1257658277e-05
1.1257472337e-05
1.1257286417e-05
1.1257100477e-05
1.1256914537e-05
1.1256728597e-05
1.1256542657e-05
1.1256356737e-05
1.1256170797e-05
1.1255984857e-05
1.1255798917e-05
1.1255612997e-05
1.1255427057e-05
1.1255241117e-05
1.1255055177e-05
1.1254869237e-05
1.1254683317e-05
1.1254497377e-05
1.1254311437e-05
1.1254125497e-05
1.1253939577e-05
1.1253753637e-05
1.1253567697e-05
1.1253381757e-05
1.1253195817e-05
1.1253009897e-05
1.1252823957e-05
1.1252638017e-05
1.1252452077e-05
1.1252266137e-05
1.1252080217e-05
1.1251894277e-05
1.1251708337e-05
1.1251522397e-05
1.1251336477e-05
1.1251150537e-05
1.1250964597e-05
1.1250778657e-05
1.1250592717e-05
1.1250406797e-05
1.1250220857e-05
1.1250034917e-05
1.1249848977e-05
1.1249663057e-05
1.1249477117e-05
1.1249291177e-05
1.1249105237e-05
1.1248919297e-05
1.1248733377e-05
1.1248547437e-05
1.1248361497e-05
1.1248175557e-05
1.1247989617e-05
1.1247803697e-05
1.1247617757e-05
1.1247431817e-05
1.1247245877e-05
1.1247059957e-05
1.1246874017e-05
1.1246688077e-05
1.1246502137e-05
1.1246316197e-05
1.1246130277e-05
1.1245944337e-05
1.1245758397e-05
1.1245572457e-05
1.1245386537e-05
1.1245200597e-05
1.1245014657e-05
1.1244828717e-05
1.1244642777e-05
1.1244456857e-05
1.1244270917e-05
1.1244084977e-05
1.1243899037e-05
1.1243713117e-05
1.1243527177e-05
1.1243341237e-05
1.1243155297e-05
1.1242969357e-05
1.1242783437e-05
1.1242597497e-05
1.1242411557e-05
1.1242225617e-05
1.1242039677e-05
1.1241853757e-05
1.1241667817e-05
1.1241481877e-05
1.1241295937e-05
1.1241110017e-05
1.1240924077e-05
1.1240738137e-05
1.1240552197e-05
1.1240366257e-05
1.1240180337e-05
1.1239994397e-05
1.1239808457e-05
1.1239622517e-05
1.1239436597e-05
1.1239250657e-05
1.1239064717e-05
1.1238878777e-05
1.1238692837e-05
1.1238506917e-05
1.1238320977e-05
1.1238135037e-05
1.1237949097e-05
1.1237763157e-05
1.1237577237e-05
1.1237391297e-05
1.1237205357e-05
1.1237019417e-05
1.1236833497e-05
1.1236647557e-05
1.1236461617e-05
1.1236275677e-05
1.1236089737e-05
1.1235903817e-05
1.1235717877e-05
1.1235531937e-05
1.1235345997e-05
1.1235160077e-05
1.1234974137e-05
1.1234788197e-05
1.1234602257e-05
1.1234416317e-05
1.1234230397e-05
1.1234044457e-05
1.1233858517e-05
1.1233672577e-05
1.1233486637e-05
1.1233300717e-05
1.1233114777e-05
1.1232928837e-05
1.1232742897e-05
1.1232556977e-05
1.1232371037e-05
1.1232185097e-05
1.1231999157e-05
1.1231813217e-05
1.1231627297e-05
1.1231441357e-05
1.1231255417e-05
1.1231069477e-05
1.1230883557e-05
1.1230697617e-05
1.1230511677e-05
1.1230325737e-05
1.1230139797e-05
1.1229953877e-05
1.1229767937e-05
1.1229581997e-05
1.1229396057e-05
1.1229210137e-05
1.1229024197e-05
1.1228838257e-05
1.1228652317e-05
1.1228466377e-05
1.1228280457e-05
1.1228094517e-05
1.1227908577e-05
1.1227722637e-05
1.1227536697e-05
1.1227350777e-05
1.1227164837e-05
1.1226978897e-05
1.1226792957e-05
1.1226607037e-05
1.1226421097e-05
1.1226235157e-05
1.1226049217e-05
1.1225863277e-05
1.1225677357e-05
1.1225491417e-05
1.1225305477e-05
1.1225119537e-05
1.1224933617e-05
1.1224747677e-05
1.1224561737e-05
1.1224375797e-05
1.1224189857e-05
1.1224003937e-05
1.1223817997e-05
1.1223632057e-05
1.1223446117e-05
1.1223260177e-05
1.1223074257e-05
1.1222888317e-05
1.1222702377e-05
1.1222516437e-05
1.1222330517e-05
1.1222144577e-05
1.1221958637e-05
1.1221772697e-05
1.1221586757e-05
1.1221400837e-05
1.1221214897e-05
1.1221028957e-05
1.1220843017e-05
1.1220657097e-05
1.1220471157e-05
1.1220285217e-05
1.1220099277e-05
1.1219913337e-05
1.1219727417e-05
1.1219541477e-05
1.1219355537e-05
1.1219169597e-05
1.1218983677e-05
1.1218797737e-05
1.1218611797e-05
1.1218425857e-05
1.1218239917e-05
1.1218053997e-05
1.1217868057e-05
1.1217682117e-05
1.1217496177e-05
1.1217310237e-05
1.1217124317e-05
1.1216938377e-05
1.1216752437e-05
1.1216566497e-05
1.1216380577e-05
1.1216194637e-05
1.1216008697e-05
1.1215822757e-05
1.1215636817e-05
1.1215450897e-05
1.1215264957e-05
1.1215079017e-05
1.1214893077e-05
1.1214707157e-05
1.1214521217e-05
1.1214335277e-05
1.1214149337e-05
1.1213963397e-05
1.1213777477e-05
1.1213591537e-05
1.1213405597e-05
1.1213219657e-05
1.1213033717e-05
1.1212847797e-05
1.1212661857e-05
1.1212475917e-05
1.1212289977e-05
1.1212104057e-05
1.1211918117e-05
1.1211732177e-05
1.1211546237e-05
1.1211360297e-05
1.1211174377e-05
1.1210988437e-05
1.1210802497e-05
1.1210616557e-05
1.1210430637e-05
1.1210244697e-05
1.1210058757e-05
1.1209872817e-05
1.1209686877e-05
1.1209500957e-05
1.1209315017e-05
1.1209129077e-05
1.1208943137e-05
1.1208757217e-05
1.1208571277e-05
1.1208385337e-05
1.1208199397e-05
1.1208013457e-05
1.1207827537e-05
1.1207641597e-05
1.1207455657e-05
1.1207269717e-05
1.1207083777e-05
1.1206897857e-05
1.1206711917e-05
1.1206525977e-05
1.1206340037e-05
1.1206154117e-05
1.1205968177e-05
1.1205782237e-05
1.1205596297e-05
1.1205410357e-05
1.1205224437e-05
1.1205038497e-05
1.1204852557e-05
1.1204666617e-05
1.1204480697e-05
1.1204294757e-05
1.1204108817e-05
1.1203922877e-05
1.1203736937e-05
1.1203551017e-05
1.1203365077e-05
1.1203179137e-05
1.1202993197e-05
1.1202807257e-05
1.1202621337e-05
1.1202435397e-05
1.1202249457e-05
1.1202063517e-05
1.1201877597e-05
1.1201691657e-05
1.1201505717e-05
1.1201319777e-05
1.1201133837e-05
1.1200947917e-05
1.1200761977e-05
1.1200576037e-05
1.1200390097e-05
1.1200204177e-05
1.1200018237e-05
1.1199832297e-05
1.1199646357e-05
1.1199460417e-05
1.1199274497e-05
1.1199088557e-05
1.1198902617e-05
1.1198716677e-05
1.1198530757e-05
1.1198344817e-05
1.1198158877e-05
1.1197972937e-05
1.1197786997e-05
1.1197601077e-05
1.1197415137e-05
1.1197229197e-05
1.1197043257e-05
1.1196857317e-05
1.1196671397e-05
1.1196485457e-05
1.1196299517e-05
1.1196113577e-05
1.1195927657e-05
1.1195741717e-05
1.1195555777e-05
1.1195369837e-05
1.1195183897e-05
1.1194997977e-05
1.1194812037e-05
1.1194626097e-05
1.1194440157e-05
1.1194254237e-05
1.1194068297e-05
1.1193882357e-05
1.1193696417e-05
1.1193510477e-05
1.1193324557e-05
1.1193138617e-05
1.1192952677e-05
1.1192766737e-05
1.1192580797e-05
1.1192394877e-05
1.1192208937e-05
1.1192022997e-05
1.1191837057e-05
1.1191651137e-05
1.1191465197e-05
1.1191279257e-05
1.1191093317e-05
1.1190907377e-05
1.1190721457e-05
1.1190535517e-05
1.1190349577e-05
1.1190163637e-05
1.1189977717e-05
1.1189791777e-05
1.1189605837e-05
1.1189419897e-05
1.1189233957e-05
1.1189048037e-05
1.1188862097e-05
1.1188676157e-05
1.1188490217e-05
1.1188304297e-05
1.1188118357e-05
1.1187932417e-05
1.1187746477e-05
1.1187560537e-05
1.1187374617e-05
1.1187188677e-05
1.1187002737e-05
1.1186816797e-05
1.1186630857e-05
1.1186444937e-05
1.1186258997e-05
1.1186073057e-05
1.1185887117e-05
1.1185701197e-05
1.1185515257e-05
1.1185329317e-05
1.1185143377e-05
1.1184957437e-05
1.1184771517e-05
1.1184585577e-05
1.1184399637e-05
1.1184213697e-05
1.1184027777e-05
1.1183841837e-05
1.1183655897e-05
1.1183469957e-05
1.1183284017e-05
1.1183098097e-05
1.1182912157e-05
1.1182726217e-05
1.1182540277e-05
1.1182354337e-05
1.1182168417e-05
1.1181982477e-05
1.1181796537e-05
1.1181610597e-05
1.1181424677e-05
1.1181238737e-05
1.1181052797e-05
1.1180866857e-05
1.1180680917e-05
1.1180494997e-05
1.1180309057e-05
1.1180123117e-05
1.1179937177e-05
1.1179751257e-05
1.1179565317e-05
1.1179379377e-05
1.1179193437e-05
1.1179007497e-05
1.1178821577e-05
1.1178635637e-05
1.1178449697e-05
1.1178263757e-05
1.1178077817e-05
1.1177891897e-05
1.1177705957e-05
1.1177520017e-05
1.1177334077e-05
1.1177148157e-05
1.1176962217e-05
1.1176776277e-05
1.1176590337e-05
1.1176404397e-05
1.1176218477e-05
1.1176032537e-05
1.1175846597e-05
1.1175660657e-05
1.1175474737e-05
1.1175288797e-05
1.1175102857e-05
1.1174916917e-05
1.1174730977e-05
1.1174545057e-05
1.1174359117e-05
1.1174173177e-05
1.1173987237e-05
1.1173801317e-05
1.1173615377e-05
1.1173429437e-05
1.1173243497e-05
1.1173057557e-05
1.1172871637e-05
1.1172685697e-05
1.1172499757e-05
1.1172313817e-05
1.1172127877e-05
1.1171941957e-05
1.1171756017e-05
1.1171570077e-05
1.1171384137e-05
1.1171198217e-05
1.1171012277e-05
1.1170826337e-05
1.1170640397e-05
1.1170454457e-05
1.1170268537e-05
1.1170082597e-05
1.1169896657e-05
1.1169710717e-05
1.1169524797e-05
1.1169338857e-05
1.1169152917e-05
1.1168966977e-05
1.1168781037e-05
1.1168595117e-05
1.1168409177e-05
1.1168223237e-05
1.1168037297e-05
1.1167851357e-05
1.1167665437e-05
1.1167479497e-05
1.1167293557e-05
1.1167107617e-05
1.1166921697e-05
1.1166735757e-05
1.1166549817e-05
1.1166363877e-05
1.1166177937e-05
1.1165992017e-05
1.1165806077e-05
1.1165620137e-05
1.1165434197e-05
1.1165248277e-05
1.1165062337e-05
1.1164876397e-05
1.1164690457e-05
1.1164504517e-05
1.1164318597e-05
1.1164132657e-05
1.1163946717e-05
1.1163760777e-05
1.1163574857e-05
1.1163388917e-05
1.1163202977e-05
1.1163017037e-05
1.1162831097e-05
1.1162645177e-05
1.1162459237e-05
1.1162273297e-05
1.1162087357e-05
1.1161901417e-05
1.1161715497e-05
1.1161529557e-05
1.1161343617e-05
1.1161157677e-05
1.1160971757e-05
1.1160785817e-05
1.1160599877e-05
1.1160413937e-05
1.1160227997e-05
1.1160042077e-05
1.1159856137e-05
1.1159670197e-05
1.1159484257e-05
1.1159298337e-05
1.1159112397e-05
1.1158926457e-05
1.1158740517e-05
1.1158554577e-05
1.1158368657e-05
1.1158182717e-05
1.1157996777e-05
1.1157810837e-05
1.1157624897e-05
1.1157438977e-05
1.1157253037e-05
1.1157067097e-05
1.1156881157e-05
1.1156695237e-05
1.1156509297e-05
1.1156323357e-05
1.1156137417e-05
1.1155951477e-05
1.1155765557e-05
1.1155579617e-05
1.1155393677e-05
1.1155207737e-05
1.1155021817e-05
1.1154835877e-05
1.1154649937e-05
1.1154463997e-05
1.1154278057e-05
1.1154092137e-05
1.1153906197e-05
1.1153720257e-05
1.1153534317e-05
1.1153348397e-05
1.1153162457e-05
1.1152976517e-05
1.1152790577e-05
1.1152604637e-05
1.1152418717e-05
1.1152232777e-05
1.1152046837e-05
1.1151860897e-05
1.1151674957e-05
1.1151489037e-05
1.1151303097e-05
1.1151117157e-05
1.1150931217e-05
1.1150745297e-05
1.1150559357e-05
1.1150373417e-05
1.1150187477e-05
1.1150001537e-05
1.1149815617e-05
1.1149629677e-05
1.1149443737e-05
1.1149257797e-05
1.1149071877e-05
1.1148885937e-05
1.1148699997e-05
1.1148514057e-05
1.1148328117e-05
1.1148142197e-05
1.1147956257e-05
1.1147770317e-05
1.1147584377e-05
1.1147398437e-05
1.1147212517e-05
1.1147026577e-05
1.1146840637e-05
1.1146654697e-05
1.1146468777e-05
1.1146282837e-05
1.1146096897e-05
1.1145910957e-05
1.1145725017e-05
1.1145539097e-05
1.1145353157e-05
1.1145167217e-05
1.1144981277e-05
1.1144795357e-05
1.1144609417e-05
1.1144423477e-05
1.1144237537e-05
1.1144051597e-05
1.1143865677e-05
1.1143679737e-05
1.1143493797e-05
1.1143307857e-05
1.1143121937e-05
1.1142935997e-05
1.1142750057e-05
1.1142564117e-05
1.1142378177e-05
1.1142192257e-05
1.1142006317e-05
1.1141820377e-05
1.1141634437e-05
1.1141448497e-05
1.1141262577e-05
1.1141076637e-05
1.1140890697e-05
1.1140704757e-05
1.1140518837e-05
1.1140332897e-05
1.1140146957e-05
1.1139961017e-05
1.1139775077e-05
1.1139589157e-05
1.1139403217e-05
1.1139217277e-05
1.1139031337e-05
1.1138845417e-05
1.1138659477e-05
1.1138473537e-05
1.1138287597e-05
1.1138101657e-05
1.1137915737e-05
1.1137729797e-05
1.1137543857e-05
1.1137357917e-05
1.1137171977e-05
1.1136986057e-05
1.1136800117e-05
1.1136614177e-05
1.1136428237e-05
1.1136242317e-05
1.1136056377e-05
1.1135870437e-05
1.1135684497e-05
1.1135498557e-05
1.1135312637e-05
1.1135126697e-05
1.1134940757e-05
1.1134754817e-05
1.1134568897e-05
1.1134382957e-05
1.1134197017e-05
1.1134011077e-05
1.1133825137e-05
1.1133639217e-05
1.1133453277e-05
1.1133267337e-05
1.1133081397e-05
1.1132895457e-05
1.1132709537e-05
1.1132523597e-05
1.1132337657e-05
1.1132151717e-05
1.1131965797e-05
1.1131779857e-05
1.1131593917e-05
1.1131407977e-05
1.1131222037e-05
1.1131036117e-05
1.1130850177e-05
1.1130664237e-05
1.1130478297e-05
1.1130292377e-05
1.1130106437e-05
1.1129920497e-05
1.1129734557e-05
1.1129548617e-05
1.1129362697e-05
1.1129176757e-05
1.1128990817e-05
1.1128804877e-05
1.1128618957e-05
1.1128433017e-05
1.1128247077e-05
1.1128061137e-05
1.1127875197e-05
1.1127689277e-05
1.1127503337e-05
1.1127317397e-05
1.1127131457e-05
1.1126945517e-05
1.1126759597e-05
1.1126573657e-05
1.1126387717e-05
1.1126201777e-05
1.1126015857e-05
1.1125829917e-05
1.1125643977e-05
1.1125458037e-05
1.1125272097e-05
1.1125086177e-05
1.1124900237e-05
1.1124714297e-05
1.1124528357e-05
1.1124342437e-05
1.1124156497e-05
1.1123970557e-05
1.1123784617e-05
1.1123598677e-05
1.1123412757e-05
1.1123226817e-05
1.1123040877e-05
1.1122854937e-05
1.1122668997e-05
1.1122483077e-05
1.1122297137e-05
1.1122111197e-05
1.1121925257e-05
1.1121739337e-05
1.1121553397e-05
1.1121367457e-05
1.1121181517e-05
1.1120995577e-05
1.1120809657e-05
1.1120623717e-05
1.1120437777e-05
1.1120251837e-05
1.1120065917e-05
1.1119879977e-05
1.1119694037e-05
1.1119508097e-05
1.1119322157e-05
1.1119136237e-05
1.1118950297e-05
1.1118764357e-05
1.1118578417e-05
1.1118392497e-05
1.1118206557e-05
1.1118020617e-05
1.1117834678e-05
1.1117648738e-05
1.1117462818e-05
1.1117276878e-05
1.1117090938e-05
1.1116904998e-05
1.1116719058e-05
1.1116533138e-05
1.1116347198e-05
1.1116161258e-05
1.1115975318e-05
1.1115789398e-05
1.1115603458e-05
1.1115417518e-05
1.1115231578e-05
1.1115045638e-05
1.1114859718e-05
1.1114673778e-05
1.1114487838e-05
1.1114301898e-05
1.1114115978e-05
1.1113930038e-05
1.1113744098e-05
1.1113558158e-05
1.1113372218e-05
1.1113186298e-05
1.1113000358e-05
1.1112814418e-05
1.1112628478e-05
1.1112442538e-05
1.1112256618e-05
1.1112070678e-05
1.1111884738e-05
1.1111698798e-05
1.1111512878e-05
1.1111326938e-05
1.1111140998e-05
1.1110955058e-05
1.1110769118e-05
1.1110583198e-05
1.1110397258e-05
1.1110211318e-05
1.1110025378e-05
1.1109839458e-05
1.1109653518e-05
1.1109467578e-05
1.1109281638e-05
1.1109095698e-05
1.1108909778e-05
1.1108723838e-05
1.1108537898e-05
1.1108351958e-05
1.1108166038e-05
1.1107980098e-05
1.1107794158e-05
1.1107608218e-05
1.1107422278e-05
1.1107236358e-05
1.1107050418e-05
1.1106864478e-05
1.1106678538e-05
1.1106492598e-05
1.1106306678e-05
1.1106120738e-05
1.1105934798e-05
1.1105748858e-05
1.1105562938e-05
1.1105376998e-05
1.1105191058e-05
1.1105005118e-05
1.1104819178e-05
1.1104633258e-05
1.1104447318e-05
1.1104261378e-05
1.1104075438e-05
1.1103889518e-05
1.1103703578e-05
1.1103517638e-05
1.1103331698e-05
1.1103145758e-05
1.1102959838e-05
1.1102773898e-05
1.1102587958e-05
1.1102402018e-05
1.1102216078e-05
1.1102030158e-05
1.1101844218e-05
1.1101658278e-05
1.1101472338e-05
1.1101286418e-05
1.1101100478e-05
1.1100914538e-05
1.1100728598e-05
1.1100542658e-05
1.1100356738e-05
1.1100170798e-05
1.1099984858e-05
1.1099798918e-05
1.1099612998e-05
1.1099427058e-05
1.1099241118e-05
1.1099055178e-05
1.1098869238e-05
1.1098683318e-05
1.1098497378e-05
1.1098311438e-05
1.1098125498e-05
1.1097939578e-05
1.1097753638e-05
1.1097567698e-05
1.1097381758e-05
1.1097195818e-05
1.1097009898e-05
1.1096823958e-05
1.1096638018e-05
1.1096452078e-05
1.1096266138e-05
1.1096080218e-05
1.1095894278e-05
1.1095708338e-05
1.1095522398e-05
1.1095336478e-05
1.1095150538e-05
1.1094964598e-05
1.1094778658e-05
1.1094592718e-05
1.1094406798e-05
1.1094220858e-05
1.1094034918e-05
1.1093848978e-05
1.1093663058e-05
1.1093477118e-05
1.1093291178e-05
1.1093105238e-05
1.1092919298e-05
1.1092733378e-05
1.1092547438e-05
1.1092361498e-05
1.1092175558e-05
1.1091989618e-05
1.1091803698e-05
1.1091617758e-05
1.1091431818e-05
1.1091245878e-05
1.1091059958e-05
1.1090874018e-05
1.1090688078e-05
1.1090502138e-05
1.1090316198e-05
1.1090130278e-05
1.1089944338e-05
1.1089758398e-05
1.1089572458e-05
1.1089386538e-05
1.1089200598e-05
1.1089014658e-05
1.1088828718e-05
1.1088642778e-05
1.1088456858e-05
1.1088270918e-05
1.1088084978e-05
1.1087899038e-05
1.1087713118e-05
1.1087527178e-05
1.1087341238e-05
1.1087155298e-05
1.1086969358e-05
1.1086783438e-05
1.1086597498e-05
1.1086411558e-05
1.1086225618e-05
1.1086039678e-05
1.1085853758e-05
1.1085667818e-05
1.1085481878e-05
1.1085295938e-05
1.1085110018e-05
1.1084924078e-05
1.1084738138e-05
1.1084552198e-05
1.1084366258e-05
1.1084180338e-05
1.1083994398e-05
1.1083808458e-05
1.1083622518e-05
1.1083436598e-05
1.1083250658e-05
1.1083064718e-05
1.1082878778e-05
1.1082692838e-05
1.1082506918e-05
1.1082320978e-05
1.1082135038e-05
1.1081949098e-05
1.1081763158e-05
1.1081577238e-05
1.1081391298e-05
1.1081205358e-05
1.1081019418e-05
1.1080833498e-05
1.1080647558e-05
1.1080461618e-05
1.1080275678e-05
1.1080089738e-05
1.1079903818e-05
1.1079717878e-05
1.1079531938e-05
1.1079345998e-05
1.1079160078e-05
1.1078974138e-05
1.1078788198e-05
1.1078602258e-05
1.1078416318e-05
1.1078230398e-05
1.1078044458e-05
1.1077858518e-05
1.1077672578e-05
1.1077486638e-05
1.1077300718e-05
1.1077114778e-05
1.1076928838e-05
1.1076742898e-05
1.1076556978e-05
1.1076371038e-05
1.1076185098e-05
1.1075999158e-05
1.1075813218e-05
1.1075627298e-05
1.1075441358e-05
1.1075255418e-05
1.1075069478e-05
1.1074883558e-05
1.1074697618e-05
1.1074511678e-05
1.1074325738e-05
1.1074139798e-05
1.1073953878e-05
1.1073767938e-05
1.1073581998e-05
1.1073396058e-05
1.1073210138e-05
1.1073024198e-05
1.1072838258e-05
1.1072652318e-05
1.1072466378e-05
1.1072280458e-05
1.1072094518e-05
1.1071908578e-05
1.1071722638e-05
1.1071536698e-05
1.1071350778e-05
1.1071164838e-05
1.1070978898e-05
1.1070792958e-05
1.1070607038e-05
1.1070421098e-05
1.1070235158e-05
1.1070049218e-05
1.1069863278e-05
1.1069677358e-05
1.1069491418e-05
1.1069305478e-05
1.1069119538e-05
1.1068933618e-05
1.1068747678e-05
1.1068561738e-05
1.1068375798e-05
1.1068189858e-05
1.1068003938e-05
1.1067817998e-05
1.1067632058e-05
1.1067446118e-05
1.1067260178e-05
1.1067074258e-05
1.1066888318e-05
1.1066702378e-05
1.1066516438e-05
1.1066330518e-05
1.1066144578e-05
1.1065958638e-05
1.1065772698e-05
1.1065586758e-05
1.1065400838e-05
1.1065214898e-05
1.1065028958e-05
1.1064843018e-05
1.1064657098e-05
1.1064471158e-05
1.1064285218e-05
1.1064099278e-05
1.1063913338e-05
1.1063727418e-05
1.1063541478e-05
1.1063355538e-05
1.1063169598e-05
1.1062983678e-05
1.1062797738e-05
1.1062611798e-05
1.1062425858e-05
1.1062239918e-05
1.1062053998e-05
1.1061868058e-05
1.1061682118e-05
1.1061496178e-05
1.1061310238e-05
1.1061124318e-05
1.1060938378e-05
1.1060752438e-05
1.1060566498e-05
1.1060380578e-05
1.1060194638e-05
1.1060008698e-05
1.1059822758e-05
1.1059636818e-05
1.1059450898e-05
1.1059264958e-05
1.1059079018e-05
1.1058893078e-05
1.1058707158e-05
1.1058521218e-05
1.1058335278e-05
1.1058149338e-05
1.1057963398e-05
1.1057777478e-05
1.1057591538e-05
1.1057405598e-05
1.1057219658e-05
1.1057033718e-05
1.1056847798e-05
1.1056661858e-05
1.1056475918e-05
1.1056289978e-05
1.1056104058e-05
1.1055918118e-05
1.1055732178e-05
1.1055546238e-05
1.1055360298e-05
1.1055174378e-05
1.1054988438e-05
1.1054802498e-05
1.1054616558e-05
1.1054430638e-05
1.1054244698e-05
1.1054058758e-05
1.1053872818e-05
1.1053686878e-05
1.1053500958e-05
1.1053315018e-05
1.1053129078e-05
1.1052943138e-05
1.1052757218e-05
1.1052571278e-05
1.1052385338e-05
1.1052199398e-05
1.1052013458e-05
1.1051827538e-05
1.1051641598e-05
1.1051455658e-05
1.1051269718e-05
1.1051083778e-05
1.1050897858e-05
1.1050711918e-05
1.1050525978e-05
1.1050340038e-05
1.1050154118e-05
1.1049968178e-05
1.1049782238e-05
1.1049596298e-05
1.1049410358e-05
1.1049224438e-05
1.1049038498e-05
1.1048852558e-05
1.1048666618e-05
1.1048480698e-05
1.1048294758e-05
1.1048108818e-05
1.1047922878e-05
1.1047736938e-05
1.1047551018e-05
1.1047365078e-05
1.1047179138e-05
1.1046993198e-05
1.1046807258e-05
1.1046621338e-05
1.1046435398e-05
1.1046249458e-05
1.1046063518e-05
1.1045877598e-05
1.1045691658e-05
1.1045505718e-05
1.1045319778e-05
1.1045133838e-05
1.1044947918e-05
1.1044761978e-05
1.1044576038e-05
1.1044390098e-05
1.1044204178e-05
1.1044018238e-05
1.1043832298e-05
1.1043646358e-05
1.1043460418e-05
1.1043274498e-05
1.1043088558e-05
1.1042902618e-05
1.1042716678e-05
1.1042530758e-05
1.1042344818e-05
1.1042158878e-05
1.1041972938e-05
1.1041786998e-05
1.1041601078e-05
1.1041415138e-05
1.1041229198e-05
1.1041043258e-05
1.1040857318e-05
1.1040671398e-05
1.1040485458e-05
1.1040299518e-05
1.1040113578e-05
1.1039927658e-05
1.1039741718e-05
1.1039555778e-05
1.1039369838e-05
1.1039183898e-05
1.1038997978e-05
1.1038812038e-05
1.1038626098e-05
1.1038440158e-05
1.1038254238e-05
1.1038068298e-05
1.1037882358e-05
1.1037696418e-05
1.1037510478e-05
1.1037324558e-05
1.1037138618e-05
1.1036952678e-05
1.1036766738e-05
1.1036580798e-05
1.1036394878e-05
1.1036208938e-05
1.1036022998e-05
1.1035837058e-05
1.1035651138e-05
1.1035465198e-05
1.1035279258e-05
1.1035093318e-05
1.1034907378e-05
1.1034721458e-05
1.1034535518e-05
1.1034349578e-05
1.1034163638e-05
1.1033977718e-05
1.1033791778e-05
1.1033605838e-05
1.1033419898e-05
1.1033233958e-05
1.1033048038e-05
1.1032862098e-05
1.1032676158e-05
1.1032490218e-05
1.1032304298e-05
1.1032118358e-05
1.1031932418e-05
1.1031746478e-05
1.1031560538e-05
1.1031374618e-05
1.1031188678e-05
1.1031002738e-05
1.1030816798e-05
1.1030630858e-05
1.1030444938e-05
1.1030258998e-05
1.1030073058e-05
1.1029887118e-05
1.1029701198e-05
1.1029515258e-05
1.1029329318e-05
1.1029143378e-05
1.1028957438e-05
1.1028771518e-05
1.1028585578e-05
1.1028399638e-05
1.1028213698e-05
1.1028027778e-05
1.1027841838e-05
1.1027655898e-05
1.1027469958e-05
1.1027284018e-05
1.1027098098e-05
1.1026912158e-05
1.1026726218e-05
1.1026540278e-05
1.1026354338e-05
1.1026168418e-05
1.1025982478e-05
1.1025796538e-05
1.1025610598e-05
1.1025424678e-05
1.1025238738e-05
1.1025052798e-05
1.1024866858e-05
1.1024680918e-05
1.1024494998e-05
1.1024309058e-05
1.1024123118e-05
1.1023937178e-05
1.1023751258e-05
1.1023565318e-05
1.1023379378e-05
1.1023193438e-05
1.1023007498e-05
1.1022821578e-05
1.1022635638e-05
1.1022449698e-05
1.1022263758e-05
1.1022077818e-05
1.1021891898e-05
1.1021705958e-05
1.1021520018e-05
1.1021334078e-05
1.1021148158e-05
1.1020962218e-05
1.1020776278e-05
1.1020590338e-05
1.1020404398e-05
1.1020218478e-05
1.1020032538e-05
1.1019846598e-05
1.1019660658e-05
1.1019474738e-05
1.1019288798e-05
1.1019102858e-05
1.1018916918e-05
1.1018730978e-05
1.1018545058e-05
1.1018359118e-05
1.1018173178e-05
1.1017987238e-05
1.1017801318e-05
1.1017615378e-05
1.1017429438e-05
1.1017243498e-05
1.1017057558e-05
1.1016871638e-05
1.1016685698e-05
1.1016499758e-05
1.1016313818e-05
1.1016127878e-05
1.1015941958e-05
1.1015756018e-05
1.1015570078e-05
1.1015384138e-05
1.1015198218e-05
1.1015012278e-05
1.1014826338e-05
1.1014640398e-05
1.1014454458e-05
1.1014268538e-05
1.1014082598e-05
1.1013896658e-05
1.1013710718e-05
1.1013524798e-05
1.1013338858e-05
1.1013152918e-05
1.1012966978e-05
1.1012781038e-05
1.1012595118e-05
1.1012409178e-05
1.1012223238e-05
1.1012037298e-05
1.1011851358e-05
1.1011665438e-05
1.1011479498e-05
1.1011293558e-05
1.1011107618e-05
1.1010921698e-05
1.1010735758e-05
1.1010549818e-05
1.1010363878e-05
1.1010177938e-05
1.1009992018e-05
1.1009806078e-05
1.1009620138e-05
1.1009434198e-05
1.1009248278e-05
1.1009062338e-05
1.1008876398e-05
1.1008690458e-05
1.1008504518e-05
1.1008318598e-05
1.1008132658e-05
1.1007946718e-05
1.1007760778e-05
1.1007574858e-05
1.1007388918e-05
1.1007202978e-05
1.1007017038e-05
1.1006831098e-05
1.1006645178e-05
1.1006459238e-05
1.1006273298e-05
1.1006087358e-05
1.1005901418e-05
1.1005715498e-05
1.1005529558e-05
1.1005343618e-05
1.1005157678e-05
1.1004971758e-05
1.1004785818e-05
1.1004599878e-05
1.1004413938e-05
1.1004227998e-05
1.1004042078e-05
1.1003856138e-05
1.1003670198e-05
1.1003484258e-05
1.1003298338e-05
1.1003112398e-05
1.1002926458e-05
1.1002740518e-05
1.1002554578e-05
1.1002368658e-05
1.1002182718e-05
1.1001996778e-05
1.1001810838e-05
1.1001624898e-05
1.1001438978e-05
1.1001253038e-05
1.1001067098e-05
1.1000881158e-05
1.1000695238e-05
1.1000509298e-05
1.1000323358e-05
1.1000137418e-05
1.0999951478e-05
1.0999765558e-05
1.0999579618e-05
1.0999393678e-05
1.0999207738e-05
1.0999021818e-05
1.0998835878e-05
1.0998649938e-05
1.0998463998e-05
1.0998278058e-05
1.0998092138e-05
1.0997906198e-05
1.0997720258e-05
1.0997534318e-05
1.0997348398e-05
1.0997162458e-05
1.0996976518e-05
1.0996790578e-05
1.0996604638e-05
1.0996418718e-05
1.0996232778e-05
1.0996046838e-05
1.0995860898e-05
1.0995674958e-05
1.0995489038e-05
1.0995303098e-05
1.0995117158e-05
1.0994931218e-05
1.0994745298e-05
1.0994559358e-05
1.0994373418e-05
1.0994187478e-05
1.0994001538e-05
1.0993815618e-05
1.0993629678e-05
1.0993443738e-05
1.0993257798e-05
1.0993071878e-05
1.0992885938e-05
1.0992699998e-05
1.0992514058e-05
1.0992328118e-05
1.0992142198e-05
1.0991956258e-05
1.0991770318e-05
1.0991584378e-05
1.0991398438e-05
1.0991212518e-05
1.0991026578e-05
1.0990840638e-05
1.0990654698e-05
1.0990468778e-05
1.0990282838e-05
1.0990096898e-05
1.0989910958e-05
1.0989725018e-05
1.0989539098e-05
1.0989353158e-05
1.0989167218e-05
1.0988981278e-05
1.0988795358e-05
1.0988609418e-05
1.0988423478e-05
1.0988237538e-05
1.0988051598e-05
1.0987865678e-05
1.0987679738e-05
1.0987493798e-05
1.0987307858e-05
1.0987121938e-05
1.0986935998e-05
1.0986750058e-05
1.0986564118e-05
1.0986378178e-05
1.0986192258e-05
1.0986006318e-05
1.0985820378e-05
1.0985634438e-05
1.0985448498e-05
1.0985262578e-05
1.0985076638e-05
1.0984890698e-05
1.0984704758e-05
1.0984518838e-05
1.0984332898e-05
1.0984146958e-05
1.0983961018e-05
1.0983775078e-05
1.0983589158e-05
1.0983403218e-05
1.0983217278e-05
1.0983031338e-05
1.0982845418e-05
1.0982659478e-05
1.0982473538e-05
1.0982287598e-05
1.0982101658e-05
1.0981915738e-05
1.0981729798e-05
1.0981543858e-05
1.0981357918e-05
1.0981171978e-05
1.0980986058e-05
1.0980800118e-05
1.0980614178e-05
1.0980428238e-05
1.0980242318e-05
1.0980056378e-05
1.0979870438e-05
1.0979684498e-05
1.0979498558e-05
1.0979312638e-05
1.0979126698e-05
1.0978940758e-05
1.0978754818e-05
1.0978568898e-05
1.0978382958e-05
1.0978197018e-05
1.0978011078e-05
1.0977825138e-05
1.0977639218e-05
1.0977453278e-05
1.0977267338e-05
1.0977081398e-05
1.0976895458e-05
1.0976709538e-05
1.0976523598e-05
1.0976337658e-05
1.0976151718e-05
1.0975965798e-05
1.0975779858e-05
1.0975593918e-05
1.0975407978e-05
1.0975222038e-05
1.0975036118e-05
1.0974850178e-05
1.0974664238e-05
1.0974478298e-05
1.0974292378e-05
1.0974106438e-05
1.0973920498e-05
1.0973734558e-05
1.0973548618e-05
1.0973362698e-05
1.0973176758e-05
1.0972990818e-05
1.0972804878e-05
1.0972618958e-05
1.0972433018e-05
1.0972247078e-05
1.0972061138e-05
1.0971875198e-05
1.0971689278e-05
1.0971503338e-05
1.0971317398e-05
1.0971131458e-05
1.0970945518e-05
1.0970759598e-05
1.0970573658e-05
1.0970387718e-05
1.0970201778e-05
1.0970015858e-05
1.0969829918e-05
1.0969643978e-05
1.0969458038e-05
1.0969272098e-05
1.0969086178e-05
1.0968900238e-05
1.0968714298e-05
1.0968528358e-05
1.0968342438e-05
1.0968156498e-05
1.0967970558e-05
1.0967784618e-05
1.0967598678e-05
1.0967412758e-05
1.0967226818e-05
1.0967040878e-05
1.0966854938e-05
1.0966668998e-05
1.0966483078e-05
1.0966297138e-05
1.0966111198e-05
1.0965925258e-05
1.0965739338e-05
1.0965553398e-05
1.0965367458e-05
1.0965181518e-05
1.0964995578e-05
1.0964809658e-05
1.0964623718e-05
1.0964437778e-05
1.0964251838e-05
1.0964065918e-05
1.0963879978e-05
1.0963694038e-05
1.0963508098e-05
1.0963322158e-05
1.0963136238e-05
1.0962950298e-05
1.0962764358e-05
1.0962578418e-05
1.0962392498e-05
1.0962206558e-05
1.0962020618e-05
1.0961834678e-05
1.0961648738e-05
1.0961462818e-05
1.0961276878e-05
1.0961090938e-05
1.0960904998e-05
1.0960719058e-05
1.0960533138e-05
1.0960347198e-05
1.0960161258e-05
1.0959975318e-05
1.0959789398e-05
1.0959603458e-05
1.0959417518e-05
1.0959231578e-05
1.0959045638e-05
1.0958859718e-05
1.0958673778e-05
1.0958487838e-05
1.0958301898e-05
1.0958115978e-05
1.0957930038e-05
1.0957744098e-05
1.0957558158e-05
1.0957372218e-05
1.0957186298e-05
1.0957000358e-05
1.0956814418e-05
1.0956628478e-05
1.0956442538e-05
1.0956256618e-05
1.0956070678e-05
1.0955884738e-05
1.0955698798e-05
1.0955512878e-05
1.0955326938e-05
1.0955140998e-05
1.0954955058e-05
1.0954769118e-05
1.0954583198e-05
1.0954397258e-05
1.0954211318e-05
1.0954025378e-05
1.0953839458e-05
1.0953653518e-05
1.0953467578e-05
1.0953281639e-05
1.0953095699e-05
1.0952909779e-05
1.0952723839e-05
1.0952537899e-05
1.0952351959e-05
1.0952166039e-05
1.0951980099e-05
1.0951794159e-05
1.0951608219e-05
1.0951422279e-05
1.0951236359e-05
1.0951050419e-05
1.0950864479e-05
1.0950678539e-05
1.0950492599e-05
1.0950306679e-05
1.0950120739e-05
1.0949934799e-05
1.0949748859e-05
1.0949562939e-05
1.0949376999e-05
1.0949191059e-05
1.0949005119e-05
1.0948819179e-05
1.0948633259e-05
1.0948447319e-05
1.0948261379e-05
1.0948075439e-05
1.0947889519e-05
1.0947703579e-05
1.0947517639e-05
1.0947331699e-05
1.0947145759e-05
1.0946959839e-05
1.0946773899e-05
1.0946587959e-05
1.0946402019e-05
1.0946216079e-05
1.0946030159e-05
1.0945844219e-05
1.0945658279e-05
1.0945472339e-05
1.0945286419e-05
1.0945100479e-05
1.0944914539e-05
1.0944728599e-05
1.0944542659e-05
1.0944356739e-05
1.0944170799e-05
1.0943984859e-05
1.0943798919e-05
1.0943612999e-05
1.0943427059e-05
1.0943241119e-05
1.0943055179e-05
1.0942869239e-05
1.0942683319e-05
1.0942497379e-05
1.0942311439e-05
1.0942125499e-05
1.0941939579e-05
1.0941753639e-05
1.0941567699e-05
1.0941381759e-05
1.0941195819e-05
1.0941009899e-05
1.0940823959e-05
1.0940638019e-05
1.0940452079e-05
1.0940266139e-05
1.0940080219e-05
1.0939894279e-05
1.0939708339e-05
1.0939522399e-05
1.0939336479e-05
1.0939150539e-05
1.0938964599e-05
1.0938778659e-05
1.0938592719e-05
1.0938406799e-05
1.0938220859e-05
1.0938034919e-05
1.0937848979e-05
1.0937663059e-05
1.0937477119e-05
1.0937291179e-05
1.0937105239e-05
1.0936919299e-05
1.0936733379e-05
1.0936547439e-05
1.0936361499e-05
1.0936175559e-05
1.0935989619e-05
1.0935803699e-05
1.0935617759e-05
1.0935431819e-05
1.0935245879e-05
1.0935059959e-05
1.0934874019e-05
1.0934688079e-05
1.0934502139e-05
1.0934316199e-05
1.0934130279e-05
1.0933944339e-05
1.0933758399e-05
1.0933572459e-05
1.0933386539e-05
1.0933200599e-05
1.0933014659e-05
1.0932828719e-05
1.0932642779e-05
1.0932456859e-05
1.0932270919e-05
1.0932084979e-05
1.0931899039e-05
1.0931713119e-05
1.0931527179e-05
1.0931341239e-05
1.0931155299e-05
1.0930969359e-05
1.0930783439e-05
1.0930597499e-05
1.0930411559e-05
1.0930225619e-05
1.0930039679e-05
1.0929853759e-05
1.0929667819e-05
1.0929481879e-05
1.0929295939e-05
1.0929110019e-05
1.0928924079e-05
1.0928738139e-05
1.0928552199e-05
1.0928366259e-05
1.0928180339e-05
1.0927994399e-05
1.0927808459e-05
1.0927622519e-05
1.0927436599e-05
1.0927250659e-05
1.0927064719e-05
1.0926878779e-05
1.0926692839e-05
1.0926506919e-05
1.0926320979e-05
1.0926135039e-05
1.0925949099e-05
1.0925763159e-05
1.0925577239e-05
1.0925391299e-05
1.0925205359e-05
1.0925019419e-05
1.0924833499e-05
1.0924647559e-05
1.0924461619e-05
1.0924275679e-05
1.0924089739e-05
1.0923903819e-05
1.0923717879e-05
1.0923531939e-05
1.0923345999e-05
1.0923160079e-05
1.0922974139e-05
1.0922788199e-05
1.0922602259e-05
1.0922416319e-05
1.0922230399e-05
1.0922044459e-05
1.0921858519e-05
1.0921672579e-05
1.0921486639e-05
1.0921300719e-05
1.0921114779e-05
1.0920928839e-05
1.0920742899e-05
1.0920556979e-05
1.0920371039e-05
1.0920185099e-05
1.0919999159e-05
1.0919813219e-05
1.0919627299e-05
1.0919441359e-05
1.0919255419e-05
1.0919069479e-05
1.0918883559e-05
1.0918697619e-05
1.0918511679e-05
1.0918325739e-05
1.0918139799e-05
1.0917953879e-05
1.0917767939e-05
1.0917581999e-05
1.0917396059e-05
1.0917210139e-05
1.0917024199e-05
1.0916838259e-05
1.0916652319e-05
1.0916466379e-05
1.0916280459e-05
1.0916094519e-05
1.0915908579e-05
1.0915722639e-05
1.0915536699e-05
1.0915350779e-05
1.0915164839e-05
1.0914978899e-05
1.0914792959e-05
1.0914607039e-05
1.0914421099e-05
1.0914235159e-05
1.0914049219e-05
1.0913863279e-05
1.0913677359e-05
1.0913491419e-05
1.0913305479e-05
1.0913119539e-05
1.0912933619e-05
1.0912747679e-05
1.0912561739e-05
1.0912375799e-05
1.0912189859e-05
1.0912003939e-05
1.0911817999e-05
1.0911632059e-05
1.0911446119e-05
1.0911260179e-05
1.0911074259e-05
1.0910888319e-05
1.0910702379e-05
1.0910516439e-05
1.0910330519e-05
1.0910144579e-05
1.0909958639e-05
1.0909772699e-05
1.0909586759e-05
1.0909400839e-05
1.0909214899e-05
1.0909028959e-05
1.0908843019e-05
1.0908657099e-05
1.0908471159e-05
1.0908285219e-05
1.0908099279e-05
1.0907913339e-05
1.0907727419e-05
1.0907541479e-05
1.0907355539e-05
1.0907169599e-05
1.0906983679e-05
1.0906797739e-05
1.0906611799e-05
1.0906425859e-05
1.0906239919e-05
1.0906053999e-05
1.0905868059e-05
1.0905682119e-05
1.0905496179e-05
1.0905310239e-05
1.0905124319e-05
1.0904938379e-05
1.0904752439e-05
1.0904566499e-05
1.0904380579e-05
1.0904194639e-05
1.0904008699e-05
1.0903822759e-05
1.0903636819e-05
1.0903450899e-05
1.0903264959e-05
1.0903079019e-05
1.0902893079e-05
1.0902707159e-05
1.0902521219e-05
1.0902335279e-05
1.0902149339e-05
1.0901963399e-05
1.0901777479e-05
1.0901591539e-05
1.0901405599e-05
1.0901219659e-05
1.0901033719e-05
1.0900847799e-05
1.0900661859e-05
1.0900475919e-05
1.0900289979e-05
1.0900104059e-05
1.0899918119e-05
1.0899732179e-05
1.0899546239e-05
1.0899360299e-05
1.0899174379e-05
1.0898988439e-05
1.0898802499e-05
1.0898616559e-05
1.0898430639e-05
1.0898244699e-05
1.0898058759e-05
1.0897872819e-05
1.0897686879e-05
1.0897500959e-05
1.0897315019e-05
1.0897129079e-05
1.0896943139e-05
1.0896757219e-05
1.0896571279e-05
1.0896385339e-05
1.0896199399e-05
1.0896013459e-05
1.0895827539e-05
1.0895641599e-05
1.0895455659e-05
1.0895269719e-05
1.0895083779e-05
1.0894897859e-05
1.0894711919e-05
1.0894525979e-05
1.0894340039e-05
1.0894154119e-05
1.0893968179e-05
1.0893782239e-05
1.0893596299e-05
1.0893410359e-05
1.0893224439e-05
1.0893038499e-05
1.0892852559e-05
1.0892666619e-05
1.0892480699e-05
1.0892294759e-05
1.0892108819e-05
1.0891922879e-05
1.0891736939e-05
1.0891551019e-05
1.0891365079e-05
1.0891179139e-05
1.0890993199e-05
1.0890807259e-05
1.0890621339e-05
1.0890435399e-05
1.0890249459e-05
1.0890063519e-05
1.0889877599e-05
1.0889691659e-05
1.0889505719e-05
1.0889319779e-05
1.0889133839e-05
1.0888947919e-05
1.0888761979e-05
1.0888576039e-05
1.0888390099e-05
1.0888204179e-05
1.0888018239e-05
1.0887832299e-05
1.0887646359e-05
1.0887460419e-05
1.0887274499e-05
1.0887088559e-05
1.0886902619e-05
1.0886716679e-05
1.0886530759e-05
1.0886344819e-05
1.0886158879e-05
1.0885972939e-05
1.0885786999e-05
1.0885601079e-05
1.0885415139e-05
1.0885229199e-05
1.0885043259e-05
1.0884857319e-05
1.0884671399e-05
1.0884485459e-05
1.0884299519e-05
1.0884113579e-05
1.0883927659e-05
1.0883741719e-05
1.0883555779e-05
1.0883369839e-05
1.0883183899e-05
1.0882997979e-05
1.0882812039e-05
1.0882626099e-05
1.0882440159e-05
1.0882254239e-05
1.0882068299e-05
1.0881882359e-05
1.0881696419e-05
1.0881510479e-05
1.0881324559e-05
1.0881138619e-05
1.0880952679e-05
1.0880766739e-05
1.0880580799e-05
1.0880394879e-05
1.0880208939e-05
1.0880022999e-05
1.0879837059e-05
1.0879651139e-05
1.0879465199e-05
1.0879279259e-05
1.0879093319e-05
1.0878907379e-05
1.0878721459e-05
1.0878535519e-05
1.0878349579e-05
1.0878163639e-05
1.0877977719e-05
1.0877791779e-05
1.0877605839e-05
1.0877419899e-05
1.0877233959e-05
1.0877048039e-05
1.0876862099e-05
1.0876676159e-05
1.0876490219e-05
1.0876304299e-05
1.0876118359e-05
1.0875932419e-05
1.0875746479e-05
1.0875560539e-05
1.0875374619e-05
1.0875188679e-05
1.0875002739e-05
1.0874816799e-05
1.0874630859e-05
1.0874444939e-05
1.0874258999e-05
1.0874073059e-05
1.0873887119e-05
1.0873701199e-05
1.0873515259e-05
1.0873329319e-05
1.0873143379e-05
1.0872957439e-05
1.0872771519e-05
1.0872585579e-05
1.0872399639e-05
1.0872213699e-05
1.0872027779e-05
1.0871841839e-05
1.0871655899e-05
1.0871469959e-05
1.0871284019e-05
1.0871098099e-05
1.0870912159e-05
1.0870726219e-05
1.0870540279e-05
1.0870354339e-05
1.0870168419e-05
1.0869982479e-05
1.0869796539e-05
1.0869610599e-05
1.0869424679e-05
1.0869238739e-05
1.0869052799e-05
1.0868866859e-05
1.0868680919e-05
1.0868494999e-05
1.0868309059e-05
1.0868123119e-05
1.0867937179e-05
1.0867751259e-05
1.0867565319e-05
1.0867379379e-05
1.0867193439e-05
1.0867007499e-05
1.0866821579e-05
1.0866635639e-05
1.0866449699e-05
1.0866263759e-05
1.0866077819e-05
1.0865891899e-05
1.0865705959e-05
1.0865520019e-05
1.0865334079e-05
1.0865148159e-05
1.0864962219e-05
1.0864776279e-05
1.0864590339e-05
1.0864404399e-05
1.0864218479e-05
1.0864032539e-05
1.0863846599e-05
1.0863660659e-05
1.0863474739e-05
1.0863288799e-05
1.0863102859e-05
1.0862916919e-05
1.0862730979e-05
1.0862545059e-05
1.0862359119e-05
1.0862173179e-05
1.0861987239e-05
1.0861801319e-05
1.0861615379e-05
1.0861429439e-05
1.0861243499e-05
1.0861057559e-05
1.0860871639e-05
1.0860685699e-05
1.0860499759e-05
1.0860313819e-05
1.0860127879e-05
1.0859941959e-05
1.0859756019e-05
1.0859570079e-05
1.0859384139e-05
1.0859198219e-05
1.0859012279e-05
1.0858826339e-05
1.0858640399e-05
1.0858454459e-05
1.0858268539e-05
1.0858082599e-05
1.0857896659e-05
1.0857710719e-05
1.0857524799e-05
1.0857338859e-05
1.0857152919e-05
1.0856966979e-05
1.0856781039e-05
1.0856595119e-05
1.0856409179e-05
1.0856223239e-05
1.0856037299e-05
1.0855851359e-05
1.0855665439e-05
1.0855479499e-05
1.0855293559e-05
1.0855107619e-05
1.0854921699e-05
1.0854735759e-05
1.0854549819e-05
1.0854363879e-05
1.0854177939e-05
1.0853992019e-05
1.0853806079e-05
1.0853620139e-05
1.0853434199e-05
1.0853248279e-05
1.0853062339e-05
1.0852876399e-05
1.0852690459e-05
1.0852504519e-05
1.0852318599e-05
1.0852132659e-05
1.0851946719e-05
1.0851760779e-05
1.0851574859e-05
1.0851388919e-05
1.0851202979e-05
1.0851017039e-05
1.0850831099e-05
1.0850645179e-05
1.0850459239e-05
1.0850273299e-05
1.0850087359e-05
1.0849901419e-05
1.0849715499e-05
1.0849529559e-05
1.0849343619e-05
1.0849157679e-05
1.0848971759e-05
1.0848785819e-05
1.0848599879e-05
1.0848413939e-05
1.0848227999e-05
1.0848042079e-05
1.0847856139e-05
1.0847670199e-05
1.0847484259e-05
1.0847298339e-05
1.0847112399e-05
1.0846926459e-05
1.0846740519e-05
1.0846554579e-05
1.0846368659e-05
1.0846182719e-05
1.0845996779e-05
1.0845810839e-05
1.0845624899e-05
1.0845438979e-05
1.0845253039e-05
1.0845067099e-05
1.0844881159e-05
1.0844695239e-05
1.0844509299e-05
1.0844323359e-05
1.0844137419e-05
1.0843951479e-05
1.0843765559e-05
1.0843579619e-05
1.0843393679e-05
1.0843207739e-05
1.0843021819e-05
1.0842835879e-05
1.0842649939e-05
1.0842463999e-05
1.0842278059e-05
1.0842092139e-05
1.0841906199e-05
1.0841720259e-05
1.0841534319e-05
1.0841348399e-05
1.0841162459e-05
1.0840976519e-05
1.0840790579e-05
1.0840604639e-05
1.0840418719e-05
1.0840232779e-05
1.0840046839e-05
1.0839860899e-05
1.0839674959e-05
1.0839489039e-05
1.0839303099e-05
1.0839117159e-05
1.0838931219e-05
1.0838745299e-05
1.0838559359e-05
1.0838373419e-05
1.0838187479e-05
1.0838001539e-05
1.0837815619e-05
1.0837629679e-05
1.0837443739e-05
1.0837257799e-05
1.0837071879e-05
1.0836885939e-05
1.0836699999e-05
1.0836514059e-05
1.0836328119e-05
1.0836142199e-05
1.0835956259e-05
1.0835770319e-05
1.0835584379e-05
1.0835398439e-05
1.0835212519e-05
1.0835026579e-05
1.0834840639e-05
1.0834654699e-05
1.0834468779e-05
1.0834282839e-05
1.0834096899e-05
1.0833910959e-05
1.0833725019e-05
1.0833539099e-05
1.0833353159e-05
1.0833167219e-05
1.0832981279e-05
1.0832795359e-05
1.0832609419e-05
1.0832423479e-05
1.0832237539e-05
1.0832051599e-05
1.0831865679e-05
1.0831679739e-05
1.0831493799e-05
1.0831307859e-05
1.0831121939e-05
1.0830935999e-05
1.0830750059e-05
1.0830564119e-05
1.0830378179e-05
1.0830192259e-05
1.0830006319e-05
1.0829820379e-05
1.0829634439e-05
1.0829448499e-05
1.0829262579e-05
1.0829076639e-05
1.0828890699e-05
1.0828704759e-05
1.0828518839e-05
1.0828332899e-05
1.0828146959e-05
1.0827961019e-05
1.0827775079e-05
1.0827589159e-05
1.0827403219e-05
1.0827217279e-05
1.0827031339e-05
1.0826845419e-05
1.0826659479e-05
1.0826473539e-05
1.0826287599e-05
1.0826101659e-05
1.0825915739e-05
1.0825729799e-05
1.0825543859e-05
1.0825357919e-05
1.0825171979e-05
1.0824986059e-05
1.0824800119e-05
1.0824614179e-05
1.0824428239e-05
1.0824242319e-05
1.0824056379e-05
1.0823870439e-05
1.0823684499e-05
1.0823498559e-05
1.0823312639e-05
1.0823126699e-05
1.0822940759e-05
1.0822754819e-05
1.0822568899e-05
1.0822382959e-05
1.0822197019e-05
1.0822011079e-05
1.0821825139e-05
1.0821639219e-05
1.0821453279e-05
1.0821267339e-05
1.0821081399e-05
1.0820895459e-05
1.0820709539e-05
1.0820523599e-05
1.0820337659e-05
1.0820151719e-05
1.0819965799e-05
1.0819779859e-05
1.0819593919e-05
1.0819407979e-05
1.0819222039e-05
1.0819036119e-05
1.0818850179e-05
1.0818664239e-05
1.0818478299e-05
1.0818292379e-05
1.0818106439e-05
1.0817920499e-05
1.0817734559e-05
1.0817548619e-05
1.0817362699e-05
1.0817176759e-05
1.0816990819e-05
1.0816804879e-05
1.0816618959e-05
1.0816433019e-05
1.0816247079e-05
1.0816061139e-05
1.0815875199e-05
1.0815689279e-05
1.0815503339e-05
1.0815317399e-05
1.0815131459e-05
1.0814945519e-05
1.0814759599e-05
1.0814573659e-05
1.0814387719e-05
1.0814201779e-05
1.0814015859e-05
1.0813829919e-05
1.0813643979e-05
1.0813458039e-05
1.0813272099e-05
1.0813086179e-05
1.0812900239e-05
1.0812714299e-05
1.0812528359e-05
1.0812342439e-05
1.0812156499e-05
1.0811970559e-05
1.0811784619e-05
1.0811598679e-05
1.0811412759e-05
1.0811226819e-05
1.0811040879e-05
1.0810854939e-05
1.0810668999e-05
1.0810483079e-05
1.0810297139e-05
1.0810111199e-05
1.0809925259e-05
1.0809739339e-05
1.0809553399e-05
1.0809367459e-05
1.0809181519e-05
1.0808995579e-05
1.0808809659e-05
1.0808623719e-05
1.0808437779e-05
1.0808251839e-05
1.0808065919e-05
1.0807879979e-05
1.0807694039e-05
1.0807508099e-05
1.0807322159e-05
1.0807136239e-05
1.0806950299e-05
1.0806764359e-05
1.0806578419e-05
1.0806392499e-05
1.0806206559e-05
1.0806020619e-05
1.0805834679e-05
1.0805648739e-05
1.0805462819e-05
1.0805276879e-05
1.0805090939e-05
1.0804904999e-05
1.0804719059e-05
1.0804533139e-05
1.0804347199e-05
1.0804161259e-05
1.0803975319e-05
1.0803789399e-05
1.0803603459e-05
1.0803417519e-05
1.0803231579e-05
1.0803045639e-05
1.0802859719e-05
1.0802673779e-05
1.0802487839e-05
1.0802301899e-05
1.0802115979e-05
1.0801930039e-05
1.0801744099e-05
1.0801558159e-05
1.0801372219e-05
1.0801186299e-05
1.0801000359e-05
1.0800814419e-05
1.0800628479e-05
1.0800442539e-05
1.0800256619e-05
1.0800070679e-05
1.0799884739e-05
1.0799698799e-05
1.0799512879e-05
1.0799326939e-05
1.0799140999e-05
1.0798955059e-05
1.0798769119e-05
1.0798583199e-05
1.0798397259e-05
1.0798211319e-05
1.0798025379e-05
1.0797839459e-05
1.0797653519e-05
1.0797467579e-05
1.0797281639e-05
1.0797095699e-05
1.0796909779e-05
1.0796723839e-05
1.0796537899e-05
1.0796351959e-05
1.0796166039e-05
1.0795980099e-05
1.0795794159e-05
1.0795608219e-05
1.0795422279e-05
1.0795236359e-05
1.0795050419e-05
1.0794864479e-05
1.0794678539e-05
1.0794492599e-05
1.0794306679e-05
1.0794120739e-05
1.0793934799e-05
1.0793748859e-05
1.0793562939e-05
1.0793376999e-05
1.0793191059e-05
1.0793005119e-05
1.0792819179e-05
1.0792633259e-05
1.0792447319e-05
1.0792261379e-05
1.0792075439e-05
1.0791889519e-05
1.0791703579e-05
1.0791517639e-05
1.0791331699e-05
1.0791145759e-05
1.0790959839e-05
1.0790773899e-05
1.0790587959e-05
1.0790402019e-05
1.0790216079e-05
1.0790030159e-05
1.0789844219e-05
1.0789658279e-05
1.0789472339e-05
1.0789286419e-05
1.0789100479e-05
1.0788914539e-05
1.07887286e-05
1.078854266e-05
1.078835674e-05
1.07881708e-05
1.078798486e-05
1.078779892e-05
1.0787613e-05
1.078742706e-05
1.078724112e-05
1.078705518e-05
1.078686924e-05
1.078668332e-05
1.078649738e-05
1.078631144e-05
1.07861255e-05
1.078593958e-05
1.078575364e-05
1.07855677e-05
1.078538176e-05
1.078519582e-05
1.07850099e-05
1.078482396e-05
1.078463802e-05
1.078445208e-05
1.078426614e-05
1.078408022e-05
1.078389428e-05
1.078370834e-05
1.07835224e-05
1.078333648e-05
1.078315054e-05
1.07829646e-05
1.078277866e-05
1.078259272e-05
1.07824068e-05
1.078222086e-05
1.078203492e-05
1.078184898e-05
1.078166306e-05
1.078147712e-05
1.078129118e-05
1.078110524e-05
1.07809193e-05
1.078073338e-05
1.078054744e-05
1.07803615e-05
1.078017556e-05
1.077998962e-05
1.07798037e-05
1.077961776e-05
1.077943182e-05
1.077924588e-05
1.077905996e-05
1.077887402e-05
1.077868808e-05
1.077850214e-05
1.07783162e-05
1.077813028e-05
1.077794434e-05
1.07777584e-05
1.077757246e-05
1.077738654e-05
1.07772006e-05
1.077701466e-05
1.077682872e-05
1.077664278e-05
1.077645686e-05
1.077627092e-05
1.077608498e-05
1.077589904e-05
1.077571312e-05
1.077552718e-05
1.077534124e-05
1.07751553e-05
1.077496936e-05
1.077478344e-05
1.07745975e-05
1.077441156e-05
1.077422562e-05
1.077403968e-05
1.077385376e-05
1.077366782e-05
1.077348188e-05
1.077329594e-05
1.077311002e-05
1.077292408e-05
1.077273814e-05
1.07725522e-05
1.077236626e-05
1.077218034e-05
1.07719944e-05
1.077180846e-05
1.077162252e-05
1.07714366e-05
1.077125066e-05
1.077106472e-05
1.077087878e-05
1.077069284e-05
1.077050692e-05
1.077032098e-05
1.077013504e-05
1.07699491e-05
1.076976316e-05
1.076957724e-05
1.07693913e-05
1.076920536e-05
1.076901942e-05
1.07688335e-05
1.076864756e-05
1.076846162e-05
1.076827568e-05
1.076808974e-05
1.076790382e-05
1.076771788e-05
1.076753194e-05
1.0767346e-05
1.076716008e-05
1.076697414e-05
1.07667882e-05
1.076660226e-05
1.076641632e-05
1.07662304e-05
1.076604446e-05
1.076585852e-05
1.076567258e-05
1.076548664e-05
1.076530072e-05
1.076511478e-05
1.076492884e-05
1.07647429e-05
1.076455698e-05
1.076437104e-05
1.07641851e-05
1.076399916e-05
1.076381322e-05
1.07636273e-05
1.076344136e-05
1.076325542e-05
1.076306948e-05
1.076288356e-05
1.076269762e-05
1.076251168e-05
1.076232574e-05
1.07621398e-05
1.076195388e-05
1.076176794e-05
1.0761582e-05
1.076139606e-05
1.076121014e-05
1.07610242e-05
1.076083826e-05
1.076065232e-05
1.076046638e-05
1.076028046e-05
1.076009452e-05
1.075990858e-05
1.075972264e-05
1.07595367e-05
1.075935078e-05
1.075916484e-05
1.07589789e-05
1.075879296e-05
1.075860704e-05
1.07584211e-05
1.075823516e-05
1.075804922e-05
1.075786328e-05
1.075767736e-05
1.075749142e-05
1.075730548e-05
1.075711954e-05
1.075693362e-05
1.075674768e-05
1.075656174e-05
1.07563758e-05
1.075618986e-05
1.075600394e-05
1.0755818e-05
1.075563206e-05
1.075544612e-05
1.075526018e-05
1.075507426e-05
1.075488832e-05
1.075470238e-05
1.075451644e-05
1.075433052e-05
1.075414458e-05
1.075395864e-05
1.07537727e-05
1.075358676e-05
1.075340084e-05
1.07532149e-05
1.075302896e-05
1.075284302e-05
1.07526571e-05
1.075247116e-05
1.075228522e-05
1.075209928e-05
1.075191334e-05
1.075172742e-05
1.075154148e-05
1.075135554e-05
1.07511696e-05
1.075098368e-05
1.075079774e-05
1.07506118e-05
1.075042586e-05
1.075023992e-05
1.0750054e-05
1.074986806e-05
1.074968212e-05
1.074949618e-05
1.074931024e-05
1.074912432e-05
1.074893838e-05
1.074875244e-05
1.07485665e-05
1.074838058e-05
1.074819464e-05
1.07480087e-05
1.074782276e-05
1.074763682e-05
1.07474509e-05
1.074726496e-05
1.074707902e-05
1.074689308e-05
1.074670716e-05
1.074652122e-05
1.074633528e-05
1.074614934e-05
1.07459634e-05
1.074577748e-05
1.074559154e-05
1.07454056e-05
1.074521966e-05
1.074503372e-05
1.07448478e-05
1.074466186e-05
1.074447592e-05
1.074428998e-05
1.074410406e-05
1.074391812e-05
1.074373218e-05
1.074354624e-05
1.07433603e-05
1.074317438e-05
1.074298844e-05
1.07428025e-05
1.074261656e-05
1.074243064e-05
1.07422447e-05
1.074205876e-05
1.074187282e-05
1.074168688e-05
1.074150096e-05
1.074131502e-05
1.074112908e-05
1.074094314e-05
1.074075722e-05
1.074057128e-05
1.074038534e-05
1.07401994e-05
1.074001346e-05
1.073982754e-05
1.07396416e-05
1.073945566e-05
1.073926972e-05
1.073908378e-05
1.073889786e-05
1.073871192e-05
1.073852598e-05
1.073834004e-05
1.073815412e-05
1.073796818e-05
1.073778224e-05
1.07375963e-05
1.073741036e-05
1.073722444e-05
1.07370385e-05
1.073685256e-05
1.073666662e-05
1.07364807e-05
1.073629476e-05
1.073610882e-05
1.073592288e-05
1.073573694e-05
1.073555102e-05
1.073536508e-05
1.073517914e-05
1.07349932e-05
1.073480726e-05
1.073462134e-05
1.07344354e-05
1.073424946e-05
1.073406352e-05
1.07338776e-05
1.073369166e-05
1.073350572e-05
1.073331978e-05
1.073313384e-05
1.073294792e-05
1.073276198e-05
1.073257604e-05
1.07323901e-05
1.073220418e-05
1.073201824e-05
1.07318323e-05
1.073164636e-05
1.073146042e-05
1.07312745e-05
1.073108856e-05
1.073090262e-05
1.073071668e-05
1.073053076e-05
1.073034482e-05
1.073015888e-05
1.072997294e-05
1.0729787e-05
1.072960108e-05
1.072941514e-05
1.07292292e-05
1.072904326e-05
1.072885732e-05
1.07286714e-05
1.072848546e-05
1.072829952e-05
1.072811358e-05
1.072792766e-05
1.072774172e-05
1.072755578e-05
1.072736984e-05
1.07271839e-05
1.072699798e-05
1.072681204e-05
1.07266261e-05
1.072644016e-05
1.072625424e-05
1.07260683e-05
1.072588236e-05
1.072569642e-05
1.072551048e-05
1.072532456e-05
1.072513862e-05
1.072495268e-05
1.072476674e-05
1.07245808e-05
1.072439488e-05
1.072420894e-05
1.0724023e-05
1.072383706e-05
1.072365114e-05
1.07234652e-05
1.072327926e-05
1.072309332e-05
1.072290738e-05
1.072272146e-05
1.072253552e-05
1.072234958e-05
1.072216364e-05
1.072197772e-05
1.072179178e-05
1.072160584e-05
1.07214199e-05
1.072123396e-05
1.072104804e-05
1.07208621e-05
1.072067616e-05
1.072049022e-05
1.07203043e-05
1.072011836e-05
1.071993242e-05
1.071974648e-05
1.071956054e-05
1.071937462e-05
1.071918868e-05
1.071900274e-05
1.07188168e-05
1.071863086e-05
1.071844494e-05
1.0718259e-05
1.071807306e-05
1.071788712e-05
1.07177012e-05
1.071751526e-05
1.071732932e-05
1.071714338e-05
1.071695744e-05
1.071677152e-05
1.071658558e-05
1.071639964e-05
1.07162137e-05
1.071602778e-05
1.071584184e-05
1.07156559e-05
1.071546996e-05
1.071528402e-05
1.07150981e-05
1.071491216e-05
1.071472622e-05
1.071454028e-05
1.071435434e-05
1.071416842e-05
1.071398248e-05
1.071379654e-05
1.07136106e-05
1.071342468e-05
1.071323874e-05
1.07130528e-05
1.071286686e-05
1.071268092e-05
1.0712495e-05
1.071230906e-05
1.071212312e-05
1.071193718e-05
1.071175126e-05
1.071156532e-05
1.071137938e-05
1.071119344e-05
1.07110075e-05
1.071082158e-05
1.071063564e-05
1.07104497e-05
1.071026376e-05
1.071007782e-05
1.07098919e-05
1.070970596e-05
1.070952002e-05
1.070933408e-05
1.070914816e-05
1.070896222e-05
1.070877628e-05
1.070859034e-05
1.07084044e-05
1.070821848e-05
1.070803254e-05
1.07078466e-05
1.070766066e-05
1.070747474e-05
1.07072888e-05
1.070710286e-05
1.070691692e-05
1.070673098e-05
1.070654506e-05
1.070635912e-05
1.070617318e-05
1.070598724e-05
1.070580132e-05
1.070561538e-05
1.070542944e-05
1.07052435e-05
1.070505756e-05
1.070487164e-05
1.07046857e-05
1.070449976e-05
1.070431382e-05
1.070412788e-05
1.070394196e-05
1.070375602e-05
1.070357008e-05
1.070338414e-05
1.070319822e-05
1.070301228e-05
1.070282634e-05
1.07026404e-05
1.070245446e-05
1.070226854e-05
1.07020826e-05
1.070189666e-05
1.070171072e-05
1.07015248e-05
1.070133886e-05
1.070115292e-05
1.070096698e-05
1.070078104e-05
1.070059512e-05
1.070040918e-05
1.070022324e-05
1.07000373e-05
1.069985136e-05
1.069966544e-05
1.06994795e-05
1.069929356e-05
1.069910762e-05
1.06989217e-05
1.069873576e-05
1.069854982e-05
1.069836388e-05
1.069817794e-05
1.069799202e-05
1.069780608e-05
1.069762014e-05
1.06974342e-05
1.069724828e-05
1.069706234e-05
1.06968764e-05
1.069669046e-05
1.069650452e-05
1.06963186e-05
1.069613266e-05
1.069594672e-05
1.069576078e-05
1.069557486e-05
1.069538892e-05
1.069520298e-05
1.069501704e-05
1.06948311e-05
1.069464518e-05
1.069445924e-05
1.06942733e-05
1.069408736e-05
1.069390142e-05
1.06937155e-05
1.069352956e-05
1.069334362e-05
1.069315768e-05
1.069297176e-05
1.069259988e-05
