1.1272599877e-05
1.1272599877e-05
1.1272413937e-05
1.1272227997e-05
1.1272042077e-05
1.1271856137e-05
1.1271670197e-05
1.1271484257e-05
1.1271298337e-05
1.1271112397e-05
1.1270926457e-05
1.1270740517e-05
1.1270554577e-05
1.1270368657e-05
1.1270182717e-05
1.1269996777e-05
1.1269810837e-05
1.1269624897e-05
1.1269438977e-05
1.1269253037e-05
1.1269067097e-05
1.1268881157e-05
1.1268695237e-05
1.1268509297e-05
1.1268323357e-05
1.1268137417e-05
1.1267951477e-05
1.1267765557e-05
1.1267579617e-05
1.1267393677e-05
1.1267207737e-05
1.1267021817e-05
1.1266835877e-05
1.1266649937e-05
1.1266463997e-05
1.1266278057e-05
1.1266092137e-05
1.1265906197e-05
1.1265720257e-05
1.1265534317e-05
1.1265348397e-05
1.1265162457e-05
1.1264976517e-05
1.1264790577e-05
1.1264604637e-05
1.1264418717e-05
1.1264232777e-05
1.1264046837e-05
1.1263860897e-05
1.1263674957e-05
1.1263489037e-05
1.1263303097e-05
1.1263117157e-05
1.1262931217e-05
1.1262745297e-05
1.1262559357e-05
1.1262373417e-05
1.1262187477e-05
1.1262001537e-05
1.1261815617e-05
1.1261629677e-05
1.1261443737e-05
1.1261257797e-05
1.1261071877e-05
1.1260885937e-05
1.1260699997e-05
1.1260514057e-05
1.1260328117e-05
1.1260142197e-05
1.1259956257e-05
1.1259770317e-05
1.1259584377e-05
1.1259398437e-05
1.1259212517e-05
1.1259026577e-05
1.1258840637e-05
1.1258654697e-05
1.1258468777e-05
1.1258282837e-05
1.1258096897e-05
1.1257910957e-05
1.1257725017e-05
1.1257539097e-05
1.1257353157e-05
1.1257167217e-05
1.1256981277e-05
1.1256795357e-05
1.1256609417e-05
1.1256423477e-05
1.1256237537e-05
1.1256051597e-05
1.1255865677e-05
1.1255679737e-05
1.1255493797e-05
1.1255307857e-05
1.1255121937e-05
1.1254935997e-05
1.1254750057e-05
1.1254564117e-05
1.1254378177e-05
1.1254192257e-05
1.1254006317e-05
1.1253820377e-05
1.1253634437e-05
1.1253448497e-05
1.1253262577e-05
1.1253076637e-05
1.1252890697e-05
1.1252704757e-05
1.1252518837e-05
1.1252332897e-05
1.1252146957e-05
1.1251961017e-05
1.1251775077e-05
1.1251589157e-05
1.1251403217e-05
1.1251217277e-05
1.1251031337e-05
1.1250845417e-05
1.1250659477e-05
1.1250473537e-05
1.1250287597e-05
1.1250101657e-05
1.1249915737e-05
1.1249729797e-05
1.1249543857e-05
1.1249357917e-05
1.1249171977e-05
1.1248986057e-05
1.1248800117e-05
1.1248614177e-05
1.1248428237e-05
1.1248242317e-05
1.1248056377e-05
1.1247870437e-05
1.1247684497e-05
1.1247498557e-05
1.1247312637e-05
1.1247126697e-05
1.1246940757e-05
1.1246754817e-05
1.1246568897e-05
1.1246382957e-05
1.1246197017e-05
1.1246011077e-05
1.1245825137e-05
1.1245639217e-05
1.1245453277e-05
1.1245267337e-05
1.1245081397e-05
1.1244895457e-05
1.1244709537e-05
1.1244523597e-05
1.1244337657e-05
1.1244151717e-05
1.1243965797e-05
1.1243779857e-05
1.1243593917e-05
1.1243407977e-05
1.1243222037e-05
1.1243036117e-05
1.1242850177e-05
1.1242664237e-05
1.1242478297e-05
1.1242292377e-05
1.1242106437e-05
1.1241920497e-05
1.1241734557e-05
1.1241548617e-05
1.1241362697e-05
1.1241176757e-05
1.1240990817e-05
1.1240804877e-05
1.1240618957e-05
1.1240433017e-05
1.1240247077e-05
1.1240061137e-05
1.1239875197e-05
1.1239689277e-05
1.1239503337e-05
1.1239317397e-05
1.1239131457e-05
1.1238945517e-05
1.1238759597e-05
1.1238573657e-05
1.1238387717e-05
1.1238201777e-05
1.1238015857e-05
1.1237829917e-05
1.1237643977e-05
1.1237458037e-05
1.1237272097e-05
1.1237086177e-05
1.1236900237e-05
1.1236714297e-05
1.1236528357e-05
1.1236342437e-05
1.1236156497e-05
1.1235970557e-05
1.1235784617e-05
1.1235598677e-05
1.1235412757e-05
1.1235226817e-05
1.1235040877e-05
1.1234854937e-05
1.1234668997e-05
1.1234483077e-05
1.1234297137e-05
1.1234111197e-05
1.1233925257e-05
1.1233739337e-05
1.1233553397e-05
1.1233367457e-05
1.1233181517e-05
1.1232995577e-05
1.1232809657e-05
1.1232623717e-05
1.1232437777e-05
1.1232251837e-05
1.1232065917e-05
1.1231879977e-05
1.1231694037e-05
1.1231508097e-05
1.1231322157e-05
1.1231136237e-05
1.1230950297e-05
1.1230764357e-05
1.1230578417e-05
1.1230392497e-05
1.1230206557e-05
1.1230020617e-05
1.1229834677e-05
1.1229648737e-05
1.1229462817e-05
1.1229276877e-05
1.1229090937e-05
1.1228904997e-05
1.1228719057e-05
1.1228533137e-05
1.1228347197e-05
1.1228161257e-05
1.1227975317e-05
1.1227789397e-05
1.1227603457e-05
1.1227417517e-05
1.1227231577e-05
1.1227045637e-05
1.1226859717e-05
1.1226673777e-05
1.1226487837e-05
1.1226301897e-05
1.1226115977e-05
1.1225930037e-05
1.1225744097e-05
1.1225558157e-05
1.1225372217e-05
1.1225186297e-05
1.1225000357e-05
1.1224814417e-05
1.1224628477e-05
1.1224442537e-05
1.1224256617e-05
1.1224070677e-05
1.1223884737e-05
1.1223698797e-05
1.1223512877e-05
1.1223326937e-05
1.1223140997e-05
1.1222955057e-05
1.1222769117e-05
1.1222583197e-05
1.1222397257e-05
1.1222211317e-05
1.1222025377e-05
1.1221839457e-05
1.1221653517e-05
1.1221467577e-05
1.1221281637e-05
1.1221095697e-05
1.1220909777e-05
1.1220723837e-05
1.1220537897e-05
1.1220351957e-05
1.1220166037e-05
1.1219980097e-05
1.1219794157e-05
1.1219608217e-05
1.1219422277e-05
1.1219236357e-05
1.1219050417e-05
1.1218864477e-05
1.1218678537e-05
1.1218492597e-05
1.1218306677e-05
1.1218120737e-05
1.1217934797e-05
1.1217748857e-05
1.1217562937e-05
1.1217376997e-05
1.1217191057e-05
1.1217005117e-05
1.1216819177e-05
1.1216633257e-05
1.1216447317e-05
1.1216261377e-05
1.1216075437e-05
1.1215889517e-05
1.1215703577e-05
1.1215517637e-05
1.1215331697e-05
1.1215145757e-05
1.1214959837e-05
1.1214773897e-05
1.1214587957e-05
1.1214402017e-05
1.1214216077e-05
1.1214030157e-05
1.1213844217e-05
1.1213658277e-05
1.1213472337e-05
1.1213286417e-05
1.1213100477e-05
1.1212914537e-05
1.1212728597e-05
1.1212542657e-05
1.1212356737e-05
1.1212170797e-05
1.1211984857e-05
1.1211798917e-05
1.1211612997e-05
1.1211427057e-05
1.1211241117e-05
1.1211055177e-05
1.1210869237e-05
1.1210683317e-05
1.1210497377e-05
1.1210311437e-05
1.1210125497e-05
1.1209939577e-05
1.1209753637e-05
1.1209567697e-05
1.1209381757e-05
1.1209195817e-05
1.1209009897e-05
1.1208823957e-05
1.1208638017e-05
1.1208452077e-05
1.1208266137e-05
1.1208080217e-05
1.1207894277e-05
1.1207708337e-05
1.1207522397e-05
1.1207336477e-05
1.1207150537e-05
1.1206964597e-05
1.1206778657e-05
1.1206592717e-05
1.1206406797e-05
1.1206220857e-05
1.1206034917e-05
1.1205848977e-05
1.1205663057e-05
1.1205477117e-05
1.1205291177e-05
1.1205105237e-05
1.1204919297e-05
1.1204733377e-05
1.1204547437e-05
1.1204361497e-05
1.1204175557e-05
1.1203989617e-05
1.1203803697e-05
1.1203617757e-05
1.1203431817e-05
1.1203245877e-05
1.1203059957e-05
1.1202874017e-05
1.1202688077e-05
1.1202502137e-05
1.1202316197e-05
1.1202130277e-05
1.1201944337e-05
1.1201758397e-05
1.1201572457e-05
1.1201386537e-05
1.1201200597e-05
1.1201014657e-05
1.1200828717e-05
1.1200642777e-05
1.1200456857e-05
1.1200270917e-05
1.1200084977e-05
1.1199899037e-05
1.1199713117e-05
1.1199527177e-05
1.1199341237e-05
1.1199155297e-05
1.1198969357e-05
1.1198783437e-05
1.1198597497e-05
1.1198411557e-05
1.1198225617e-05
1.1198039677e-05
1.1197853757e-05
1.1197667817e-05
1.1197481877e-05
1.1197295937e-05
1.1197110017e-05
1.1196924077e-05
1.1196738137e-05
1.1196552197e-05
1.1196366257e-05
1.1196180337e-05
1.1195994397e-05
1.1195808457e-05
1.1195622517e-05
1.1195436597e-05
1.1195250657e-05
1.1195064717e-05
1.1194878777e-05
1.1194692837e-05
1.1194506917e-05
1.1194320977e-05
1.1194135037e-05
1.1193949097e-05
1.1193763157e-05
1.1193577237e-05
1.1193391297e-05
1.1193205357e-05
1.1193019417e-05
1.1192833497e-05
1.1192647557e-05
1.1192461617e-05
1.1192275677e-05
1.1192089737e-05
1.1191903817e-05
1.1191717877e-05
1.1191531937e-05
1.1191345997e-05
1.1191160077e-05
1.1190974137e-05
1.1190788197e-05
1.1190602257e-05
1.1190416317e-05
1.1190230397e-05
1.1190044457e-05
1.1189858517e-05
1.1189672577e-05
1.1189486637e-05
1.1189300717e-05
1.1189114777e-05
1.1188928837e-05
1.1188742897e-05
1.1188556977e-05
1.1188371037e-05
1.1188185097e-05
1.1187999157e-05
1.1187813217e-05
1.1187627297e-05
1.1187441357e-05
1.1187255417e-05
1.1187069477e-05
1.1186883557e-05
1.1186697617e-05
1.1186511677e-05
1.1186325737e-05
1.1186139797e-05
1.1185953877e-05
1.1185767937e-05
1.1185581997e-05
1.1185396057e-05
1.1185210137e-05
1.1185024197e-05
1.1184838257e-05
1.1184652317e-05
1.1184466377e-05
1.1184280457e-05
1.1184094517e-05
1.1183908577e-05
1.1183722637e-05
1.1183536697e-05
1.1183350777e-05
1.1183164837e-05
1.1182978897e-05
1.1182792957e-05
1.1182607037e-05
1.1182421097e-05
1.1182235157e-05
1.1182049217e-05
1.1181863277e-05
1.1181677357e-05
1.1181491417e-05
1.1181305477e-05
1.1181119537e-05
1.1180933617e-05
1.1180747677e-05
1.1180561737e-05
1.1180375797e-05
1.1180189857e-05
1.1180003937e-05
1.1179817997e-05
1.1179632057e-05
1.1179446117e-05
1.1179260177e-05
1.1179074257e-05
1.1178888317e-05
1.1178702377e-05
1.1178516437e-05
1.1178330517e-05
1.1178144577e-05
1.1177958637e-05
1.1177772697e-05
1.1177586757e-05
1.1177400837e-05
1.1177214897e-05
1.1177028957e-05
1.1176843017e-05
1.1176657097e-05
1.1176471157e-05
1.1176285217e-05
1.1176099277e-05
1.1175913337e-05
1.1175727417e-05
1.1175541477e-05
1.1175355537e-05
1.1175169597e-05
1.1174983677e-05
1.1174797737e-05
1.1174611797e-05
1.1174425857e-05
1.1174239917e-05
1.1174053997e-05
1.1173868057e-05
1.1173682117e-05
1.1173496177e-05
1.1173310237e-05
1.1173124317e-05
1.1172938377e-05
1.1172752437e-05
1.1172566497e-05
1.1172380577e-05
1.1172194637e-05
1.1172008697e-05
1.1171822757e-05
1.1171636817e-05
1.1171450897e-05
1.1171264957e-05
1.1171079017e-05
1.1170893077e-05
1.1170707157e-05
1.1170521217e-05
1.1170335277e-05
1.1170149337e-05
1.1169963397e-05
1.1169777477e-05
1.1169591537e-05
1.1169405597e-05
1.1169219657e-05
1.1169033717e-05
1.1168847797e-05
1.1168661857e-05
1.1168475917e-05
1.1168289977e-05
1.1168104057e-05
1.1167918117e-05
1.1167732177e-05
1.1167546237e-05
1.1167360297e-05
1.1167174377e-05
1.1166988437e-05
1.1166802497e-05
1.1166616557e-05
1.1166430637e-05
1.1166244697e-05
1.1166058757e-05
1.1165872817e-05
1.1165686877e-05
1.1165500957e-05
1.1165315017e-05
1.1165129077e-05
1.1164943137e-05
1.1164757217e-05
1.1164571277e-05
1.1164385337e-05
1.1164199397e-05
1.1164013457e-05
1.1163827537e-05
1.1163641597e-05
1.1163455657e-05
1.1163269717e-05
1.1163083777e-05
1.1162897857e-05
1.1162711917e-05
1.1162525977e-05
1.1162340037e-05
1.1162154117e-05
1.1161968177e-05
1.1161782237e-05
1.1161596297e-05
1.1161410357e-05
1.1161224437e-05
1.1161038497e-05
1.1160852557e-05
1.1160666617e-05
1.1160480697e-05
1.1160294757e-05
1.1160108817e-05
1.1159922877e-05
1.1159736937e-05
1.1159551017e-05
1.1159365077e-05
1.1159179137e-05
1.1158993197e-05
1.1158807257e-05
1.1158621337e-05
1.1158435397e-05
1.1158249457e-05
1.1158063517e-05
1.1157877597e-05
1.1157691657e-05
1.1157505717e-05
1.1157319777e-05
1.1157133837e-05
1.1156947917e-05
1.1156761977e-05
1.1156576037e-05
1.1156390097e-05
1.1156204177e-05
1.1156018237e-05
1.1155832297e-05
1.1155646357e-05
1.1155460417e-05
1.1155274497e-05
1.1155088557e-05
1.1154902617e-05
1.1154716677e-05
1.1154530757e-05
1.1154344817e-05
1.1154158877e-05
1.1153972937e-05
1.1153786997e-05
1.1153601077e-05
1.1153415137e-05
1.1153229197e-05
1.1153043257e-05
1.1152857317e-05
1.1152671397e-05
1.1152485457e-05
1.1152299517e-05
1.1152113577e-05
1.1151927657e-05
1.1151741717e-05
1.1151555777e-05
1.1151369837e-05
1.1151183897e-05
1.1150997977e-05
1.1150812037e-05
1.1150626097e-05
1.1150440157e-05
1.1150254237e-05
1.1150068297e-05
1.1149882357e-05
1.1149696417e-05
1.1149510477e-05
1.1149324557e-05
1.1149138617e-05
1.1148952677e-05
1.1148766737e-05
1.1148580797e-05
1.1148394877e-05
1.1148208937e-05
1.1148022997e-05
1.1147837057e-05
1.1147651137e-05
1.1147465197e-05
1.1147279257e-05
1.1147093317e-05
1.1146907377e-05
1.1146721457e-05
1.1146535517e-05
1.1146349577e-05
1.1146163637e-05
1.1145977717e-05
1.1145791777e-05
1.1145605837e-05
1.1145419897e-05
1.1145233957e-05
1.1145048037e-05
1.1144862097e-05
1.1144676157e-05
1.1144490217e-05
1.1144304297e-05
1.1144118357e-05
1.1143932417e-05
1.1143746477e-05
1.1143560537e-05
1.1143374617e-05
1.1143188677e-05
1.1143002737e-05
1.1142816797e-05
1.1142630857e-05
1.1142444937e-05
1.1142258997e-05
1.1142073057e-05
1.1141887117e-05
1.1141701197e-05
1.1141515257e-05
1.1141329317e-05
1.1141143377e-05
1.1140957437e-05
1.1140771517e-05
1.1140585577e-05
1.1140399637e-05
1.1140213697e-05
1.1140027777e-05
1.1139841837e-05
1.1139655897e-05
1.1139469957e-05
1.1139284017e-05
1.1139098097e-05
1.1138912157e-05
1.1138726217e-05
1.1138540277e-05
1.1138354337e-05
1.1138168417e-05
1.1137982477e-05
1.1137796537e-05
1.1137610597e-05
1.1137424677e-05
1.1137238737e-05
1.1137052797e-05
1.1136866857e-05
1.1136680917e-05
1.1136494997e-05
1.1136309057e-05
1.1136123117e-05
1.1135937177e-05
1.1135751257e-05
1.1135565317e-05
1.1135379377e-05
1.1135193437e-05
1.1135007497e-05
1.1134821577e-05
1.1134635637e-05
1.1134449697e-05
1.1134263757e-05
1.1134077817e-05
1.1133891897e-05
1.1133705957e-05
1.1133520017e-05
1.1133334077e-05
1.1133148157e-05
1.1132962217e-05
1.1132776277e-05
1.1132590337e-05
1.1132404397e-05
1.1132218477e-05
1.1132032537e-05
1.1131846597e-05
1.1131660657e-05
1.1131474737e-05
1.1131288797e-05
1.1131102857e-05
1.1130916917e-05
1.1130730977e-05
1.1130545057e-05
1.1130359117e-05
1.1130173177e-05
1.1129987237e-05
1.1129801317e-05
1.1129615377e-05
1.1129429437e-05
1.1129243497e-05
1.1129057557e-05
1.1128871637e-05
1.1128685697e-05
1.1128499757e-05
1.1128313817e-05
1.1128127877e-05
1.1127941957e-05
1.1127756017e-05
1.1127570077e-05
1.1127384137e-05
1.1127198217e-05
1.1127012277e-05
1.1126826337e-05
1.1126640397e-05
1.1126454457e-05
1.1126268537e-05
1.1126082597e-05
1.1125896657e-05
1.1125710717e-05
1.1125524797e-05
1.1125338857e-05
1.1125152917e-05
1.1124966977e-05
1.1124781037e-05
1.1124595117e-05
1.1124409177e-05
1.1124223237e-05
1.1124037297e-05
1.1123851357e-05
1.1123665437e-05
1.1123479497e-05
1.1123293557e-05
1.1123107617e-05
1.1122921697e-05
1.1122735757e-05
1.1122549817e-05
1.1122363877e-05
1.1122177937e-05
1.1121992017e-05
1.1121806077e-05
1.1121620137e-05
1.1121434197e-05
1.1121248277e-05
1.1121062337e-05
1.1120876397e-05
1.1120690457e-05
1.1120504517e-05
1.1120318597e-05
1.1120132657e-05
1.1119946717e-05
1.1119760777e-05
1.1119574857e-05
1.1119388917e-05
1.1119202977e-05
1.1119017037e-05
1.1118831097e-05
1.1118645177e-05
1.1118459237e-05
1.1118273297e-05
1.1118087357e-05
1.1117901417e-05
1.1117715498e-05
1.1117529558e-05
1.1117343618e-05
1.1117157678e-05
1.1116971758e-05
1.1116785818e-05
1.1116599878e-05
1.1116413938e-05
1.1116227998e-05
1.1116042078e-05
1.1115856138e-05
1.1115670198e-05
1.1115484258e-05
1.1115298338e-05
1.1115112398e-05
1.1114926458e-05
1.1114740518e-05
1.1114554578e-05
1.1114368658e-05
1.1114182718e-05
1.1113996778e-05
1.1113810838e-05
1.1113624898e-05
1.1113438978e-05
1.1113253038e-05
1.1113067098e-05
1.1112881158e-05
1.1112695238e-05
1.1112509298e-05
1.1112323358e-05
1.1112137418e-05
1.1111951478e-05
1.1111765558e-05
1.1111579618e-05
1.1111393678e-05
1.1111207738e-05
1.1111021818e-05
1.1110835878e-05
1.1110649938e-05
1.1110463998e-05
1.1110278058e-05
1.1110092138e-05
1.1109906198e-05
1.1109720258e-05
1.1109534318e-05
1.1109348398e-05
1.1109162458e-05
1.1108976518e-05
1.1108790578e-05
1.1108604638e-05
1.1108418718e-05
1.1108232778e-05
1.1108046838e-05
1.1107860898e-05
1.1107674958e-05
1.1107489038e-05
1.1107303098e-05
1.1107117158e-05
1.1106931218e-05
1.1106745298e-05
1.1106559358e-05
1.1106373418e-05
1.1106187478e-05
1.1106001538e-05
1.1105815618e-05
1.1105629678e-05
1.1105443738e-05
1.1105257798e-05
1.1105071878e-05
1.1104885938e-05
1.1104699998e-05
1.1104514058e-05
1.1104328118e-05
1.1104142198e-05
1.1103956258e-05
1.1103770318e-05
1.1103584378e-05
1.1103398438e-05
1.1103212518e-05
1.1103026578e-05
1.1102840638e-05
1.1102654698e-05
1.1102468778e-05
1.1102282838e-05
1.1102096898e-05
1.1101910958e-05
1.1101725018e-05
1.1101539098e-05
1.1101353158e-05
1.1101167218e-05
1.1100981278e-05
1.1100795358e-05
1.1100609418e-05
1.1100423478e-05
1.1100237538e-05
1.1100051598e-05
1.1099865678e-05
1.1099679738e-05
1.1099493798e-05
1.1099307858e-05
1.1099121938e-05
1.1098935998e-05
1.1098750058e-05
1.1098564118e-05
1.1098378178e-05
1.1098192258e-05
1.1098006318e-05
1.1097820378e-05
1.1097634438e-05
1.1097448498e-05
1.1097262578e-05
1.1097076638e-05
1.1096890698e-05
1.1096704758e-05
1.1096518838e-05
1.1096332898e-05
1.1096146958e-05
1.1095961018e-05
1.1095775078e-05
1.1095589158e-05
1.1095403218e-05
1.1095217278e-05
1.1095031338e-05
1.1094845418e-05
1.1094659478e-05
1.1094473538e-05
1.1094287598e-05
1.1094101658e-05
1.1093915738e-05
1.1093729798e-05
1.1093543858e-05
1.1093357918e-05
1.1093171978e-05
1.1092986058e-05
1.1092800118e-05
1.1092614178e-05
1.1092428238e-05
1.1092242318e-05
1.1092056378e-05
1.1091870438e-05
1.1091684498e-05
1.1091498558e-05
1.1091312638e-05
1.1091126698e-05
1.1090940758e-05
1.1090754818e-05
1.1090568898e-05
1.1090382958e-05
1.1090197018e-05
1.1090011078e-05
1.1089825138e-05
1.1089639218e-05
1.1089453278e-05
1.1089267338e-05
1.1089081398e-05
1.1088895458e-05
1.1088709538e-05
1.1088523598e-05
1.1088337658e-05
1.1088151718e-05
1.1087965798e-05
1.1087779858e-05
1.1087593918e-05
1.1087407978e-05
1.1087222038e-05
1.1087036118e-05
1.1086850178e-05
1.1086664238e-05
1.1086478298e-05
1.1086292378e-05
1.1086106438e-05
1.1085920498e-05
1.1085734558e-05
1.1085548618e-05
1.1085362698e-05
1.1085176758e-05
1.1084990818e-05
1.1084804878e-05
1.1084618958e-05
1.1084433018e-05
1.1084247078e-05
1.1084061138e-05
1.1083875198e-05
1.1083689278e-05
1.1083503338e-05
1.1083317398e-05
1.1083131458e-05
1.1082945518e-05
1.1082759598e-05
1.1082573658e-05
1.1082387718e-05
1.1082201778e-05
1.1082015858e-05
1.1081829918e-05
1.1081643978e-05
1.1081458038e-05
1.1081272098e-05
1.1081086178e-05
1.1080900238e-05
1.1080714298e-05
1.1080528358e-05
1.1080342438e-05
1.1080156498e-05
1.1079970558e-05
1.1079784618e-05
1.1079598678e-05
1.1079412758e-05
1.1079226818e-05
1.1079040878e-05
1.1078854938e-05
1.1078668998e-05
1.1078483078e-05
1.1078297138e-05
1.1078111198e-05
1.1077925258e-05
1.1077739338e-05
1.1077553398e-05
1.1077367458e-05
1.1077181518e-05
1.1076995578e-05
1.1076809658e-05
1.1076623718e-05
1.1076437778e-05
1.1076251838e-05
1.1076065918e-05
1.1075879978e-05
1.1075694038e-05
1.1075508098e-05
1.1075322158e-05
1.1075136238e-05
1.1074950298e-05
1.1074764358e-05
1.1074578418e-05
1.1074392498e-05
1.1074206558e-05
1.1074020618e-05
1.1073834678e-05
1.1073648738e-05
1.1073462818e-05
1.1073276878e-05
1.1073090938e-05
1.1072904998e-05
1.1072719058e-05
1.1072533138e-05
1.1072347198e-05
1.1072161258e-05
1.1071975318e-05
1.1071789398e-05
1.1071603458e-05
1.1071417518e-05
1.1071231578e-05
1.1071045638e-05
1.1070859718e-05
1.1070673778e-05
1.1070487838e-05
1.1070301898e-05
1.1070115978e-05
1.1069930038e-05
1.1069744098e-05
1.1069558158e-05
1.1069372218e-05
1.1069186298e-05
1.1069000358e-05
1.1068814418e-05
1.1068628478e-05
1.1068442538e-05
1.1068256618e-05
1.1068070678e-05
1.1067884738e-05
1.1067698798e-05
1.1067512878e-05
1.1067326938e-05
1.1067140998e-05
1.1066955058e-05
1.1066769118e-05
1.1066583198e-05
1.1066397258e-05
1.1066211318e-05
1.1066025378e-05
1.1065839458e-05
1.1065653518e-05
1.1065467578e-05
1.1065281638e-05
1.1065095698e-05
1.1064909778e-05
1.1064723838e-05
1.1064537898e-05
1.1064351958e-05
1.1064166038e-05
1.1063980098e-05
1.1063794158e-05
1.1063608218e-05
1.1063422278e-05
1.1063236358e-05
1.1063050418e-05
1.1062864478e-05
1.1062678538e-05
1.1062492598e-05
1.1062306678e-05
1.1062120738e-05
1.1061934798e-05
1.1061748858e-05
1.1061562938e-05
1.1061376998e-05
1.1061191058e-05
1.1061005118e-05
1.1060819178e-05
1.1060633258e-05
1.1060447318e-05
1.1060261378e-05
1.1060075438e-05
1.1059889518e-05
1.1059703578e-05
1.1059517638e-05
1.1059331698e-05
1.1059145758e-05
1.1058959838e-05
1.1058773898e-05
1.1058587958e-05
1.1058402018e-05
1.1058216078e-05
1.1058030158e-05
1.1057844218e-05
1.1057658278e-05
1.1057472338e-05
1.1057286418e-05
1.1057100478e-05
1.1056914538e-05
1.1056728598e-05
1.1056542658e-05
1.1056356738e-05
1.1056170798e-05
1.1055984858e-05
1.1055798918e-05
1.1055612998e-05
1.1055427058e-05
1.1055241118e-05
1.1055055178e-05
1.1054869238e-05
1.1054683318e-05
1.1054497378e-05
1.1054311438e-05
1.1054125498e-05
1.1053939578e-05
1.1053753638e-05
1.1053567698e-05
1.1053381758e-05
1.1053195818e-05
1.1053009898e-05
1.1052823958e-05
1.1052638018e-05
1.1052452078e-05
1.1052266138e-05
1.1052080218e-05
1.1051894278e-05
1.1051708338e-05
1.1051522398e-05
1.1051336478e-05
1.1051150538e-05
1.1050964598e-05
1.1050778658e-05
1.1050592718e-05
1.1050406798e-05
1.1050220858e-05
1.1050034918e-05
1.1049848978e-05
1.1049663058e-05
1.1049477118e-05
1.1049291178e-05
1.1049105238e-05
1.1048919298e-05
1.1048733378e-05
1.1048547438e-05
1.1048361498e-05
1.1048175558e-05
1.1047989618e-05
1.1047803698e-05
1.1047617758e-05
1.1047431818e-05
1.1047245878e-05
1.1047059958e-05
1.1046874018e-05
1.1046688078e-05
1.1046502138e-05
1.1046316198e-05
1.1046130278e-05
1.1045944338e-05
1.1045758398e-05
1.1045572458e-05
1.1045386538e-05
1.1045200598e-05
1.1045014658e-05
1.1044828718e-05
1.1044642778e-05
1.1044456858e-05
1.1044270918e-05
1.1044084978e-05
1.1043899038e-05
1.1043713118e-05
1.1043527178e-05
1.1043341238e-05
1.1043155298e-05
1.1042969358e-05
1.1042783438e-05
1.1042597498e-05
1.1042411558e-05
1.1042225618e-05
1.1042039678e-05
1.1041853758e-05
1.1041667818e-05
1.1041481878e-05
1.1041295938e-05
1.1041110018e-05
1.1040924078e-05
1.1040738138e-05
1.1040552198e-05
1.1040366258e-05
1.1040180338e-05
1.1039994398e-05
1.1039808458e-05
1.1039622518e-05
1.1039436598e-05
1.1039250658e-05
1.1039064718e-05
1.1038878778e-05
1.1038692838e-05
1.1038506918e-05
1.1038320978e-05
1.1038135038e-05
1.1037949098e-05
1.1037763158e-05
1.1037577238e-05
1.1037391298e-05
1.1037205358e-05
1.1037019418e-05
1.1036833498e-05
1.1036647558e-05
1.1036461618e-05
1.1036275678e-05
1.1036089738e-05
1.1035903818e-05
1.1035717878e-05
1.1035531938e-05
1.1035345998e-05
1.1035160078e-05
1.1034974138e-05
1.1034788198e-05
1.1034602258e-05
1.1034416318e-05
1.1034230398e-05
1.1034044458e-05
1.1033858518e-05
1.1033672578e-05
1.1033486638e-05
1.1033300718e-05
1.1033114778e-05
1.1032928838e-05
1.1032742898e-05
1.1032556978e-05
1.1032371038e-05
1.1032185098e-05
1.1031999158e-05
1.1031813218e-05
1.1031627298e-05
1.1031441358e-05
1.1031255418e-05
1.1031069478e-05
1.1030883558e-05
1.1030697618e-05
1.1030511678e-05
1.1030325738e-05
1.1030139798e-05
1.1029953878e-05
1.1029767938e-05
1.1029581998e-05
1.1029396058e-05
1.1029210138e-05
1.1029024198e-05
1.1028838258e-05
1.1028652318e-05
1.1028466378e-05
1.1028280458e-05
1.1028094518e-05
1.1027908578e-05
1.1027722638e-05
1.1027536698e-05
1.1027350778e-05
1.1027164838e-05
1.1026978898e-05
1.1026792958e-05
1.1026607038e-05
1.1026421098e-05
1.1026235158e-05
1.1026049218e-05
1.1025863278e-05
1.1025677358e-05
1.1025491418e-05
1.1025305478e-05
1.1025119538e-05
1.1024933618e-05
1.1024747678e-05
1.1024561738e-05
1.1024375798e-05
1.1024189858e-05
1.1024003938e-05
1.1023817998e-05
1.1023632058e-05
1.1023446118e-05
1.1023260178e-05
1.1023074258e-05
1.1022888318e-05
1.1022702378e-05
1.1022516438e-05
1.1022330518e-05
1.1022144578e-05
1.1021958638e-05
1.1021772698e-05
1.1021586758e-05
1.1021400838e-05
1.1021214898e-05
1.1021028958e-05
1.1020843018e-05
1.1020657098e-05
1.1020471158e-05
1.1020285218e-05
1.1020099278e-05
1.1019913338e-05
1.1019727418e-05
1.1019541478e-05
1.1019355538e-05
1.1019169598e-05
1.1018983678e-05
1.1018797738e-05
1.1018611798e-05
1.1018425858e-05
1.1018239918e-05
1.1018053998e-05
1.1017868058e-05
1.1017682118e-05
1.1017496178e-05
1.1017310238e-05
1.1017124318e-05
1.1016938378e-05
1.1016752438e-05
1.1016566498e-05
1.1016380578e-05
1.1016194638e-05
1.1016008698e-05
1.1015822758e-05
1.1015636818e-05
1.1015450898e-05
1.1015264958e-05
1.1015079018e-05
1.1014893078e-05
1.1014707158e-05
1.1014521218e-05
1.1014335278e-05
1.1014149338e-05
1.1013963398e-05
1.1013777478e-05
1.1013591538e-05
1.1013405598e-05
1.1013219658e-05
1.1013033718e-05
1.1012847798e-05
1.1012661858e-05
1.1012475918e-05
1.1012289978e-05
1.1012104058e-05
1.1011918118e-05
1.1011732178e-05
1.1011546238e-05
1.1011360298e-05
1.1011174378e-05
1.1010988438e-05
1.1010802498e-05
1.1010616558e-05
1.1010430638e-05
1.1010244698e-05
1.1010058758e-05
1.1009872818e-05
1.1009686878e-05
1.1009500958e-05
1.1009315018e-05
1.1009129078e-05
1.1008943138e-05
1.1008757218e-05
1.1008571278e-05
1.1008385338e-05
1.1008199398e-05
1.1008013458e-05
1.1007827538e-05
1.1007641598e-05
1.1007455658e-05
1.1007269718e-05
1.1007083778e-05
1.1006897858e-05
1.1006711918e-05
1.1006525978e-05
1.1006340038e-05
1.1006154118e-05
1.1005968178e-05
1.1005782238e-05
1.1005596298e-05
1.1005410358e-05
1.1005224438e-05
1.1005038498e-05
1.1004852558e-05
1.1004666618e-05
1.1004480698e-05
1.1004294758e-05
1.1004108818e-05
1.1003922878e-05
1.1003736938e-05
1.1003551018e-05
1.1003365078e-05
1.1003179138e-05
1.1002993198e-05
1.1002807258e-05
1.1002621338e-05
1.1002435398e-05
1.1002249458e-05
1.1002063518e-05
1.1001877598e-05
1.1001691658e-05
1.1001505718e-05
1.1001319778e-05
1.1001133838e-05
1.1000947918e-05
1.1000761978e-05
1.1000576038e-05
1.1000390098e-05
1.1000204178e-05
1.1000018238e-05
1.0999832298e-05
1.0999646358e-05
1.0999460418e-05
1.0999274498e-05
1.0999088558e-05
1.0998902618e-05
1.0998716678e-05
1.0998530758e-05
1.0998344818e-05
1.0998158878e-05
1.0997972938e-05
1.0997786998e-05
1.0997601078e-05
1.0997415138e-05
1.0997229198e-05
1.0997043258e-05
1.0996857318e-05
1.0996671398e-05
1.0996485458e-05
1.0996299518e-05
1.0996113578e-05
1.0995927658e-05
1.0995741718e-05
1.0995555778e-05
1.0995369838e-05
1.0995183898e-05
1.0994997978e-05
1.0994812038e-05
1.0994626098e-05
1.0994440158e-05
1.0994254238e-05
1.0994068298e-05
1.0993882358e-05
1.0993696418e-05
1.0993510478e-05
1.0993324558e-05
1.0993138618e-05
1.0992952678e-05
1.0992766738e-05
1.0992580798e-05
1.0992394878e-05
1.0992208938e-05
1.0992022998e-05
1.0991837058e-05
1.0991651138e-05
1.0991465198e-05
1.0991279258e-05
1.0991093318e-05
1.0990907378e-05
1.0990721458e-05
1.0990535518e-05
1.0990349578e-05
1.0990163638e-05
1.0989977718e-05
1.0989791778e-05
1.0989605838e-05
1.0989419898e-05
1.0989233958e-05
1.0989048038e-05
1.0988862098e-05
1.0988676158e-05
1.0988490218e-05
1.0988304298e-05
1.0988118358e-05
1.0987932418e-05
1.0987746478e-05
1.0987560538e-05
1.0987374618e-05
1.0987188678e-05
1.0987002738e-05
1.0986816798e-05
1.0986630858e-05
1.0986444938e-05
1.0986258998e-05
1.0986073058e-05
1.0985887118e-05
1.0985701198e-05
1.0985515258e-05
1.0985329318e-05
1.0985143378e-05
1.0984957438e-05
1.0984771518e-05
1.0984585578e-05
1.0984399638e-05
1.0984213698e-05
1.0984027778e-05
1.0983841838e-05
1.0983655898e-05
1.0983469958e-05
1.0983284018e-05
1.0983098098e-05
1.0982912158e-05
1.0982726218e-05
1.0982540278e-05
1.0982354338e-05
1.0982168418e-05
1.0981982478e-05
1.0981796538e-05
1.0981610598e-05
1.0981424678e-05
1.0981238738e-05
1.0981052798e-05
1.0980866858e-05
1.0980680918e-05
1.0980494998e-05
1.0980309058e-05
1.0980123118e-05
1.0979937178e-05
1.0979751258e-05
1.0979565318e-05
1.0979379378e-05
1.0979193438e-05
1.0979007498e-05
1.0978821578e-05
1.0978635638e-05
1.0978449698e-05
1.0978263758e-05
1.0978077818e-05
1.0977891898e-05
1.0977705958e-05
1.0977520018e-05
1.0977334078e-05
1.0977148158e-05
1.0976962218e-05
1.0976776278e-05
1.0976590338e-05
1.0976404398e-05
1.0976218478e-05
1.0976032538e-05
1.0975846598e-05
1.0975660658e-05
1.0975474738e-05
1.0975288798e-05
1.0975102858e-05
1.0974916918e-05
1.0974730978e-05
1.0974545058e-05
1.0974359118e-05
1.0974173178e-05
1.0973987238e-05
1.0973801318e-05
1.0973615378e-05
1.0973429438e-05
1.0973243498e-05
1.0973057558e-05
1.0972871638e-05
1.0972685698e-05
1.0972499758e-05
1.0972313818e-05
1.0972127878e-05
1.0971941958e-05
1.0971756018e-05
1.0971570078e-05
1.0971384138e-05
1.0971198218e-05
1.0971012278e-05
1.0970826338e-05
1.0970640398e-05
1.0970454458e-05
1.0970268538e-05
1.0970082598e-05
1.0969896658e-05
1.0969710718e-05
1.0969524798e-05
1.0969338858e-05
1.0969152918e-05
1.0968966978e-05
1.0968781038e-05
1.0968595118e-05
1.0968409178e-05
1.0968223238e-05
1.0968037298e-05
1.0967851358e-05
1.0967665438e-05
1.0967479498e-05
1.0967293558e-05
1.0967107618e-05
1.0966921698e-05
1.0966735758e-05
1.0966549818e-05
1.0966363878e-05
1.0966177938e-05
1.0965992018e-05
1.0965806078e-05
1.0965620138e-05
1.0965434198e-05
1.0965248278e-05
1.0965062338e-05
1.0964876398e-05
1.0964690458e-05
1.0964504518e-05
1.0964318598e-05
1.0964132658e-05
1.0963946718e-05
1.0963760778e-05
1.0963574858e-05
1.0963388918e-05
1.0963202978e-05
1.0963017038e-05
1.0962831098e-05
1.0962645178e-05
1.0962459238e-05
1.0962273298e-05
1.0962087358e-05
1.0961901418e-05
1.0961715498e-05
1.0961529558e-05
1.0961343618e-05
1.0961157678e-05
1.0960971758e-05
1.0960785818e-05
1.0960599878e-05
1.0960413938e-05
1.0960227998e-05
1.0960042078e-05
1.0959856138e-05
1.0959670198e-05
1.0959484258e-05
1.0959298338e-05
1.0959112398e-05
1.0958926458e-05
1.0958740518e-05
1.0958554578e-05
1.0958368658e-05
1.0958182718e-05
1.0957996778e-05
1.0957810838e-05
1.0957624898e-05
1.0957438978e-05
1.0957253038e-05
1.0957067098e-05
1.0956881158e-05
1.0956695238e-05
1.0956509298e-05
1.0956323358e-05
1.0956137418e-05
1.0955951478e-05
1.0955765558e-05
1.0955579618e-05
1.0955393678e-05
1.0955207738e-05
1.0955021818e-05
1.0954835878e-05
1.0954649938e-05
1.0954463998e-05
1.0954278058e-05
1.0954092138e-05
1.0953906198e-05
1.0953720258e-05
1.0953534318e-05
1.0953348398e-05
1.0953162459e-05
1.0952976519e-05
1.0952790579e-05
1.0952604639e-05
1.0952418719e-05
1.0952232779e-05
1.0952046839e-05
1.0951860899e-05
1.0951674959e-05
1.0951489039e-05
1.0951303099e-05
1.0951117159e-05
1.0950931219e-05
1.0950745299e-05
1.0950559359e-05
1.0950373419e-05
1.0950187479e-05
1.0950001539e-05
1.0949815619e-05
1.0949629679e-05
1.0949443739e-05
1.0949257799e-05
1.0949071879e-05
1.0948885939e-05
1.0948699999e-05
1.0948514059e-05
1.0948328119e-05
1.0948142199e-05
1.0947956259e-05
1.0947770319e-05
1.0947584379e-05
1.0947398439e-05
1.0947212519e-05
1.0947026579e-05
1.0946840639e-05
1.0946654699e-05
1.0946468779e-05
1.0946282839e-05
1.0946096899e-05
1.0945910959e-05
1.0945725019e-05
1.0945539099e-05
1.0945353159e-05
1.0945167219e-05
1.0944981279e-05
1.0944795359e-05
1.0944609419e-05
1.0944423479e-05
1.0944237539e-05
1.0944051599e-05
1.0943865679e-05
1.0943679739e-05
1.0943493799e-05
1.0943307859e-05
1.0943121939e-05
1.0942935999e-05
1.0942750059e-05
1.0942564119e-05
1.0942378179e-05
1.0942192259e-05
1.0942006319e-05
1.0941820379e-05
1.0941634439e-05
1.0941448499e-05
1.0941262579e-05
1.0941076639e-05
1.0940890699e-05
1.0940704759e-05
1.0940518839e-05
1.0940332899e-05
1.0940146959e-05
1.0939961019e-05
1.0939775079e-05
1.0939589159e-05
1.0939403219e-05
1.0939217279e-05
1.0939031339e-05
1.0938845419e-05
1.0938659479e-05
1.0938473539e-05
1.0938287599e-05
1.0938101659e-05
1.0937915739e-05
1.0937729799e-05
1.0937543859e-05
1.0937357919e-05
1.0937171979e-05
1.0936986059e-05
1.0936800119e-05
1.0936614179e-05
1.0936428239e-05
1.0936242319e-05
1.0936056379e-05
1.0935870439e-05
1.0935684499e-05
1.0935498559e-05
1.0935312639e-05
1.0935126699e-05
1.0934940759e-05
1.0934754819e-05
1.0934568899e-05
1.0934382959e-05
1.0934197019e-05
1.0934011079e-05
1.0933825139e-05
1.0933639219e-05
1.0933453279e-05
1.0933267339e-05
1.0933081399e-05
1.0932895459e-05
1.0932709539e-05
1.0932523599e-05
1.0932337659e-05
1.0932151719e-05
1.0931965799e-05
1.0931779859e-05
1.0931593919e-05
1.0931407979e-05
1.0931222039e-05
1.0931036119e-05
1.0930850179e-05
1.0930664239e-05
1.0930478299e-05
1.0930292379e-05
1.0930106439e-05
1.0929920499e-05
1.0929734559e-05
1.0929548619e-05
1.0929362699e-05
1.0929176759e-05
1.0928990819e-05
1.0928804879e-05
1.0928618959e-05
1.0928433019e-05
1.0928247079e-05
1.0928061139e-05
1.0927875199e-05
1.0927689279e-05
1.0927503339e-05
1.0927317399e-05
1.0927131459e-05
1.0926945519e-05
1.0926759599e-05
1.0926573659e-05
1.0926387719e-05
1.0926201779e-05
1.0926015859e-05
1.0925829919e-05
1.0925643979e-05
1.0925458039e-05
1.0925272099e-05
1.0925086179e-05
1.0924900239e-05
1.0924714299e-05
1.0924528359e-05
1.0924342439e-05
1.0924156499e-05
1.0923970559e-05
1.0923784619e-05
1.0923598679e-05
1.0923412759e-05
1.0923226819e-05
1.0923040879e-05
1.0922854939e-05
1.0922668999e-05
1.0922483079e-05
1.0922297139e-05
1.0922111199e-05
1.0921925259e-05
1.0921739339e-05
1.0921553399e-05
1.0921367459e-05
1.0921181519e-05
1.0920995579e-05
1.0920809659e-05
1.0920623719e-05
1.0920437779e-05
1.0920251839e-05
1.0920065919e-05
1.0919879979e-05
1.0919694039e-05
1.0919508099e-05
1.0919322159e-05
1.0919136239e-05
1.0918950299e-05
1.0918764359e-05
1.0918578419e-05
1.0918392499e-05
1.0918206559e-05
1.0918020619e-05
1.0917834679e-05
1.0917648739e-05
1.0917462819e-05
1.0917276879e-05
1.0917090939e-05
1.0916904999e-05
1.0916719059e-05
1.0916533139e-05
1.0916347199e-05
1.0916161259e-05
1.0915975319e-05
1.0915789399e-05
1.0915603459e-05
1.0915417519e-05
1.0915231579e-05
1.0915045639e-05
1.0914859719e-05
1.0914673779e-05
1.0914487839e-05
1.0914301899e-05
1.0914115979e-05
1.0913930039e-05
1.0913744099e-05
1.0913558159e-05
1.0913372219e-05
1.0913186299e-05
1.0913000359e-05
1.0912814419e-05
1.0912628479e-05
1.0912442539e-05
1.0912256619e-05
1.0912070679e-05
1.0911884739e-05
1.0911698799e-05
1.0911512879e-05
1.0911326939e-05
1.0911140999e-05
1.0910955059e-05
1.0910769119e-05
1.0910583199e-05
1.0910397259e-05
1.0910211319e-05
1.0910025379e-05
1.0909839459e-05
1.0909653519e-05
1.0909467579e-05
1.0909281639e-05
1.0909095699e-05
1.0908909779e-05
1.0908723839e-05
1.0908537899e-05
1.0908351959e-05
1.0908166039e-05
1.0907980099e-05
1.0907794159e-05
1.0907608219e-05
1.0907422279e-05
1.0907236359e-05
1.0907050419e-05
1.0906864479e-05
1.0906678539e-05
1.0906492599e-05
1.0906306679e-05
1.0906120739e-05
1.0905934799e-05
1.0905748859e-05
1.0905562939e-05
1.0905376999e-05
1.0905191059e-05
1.0905005119e-05
1.0904819179e-05
1.0904633259e-05
1.0904447319e-05
1.0904261379e-05
1.0904075439e-05
1.0903889519e-05
1.0903703579e-05
1.0903517639e-05
1.0903331699e-05
1.0903145759e-05
1.0902959839e-05
1.0902773899e-05
1.0902587959e-05
1.0902402019e-05
1.0902216079e-05
1.0902030159e-05
1.0901844219e-05
1.0901658279e-05
1.0901472339e-05
1.0901286419e-05
1.0901100479e-05
1.0900914539e-05
1.0900728599e-05
1.0900542659e-05
1.0900356739e-05
1.0900170799e-05
1.0899984859e-05
1.0899798919e-05
1.0899612999e-05
1.0899427059e-05
1.0899241119e-05
1.0899055179e-05
1.0898869239e-05
1.0898683319e-05
1.0898497379e-05
1.0898311439e-05
1.0898125499e-05
1.0897939579e-05
1.0897753639e-05
1.0897567699e-05
1.0897381759e-05
1.0897195819e-05
1.0897009899e-05
1.0896823959e-05
1.0896638019e-05
1.0896452079e-05
1.0896266139e-05
1.0896080219e-05
1.0895894279e-05
1.0895708339e-05
1.0895522399e-05
1.0895336479e-05
1.0895150539e-05
1.0894964599e-05
1.0894778659e-05
1.0894592719e-05
1.0894406799e-05
1.0894220859e-05
1.0894034919e-05
1.0893848979e-05
1.0893663059e-05
1.0893477119e-05
1.0893291179e-05
1.0893105239e-05
1.0892919299e-05
1.0892733379e-05
1.0892547439e-05
1.0892361499e-05
1.0892175559e-05
1.0891989619e-05
1.0891803699e-05
1.0891617759e-05
1.0891431819e-05
1.0891245879e-05
1.0891059959e-05
1.0890874019e-05
1.0890688079e-05
1.0890502139e-05
1.0890316199e-05
1.0890130279e-05
1.0889944339e-05
1.0889758399e-05
1.0889572459e-05
1.0889386539e-05
1.0889200599e-05
1.0889014659e-05
1.0888828719e-05
1.0888642779e-05
1.0888456859e-05
1.0888270919e-05
1.0888084979e-05
1.0887899039e-05
1.0887713119e-05
1.0887527179e-05
1.0887341239e-05
1.0887155299e-05
1.0886969359e-05
1.0886783439e-05
1.0886597499e-05
1.0886411559e-05
1.0886225619e-05
1.0886039679e-05
1.0885853759e-05
1.0885667819e-05
1.0885481879e-05
1.0885295939e-05
1.0885110019e-05
1.0884924079e-05
1.0884738139e-05
1.0884552199e-05
1.0884366259e-05
1.0884180339e-05
1.0883994399e-05
1.0883808459e-05
1.0883622519e-05
1.0883436599e-05
1.0883250659e-05
1.0883064719e-05
1.0882878779e-05
1.0882692839e-05
1.0882506919e-05
1.0882320979e-05
1.0882135039e-05
1.0881949099e-05
1.0881763159e-05
1.0881577239e-05
1.0881391299e-05
1.0881205359e-05
1.0881019419e-05
1.0880833499e-05
1.0880647559e-05
1.0880461619e-05
1.0880275679e-05
1.0880089739e-05
1.0879903819e-05
1.0879717879e-05
1.0879531939e-05
1.0879345999e-05
1.0879160079e-05
1.0878974139e-05
1.0878788199e-05
1.0878602259e-05
1.0878416319e-05
1.0878230399e-05
1.0878044459e-05
1.0877858519e-05
1.0877672579e-05
1.0877486639e-05
1.0877300719e-05
1.0877114779e-05
1.0876928839e-05
1.0876742899e-05
1.0876556979e-05
1.0876371039e-05
1.0876185099e-05
1.0875999159e-05
1.0875813219e-05
1.0875627299e-05
1.0875441359e-05
1.0875255419e-05
1.0875069479e-05
1.0874883559e-05
1.0874697619e-05
1.0874511679e-05
1.0874325739e-05
1.0874139799e-05
1.0873953879e-05
1.0873767939e-05
1.0873581999e-05
1.0873396059e-05
1.0873210139e-05
1.0873024199e-05
1.0872838259e-05
1.0872652319e-05
1.0872466379e-05
1.0872280459e-05
1.0872094519e-05
1.0871908579e-05
1.0871722639e-05
1.0871536699e-05
1.0871350779e-05
1.0871164839e-05
1.0870978899e-05
1.0870792959e-05
1.0870607039e-05
1.0870421099e-05
1.0870235159e-05
1.0870049219e-05
1.0869863279e-05
1.0869677359e-05
1.0869491419e-05
1.0869305479e-05
1.0869119539e-05
1.0868933619e-05
1.0868747679e-05
1.0868561739e-05
1.0868375799e-05
1.0868189859e-05
1.0868003939e-05
1.0867817999e-05
1.0867632059e-05
1.0867446119e-05
1.0867260179e-05
1.0867074259e-05
1.0866888319e-05
1.0866702379e-05
1.0866516439e-05
1.0866330519e-05
1.0866144579e-05
1.0865958639e-05
1.0865772699e-05
1.0865586759e-05
1.0865400839e-05
1.0865214899e-05
1.0865028959e-05
1.0864843019e-05
1.0864657099e-05
1.0864471159e-05
1.0864285219e-05
1.0864099279e-05
1.0863913339e-05
1.0863727419e-05
1.0863541479e-05
1.0863355539e-05
1.0863169599e-05
1.0862983679e-05
1.0862797739e-05
1.0862611799e-05
1.0862425859e-05
1.0862239919e-05
1.0862053999e-05
1.0861868059e-05
1.0861682119e-05
1.0861496179e-05
1.0861310239e-05
1.0861124319e-05
1.0860938379e-05
1.0860752439e-05
1.0860566499e-05
1.0860380579e-05
1.0860194639e-05
1.0860008699e-05
1.0859822759e-05
1.0859636819e-05
1.0859450899e-05
1.0859264959e-05
1.0859079019e-05
1.0858893079e-05
1.0858707159e-05
1.0858521219e-05
1.0858335279e-05
1.0858149339e-05
1.0857963399e-05
1.0857777479e-05
1.0857591539e-05
1.0857405599e-05
1.0857219659e-05
1.0857033719e-05
1.0856847799e-05
1.0856661859e-05
1.0856475919e-05
1.0856289979e-05
1.0856104059e-05
1.0855918119e-05
1.0855732179e-05
1.0855546239e-05
1.0855360299e-05
1.0855174379e-05
1.0854988439e-05
1.0854802499e-05
1.0854616559e-05
1.0854430639e-05
1.0854244699e-05
1.0854058759e-05
1.0853872819e-05
1.0853686879e-05
1.0853500959e-05
1.0853315019e-05
1.0853129079e-05
1.0852943139e-05
1.0852757219e-05
1.0852571279e-05
1.0852385339e-05
1.0852199399e-05
1.0852013459e-05
1.0851827539e-05
1.0851641599e-05
1.0851455659e-05
1.0851269719e-05
1.0851083779e-05
1.0850897859e-05
1.0850711919e-05
1.0850525979e-05
1.0850340039e-05
1.0850154119e-05
1.0849968179e-05
1.0849782239e-05
1.0849596299e-05
1.0849410359e-05
1.0849224439e-05
1.0849038499e-05
1.0848852559e-05
1.0848666619e-05
1.0848480699e-05
1.0848294759e-05
1.0848108819e-05
1.0847922879e-05
1.0847736939e-05
1.0847551019e-05
1.0847365079e-05
1.0847179139e-05
1.0846993199e-05
1.0846807259e-05
1.0846621339e-05
1.0846435399e-05
1.0846249459e-05
1.0846063519e-05
1.0845877599e-05
1.0845691659e-05
1.0845505719e-05
1.0845319779e-05
1.0845133839e-05
1.0844947919e-05
1.0844761979e-05
1.0844576039e-05
1.0844390099e-05
1.0844204179e-05
1.0844018239e-05
1.0843832299e-05
1.0843646359e-05
1.0843460419e-05
1.0843274499e-05
1.0843088559e-05
1.0842902619e-05
1.0842716679e-05
1.0842530759e-05
1.0842344819e-05
1.0842158879e-05
1.0841972939e-05
1.0841786999e-05
1.0841601079e-05
1.0841415139e-05
1.0841229199e-05
1.0841043259e-05
1.0840857319e-05
1.0840671399e-05
1.0840485459e-05
1.0840299519e-05
1.0840113579e-05
1.0839927659e-05
1.0839741719e-05
1.0839555779e-05
1.0839369839e-05
1.0839183899e-05
1.0838997979e-05
1.0838812039e-05
1.0838626099e-05
1.0838440159e-05
1.0838254239e-05
1.0838068299e-05
1.0837882359e-05
1.0837696419e-05
1.0837510479e-05
1.0837324559e-05
1.0837138619e-05
1.0836952679e-05
1.0836766739e-05
1.0836580799e-05
1.0836394879e-05
1.0836208939e-05
1.0836022999e-05
1.0835837059e-05
1.0835651139e-05
1.0835465199e-05
1.0835279259e-05
1.0835093319e-05
1.0834907379e-05
1.0834721459e-05
1.0834535519e-05
1.0834349579e-05
1.0834163639e-05
1.0833977719e-05
1.0833791779e-05
1.0833605839e-05
1.0833419899e-05
1.0833233959e-05
1.0833048039e-05
1.0832862099e-05
1.0832676159e-05
1.0832490219e-05
1.0832304299e-05
1.0832118359e-05
1.0831932419e-05
1.0831746479e-05
1.0831560539e-05
1.0831374619e-05
1.0831188679e-05
1.0831002739e-05
1.0830816799e-05
1.0830630859e-05
1.0830444939e-05
1.0830258999e-05
1.0830073059e-05
1.0829887119e-05
1.0829701199e-05
1.0829515259e-05
1.0829329319e-05
1.0829143379e-05
1.0828957439e-05
1.0828771519e-05
1.0828585579e-05
1.0828399639e-05
1.0828213699e-05
1.0828027779e-05
1.0827841839e-05
1.0827655899e-05
1.0827469959e-05
1.0827284019e-05
1.0827098099e-05
1.0826912159e-05
1.0826726219e-05
1.0826540279e-05
1.0826354339e-05
1.0826168419e-05
1.0825982479e-05
1.0825796539e-05
1.0825610599e-05
1.0825424679e-05
1.0825238739e-05
1.0825052799e-05
1.0824866859e-05
1.0824680919e-05
1.0824494999e-05
1.0824309059e-05
1.0824123119e-05
1.0823937179e-05
1.0823751259e-05
1.0823565319e-05
1.0823379379e-05
1.0823193439e-05
1.0823007499e-05
1.0822821579e-05
1.0822635639e-05
1.0822449699e-05
1.0822263759e-05
1.0822077819e-05
1.0821891899e-05
1.0821705959e-05
1.0821520019e-05
1.0821334079e-05
1.0821148159e-05
1.0820962219e-05
1.0820776279e-05
1.0820590339e-05
1.0820404399e-05
1.0820218479e-05
1.0820032539e-05
1.0819846599e-05
1.0819660659e-05
1.0819474739e-05
1.0819288799e-05
1.0819102859e-05
1.0818916919e-05
1.0818730979e-05
1.0818545059e-05
1.0818359119e-05
1.0818173179e-05
1.0817987239e-05
1.0817801319e-05
1.0817615379e-05
1.0817429439e-05
1.0817243499e-05
1.0817057559e-05
1.0816871639e-05
1.0816685699e-05
1.0816499759e-05
1.0816313819e-05
1.0816127879e-05
1.0815941959e-05
1.0815756019e-05
1.0815570079e-05
1.0815384139e-05
1.0815198219e-05
1.0815012279e-05
1.0814826339e-05
1.0814640399e-05
1.0814454459e-05
1.0814268539e-05
1.0814082599e-05
1.0813896659e-05
1.0813710719e-05
1.0813524799e-05
1.0813338859e-05
1.0813152919e-05
1.0812966979e-05
1.0812781039e-05
1.0812595119e-05
1.0812409179e-05
1.0812223239e-05
1.0812037299e-05
1.0811851359e-05
1.0811665439e-05
1.0811479499e-05
1.0811293559e-05
1.0811107619e-05
1.0810921699e-05
1.0810735759e-05
1.0810549819e-05
1.0810363879e-05
1.0810177939e-05
1.0809992019e-05
1.0809806079e-05
1.0809620139e-05
1.0809434199e-05
1.0809248279e-05
1.0809062339e-05
1.0808876399e-05
1.0808690459e-05
1.0808504519e-05
1.0808318599e-05
1.0808132659e-05
1.0807946719e-05
1.0807760779e-05
1.0807574859e-05
1.0807388919e-05
1.0807202979e-05
1.0807017039e-05
1.0806831099e-05
1.0806645179e-05
1.0806459239e-05
1.0806273299e-05
1.0806087359e-05
1.0805901419e-05
1.0805715499e-05
1.0805529559e-05
1.0805343619e-05
1.0805157679e-05
1.0804971759e-05
1.0804785819e-05
1.0804599879e-05
1.0804413939e-05
1.0804227999e-05
1.0804042079e-05
1.0803856139e-05
1.0803670199e-05
1.0803484259e-05
1.0803298339e-05
1.0803112399e-05
1.0802926459e-05
1.0802740519e-05
1.0802554579e-05
1.0802368659e-05
1.0802182719e-05
1.0801996779e-05
1.0801810839e-05
1.0801624899e-05
1.0801438979e-05
1.0801253039e-05
1.0801067099e-05
1.0800881159e-05
1.0800695239e-05
1.0800509299e-05
1.0800323359e-05
1.0800137419e-05
1.0799951479e-05
1.0799765559e-05
1.0799579619e-05
1.0799393679e-05
1.0799207739e-05
1.0799021819e-05
1.0798835879e-05
1.0798649939e-05
1.0798463999e-05
1.0798278059e-05
1.0798092139e-05
1.0797906199e-05
1.0797720259e-05
1.0797534319e-05
1.0797348399e-05
1.0797162459e-05
1.0796976519e-05
1.0796790579e-05
1.0796604639e-05
1.0796418719e-05
1.0796232779e-05
1.0796046839e-05
1.0795860899e-05
1.0795674959e-05
1.0795489039e-05
1.0795303099e-05
1.0795117159e-05
1.0794931219e-05
1.0794745299e-05
1.0794559359e-05
1.0794373419e-05
1.0794187479e-05
1.0794001539e-05
1.0793815619e-05
1.0793629679e-05
1.0793443739e-05
1.0793257799e-05
1.0793071879e-05
1.0792885939e-05
1.0792699999e-05
1.0792514059e-05
1.0792328119e-05
1.0792142199e-05
1.0791956259e-05
1.0791770319e-05
1.0791584379e-05
1.0791398439e-05
1.0791212519e-05
1.0791026579e-05
1.0790840639e-05
1.0790654699e-05
1.0790468779e-05
1.0790282839e-05
1.0790096899e-05
1.0789910959e-05
1.0789725019e-05
1.0789539099e-05
1.0789353159e-05
1.0789167219e-05
1.0788981279e-05
1.0788795359e-05
1.078860942e-05
1.078842348e-05
1.078823754e-05
1.07880516e-05
1.078786568e-05
1.078767974e-05
1.07874938e-05
1.078730786e-05
1.078712194e-05
1.0786936e-05
1.078675006e-05
1.078656412e-05
1.078637818e-05
1.078619226e-05
1.078600632e-05
1.078582038e-05
1.078563444e-05
1.07854485e-05
1.078526258e-05
1.078507664e-05
1.07848907e-05
1.078470476e-05
1.078451884e-05
1.07843329e-05
1.078414696e-05
1.078396102e-05
1.078377508e-05
1.078358916e-05
1.078340322e-05
1.078321728e-05
1.078303134e-05
1.078284542e-05
1.078265948e-05
1.078247354e-05
1.07822876e-05
1.078210166e-05
1.078191574e-05
1.07817298e-05
1.078154386e-05
1.078135792e-05
1.078117198e-05
1.078098606e-05
1.078080012e-05
1.078061418e-05
1.078042824e-05
1.078024232e-05
1.078005638e-05
1.077987044e-05
1.07796845e-05
1.077949856e-05
1.077931264e-05
1.07791267e-05
1.077894076e-05
1.077875482e-05
1.07785689e-05
1.077838296e-05
1.077819702e-05
1.077801108e-05
1.077782514e-05
1.077763922e-05
1.077745328e-05
1.077726734e-05
1.07770814e-05
1.077689546e-05
1.077670954e-05
1.07765236e-05
1.077633766e-05
1.077615172e-05
1.07759658e-05
1.077577986e-05
1.077559392e-05
1.077540798e-05
1.077522204e-05
1.077503612e-05
1.077485018e-05
1.077466424e-05
1.07744783e-05
1.077429238e-05
1.077410644e-05
1.07739205e-05
1.077373456e-05
1.077354862e-05
1.07733627e-05
1.077317676e-05
1.077299082e-05
1.077280488e-05
1.077261896e-05
1.077243302e-05
1.077224708e-05
1.077206114e-05
1.07718752e-05
1.077168928e-05
1.077150334e-05
1.07713174e-05
1.077113146e-05
1.077094552e-05
1.07707596e-05
1.077057366e-05
1.077038772e-05
1.077020178e-05
1.077001586e-05
1.076982992e-05
1.076964398e-05
1.076945804e-05
1.07692721e-05
1.076908618e-05
1.076890024e-05
1.07687143e-05
1.076852836e-05
1.076834244e-05
1.07681565e-05
1.076797056e-05
1.076778462e-05
1.076759868e-05
1.076741276e-05
1.076722682e-05
1.076704088e-05
1.076685494e-05
1.0766669e-05
1.076648308e-05
1.076629714e-05
1.07661112e-05
1.076592526e-05
1.076573934e-05
1.07655534e-05
1.076536746e-05
1.076518152e-05
1.076499558e-05
1.076480966e-05
1.076462372e-05
1.076443778e-05
1.076425184e-05
1.076406592e-05
1.076387998e-05
1.076369404e-05
1.07635081e-05
1.076332216e-05
1.076313624e-05
1.07629503e-05
1.076276436e-05
1.076257842e-05
1.07623925e-05
1.076220656e-05
1.076202062e-05
1.076183468e-05
1.076164874e-05
1.076146282e-05
1.076127688e-05
1.076109094e-05
1.0760905e-05
1.076071906e-05
1.076053314e-05
1.07603472e-05
1.076016126e-05
1.075997532e-05
1.07597894e-05
1.075960346e-05
1.075941752e-05
1.075923158e-05
1.075904564e-05
1.075885972e-05
1.075867378e-05
1.075848784e-05
1.07583019e-05
1.075811598e-05
1.075793004e-05
1.07577441e-05
1.075755816e-05
1.075737222e-05
1.07571863e-05
1.075700036e-05
1.075681442e-05
1.075662848e-05
1.075644254e-05
1.075625662e-05
1.075607068e-05
1.075588474e-05
1.07556988e-05
1.075551288e-05
1.075532694e-05
1.0755141e-05
1.075495506e-05
1.075476912e-05
1.07545832e-05
1.075439726e-05
1.075421132e-05
1.075402538e-05
1.075383946e-05
1.075365352e-05
1.075346758e-05
1.075328164e-05
1.07530957e-05
1.075290978e-05
1.075272384e-05
1.07525379e-05
1.075235196e-05
1.075216604e-05
1.07519801e-05
1.075179416e-05
1.075160822e-05
1.075142228e-05
1.075123636e-05
1.075105042e-05
1.075086448e-05
1.075067854e-05
1.07504926e-05
1.075030668e-05
1.075012074e-05
1.07499348e-05
1.074974886e-05
1.074956294e-05
1.0749377e-05
1.074919106e-05
1.074900512e-05
1.074881918e-05
1.074863326e-05
1.074844732e-05
1.074826138e-05
1.074807544e-05
1.074788952e-05
1.074770358e-05
1.074751764e-05
1.07473317e-05
1.074714576e-05
1.074695984e-05
1.07467739e-05
1.074658796e-05
1.074640202e-05
1.074621608e-05
1.074603016e-05
1.074584422e-05
1.074565828e-05
1.074547234e-05
1.074528642e-05
1.074510048e-05
1.074491454e-05
1.07447286e-05
1.074454266e-05
1.074435674e-05
1.07441708e-05
1.074398486e-05
1.074379892e-05
1.0743613e-05
1.074342706e-05
1.074324112e-05
1.074305518e-05
1.074286924e-05
1.074268332e-05
1.074249738e-05
1.074231144e-05
1.07421255e-05
1.074193958e-05
1.074175364e-05
1.07415677e-05
1.074138176e-05
1.074119582e-05
1.07410099e-05
1.074082396e-05
1.074063802e-05
1.074045208e-05
1.074026614e-05
1.074008022e-05
1.073989428e-05
1.073970834e-05
1.07395224e-05
1.073933648e-05
1.073915054e-05
1.07389646e-05
1.073877866e-05
1.073859272e-05
1.07384068e-05
1.073822086e-05
1.073803492e-05
1.073784898e-05
1.073766306e-05
1.073747712e-05
1.073729118e-05
1.073710524e-05
1.07369193e-05
1.073673338e-05
1.073654744e-05
1.07363615e-05
1.073617556e-05
1.073598962e-05
1.07358037e-05
1.073561776e-05
1.073543182e-05
1.073524588e-05
1.073505996e-05
1.073487402e-05
1.073468808e-05
1.073450214e-05
1.07343162e-05
1.073413028e-05
1.073394434e-05
1.07337584e-05
1.073357246e-05
1.073338654e-05
1.07332006e-05
1.073301466e-05
1.073282872e-05
1.073264278e-05
1.073245686e-05
1.073227092e-05
1.073208498e-05
1.073189904e-05
1.073171312e-05
1.073152718e-05
1.073134124e-05
1.07311553e-05
1.073096936e-05
1.073078344e-05
1.07305975e-05
1.073041156e-05
1.073022562e-05
1.073003968e-05
1.072985376e-05
1.072966782e-05
1.072948188e-05
1.072929594e-05
1.072911002e-05
1.072892408e-05
1.072873814e-05
1.07285522e-05
1.072836626e-05
1.072818034e-05
1.07279944e-05
1.072780846e-05
1.072762252e-05
1.07274366e-05
1.072725066e-05
1.072706472e-05
1.072687878e-05
1.072669284e-05
1.072650692e-05
1.072632098e-05
1.072613504e-05
1.07259491e-05
1.072576316e-05
1.072557724e-05
1.07253913e-05
1.072520536e-05
1.072501942e-05
1.07248335e-05
1.072464756e-05
1.072446162e-05
1.072427568e-05
1.072408974e-05
1.072390382e-05
1.072371788e-05
1.072353194e-05
1.0723346e-05
1.072316008e-05
1.072297414e-05
1.07227882e-05
1.072260226e-05
1.072241632e-05
1.07222304e-05
1.072204446e-05
1.072185852e-05
1.072167258e-05
1.072148664e-05
1.072130072e-05
1.072111478e-05
1.072092884e-05
1.07207429e-05
1.072055698e-05
1.072037104e-05
1.07201851e-05
1.071999916e-05
1.071981322e-05
1.07196273e-05
1.071944136e-05
1.071925542e-05
1.071906948e-05
1.071888356e-05
1.071869762e-05
1.071851168e-05
1.071832574e-05
1.07181398e-05
1.071795388e-05
1.071776794e-05
1.0717582e-05
1.071739606e-05
1.071721014e-05
1.07170242e-05
1.071683826e-05
1.071665232e-05
1.071646638e-05
1.071628046e-05
1.071609452e-05
1.071590858e-05
1.071572264e-05
1.07155367e-05
1.071535078e-05
1.071516484e-05
1.07149789e-05
1.071479296e-05
1.071460704e-05
1.07144211e-05
1.071423516e-05
1.071404922e-05
1.071386328e-05
1.071367736e-05
1.071349142e-05
1.071330548e-05
1.071311954e-05
1.071293362e-05
1.071274768e-05
1.071256174e-05
1.07123758e-05
1.071218986e-05
1.071200394e-05
1.0711818e-05
1.071163206e-05
1.071144612e-05
1.071126018e-05
1.071107426e-05
1.071088832e-05
1.071070238e-05
1.071051644e-05
1.071033052e-05
1.071014458e-05
1.070995864e-05
1.07097727e-05
1.070958676e-05
1.070940084e-05
1.07092149e-05
1.070902896e-05
1.070884302e-05
1.07086571e-05
1.070847116e-05
1.070828522e-05
1.070809928e-05
1.070791334e-05
1.070772742e-05
1.070754148e-05
1.070735554e-05
1.07071696e-05
1.070698368e-05
1.070679774e-05
1.07066118e-05
1.070642586e-05
1.070623992e-05
1.0706054e-05
1.070586806e-05
1.070568212e-05
1.070549618e-05
1.070531024e-05
1.070512432e-05
1.070493838e-05
1.070475244e-05
1.07045665e-05
1.070438058e-05
1.070419464e-05
1.07040087e-05
1.070382276e-05
1.070363682e-05
1.07034509e-05
1.070326496e-05
1.070307902e-05
1.070289308e-05
1.070270716e-05
1.070252122e-05
1.070233528e-05
1.070214934e-05
1.07019634e-05
1.070177748e-05
1.070159154e-05
1.07014056e-05
1.070121966e-05
1.070103372e-05
1.07008478e-05
1.070066186e-05
1.070047592e-05
1.070028998e-05
1.070010406e-05
1.069991812e-05
1.069973218e-05
1.069954624e-05
1.06993603e-05
1.069917438e-05
1.069898844e-05
1.06988025e-05
1.069861656e-05
1.069843064e-05
1.06982447e-05
1.069805876e-05
1.069787282e-05
1.069768688e-05
1.069750096e-05
1.069731502e-05
1.069712908e-05
1.069694314e-05
1.069675722e-05
1.069657128e-05
1.069638534e-05
1.06961994e-05
1.069601346e-05
1.069582754e-05
1.06956416e-05
1.069545566e-05
1.069526972e-05
1.069508378e-05
1.069489786e-05
1.069471192e-05
1.069452598e-05
1.069434004e-05
1.069415412e-05
1.069396818e-05
1.069378224e-05
1.06935963e-05
1.069341036e-05
1.069322444e-05
1.06930385e-05
1.069285256e-05
1.069266662e-05
1.06924807e-05
1.069229476e-05
1.069210882e-05
1.069192288e-05
1.069173694e-05
1.069155102e-05
1.069136508e-05
1.069117914e-05
1.06909932e-05
1.069080726e-05
1.069062134e-05
1.06904354e-05
1.069024946e-05
1.069006352e-05
1.06898776e-05
1.068969166e-05
1.068950572e-05
1.068931978e-05
1.068913384e-05
1.068894792e-05
1.068876198e-05
1.068857604e-05
1.06883901e-05
1.068820418e-05
1.068801824e-05
1.06878323e-05
1.068764636e-05
1.068746042e-05
1.06872745e-05
1.068708856e-05
1.068690262e-05
1.068671668e-05
1.068653076e-05
1.068634482e-05
1.068615888e-05
1.068597294e-05
1.0685787e-05
1.068560108e-05
1.068541514e-05
1.06852292e-05
1.068504326e-05
1.068485732e-05
1.06846714e-05
1.068448546e-05
1.068429952e-05
1.068411358e-05
1.068392766e-05
1.068374172e-05
1.068355578e-05
1.068336984e-05
1.06831839e-05
1.068299798e-05
1.068281204e-05
1.06826261e-05
1.068244016e-05
1.068225424e-05
1.06820683e-05
1.068188236e-05
1.068169642e-05
1.068151048e-05
1.068132456e-05
1.068113862e-05
1.068095268e-05
1.068076674e-05
1.06805808e-05
1.068039488e-05
1.068020894e-05
1.0680023e-05
1.067983706e-05
1.067965114e-05
1.06794652e-05
1.067927926e-05
1.067909332e-05
1.067890738e-05
1.067872146e-05
1.067853552e-05
1.067834958e-05
1.067816364e-05
1.067797772e-05
1.067779178e-05
1.067760584e-05
1.06774199e-05
1.067723396e-05
1.067704804e-05
1.06768621e-05
1.067667616e-05
1.067649022e-05
1.06763043e-05
1.067611836e-05
1.067593242e-05
1.067574648e-05
1.067556054e-05
1.067537462e-05
1.067518868e-05
1.067500274e-05
1.06748168e-05
1.067463086e-05
1.067444494e-05
1.0674259e-05
1.067407306e-05
1.067388712e-05
1.06737012e-05
1.067351526e-05
1.067332932e-05
1.067314338e-05
1.067295744e-05
1.067277152e-05
1.067258558e-05
1.067239964e-05
1.06722137e-05
1.067202778e-05
1.067184184e-05
1.06716559e-05
1.067146996e-05
1.067128402e-05
1.06710981e-05
1.067091216e-05
1.067072622e-05
1.067054028e-05
1.067035434e-05
1.067016842e-05
1.066998248e-05
1.066979654e-05
1.06696106e-05
1.066942468e-05
1.066923874e-05
1.06690528e-05
1.066886686e-05
1.066868092e-05
1.0668495e-05
1.066830906e-05
1.066812312e-05
1.066793718e-05
1.066775126e-05
1.066756532e-05
1.066737938e-05
1.066719344e-05
1.06670075e-05
1.066682158e-05
1.066663564e-05
1.06664497e-05
1.066626376e-05
1.066607782e-05
1.06658919e-05
1.066570596e-05
1.066552002e-05
1.066533408e-05
1.066514816e-05
1.066496222e-05
1.066477628e-05
1.066459034e-05
1.06644044e-05
1.066421848e-05
1.066403254e-05
1.06638466e-05
1.066366066e-05
1.066347474e-05
1.06632888e-05
1.066310286e-05
1.066291692e-05
1.066273098e-05
1.066254506e-05
1.066235912e-05
1.066217318e-05
1.066198724e-05
1.066180132e-05
1.066161538e-05
1.066142944e-05
1.06612435e-05
1.066105756e-05
1.066087164e-05
1.06606857e-05
1.066049976e-05
1.066031382e-05
1.066012788e-05
1.065994196e-05
1.065975602e-05
1.065957008e-05
1.065938414e-05
1.065919822e-05
1.065901228e-05
1.065882634e-05
1.06586404e-05
1.065845446e-05
1.065826854e-05
1.06580826e-05
1.065789666e-05
1.065771072e-05
1.06575248e-05
1.065733886e-05
1.065715292e-05
1.065696698e-05
1.065678104e-05
1.065659512e-05
1.065640918e-05
1.065622324e-05
1.06560373e-05
1.065585136e-05
1.065566544e-05
1.06554795e-05
1.065529356e-05
1.065510762e-05
1.06549217e-05
1.065473576e-05
1.065454982e-05
1.065436388e-05
1.065417794e-05
1.065399202e-05
1.065380608e-05
1.065362014e-05
1.06534342e-05
1.065324828e-05
1.065306234e-05
1.06528764e-05
1.065269046e-05
1.065250452e-05
1.06523186e-05
1.065213266e-05
1.065194672e-05
1.065176078e-05
1.065157486e-05
1.065138892e-05
1.065120298e-05
1.065101704e-05
1.06508311e-05
1.065064518e-05
1.065045924e-05
1.06502733e-05
1.065008736e-05
1.064990142e-05
1.06497155e-05
1.064952956e-05
1.064934362e-05
1.064915768e-05
1.064897176e-05
1.064878582e-05
1.064859988e-05
1.064841394e-05
1.0648228e-05
1.064804208e-05
1.064785614e-05
1.06476702e-05
1.064748426e-05
1.064729834e-05
1.06471124e-05
1.064692646e-05
1.064674052e-05
1.064655458e-05
1.064636866e-05
1.064618272e-05
1.064599678e-05
1.064581084e-05
1.06456249e-05
1.064543898e-05
1.064525304e-05
1.06450671e-05
1.064488116e-05
1.064469524e-05
1.06445093e-05
1.064432336e-05
1.064413742e-05
1.064395148e-05
1.064376556e-05
1.064357962e-05
1.064339368e-05
1.064320774e-05
1.064302182e-05
1.064283588e-05
1.064264994e-05
1.0642464e-05
1.064227806e-05
1.064209214e-05
1.06419062e-05
1.064172026e-05
1.064153432e-05
1.06413484e-05
1.064116246e-05
1.064097652e-05
1.064079058e-05
1.064060464e-05
1.064041872e-05
1.064023278e-05
1.064004684e-05
1.06398609e-05
1.063967496e-05
1.063948904e-05
1.06393031e-05
1.063911716e-05
1.063893122e-05
1.06387453e-05
1.063855936e-05
1.063837342e-05
1.063818748e-05
1.063800154e-05
1.063781562e-05
1.063762968e-05
1.063744374e-05
1.06372578e-05
1.063707188e-05
1.063688594e-05
1.06367e-05
1.063651406e-05
1.063632812e-05
1.06361422e-05
1.063595626e-05
1.063577032e-05
1.063558438e-05
1.063539844e-05
1.063521252e-05
1.063502658e-05
1.063484064e-05
1.06346547e-05
1.063446878e-05
1.063428284e-05
1.06340969e-05
1.063391096e-05
1.063372502e-05
1.06335391e-05
1.063335316e-05
1.063316722e-05
1.063298128e-05
1.063279536e-05
1.063260942e-05
1.063242348e-05
1.063223754e-05
1.06320516e-05
1.063186568e-05
1.063167974e-05
1.06314938e-05
1.063130786e-05
1.063112194e-05
1.0630936e-05
1.063075006e-05
1.063056412e-05
1.063037818e-05
1.063019226e-05
1.063000632e-05
1.062982038e-05
1.062963444e-05
1.06294485e-05
1.062926258e-05
1.062907664e-05
1.06288907e-05
1.062870476e-05
1.062851884e-05
1.06283329e-05
1.062814696e-05
1.062796102e-05
1.062777508e-05
1.062758916e-05
1.062740322e-05
1.062721728e-05
1.062703134e-05
1.062684542e-05
1.062665948e-05
1.062647354e-05
1.06262876e-05
1.062610166e-05
1.062591574e-05
1.06257298e-05
1.062554386e-05
1.062535792e-05
1.062517198e-05
1.062498606e-05
1.062480012e-05
1.062461418e-05
1.062442824e-05
1.062424232e-05
1.0624056381e-05
1.0623870441e-05
1.0623684501e-05
1.0623498561e-05
1.0623312641e-05
1.0623126701e-05
1.0622940761e-05
1.0622754821e-05
1.0622568901e-05
1.0622382961e-05
1.0622197021e-05
1.0622011081e-05
1.0621825141e-05
1.0621639221e-05
1.0621453281e-05
1.0621267341e-05
1.0621081401e-05
1.0620895461e-05
1.0620709541e-05
1.0620523601e-05
1.0620337661e-05
1.0620151721e-05
1.0619965801e-05
1.0619779861e-05
1.0619593921e-05
1.0619407981e-05
1.0619222041e-05
1.0619036121e-05
1.0618850181e-05
1.0618664241e-05
1.0618478301e-05
1.0618292381e-05
1.0618106441e-05
1.0617920501e-05
1.0617734561e-05
1.0617548621e-05
1.0617362701e-05
1.0617176761e-05
1.0616990821e-05
1.0616804881e-05
1.0616618961e-05
1.0616433021e-05
1.0616247081e-05
1.0616061141e-05
1.0615875201e-05
1.0615689281e-05
1.0615503341e-05
1.0615317401e-05
1.0615131461e-05
1.0614945521e-05
1.0614759601e-05
1.0614573661e-05
1.0614387721e-05
1.0614201781e-05
1.0614015861e-05
1.0613829921e-05
1.0613643981e-05
1.0613458041e-05
1.0613272101e-05
1.0613086181e-05
1.0612900241e-05
1.0612714301e-05
1.0612528361e-05
1.0612342441e-05
1.0612156501e-05
1.0611970561e-05
1.0611784621e-05
1.0611598681e-05
1.0611412761e-05
1.0611226821e-05
1.0611040881e-05
1.0610854941e-05
1.0610669001e-05
1.0610483081e-05
1.0610297141e-05
1.0610111201e-05
1.0609925261e-05
1.0609739341e-05
1.0609553401e-05
1.0609367461e-05
1.0609181521e-05
1.0608995581e-05
1.0608809661e-05
1.0608623721e-05
1.0608437781e-05
1.0608251841e-05
1.0608065921e-05
1.0607879981e-05
1.0607694041e-05
1.0607508101e-05
1.0607322161e-05
1.0607136241e-05
1.0606950301e-05
1.0606764361e-05
1.0606578421e-05
1.0606392501e-05
1.0606206561e-05
1.0606020621e-05
1.0605834681e-05
1.0605648741e-05
1.0605462821e-05
1.0605276881e-05
1.0605090941e-05
1.0604905001e-05
1.0604719061e-05
1.0604533141e-05
1.0604347201e-05
1.0604161261e-05
1.0603975321e-05
1.0603789401e-05
1.0603603461e-05
1.0603417521e-05
1.0603231581e-05
1.0603045641e-05
1.0602859721e-05
1.0602673781e-05
1.0602487841e-05
1.0602301901e-05
1.0602115981e-05
1.0601930041e-05
1.0601744101e-05
1.0601558161e-05
1.0601372221e-05
1.0601186301e-05
1.0601000361e-05
1.0600814421e-05
1.0600628481e-05
1.0600442541e-05
1.0600256621e-05
1.0600070681e-05
1.0599884741e-05
1.0599698801e-05
1.0599512881e-05
1.0599326941e-05
1.0599141001e-05
1.0598955061e-05
1.0598769121e-05
1.0598583201e-05
1.0598397261e-05
1.0598211321e-05
1.0598025381e-05
1.0597839461e-05
1.0597653521e-05
1.0597467581e-05
1.0597281641e-05
1.0597095701e-05
1.0596909781e-05
1.0596723841e-05
1.0596537901e-05
1.0596351961e-05
1.0596166041e-05
1.0595980101e-05
1.0595794161e-05
1.0595608221e-05
1.0595422281e-05
1.0595236361e-05
1.0595050421e-05
1.0594864481e-05
1.0594678541e-05
1.0594492601e-05
1.0594306681e-05
1.0594120741e-05
1.0593934801e-05
1.0593748861e-05
1.0593562941e-05
1.0593377001e-05
1.0593191061e-05
1.0593005121e-05
1.0592819181e-05
1.0592633261e-05
1.0592447321e-05
1.0592261381e-05
1.0592075441e-05
1.0591889521e-05
1.0591703581e-05
1.0591517641e-05
1.0591331701e-05
1.0591145761e-05
1.0590959841e-05
1.0590773901e-05
1.0590587961e-05
1.0590402021e-05
1.0590216081e-05
1.0590030161e-05
1.0589844221e-05
1.0589658281e-05
1.0589472341e-05
1.0589286421e-05
1.0589100481e-05
1.0588914541e-05
1.0588728601e-05
1.0588542661e-05
1.0588356741e-05
1.0588170801e-05
1.0587984861e-05
1.0587798921e-05
1.0587613001e-05
1.0587427061e-05
1.0587241121e-05
1.0587055181e-05
1.0586869241e-05
1.0586683321e-05
1.0586497381e-05
1.0586311441e-05
1.0586125501e-05
1.0585939581e-05
1.0585753641e-05
1.0585567701e-05
1.0585381761e-05
1.0585195821e-05
1.0585009901e-05
1.0584823961e-05
1.0584638021e-05
1.0584452081e-05
1.0584266141e-05
1.0584080221e-05
1.0583894281e-05
1.0583708341e-05
1.0583522401e-05
1.0583336481e-05
1.0583150541e-05
1.0582964601e-05
1.0582778661e-05
1.0582592721e-05
1.0582406801e-05
1.0582220861e-05
1.0582034921e-05
1.0581848981e-05
1.0581663061e-05
1.0581477121e-05
1.0581291181e-05
1.0581105241e-05
1.0580919301e-05
1.0580733381e-05
1.0580547441e-05
1.0580361501e-05
1.0580175561e-05
1.0579989621e-05
1.0579803701e-05
1.0579617761e-05
1.0579431821e-05
1.0579245881e-05
1.0579059961e-05
1.0578874021e-05
1.0578688081e-05
1.0578502141e-05
1.0578316201e-05
1.0578130281e-05
1.0577944341e-05
1.0577758401e-05
1.0577572461e-05
1.0577386541e-05
1.0577200601e-05
1.0577014661e-05
1.0576828721e-05
1.0576642781e-05
1.0576456861e-05
1.0576270921e-05
1.0576084981e-05
1.0575899041e-05
1.0575713121e-05
1.0575527181e-05
1.0575341241e-05
1.0575155301e-05
1.0574969361e-05
1.0574783441e-05
1.0574597501e-05
1.0574411561e-05
1.0574225621e-05
1.0574039681e-05
1.0573853761e-05
1.0573667821e-05
1.0573481881e-05
1.0573295941e-05
1.0573110021e-05
1.0572924081e-05
1.0572738141e-05
1.0572552201e-05
1.0572366261e-05
1.0572180341e-05
1.0571994401e-05
1.0571808461e-05
1.0571622521e-05
1.0571436601e-05
1.0571250661e-05
1.0571064721e-05
1.0570878781e-05
1.0570692841e-05
1.0570506921e-05
1.0570320981e-05
1.0570135041e-05
1.0569949101e-05
1.0569763161e-05
1.0569577241e-05
1.0569391301e-05
1.0569205361e-05
1.0569019421e-05
1.0568833501e-05
1.0568647561e-05
1.0568461621e-05
1.0568275681e-05
1.0568089741e-05
1.0567903821e-05
1.0567717881e-05
1.0567531941e-05
1.0567346001e-05
1.0567160081e-05
1.0566974141e-05
1.0566788201e-05
1.0566602261e-05
1.0566416321e-05
1.0566230401e-05
1.0566044461e-05
1.0565858521e-05
1.0565672581e-05
1.0565486641e-05
1.0565300721e-05
1.0565114781e-05
1.0564928841e-05
1.0564742901e-05
1.0564556981e-05
1.0564371041e-05
1.0564185101e-05
1.0563999161e-05
1.0563813221e-05
1.0563627301e-05
1.0563441361e-05
1.0563255421e-05
1.0563069481e-05
1.0562883561e-05
1.0562697621e-05
1.0562511681e-05
1.0562325741e-05
1.0562139801e-05
1.0561953881e-05
1.0561767941e-05
1.0561582001e-05
1.0561396061e-05
1.0561210141e-05
1.0561024201e-05
1.0560838261e-05
1.0560652321e-05
1.0560466381e-05
1.0560280461e-05
1.0560094521e-05
1.0559908581e-05
1.0559722641e-05
1.0559536701e-05
1.0559350781e-05
1.0559164841e-05
1.0558978901e-05
1.0558792961e-05
1.0558607041e-05
1.0558421101e-05
1.0558235161e-05
1.0558049221e-05
1.0557863281e-05
1.0557677361e-05
1.0557491421e-05
1.0557305481e-05
1.0557119541e-05
1.0556933621e-05
1.0556747681e-05
1.0556561741e-05
1.0556375801e-05
1.0556189861e-05
1.0556003941e-05
1.0555818001e-05
1.0555632061e-05
1.0555446121e-05
1.0555260181e-05
1.0555074261e-05
1.0554888321e-05
1.0554702381e-05
1.0554516441e-05
1.0554330521e-05
1.0554144581e-05
1.0553958641e-05
1.0553772701e-05
1.0553586761e-05
1.0553400841e-05
1.0553214901e-05
1.0553028961e-05
1.0552843021e-05
1.0552657101e-05
1.0552471161e-05
1.0552285221e-05
1.0552099281e-05
1.0551913341e-05
1.0551727421e-05
1.0551541481e-05
1.0551355541e-05
1.0551169601e-05
1.0550983681e-05
1.0550797741e-05
1.0550611801e-05
1.0550425861e-05
1.0550239921e-05
1.0550054001e-05
1.0549868061e-05
1.0549682121e-05
1.0549496181e-05
1.0549310241e-05
1.0549124321e-05
1.0548938381e-05
1.0548752441e-05
1.0548566501e-05
1.0548380581e-05
1.0548194641e-05
1.0548008701e-05
1.0547822761e-05
1.0547636821e-05
1.0547450901e-05
1.0547264961e-05
1.0547079021e-05
1.0546893081e-05
1.0546707161e-05
1.0546521221e-05
1.0546335281e-05
1.0546149341e-05
1.0545963401e-05
1.0545777481e-05
1.0545591541e-05
1.0545405601e-05
1.0545219661e-05
1.0545033721e-05
1.0544847801e-05
1.0544661861e-05
1.0544475921e-05
1.0544289981e-05
1.0544104061e-05
1.0543918121e-05
1.0543732181e-05
1.0543546241e-05
1.0543360301e-05
1.0543174381e-05
1.0542988441e-05
1.0542802501e-05
1.0542616561e-05
1.0542430641e-05
1.0542244701e-05
1.0542058761e-05
1.0541872821e-05
1.0541686881e-05
1.0541500961e-05
1.0541315021e-05
1.0541129081e-05
1.0540943141e-05
1.0540757221e-05
1.0540571281e-05
1.0540385341e-05
1.0540199401e-05
1.0540013461e-05
1.0539827541e-05
1.0539641601e-05
1.0539455661e-05
1.0539269721e-05
1.0539083781e-05
1.0538897861e-05
1.0538711921e-05
1.0538525981e-05
1.0538340041e-05
1.0538154121e-05
1.0537968181e-05
1.0537782241e-05
1.0537596301e-05
1.0537410361e-05
1.0537224441e-05
1.0537038501e-05
1.0536852561e-05
1.0536666621e-05
1.0536480701e-05
1.0536294761e-05
1.0536108821e-05
1.0535922881e-05
1.0535736941e-05
1.0535551021e-05
1.0535365081e-05
1.0535179141e-05
1.0534993201e-05
1.0534807261e-05
1.0534621341e-05
1.0534435401e-05
1.0534249461e-05
1.0534063521e-05
1.0533877601e-05
1.0533691661e-05
1.0533505721e-05
1.0533319781e-05
1.0533133841e-05
1.0532947921e-05
1.0532761981e-05
1.0532576041e-05
1.0532390101e-05
1.0532204181e-05
1.0532018241e-05
1.0531832301e-05
1.0531646361e-05
1.0531460421e-05
1.0531274501e-05
1.0531088561e-05
1.0530902621e-05
1.0530716681e-05
1.0530530761e-05
1.0530344821e-05
1.0530158881e-05
1.0529972941e-05
1.0529787001e-05
1.0529601081e-05
1.0529415141e-05
1.0529229201e-05
1.0529043261e-05
1.0528857321e-05
1.0528671401e-05
1.0528485461e-05
1.0528299521e-05
1.0528113581e-05
1.0527927661e-05
1.0527741721e-05
1.0527555781e-05
1.0527369841e-05
1.0527183901e-05
1.0526997981e-05
1.0526812041e-05
1.0526626101e-05
1.0526440161e-05
1.0526254241e-05
1.0526068301e-05
1.0525882361e-05
1.0525696421e-05
1.0525510481e-05
1.0525324561e-05
1.0525138621e-05
1.0524952681e-05
1.0524766741e-05
1.0524580801e-05
1.0524394881e-05
1.0524208941e-05
1.0524023001e-05
1.0523837061e-05
1.0523651141e-05
1.0523465201e-05
1.0523279261e-05
1.0523093321e-05
1.0522907381e-05
1.0522721461e-05
1.0522535521e-05
1.0522349581e-05
1.0522163641e-05
1.0521977721e-05
1.0521791781e-05
1.0521605841e-05
1.0521419901e-05
1.0521233961e-05
1.0521048041e-05
1.0520862101e-05
1.0520676161e-05
1.0520490221e-05
1.0520304301e-05
1.0520118361e-05
1.0519932421e-05
1.0519746481e-05
1.0519560541e-05
1.0519374621e-05
1.0519188681e-05
1.0519002741e-05
1.0518816801e-05
1.0518630861e-05
1.0518444941e-05
1.0518259001e-05
1.0518073061e-05
1.0517887121e-05
1.0517701201e-05
1.0517515261e-05
1.0517329321e-05
1.0517143381e-05
1.0516957441e-05
1.0516771521e-05
1.0516585581e-05
1.0516399641e-05
1.0516213701e-05
1.0516027781e-05
1.0515841841e-05
1.0515655901e-05
1.0515469961e-05
1.0515284021e-05
1.0515098101e-05
1.0514912161e-05
1.0514726221e-05
1.0514540281e-05
1.0514354341e-05
1.0514168421e-05
1.0513982481e-05
1.0513796541e-05
1.0513610601e-05
1.0513424681e-05
1.0513238741e-05
1.0513052801e-05
1.0512866861e-05
1.0512680921e-05
1.0512495001e-05
1.0512309061e-05
1.0512123121e-05
1.0511937181e-05
1.0511751261e-05
1.0511565321e-05
1.0511379381e-05
1.0511193441e-05
1.0511007501e-05
1.0510821581e-05
1.0510635641e-05
1.0510449701e-05
1.0510263761e-05
1.0510077821e-05
1.0509891901e-05
1.0509705961e-05
1.0509520021e-05
1.0509334081e-05
1.0509148161e-05
1.0508962221e-05
1.0508776281e-05
1.0508590341e-05
1.0508404401e-05
1.0508218481e-05
1.0508032541e-05
1.0507846601e-05
1.0507660661e-05
1.0507474741e-05
1.0507288801e-05
1.0507102861e-05
1.0506916921e-05
1.0506730981e-05
1.0506545061e-05
1.0506359121e-05
1.0506173181e-05
1.0505987241e-05
1.0505801321e-05
1.0505615381e-05
1.0505429441e-05
1.0505243501e-05
1.0505057561e-05
1.0504871641e-05
1.0504685701e-05
1.0504499761e-05
1.0504313821e-05
1.0504127881e-05
1.0503941961e-05
1.0503756021e-05
1.0503570081e-05
1.0503384141e-05
1.0503198221e-05
1.0503012281e-05
1.0502826341e-05
1.0502640401e-05
1.0502454461e-05
1.0502268541e-05
1.0502082601e-05
1.0501896661e-05
1.0501710721e-05
1.0501524801e-05
1.0501338861e-05
1.0501152921e-05
1.0500966981e-05
1.0500781041e-05
1.0500595121e-05
1.0500409181e-05
1.0500223241e-05
1.0500037301e-05
1.0499851361e-05
1.0499665441e-05
1.0499479501e-05
1.0499293561e-05
1.0499107621e-05
1.0498921701e-05
1.0498735761e-05
1.0498549821e-05
1.0498363881e-05
1.0498177941e-05
1.0497992021e-05
1.0497806081e-05
1.0497620141e-05
1.0497434201e-05
1.0497248281e-05
1.0497062341e-05
1.0496876401e-05
1.0496690461e-05
1.0496504521e-05
1.0496318601e-05
1.0496132661e-05
1.0495946721e-05
1.0495760781e-05
1.0495574861e-05
1.0495388921e-05
1.0495202981e-05
1.0495017041e-05
1.0494831101e-05
1.0494645181e-05
1.0494459241e-05
1.0494273301e-05
1.0494087361e-05
1.0493901421e-05
1.0493715501e-05
1.0493529561e-05
1.0493343621e-05
1.0493157681e-05
1.0492971761e-05
1.0492599881e-05
