71501142
71502142
71503142
71504142
71505142
71506142
71507142
71508142
71509142
71510142
71511142
71512142
71516142
71517142
71518142
71519142
71520142
71521142
71522142
71523142
71524142
71525142
71526142
71527142
71528142
71529142
71530142
71531142
71532142
71533142
71534142
71535142
71536142
71537142
71538142
71539142
71540142
71541142
71542142
71543143
71544142
71545142
71546142
71547143
71548142
71549142
71550142
71551143
71552142
71553142
71554142
71555142
71556142
71557143
71558142
71559143
71560143
71561142
71562143
71563143
71564143
71565143
71566143
71567143
71568143
71569143
71570143
71571143
71572143
71573143
71574143
71575143
71576143
71577143
71578143
71579144
71580143
71581143
71582143
71583143
71584143
71585143
71586143
71587143
71588143
71589143
71590143
71591143
71592143
71593143
71594143
71595143
71596143
71597143
71598143
71599143
71600143
71601143
71602143
71603143
71604143
71605143
71606144
71607144
71608144
71609148
71610144
71611144
71612144
71613144
71614144
71615144
71616144
71617144
71618144
71619144
71620144
71621144
71622144
71623144
71624144
71625144
71626144
71627144
71628144
71629144
71630144
71631144
71632144
71633144
71634144
71635144
71636144
71637144
71638144
71639144
71640144
71641144
71642144
71643144
71644144
71648144
71649144
71650144
71651144
71652144
71653144
71654144
71655144
71656144
71657144
71658144
71659145
71660144
71661144
71662145
71663144
71664145
71665145
71666144
71667144
71668145
71669145
71670146
71671145
71672145
71673145
71674145
71675145
71676145
71677145
71678145
71679145
71680145
71681145
71682145
71683145
71684146
71685145
71686145
71687145
71688145
71689145
71690145
71691146
71692145
71693145
71694145
71695145
71696145
71697145
71698145
71699145
71700145
71701145
71702145
71703145
71704145
71705145
71706145
71707145
71708145
71709145
71710145
71711145
71712145
71713146
71714145
71715145
71716145
71717146
71718145
71719145
71720145
71721145
71722146
71723146
71724145
71725145
71726145
71727145
71728145
71729145
71730145
71731145
71732145
71733145
71734145
71735146
71736145
71737145
71738145
71739145
71740145
71741145
71742145
71743145
71744145
71745145
71746146
71747145
71748145
71749145
71750145
71751146
71752146
71753146
71754146
71755146
71756146
71757146
71758146
71759146
71760146
71761146
71762146
71763146
71764146
71765146
71766146
71767146
71768146
71769146
71770146
71771146
71772146
71773146
71774146
71775146
71776146
71777146
71778146
71780146
71781146
71782146
71783146
71784146
71785146
71786146
71787146
71788146
71789147
71790146
71791146
71792146
71793146
71794146
71795146
71796146
71797146
71798146
71799146
71800146
71801146
71802146
71803146
71804146
71805146
71806146
71807146
71808147
71809146
71812147
71813147
71814147
71815147
71816147
71817147
71818147
71819147
71820147
71821147
71822148
71823147
71824147
71825147
71826147
71827147
71828147
71829147
71830147
71831147
71832147
71833147
71834147
71835147
71836147
71837147
71838147
71839147
71840147
71841147
71842147
71843147
71844148
71845147
71846147
71847147
71848147
71849147
71850147
71851147
71852147
71853147
71854147
71855147
71856147
71857147
71858147
71859147
71860147
71861147
71862147
71863147
71864147
71865147
71866147
71867148
71868147
71869148
71870147
71871147
71872147
71873148
71874147
71875147
71876147
71877148
71878148
71879147
71880148
71881148
71882148
71883148
71884148
71885148
71886148
71887148
71888148
71889148
71890148
71891148
71892148
71893148
71894148
71895148
71896148
71897148
71898148
71899148
71900148
71901148
71902148
71903148
71904148
71905148
71906148
71907149
71908148
71909148
71910149
71911149
71912148
71913148
71914149
71915148
71916148
71917148
71918148
71919150
71920148
71921148
71922149
71923148
71924148
71925148
71926148
71927149
71928150
71929148
71930148
71931149
71932149
71933148
71934148
71935148
71936149
71937149
71938149
71939149
71940149
71941149
71946149
71947149
71948149
71949149
71950151
71951149
71952149
71953149
71954149
71955149
71956149
71957149
71958149
71959149
71960149
71961149
71962149
71963149
71964149
71965149
71966149
71967149
71968149
71969149
71970149
71971149
71972149
71973149
71974149
71975149
71976149
71977149
71978149
71979149
71980149
71981149
71982150
71983149
71984158
71985156
71986149
71987149
71988149
71989149
71990149
71991150
71992150
71993150
71994157
71995149
71996149
71997149
71998150
71999150
72000150
72001150
72002150
72003150
72004150
72005149
72006157
72007150
72008150
72009150
72010150
72011150
72012153
72013150
72014150
72015150
72016150
72017150
72018150
72019150
72020159
72021158
72022150
72023158
72024158
72025156
72026150
72027158
72028150
72029154
72030156
72031156
72032157
72033155
72034150
72035157
72036157
72037157
72038155
72039156
72040157
72041158
72042152
72043155
72044150
72045151
72046156
72047155
72048158
72049157
72050154
72051155
72052157
72053158
72054155
72055156
72056158
72057160
72058156
72059157
72060158
72061156
72062155
72063154
72064157
72065156
72066157
72067154
72068156
72069154
72070156
72071158
72072153
72073156
72074151
72075153
72076152
72077161
72078153
72079157
72080156
72081155
72082151
72083156
72084155
72085159
72086151
72087153
72088160
72089157
72090155
72091154
72092153
72093156
72094158
72095156
72096153
72097156
72098155
72099153
72100156
72101155
72102158
72103155
72104156
72105158
72106152
72107157
72111156
72112156
72113155
72114152
72115156
72116158
72117156
72118158
72119156
72120154
72121159
72122162
72123160
72124155
72125155
72126156
72127153
72128157
72129155
72130154
72131158
72132153
72133157
72134156
72135158
72136155
72137156
72138155
72139152
72140157
72141156
72142157
72143156
72144157
72145154
72146154
72147154
72148154
72149157
72150153
72151155
72152154
72153153
72154154
72155154
72156152
72157155
72158152
72159154
72160153
72161153
72162153
72163153
72164152
72165155
72166153
72167153
72168155
72169155
72170153
72171153
72172153
72173155
72174153
72175155
72176155
72177153
72178156
72179157
72180154
72181155
72182154
72183157
72184154
72185153
72186153
72187153
72188153
72189153
72190156
72191154
72192154
72193155
72194157
72195153
72196153
72197153
72198156
72199154
72200153
72201153
72202154
72203153
72204153
72205153
72206153
72207153
72208153
72209153
72210155
72211154
72212153
72213153
72214157
72215153
72216154
72217153
72218154
72219153
72220154
72221156
72222156
72223156
72224154
72225153
72226153
72227153
72228154
72229156
72230154
72231153
72232154
72233153
72234156
72235156
72236154
72237154
72238154
72239155
72240154
72241156
72242156
72245154
72246155
72247154
72248154
72249157
72250154
72251154
72252154
72253154
72254156
72255154
72256154
72257154
72258154
72259155
72260154
72261156
72262154
72263154
72264155
72265154
72266154
72267156
72268156
72269157
72270156
72271154
72272155
72273156
72275156
72276156
72277156
72278156
72279155
72280154
72281155
72282155
72283156
72284155
72285154
72286156
72287154
72288154
72289156
72290155
72291155
72292155
72293155
72294155
72295156
72296155
72297155
72298155
72299154
72300154
72301154
72302155
72303154
72304154
72305155
72306156
72307155
72308157
72309156
72310155
72311155
72312155
72313155
72314156
72315156
72316156
72317156
72318156
72319156
72320155
72321155
72322157
72323156
72324155
72325155
72326155
72327157
72328155
72329156
72330155
72331156
72332155
72333157
72334155
72335155
72336155
72337155
72338155
72339155
72340156
72341155
72342155
72343156
72344155
72345155
72346157
72347155
72348156
72349155
72350155
72351156
72352155
72353155
72354157
72355156
72356155
72357155
72358156
72359156
72360157
72361155
72362156
72363157
72364155
72365157
72366156
72367155
72368156
72369155
72370156
72371155
72372155
72373159
72374155
72375155
72376156
72377157
72378156
72379157
72380156
72381155
72382157
72383156
72384156
72385156
72386156
72387155
72388156
72389156
72390156
72391156
72392156
72393157
72394156
72395156
72396156
72397156
72398156
72399156
72400156
72401156
72402156
72403156
72404156
72405156
72406157
72407156
72408156
72411157
72412156
72413158
72414156
72415156
72416156
72417156
72418157
72419157
72420156
72421157
72422156
72423156
72424156
72425156
72426157
72427157
72428156
72429156
72430156
72431156
72432156
72433156
72434156
72435157
72436156
72437156
72438159
72439156
72440156
72441157
72442156
72443157
72444157
72445157
72446157
72447157
72448160
72449157
72450157
72451157
72452157
72453157
72454157
72455157
72456157
72457157
72458157
72459157
72460162
72461158
72462158
72463157
72464157
72465157
72466157
72467157
72468157
72469158
72470158
72471157
72472157
72473157
72474158
72475158
72476157
72477157
72478158
72479157
72480157
72481157
72482157
72483157
72484157
72485157
72486159
72487157
72488158
72489158
72490158
72491158
72492158
72493162
72494157
72495157
72496157
72497157
72498159
72499157
72500157
72501158
72502158
72503157
72504158
72505158
72506158
72507164
72508158
72509158
72510158
72511158
72512158
72513158
72514162
72515158
72516158
72517158
72518158
72519158
72520166
72521158
72522158
72523169
72524158
72525166
72526159
72527159
72528158
72529158
72530158
72531162
72532158
72533158
72534164
72535166
72536158
72537158
72538164
72539167
72540158
72541158
72542165
72543166
72544158
72545168
72546165
72547158
72548164
72549166
72550165
72551166
72552159
72553164
72554167
72555161
72556158
72557167
72558168
72559163
72560164
72561168
72562159
72563167
72564165
72565164
72566164
72567166
72568167
72569161
72570162
72571160
72572161
72573167
72578166
72579164
72580163
72581163
72582160
72583160
72584165
72585161
72586168
72587162
72588165
72589163
72590160
72591160
72592160
72593161
72594163
72595162
72596163
72597161
72598164
72599161
72600162
72601164
72602163
72603161
72604161
72605160
72606162
72607164
72608161
72609161
72610162
72611160
72612160
72613165
72614162
72615164
72616160
72617161
72618164
72619162
72620164
72621167
72622161
72623161
72624165
72625161
72626164
72627160
72628160
72629160
72630160
72631162
72632161
72633160
72634162
72635160
72636161
72637160
72638160
72639160
72640160
72641160
72642160
72643160
72644160
72645160
72646160
72647160
72648160
72649160
72650160
72651160
72652160
72653160
72654160
72655160
72656160
72657161
72658162
72659162
72660160
72661160
72662160
72663160
72664161
72665160
72666161
72667160
72668163
72669160
72670160
72671161
72672160
72673161
72674160
72675160
72676161
72677160
72678160
72679161
72680160
72681161
72682160
72683165
72684160
72685161
72686161
72687161
72688161
72689161
72690161
72691161
72692161
72693161
72694161
72695161
72696161
72697162
72698161
72699161
72700161
72701161
72702161
72703161
72704161
72705161
72706161
72707162
72708161
72709161
72710161
72711161
72712161
72713166
72714161
72715161
72716161
72717161
72718161
72719161
72720161
72721161
72722161
72723162
72724161
72725161
72726161
72727161
72728161
72729162
72730162
72731164
72732161
72733162
72734161
72735161
72736162
72737161
72738161
72739161
72740161
72744162
72745161
72746161
72747162
72748162
72749162
72750162
72751162
72752161
72753162
72754162
72755162
72756162
72757162
72758162
72759162
72760162
72761162
72762162
72763163
72764162
72765162
72766162
72767162
72768162
72769162
72770162
72771162
72773162
72774162
72775162
72776163
72777162
72778162
72779162
72780163
72781162
72782162
72783162
72784162
72785164
72786162
72787162
72788163
72789162
72790163
72791162
72792162
72793164
72794164
72795163
72796163
72797164
72798164
72799162
72800163
72801164
72802164
72803164
72804162
72805162
72806162
72807163
72808163
72809163
72810163
72811162
72812163
72813164
72814163
72815163
72816163
72817163
72818163
72819163
72820163
72821163
72822163
72823163
72824163
72825163
72826163
72827163
72828163
72829163
72830163
72831163
72832163
72833163
72834163
72835163
72836163
72837163
72838163
72839163
72840163
72841163
72842163
72843163
72844163
72845163
72846163
72847163
72848163
72849163
72850163
72851163
72852163
72853163
72854163
72855164
72856163
72857163
72858163
72859163
72860163
72861163
72862163
72863163
72864163
72865163
72866163
72867163
72868163
72869163
72870164
72871163
72872163
72873163
72874164
72875164
72876164
72877163
72878163
72879163
72880164
72881164
72882163
72883164
72884163
72885163
72886163
72887163
72888164
72889163
72890164
72891164
72892164
72893164
72894164
72895164
72896164
72897164
72898164
72899164
72900164
72901164
72902164
72903164
72904164
72905164
72906164
72907164
72908164
72909164
72910164
72911164
72912164
72913164
72914164
72915164
72916164
72917164
72918164
72919164
72920164
72921164
72922164
72923164
72924164
72925164
72926164
72927164
72928164
72929165
72930164
72931164
72932164
72933164
72934165
72935164
72936164
72937164
72940164
72941164
72942164
72943164
72944164
72945164
72946164
72947164
72948165
72949164
72950165
72951164
72952164
72953167
72954164
72955165
72956165
72957165
72958165
72959165
72960165
72961165
72962165
72963165
72964165
72965165
72966165
72967165
72968165
72969165
72970165
72971165
72972165
72973165
72974165
72975165
72976165
72977165
72978165
72979165
72980165
72981165
72982165
72983165
72984165
72985165
72986165
72987165
72988165
72989165
72990171
72991165
72992165
72993165
72994174
72995172
72996165
72997173
72998173
72999165
73000165
73001174
73002165
73003172
73004165
73005172
73006173
73007172
73008174
73009173
73010174
73011171
73012171
73013174
73014170
73015173
73016171
73017174
73018165
73019174
73020165
73021166
73022173
73023166
73024172
73025166
73026173
73027174
73028172
73029166
73030173
73031172
73032170
73033172
73034174
73035166
73036172
73037171
73038173
73039175
73040173
73041177
73042166
73043174
73044166
73045176
73046166
73047169
73048172
73049172
73050168
73051172
73052171
73053173
73054169
73055171
73056172
73057171
73058168
73059170
73060171
73061172
73062170
73063171
73064175
73065171
73066172
73067171
73068173
73069171
73070172
73071172
73072171
73073171
73074174
73075171
73076168
73077171
73078171
73079170
73080172
73081171
73082172
73083172
73084168
73085171
73086171
73087171
73088173
73089173
73090171
73091171
73092171
73093175
73094171
73095171
73096174
73097172
73098174
73099171
73100171
73101170
73102171
73103178
73107170
73108168
73109170
73110168
73111171
73112169
73113174
73114170
73115171
73116172
73117170
73118172
73119172
73120169
73121168
73122171
73123172
73124173
73125168
73126169
73127171
73128168
73129169
73130170
73131168
73132170
73133167
73134169
73135169
73136168
73137172
73138169
73139169
73140173
73141171
73142168
73143169
73144169
73145169
73146172
73147172
73148171
73149168
73150174
73151169
73152169
73153168
73154169
73155168
73156172
73157171
73158169
73159169
73160170
73161172
73162168
73163168
73164168
73165171
73166169
73167168
73168168
73169168
73170170
73171169
73172168
73173168
73174168
73175169
73176168
73177169
73178169
73179169
73180168
73181169
73182168
73183169
73184169
73185168
73186168
73187168
73188169
73189169
73190168
73191169
73192169
73193170
73194169
73195169
73196169
73197169
73198169
73199169
73200169
73201169
73202169
73203169
73204169
73205169
73206169
73207169
73208169
73209169
73210169
73211169
73212170
73213169
73214169
73215169
73216169
73217169
73218169
73219169
73220169
73221169
73222169
73223169
73224169
73225169
73226169
73227169
73228169
73229169
73230169
73231169
73232169
73233169
73234169
73235169
73236169
73237169
73238169
73239169
73240170
73241170
73242169
73243169
73244169
73245169
73246169
73247169
73248169
73249169
73250170
73251170
73252170
73253169
73254169
73255169
73256170
73257170
73258170
73259170
73260170
73261170
73262170
73263170
73264170
73265170
73266170
73267170
73268170
73269170
73270170
73274170
73275170
73276170
73277170
73278170
73279170
73280170
73281170
73282170
73283170
73284170
73285170
73286170
73287170
73288170
73289170
73290170
73291170
73292170
73293170
73294170
73295170
73296170
73297170
73298170
73299170
73300170
73301170
73302170
73303170
73304170
73305170
73306170
73307170
73308170
73309170
73310170
73311170
73312170
73313170
73314170
73315170
73316170
73317170
73318170
73319170
73320170
73321170
73322170
73323170
73324170
73325170
73326170
73327170
73328170
73329170
73330171
73331171
73332171
73333170
73334171
73335171
73336171
73337171
73338171
73339171
73340171
73341171
73342171
73343171
73344171
73345171
73346171
73347171
73348171
73349170
73350171
73351171
73352171
73353171
73354171
73355171
73356171
73357171
73358171
73359171
73360171
73361171
73362171
73363171
73364171
73365171
73366171
73367171
73368171
73369171
73370171
73371171
73372171
73373171
73374171
73375171
73376171
73377171
73378171
73379171
73380171
73381171
73382171
73383171
73384171
73385171
73386171
73387171
73388171
73389171
73390171
73391171
73392171
73393171
73394171
73395172
73396172
73397171
73398171
73399171
73400171
73401172
73402172
73403172
73404172
73405172
73406172
73407172
73408172
73409172
73410172
73411172
73412172
73413172
73414172
73415172
73416172
73417172
73418172
73419172
73420172
73421172
73422172
73423172
73424172
73425172
73426172
73427172
73428172
73429172
73430172
73431172
73432172
73433172
73434172
73435172
73436172
73437172
73438172
73440173
73441172
73442172
73443172
73444172
73445172
73446172
73447172
73448174
73449172
73450172
73451173
73452172
73453172
73454172
73455173
73456172
73457172
73458173
73459172
73460172
73461173
73462173
73463175
73464173
73465173
73466173
73467173
73468173
73471173
73472183
73473179
73474173
73475173
73476182
73477173
73478173
73479173
73480173
73481173
73482180
73483182
73484173
73485173
73486179
73487173
73488173
73489173
73490173
73491173
73492181
73493181
73494180
73495178
73496173
73497173
73498182
73499183
73500182
73501184
73502173
73503183
73504181
73505173
73506183
73507173
73508179
73509181
73510180
73511179
73512173
73513181
73514181
73515180
73516180
73517173
73518173
73519185
73520174
73521173
73522184
73523173
73524182
73525174
73526174
73527179
73528180
73529178
73530176
73531175
73532177
73533178
73534177
73535181
73536183
73537175
73538182
73539179
73540179
73541179
73542176
73543187
73544180
73545182
73546178
73547180
73548178
73549185
73550181
73551178
73552180
73553181
73554176
73555180
73556177
73557180
73558193
73559176
73560179
73561181
73562178
73563186
73564180
73565179
73566180
73567184
73568180
73569175
73570179
73571179
73572180
73573187
73574178
73575181
73576180
73577180
73578179
73579181
73580181
73581182
73582182
73583184
73584179
73585177
73586177
73587179
73588176
73589176
73590176
73591175
73592177
73593177
73594176
73595175
73596179
73597176
73598177
73599175
73600176
73601176
73602177
73603179
73604175
73605177
73606175
73607176
73608175
73609176
73610176
73611175
73612175
73613179
73614175
73615177
73616178
73617178
73618179
73619178
73620176
73621176
73622175
73623184
73624177
73625175
73626182
73627177
73628180
73629180
73630178
73631180
73632177
73633177
73634176
73635176
73640177
73641176
73642177
73643181
73644176
73645176
73646176
73647178
73648176
73649178
73650176
73651178
73652177
73653176
73654178
73655176
73656176
73657176
73658182
73659176
73660176
73661177
73662177
73663176
73664177
73665176
73666176
73667176
73668176
73669176
73670178
73671176
73672176
73673177
73674176
73675178
73676176
73677179
73678179
73679178
73680176
73681176
73682176
73683177
73684177
73685176
73686176
73687177
73688176
73689177
73690176
73691176
73692178
73693176
73694177
73695177
73696176
73697177
73698177
73699178
73700177
73701177
73702179
73703177
73704177
73705177
73706177
73707177
73708180
73709176
73710177
73711177
73712177
73713177
73714177
73715177
73716177
73717177
73718177
73719177
73720178
73721177
73722179
73723177
73724178
73725177
73726178
73727178
73728181
73729178
73730178
73731177
73732178
73733178
73734177
73735177
73736177
73737178
73738178
73739177
73740177
73741180
73742177
73743179
73744177
73745178
73746177
73747177
73748177
73749177
73750177
73751178
73752177
73753178
73754178
73755178
73756179
73757177
73758180
73759178
73760177
73761178
73762178
73763178
73764178
73765177
73766182
73767182
73768183
73769183
73770183
73771180
73772178
73773184
73774178
73775178
73776178
73777180
73778178
73779178
73780178
73781178
73782178
73783178
73784178
73785178
73786178
73787178
73788178
73789178
73790178
73791178
73792178
73793178
73794178
73795178
73796178
73797178
73798178
73799178
73800178
73801178
73802178
73803178
73804178
73805178
73806178
73807178
73808178
73809178
73810179
73811178
73812178
73813180
73814178
73815178
73816178
73817178
73818179
73819179
73820179
73821178
73822179
73823178
73824178
73825179
73826179
73827179
73828179
73829180
73830179
73831179
73832179
73833179
73837179
73838180
73839179
73840179
73841179
73842179
73843179
73844179
73845179
73846179
73847179
73848180
73849179
73850180
73851179
73852179
73853180
73854179
73855179
73856179
73857179
73858180
73859179
73860179
73861179
73862179
73863179
73864179
73865179
73866180
73867179
73868180
73869179
73870179
73871179
73872179
73873180
73874179
73875179
73876179
73877179
73878179
73879180
73880179
73881179
73882179
73883179
73884180
73885180
73886179
73887180
73888179
73889179
73890179
73891179
73892179
73893179
73894179
73895179
73896179
73897179
73898179
73899179
73900179
73901179
73902179
73903179
73904179
73905179
73906179
73907179
73908180
73909179
73910179
73911180
73912180
73913180
73914180
73915180
73916180
73917180
73918180
73919180
73920180
73921180
73922180
73923180
73924180
73925180
73926180
73927180
73928180
73929180
73930180
73931180
73932180
73933180
73934180
73935180
73936181
73937180
73938180
73939180
73940180
73941180
73942180
73943181
73944180
73945180
73946180
73947180
73948181
73949180
73950181
73951180
73952180
73953180
73954180
73955180
73956181
73957180
73958180
73959180
73960180
73961180
73962180
73963180
73964180
73965180
73966180
73967181
73968180
73969181
73970180
73971180
73972181
73973181
73974181
73975181
73976180
73977181
73978181
73979181
73980181
73981181
73982180
73983181
73984181
73985181
73986181
73987181
73988181
73989181
73990181
73991181
73992181
73993181
73994181
73995181
73996181
73997181
73998181
73999182
74000181
74001181
74004181
74005181
74006181
74007181
74008181
74009181
74010181
74011181
74012181
74013181
74014181
74015181
74016181
74017181
74018181
74019181
74020181
74021181
74022181
74023181
74024181
74025181
74026181
74027181
74028181
74029181
74030181
74031181
74032181
74035181
74036181
74037181
74038181
74039182
74040181
74041182
74042181
74043182
74044182
74045181
74046182
74047182
74048182
74049182
74050182
74051182
74052182
74053182
74054182
74055182
74056182
74057182
74058182
74059182
74060182
74061182
74062182
74063182
74064182
74065182
74066182
74067182
74068182
74069184
74070182
74071182
74072190
74073182
74074182
74075189
74076188
74077182
74078191
74079190
74080182
74081182
74082182
74083182
74084182
74085189
74086190
74087189
74088182
74089183
74090191
74091182
74092183
74093182
74094190
74095182
74096183
74097188
74098182
74099196
74100189
74101185
74102199
74103183
74104196
74105195
74106204
74107195
74108195
74109197
74110194
74111199
74112196
74113196
74114193
74115195
74116183
74117200
74118192
74119196
74120197
74121195
74122197
74123193
74124194
74125183
74126193
74127195
74128197
74129196
74130196
74131198
74132198
74133202
74134195
74135204
74136196
74137195
74138194
74139199
74140198
74141197
74142195
74143197
74144202
74145197
74146197
74147191
74148195
74149202
74150196
74151197
74152193
74153192
74154190
74155195
74156198
74157193
74158204
74159202
74160195
74161195
74162195
74163199
74164197
74165193
74166189
74167193
74168205
74169190
74170194
74171203
74172195
74173203
74174191
74175188
74176190
74177187
74178190
74179187
74180187
74181187
74182190
74183187
74184184
74185190
74186189
74187190
74188184
74189184
74190184
74191184
74192185
74193184
74194186
74195186
74196185
74197185
74198184
74199184
74200184
74205185
74206184
74207184
74208184
74209185
74210186
74211186
74212185
74213185
74214185
74215186
74216185
74217185
74218186
74219185
74220185
74221185
74222186
74223185
74224185
74225185
74226185
74227185
74228187
74229185
74230185
74231185
74232185
74234185
74235186
74236185
74237185
74238185
74239185
74240185
74241185
74242185
74243185
74244185
74245185
74246185
74247185
74248185
74249186
74250185
74251185
74252185
74253185
74254185
74255185
74256185
74257185
74258185
74259185
74260185
74261186
74262185
74263186
74264185
74265185
74266185
74267186
74268185
74269186
74270186
74271186
74272186
74273185
74274186
74275186
74276185
74277186
74278186
74279186
74280186
74281186
74282186
74283186
74284186
74285186
74286186
74287186
74288186
74289186
74290186
74291186
74292186
74293186
74294186
74295186
74296186
74297186
74298186
74299186
74300186
74301186
74302186
74303186
74304186
74305186
74306186
74307186
74308186
74309186
74310186
74311186
74312186
74313186
74314186
74315186
74316186
74317186
74318186
74319186
74320186
74321186
74322186
74323186
74324186
74325186
74326186
74327186
74328186
74329186
74330186
74331186
74332187
74333186
74334186
74335186
74336186
74337187
74338186
74339186
74340186
74341187
74342186
74343186
74344186
74345186
74346186
74347187
74348186
74349187
74350186
74351187
74352187
74353187
74354187
74355187
74356187
74357187
74358187
74359187
74360187
74361187
74362187
74363187
74364187
74365187
74366187
74367187
74368187
74369187
74370187
74371187
74372187
74373187
74374187
74375187
74376187
74377187
74378187
74379187
74380187
74381187
74382187
74383187
74384187
74385187
74386187
74387188
74388188
74389187
74390187
74391187
74392188
74393187
74394187
74395187
74396187
74397188
74398189
74399187
74400187
74404187
74405187
74406187
74407187
74408188
74409187
74410187
74411187
74412187
74413187
74414187
74415187
74416187
74417187
74418187
74419187
74420187
74421187
74422187
74423188
74424188
74425188
74426187
74427187
74428188
74429188
74430188
74431188
74434188
74435188
74436188
74437188
74438188
74439188
74440188
74441188
74442188
74443188
74444188
74445188
74446188
74447188
74448188
74449188
74450188
74451188
74452188
74453188
74454188
74455188
74456188
74457188
74458188
74459188
74460188
74461188
74462188
74463188
74464188
74465188
74466188
74467188
74468188
74469188
74470188
74471188
74472188
74473189
74474188
74475188
74476188
74477189
74478188
74479188
74480189
74481188
74482190
74483189
74484188
74485189
74486189
74487188
74488188
74489188
74490188
74491189
74492189
74493189
74494189
74495189
74496189
74497189
74498189
74499189
74500189
74501189
74502189
74503189
74504189
74505189
74506189
74507189
74508189
74509189
74510189
74511189
74512189
74513189
74514189
74515189
74516189
74517189
74518189
74519189
74520189
74521189
74522189
74523189
74524189
74525189
74526189
74527189
74528189
74529189
74530189
74531189
74532189
74533189
74534189
74535189
74536189
74537189
74538189
74539189
74540189
74541189
74542189
74543189
74544189
74545189
74546189
74547189
74548190
74549190
74550190
74551190
74552190
74553190
74554190
74555190
74556190
74557190
74558190
74559190
74560190
74561190
74562190
74563190
74564190
74565190
74566190
74567190
74568190
74569190
74570190
74571190
74572190
74573190
74574190
74575190
74576190
74577190
74578190
74579190
74580190
74581190
74582191
74583190
74584191
74585191
74586191
74587191
74588191
74589191
74590190
74591190
74592191
74593190
74594191
74595190
74596190
74597190
74598191
74599191
74600191
74603191
74604191
74605191
74606191
74607191
74608191
74609191
74610191
74611191
74612191
74613191
74614191
74615191
74616191
74617191
74618191
74619191
74620191
74621191
74622191
74623191
74624191
74625191
74626191
74627191
74628191
74629191
74630191
74631191
74634191
74635191
74636191
74637192
74638192
74639191
74640192
74641192
74642192
74643192
74644191
74645192
74646191
74647192
74648191
74649192
74650192
74651191
74652192
74653192
74654192
74655192
74656192
74657192
74658192
74659191
74660192
74661192
74662192
74663192
74664191
74665192
74666192
74667192
74668192
74669192
74670192
74671192
74672192
74673192
74674192
74675192
74676192
74677192
74678192
74679193
74680192
74681192
74682192
74683192
74684192
74685192
74686192
74687192
74688192
74689193
74690192
74691193
74692193
74693192
74694192
74695192
74696193
74697192
74698192
74699193
74700192
74701192
74702192
74703192
74704193
74705193
74706193
74707193
74708192
74709193
74710193
74711193
74712192
74713193
74714193
74715193
74716193
74717193
74718193
74719193
74720193
74721193
74722193
74723193
74724193
74725193
74726193
74727193
74728193
74729198
74730198
74731200
74732197
74733203
74734199
74735199
74736194
74737201
74738197
74739197
74740196
74741203
74742196
74743200
74744193
74745199
74746203
74747201
74748203
74749198
74750197
74751198
74752203
74753197
74754198
74755199
74756198
74757200
74758205
74759204
74760201
74761194
74762203
74763201
74764199
74765197
74766199
74767202
74768203
74769204
74770203
74771197
74772201
74773204
74774204
74775204
74776203
74777196
74778206
74779200
74780199
74781204
74782196
74783197
74784204
74785203
74786197
74787201
74788205
74789194
74790194
74791194
74792194
74793195
74794197
74795194
74796194
74797194
74798194
74799195
74800194
74801197
74802194
74803196
74804196
74805194
74806194
74807194
74808196
74809196
74810194
74811196
74812194
74813194
74814197
74815195
74816194
74817195
74818195
74819195
74820194
74821194
74822197
74823197
74824196
74825194
74826194
74827196
74828194
74829194
74830197
74831194
74836195
74837194
74838194
74839195
74840194
74841195
74842195
74843196
74844195
74845195
74846196
74847196
74848196
74849195
74850194
74851194
74852194
74853194
74854194
74855194
74856195
74857194
74858194
74859195
74860195
74861195
74862195
74863194
74864195
74865194
74866194
74867195
74868195
74869194
74870195
74871195
74872195
74873195
74874195
74875195
74876195
74877195
74878195
74879195
74880195
74881195
74882195
74883195
74884195
74885195
74886195
74887195
74888195
74889195
74890195
74891195
74892195
74893195
74894195
74895195
74896195
74897195
74898195
74899195
74900195
74901195
74902195
74903195
74904195
74905195
74906195
74907195
74908195
74909197
74910195
74911195
74912198
74913195
74914198
74915196
74916195
74917195
74918195
74919197
74920196
74921195
74922195
74923196
74924196
74925196
74926196
74927195
74928196
74929196
74930196
74931196
74932196
74933196
74934196
74935196
74936196
74937196
74938196
74939198
74940196
74941196
74942196
74943197
74944197
74945196
74946196
74947196
74948196
74949196
74950196
74951196
74952196
74953196
74954196
74955196
74956196
74957196
74958196
74959196
74960196
74961196
74962196
74963196
74964196
74965196
74966196
74967196
74968196
74969202
74970200
74971198
74972198
74973197
74974202
74975200
74976198
74977198
74978201
74979199
74980200
74981202
74982198
74983199
74984201
74985199
74986203
74987199
74988201
74989202
74990199
74991199
74992199
74993202
74994198
74995211
74996200
74997199
74998201
74999200
75000199
75001202
75002202
75003198
75004200
75005199
75006201
75007199
75008198
75009199
75010198
75011201
75012198
75013201
75014199
75015202
75016201
75017204
75018200
75019200
75020203
75021202
75022201
75023201
75024203
75025198
75026199
75027199
75028201
75029197
75030198
75031197
75032198
75033200
75037198
75038197
75039198
75040197
75041199
75042198
75043198
75044199
75045198
75046198
75047198
75048197
75049199
75050199
75051198
75052198
75053198
75054198
75055199
75056198
75057198
75058199
75059201
75060199
75061198
75062198
75063198
75064199
75068198
75069199
75070198
75071198
75072198
75073198
75074198
75075198
75076198
75077198
75078198
75079199
75080198
75081200
75082200
75083198
75084199
75085198
75086198
75087199
75088198
75089198
75090198
75091198
75092198
75093199
75094199
75095198
75096199
75097200
75098199
75099198
75100199
75101199
75102199
75103198
75104199
75105199
75106199
75107199
75108199
75109198
75110199
75111199
75112199
75113200
75114199
75115199
75116199
75117199
75118199
75119199
75120199
75121199
75122199
75123199
75124199
75125199
75126199
75127199
75128199
75129199
75130199
75131199
75132199
75133199
75134199
75135199
75136199
75137199
75138199
75139199
75140199
75141199
75142199
75143199
75144199
75145199
75146199
75147199
75148199
75149200
75150199
75151199
75152199
75153199
75154200
75155199
75156199
75157199
75158199
75159199
75160199
75161200
75162200
75163200
75164200
75165199
75166200
75167200
75168201
75169200
75170200
75171200
75172200
75173200
75174200
75175200
75176199
75177200
75178199
75179200
75180200
75181199
75182200
75183200
75184200
75185200
75186200
75187200
75188200
75189200
75190200
75191200
75192200
75193200
75194200
75195200
75196200
75197200
75198200
75199201
75200200
75201201
75202200
75203200
75204200
75205200
75206200
75207200
75208200
75209200
75210200
75211200
75212200
75213200
75214200
75215200
75216200
75217200
75218200
75219200
75220200
75221201
75222200
75223200
75224200
75225200
75226200
75227200
75228200
75229200
75230200
75231200
75232201
75233200
75234200
75235200
75236200
75237200
75238201
75239201
75240201
75241200
75242200
75243200
75244200
75245201
75246200
75247200
75248201
75249200
75250200
75251201
75252201
75253201
75254201
75255201
75256201
75257200
75258201
75259200
75260201
75261201
75262201
75263201
75264201
75265201
75271201
75272201
75273201
75274201
75275201
75276201
75277201
75278201
75279201
75280201
75281201
75282201
75283201
75284201
75285201
75286201
75287201
75288201
75289201
75290201
75291201
75292201
75293201
75294201
75295201
75296201
75297202
75298202
75300201
75301201
75302201
75303201
75304201
75305201
75306201
75307201
75308201
75309202
75310202
75311201
75312201
75313201
75314201
75315202
75316202
75317201
75318201
75319202
75320202
75321201
75322202
75323202
75324202
75325202
75326202
75327202
75328202
75329202
75330202
75331209
75332202
75333202
75334202
75335202
75336202
75337202
75338202
75339202
75340202
75341210
75342202
75343202
75344202
75345202
75346202
75347202
75348202
75349202
75350202
75351210
75352202
75353202
75354202
75355210
75356206
75357210
75358215
75359217
75360202
75361216
75362217
75363218
75364216
75365217
75366221
75367219
75368216
75369202
75370202
75371218
75372216
75373202
75374227
75375202
75376202
75377214
75378225
75379219
75380214
75381216
75382215
75383212
75384203
75385203
75386217
75387218
75388203
75389216
75390215
75391210
75392218
75393212
75394220
75395213
75396221
75397219
75398219
75399216
75400213
75401216
75402218
75403214
75404210
75405218
75406212
75407206
75408208
75409206
75410208
75411207
75412206
75413206
75414205
75415205
75416208
75417206
75418209
75419206
75420204
75421207
75422209
75423209
75424205
75425206
75426209
75427205
75428204
75429208
75430208
75431212
75432208
75433209
75434206
75435210
75436205
75437204
75438209
75439210
75440208
75441210
75442206
75443207
75444209
75445211
75446206
75447205
75448205
75449205
75450204
75451204
75452204
75453204
75454204
75455205
75456204
75457204
75458204
75459204
75460204
75461204
75462204
75463204
75464204
75465204
75466204
75467204
75468205
75469204
75470204
75471204
75472204
75473204
75474204
75475205
75476204
75477204
75478204
75479205
75480205
75481204
75482204
75483204
75484204
75485204
75486206
75487205
75488205
75489204
75490205
75491205
75492205
75493204
75494205
75495205
75496205
75497205
75498205
75499205
75503205
75504205
75505205
75506205
75507205
75508211
75509209
75510205
75511205
75512205
75513206
75514205
75515205
75516205
75517205
75518205
75519205
75520205
75521206
75522205
75523205
75524205
75525205
75526205
75527205
75528205
75529205
75530205
75531205
75532205
75533205
75534207
75535205
75536205
75537206
75538205
75539205
75540205
75541205
75542205
75543207
75544205
75545206
75546205
75547205
75548206
75549205
75550205
75551206
75552205
75553206
75554206
75555206
75556206
75557206
75558206
75559206
75560206
75561206
75562206
75563207
75564207
75565206
75566206
75567206
75568206
75569206
75570206
75571206
75572206
75573206
75574206
75575206
75576206
75577206
75578206
75579206
75580206
75581206
75582206
75583206
75584206
75585206
75586206
75587206
75588206
75589206
75590206
75591206
75592206
75593206
75594206
75595206
75596206
75597206
75598206
75599206
75600206
75601206
75602206
75603207
75604206
75605206
75606206
75607206
75608206
75609206
75610206
75611207
75612206
75613207
75614206
75615206
75616207
75617206
75618206
75619206
75620207
75621207
75622207
75623207
75624207
75625207
75626207
75627207
75628207
75629207
75630207
75631207
75632207
75633207
75634207
75635207
75636207
75637207
75638207
75639207
75640207
75641207
75642207
75643207
75644207
75645207
75646207
75647207
75648207
75649207
75650207
75651207
75652207
75653207
75654207
75655207
75656207
75657207
75658207
75659208
75660207
75661208
75662207
75663207
75664207
75665207
75666207
75667207
75668208
75669207
75670207
75671207
75672207
75673208
75674207
75675208
75676208
75677208
75678207
75679207
75680207
75681207
75682207
75683207
75684207
75685208
75686208
75687208
75688208
75689208
75690208
75691208
75692208
75693208
75694208
75695208
75696208
75697208
75698208
75699208
75700208
75701208
75702208
75703208
75704208
75705208
75706208
75707208
75708208
75709208
75710208
75711208
75712208
75713208
75714208
75715208
75716208
75717208
75718208
75719208
75720208
75721208
75722208
75723208
75724208
75725208
75726208
75727208
75728208
75729208
75730208
75731208
75732208
75733208
75738208
75739208
75740208
75741208
75742208
75743208
75744208
75745208
75746208
75747209
75748208
75749209
75750209
75751209
75752209
75753209
75754209
75755209
75756209
75757209
75758209
75759209
75760209
75761209
75762209
75763209
75764209
75765209
75766209
75767209
75768209
75769209
75770209
75771209
75772209
75773209
75774209
75775209
75776209
75777209
75778209
75779209
75780209
75781209
75782209
75783210
75784209
75785209
75786209
75787209
75788209
75789209
75790209
75791210
75792209
75793209
75794209
75795209
75796209
75797209
75798209
75799209
75800209
75801210
75802209
75803209
75804210
75805209
75806210
75807209
75808209
75809209
75810209
75811209
75812209
75813209
75814209
75815209
75816210
75817209
75818209
75819209
75820209
75821209
75822209
75823210
75824210
75825209
75826209
75827210
75828210
75829210
75830209
75831210
75832210
75833210
75834209
75835210
75836210
75837210
75838210
75839210
75840210
75841210
75842210
75843210
75844210
75845210
75846210
75847210
75848210
75849210
75850210
75851210
75852210
75853210
75854210
75855210
75856210
75857210
75858210
75859210
75860210
75861210
75862210
75863211
75864210
75865210
75866210
75867210
75868210
75869211
75870210
75871210
75872210
75873211
75874211
75875210
75876210
75877210
75878211
75879211
75880210
75881211
75882210
75883210
75884211
75885211
75886210
75887210
75888211
75889211
75890211
75891211
75892211
75893211
75894211
75895211
75896211
75897211
75898211
75899211
75900211
75901211
75902211
75903212
75904211
75905211
75906211
75907211
75908211
75909211
75910211
75911214
75912211
75913211
75914211
75915212
75916211
75917211
75918211
75919211
75920211
75921211
75922211
75923212
75924211
75925211
75926211
75927211
75928211
75929211
75930211
75931211
75932218
75933219
75934219
75935211
75936211
75937211
75938219
75939213
75940211
75941211
75942211
75943212
75944211
75945219
75946211
75947211
75948212
75949218
75950217
75951211
75952211
75953211
75954211
75955218
75956214
75957211
75958211
75959211
75960212
75961217
75962221
75963212
75964211
75965219
75966215
75967212
75972218
75973212
75974212
75975219
75976219
75977220
75978217
75979215
75980212
75981218
75982217
75983216
75984218
75985217
75986221
75987212
75988212
75989213
75990216
75991218
75992212
75993217
75994218
75995218
75996212
75997217
75998216
75999216
76000221
76001212
76002218
76003217
76004217
76005218
76006222
76007217
76008218
76009217
76010217
76011219
76012219
76013216
76014217
76015217
76016217
76017218
76018218
76019219
76020215
76021228
76022218
76023220
76024220
76025217
76026218
76027225
76028219
76029219
76030217
76031220
76032217
76033220
76034220
76035215
76036217
76037220
76038215
76039221
76040217
76041219
76042218
76043214
76044219
76045222
76046218
76047218
76048217
76049215
76050217
76051218
76052224
76053219
76054217
76055218
76056221
76057217
76058217
76059217
76060219
76061220
76062215
76063219
76064215
76065219
76066215
76067216
76068218
76069219
76070219
76071218
76072220
76073217
76074218
76075222
76076217
76077219
76078215
76079223
76080217
76081217
76082217
76083220
76084218
76085219
76086217
76087218
76088218
76089219
76090218
76091216
76092217
76093216
76094216
76095218
76096219
76097222
76098218
76099220
76100222
76101220
76102221
76103219
76104216
76105218
76106219
76107216
76108219
76109219
76110216
76111218
76112218
76113218
76114216
76115219
76116214
76117214
76118215
76119215
76120216
76121216
76122217
76123216
76124218
76125214
76126216
76127218
76128215
76129217
76130216
76131218
76132216
76133216
76134215
76135216
76136215
76137215
76138217
76139224
76140216
76141217
76142216
76143215
76144215
76145215
76146215
76147215
76148215
76149215
76150217
76151217
76152216
76153216
76154217
76155216
76156218
76157216
76158215
76159218
76160217
76161216
76162215
76163216
76164216
76165215
76166215
76167216
76168215
76169219
76170215
76171215
76172215
76173217
76174215
76175215
76176215
76177215
76178216
76179216
76180215
76181218
76182215
76183216
76184216
76185215
76186215
76187216
76188215
76189215
76190215
76191216
76192215
76193216
76194216
76195215
76196216
76197216
76198216
76199215
76200216
76201216
76202216
76207216
76208216
76209216
76210216
76211216
76212216
76213216
76214216
76215218
76216216
76217216
76218216
76219216
76220216
76221216
76222216
76223216
76224216
76225216
76226219
76227219
76228216
76229216
76230217
76231216
76232216
76233216
76234216
76235216
76236216
76237216
76238216
76239218
76240216
76241216
76242217
76243217
76244218
76245216
76246216
76247217
76248216
76249217
76250216
76251217
76252217
76253217
76254217
76255217
76256217
76257217
76258217
76259219
76260217
76261216
76262217
76263216
76264217
76265217
76266217
76267217
76268218
76269217
76270217
76271217
76272218
76273217
76274217
76275217
76276217
76277217
76278217
76279217
76280217
76281217
76282217
76283218
76284217
76285217
76286218
76287218
76288217
76289219
76290218
76291218
76292217
76293217
76294218
76295217
76296217
76297217
76298218
76299218
76300218
76301218
76302217
76303217
76304217
76305219
76306218
76307217
76308218
76309218
76310217
76311219
76312217
76313217
76314217
76315218
76316218
76317218
76318217
76319219
76320217
76321218
76322217
76323217
76324218
76325217
76326218
76327218
76328218
76329218
76330218
76331219
76332217
76333218
76334218
76335218
76336218
76337218
76338218
76339218
76340218
76341218
76342218
76343218
76344218
76345218
76346218
76347218
76348219
76349219
76350218
76351218
76352218
76353218
76354222
76355220
76356218
76357219
76358218
76359222
76360222
76361218
76362218
76363218
76364220
76365218
76366218
76367220
76368224
76369219
76370224
76371218
76372221
76373219
76374220
76375220
76376220
76377218
76378222
76379224
76380219
76381225
76382222
76383218
76384221
76385218
76386221
76387218
76388218
76389221
76390221
76391222
76392222
76393225
76394219
76395219
76396222
76397218
76398220
76399219
76400218
76401219
76402220
76403221
76404218
76405219
76406219
76407219
76408219
76409221
76410219
76411219
76412219
76413219
76414219
76415219
76416219
76417219
76418219
76419219
76420219
76421219
76422219
76423219
76424219
76425219
76426219
76427219
76428219
76429219
76430219
76431219
76432219
76433219
76434219
76435219
76436219
76437219
76438219
76441219
76442219
76443219
76444219
76445219
76446219
76447219
76448219
76449219
76450219
76451219
76452219
76453219
76454219
76455219
76456219
76457219
76458220
76459219
76460219
76461219
76462219
76463219
76464219
76465219
76466219
76467219
76468219
76469219
76470219
76471219
76472219
76473219
76474221
76475219
76476220
76477220
76478220
76479220
76480220
76481220
76482220
76483220
76484220
76485220
76486220
76487220
76488220
76489220
76490220
76491220
76492220
76493220
76494220
76495220
76496220
76497220
76498220
76499220
76500220
76501220
76502220
76503220
76504220
76505220
76506220
76507220
76508220
76509220
76510220
76511220
76512220
76513220
76514220
76515220
76516220
76517220
76518220
76519220
76520220
76521220
76522221
76523220
76524220
76525221
76526221
76527220
76528221
76529220
76530221
76531220
76532220
76533220
76534220
76535220
76536220
76537220
76538221
76539220
76540221
76541220
76542220
76543221
76544220
76545221
76546221
76547221
76548221
76549221
76550221
76551221
76552221
76553221
76554221
76555221
76556221
76557221
76558221
76559221
76560221
76561221
76562221
76563221
76564221
76565221
76566221
76567221
76568221
76569221
76570221
76571221
76572221
76573221
76574221
76575221
76576221
76577221
76578221
76579221
76580221
76581221
76582221
76583221
76584221
76585221
76586221
76587221
76588221
76589221
76590221
76591228
76592230
76593225
76594228
76595222
76596222
76597226
76598221
76599226
76600228
76601228
76602222
76603225
76604226
76605229
76606228
76607229
76608229
76609228
76610226
76611230
76612229
76613228
76614229
76615225
76616230
76617222
76618222
76619232
76620229
76621230
76622231
76623228
76624229
76625228
76626228
76627222
76628229
76629230
76630227
76631230
76632224
76633229
76634229
76635226
76636226
76637228
76638227
76639234
76640243
76641237
76642235
76643234
76644236
76645222
76646236
76647242
76648232
76649242
76650231
76651231
76652234
76653237
76654236
76655233
76656230
76657242
76658222
76659223
76660232
76661231
76662226
76663226
76664231
76665224
76666229
76667224
76668226
76669228
76670229
76671225
76672226
76673225
76678226
76679229
76680225
76681227
76682225
76683223
76684223
76685229
76686228
76687225
76688228
76689224
76690225
76691223
76692225
76693225
76694224
76695230
76696230
76697229
76698225
76699226
76700225
76701225
76702225
76703228
76704232
76705226
76706228
76707224
76708224
76709226
76710223
76711224
76712223
76713224
76714224
76715224
76716224
76717224
76718224
76719224
76720224
76721224
76722224
76723224
76724224
76725224
76726225
76727225
76728224
76729224
76730224
76731224
76732224
76733226
76734224
76735224
76736224
76737224
76738224
76739224
76740224
76741224
76742224
76743224
76744224
76745224
76746224
76747224
76748224
76749224
76750224
76751224
76752224
76753224
76754226
76755224
76756224
76757224
76758224
76759224
76760225
76761224
76762225
76763224
76764224
76765225
76766224
76767224
76768224
76769224
76770224
76771224
76772224
76773224
76774225
76775224
76776225
76777224
76778225
76779224
76780225
76781224
76782225
76783225
76784225
76785224
76786225
76787225
76788225
76789225
76790225
76791225
76792225
76793227
76794225
76795225
76796225
76797225
76798225
76799225
76800225
76801225
76802225
76803228
76804225
76805225
76806225
76807225
76808225
76809225
76810225
76811225
76812225
76813225
76814227
76815225
76816225
76817225
76818225
76819225
76820225
76821225
76822225
76823228
76824225
76825225
76826225
76827225
76828225
76829225
76830225
76831225
76832225
76833225
76834225
76835225
76836225
76837225
76838225
76839225
76840225
76841225
76842225
76843225
76844225
76845227
76846225
76847225
76848225
76849225
76850226
76851226
76852226
76853225
76854226
76855225
76856226
76857226
76858226
76859226
76860226
76861225
76862226
76863229
76864226
76865226
76866225
76867226
76868226
76869226
76870226
76871226
76872226
76873226
76874226
76875226
76876226
76877226
76878226
76879226
76880226
76881226
76882226
76883226
76884226
76885226
76886226
76887226
76888226
76889226
76890226
76891226
76892226
76893226
76894226
76895226
76896226
76897226
76898226
76899226
76900226
76901226
76902226
76903226
76904226
76905226
76906226
76907226
76908226
76909226
76914226
76915226
76916226
76917226
76918226
76919227
76920226
76921226
76922226
76923226
76924226
76925226
76926226
76927226
76928226
76929226
76930226
76931227
76932227
76933227
76934227
76935227
76936227
76937227
76938227
76939227
76940227
76941227
76942227
76945227
76946227
76947227
76948227
76949227
76950227
76951227
76952227
76953227
76954227
76955227
76956227
76957227
76958227
76959227
76960227
76961227
76962227
76963227
76964227
76965227
76966227
76967227
76968227
76969227
76970227
76971227
76972227
76973227
76974227
76975227
76976227
76977227
76978227
76979227
76980227
76981227
76982227
76983227
76984227
76985227
76986227
76987227
76988228
76989227
76990227
76991227
76992228
76993227
76994228
76995227
76996227
76997228
76998227
76999227
77000228
77001228
77002228
77003228
77004228
77005228
77006228
77007228
77008228
77009228
77010228
77011235
77012228
77013229
77014235
77015236
77016228
77017236
77018228
77019234
77020228
77021236
77022237
77023228
77024228
77025234
77026228
77027236
77028228
77029228
77030229
77031235
77032236
77033228
77034228
77035228
77036236
77037228
77038235
77039228
77040236
77041235
77042228
77043236
77044228
77045233
77046235
77047232
77048242
77049234
77050235
77051228
77052228
77053229
77054236
77055229
77056235
77057229
77058229
77059229
77060235
77061237
77062229
77063229
77064229
77065229
77066229
77067237
77068235
77069229
77070234
77071233
77072234
77073234
77074235
77075235
77076234
77077235
77078232
77079234
77080234
77081229
77082235
77083235
77084232
77085235
77086234
77087234
77088237
77089235
77090236
77091237
77092233
77093233
77094238
77095235
77096234
77097233
77098236
77099236
77100235
77101235
77102232
77103235
77104229
77105231
77106237
77107233
77108232
77109233
77110234
77111234
77112237
77113236
77114238
77115233
77116236
77117232
77118229
77119238
77120235
77121238
77122233
77123232
77124236
77125235
77126233
77127236
77128234
77129234
77130231
77131231
77132233
77133237
77134233
77135233
77136233
77137235
77138236
77139231
77140231
77141232
77142233
77143233
77144231
77145233
77146232
77147235
77149231
77150244
77151233
77152232
77153234
77154235
77155233
77156233
77157232
77158232
77159232
77160232
77161233
77162234
77163233
77164232
77165235
77166233
77167232
77168233
77169234
77170231
77171232
77172236
77173239
77174233
77175234
77176235
77177232
77183231
77184234
77185232
77186232
77187231
77188235
77189238
77190231
77191231
77192231
77193231
77194231
77195231
77196231
77197231
77198231
77199231
77200231
77201231
77202231
77203231
77204231
77205231
77206235
77207237
77208231
77209236
77210236
77211236
77212237
77213235
77214234
77215232
77216237
77217236
77218232
77219240
77220240
77221239
77222235
77223239
77224236
77225234
77226235
77227235
77228233
77229236
77230236
77231241
77232238
77233236
77234235
77235235
77236232
77237235
77238236
77239236
77240239
77241234
77242239
77243238
77244236
77245236
77246236
77247234
77248236
77249239
77250232
77251233
77252232
77253233
77254232
77255232
77256232
77257232
77258232
77259232
77260232
77261232
77262233
77263232
77264232
77265232
77266232
77267232
77268232
77269233
77270232
77271232
77272232
77273232
77274232
77275233
77276233
77277233
77278233
77279233
77280232
77281232
77282233
77283232
77284232
77285233
77286233
77287233
77288233
77289232
77290232
77291232
77292232
77293233
77294233
77295232
77296233
77297233
77298233
77299235
77300233
77301233
77302233
77303233
77304233
77305235
77306235
77307233
77308233
77309233
77310233
77311233
77312233
77313233
77314234
77315233
77316233
77317233
77318233
77319233
77320235
77321233
77322233
77323233
77324233
77325235
77326233
77327233
77328233
77329233
77330234
77331233
77332233
77333233
77334233
77335234
77336233
77337235
77338233
77339233
77340235
77341234
77342234
77343234
77344233
77345234
77346234
77347235
77348235
77349235
77350235
77351235
77352234
77353235
77354233
77355234
77356235
77357234
77358234
77359235
77360234
77361234
77362235
77363235
77364235
77365234
77366235
77367234
77368234
77369235
77370234
77371234
77372234
77373234
77374236
77375235
77376235
77377235
77378234
77379234
77380235
77381234
77382234
77383234
77384236
77385234
77386234
77387234
77388234
77389236
77390234
77391234
77392234
77393235
77394235
77395235
77396235
77397234
77398236
77399234
77400234
77401234
77402234
77403234
77404234
77405234
77406234
77407235
77408234
77409235
77410237
77411234
77412234
77413234
77414234
77415234
77416235
77417235
77420234
77421234
77422235
77423234
77424235
77425235
77426234
77427234
77428234
77429235
77430234
77431234
77432234
77433235
77434235
77435234
77436235
77437234
77438234
77439235
77440235
77441234
77442235
77443234
77444235
77445234
77446234
77447235
77448235
77451235
77452235
77453235
77454235
77455235
77456235
77457235
77458239
77459235
77460235
77461235
77462235
77463235
77464235
77465235
77466235
77467235
77468235
77469235
77470235
77471235
77472235
77473235
77474235
77475235
77476235
77477235
77478235
77479235
77480235
77481236
77482235
77483235
77484235
77485235
77486235
77487236
77488235
77489236
77490235
77491243
77492242
77493235
77494244
77495243
77496243
77497235
77498244
77499243
77500235
77501236
77502246
77503245
77504245
77505235
77506243
77507243
77508245
77509241
77510235
77511235
77512245
77513236
77514242
77515244
77516236
77517236
77518236
77519249
77520236
77521242
77522236
77523245
77524244
77525243
77526243
77527246
77528236
77529243
77530243
77531236
77532236
77533247
77534247
77535245
77536245
77537245
77538236
77539242
77540246
77541243
77542237
77543242
77544244
77545245
77546236
77547236
77548243
77549246
77550245
77551240
77552238
77553238
77554237
77555237
77556239
77557237
77558240
77559237
77560240
77561238
77562239
77563241
77564237
77565237
77566239
77567237
77568240
77569238
77570238
77571238
77572238
77573237
77574237
77575238
77576237
77577242
77578238
77579238
77580237
77581237
77582237
77583238
77584238
77585237
77586238
77587239
77588238
77589238
77590237
77591237
77592237
77593239
77594238
77595242
77596237
77597237
77598241
77599239
77600238
77601237
77602238
77603238
77604238
77605237
77606239
77607237
77608237
77609240
77610241
77611237
77612238
77613237
77614237
77615237
77616238
77617238
77618238
77619237
77620238
77621238
77622238
77623238
77624238
77625238
77626238
77627238
77628238
77629238
77630238
77631238
77632238
77633238
77634238
77635238
77636238
77637238
77638238
77639238
77640238
77641238
77642239
77643238
77644238
77645238
77646238
77647238
77648238
77649238
77650238
77651238
77652238
77653238
77654239
77655238
77656239
77657238
77658239
77659239
77660238
77661238
77662239
77663239
77664238
77665239
77666238
77667238
77668238
77669238
77670238
77671240
77672239
77673238
77674238
77675238
77676238
77677238
77678239
77679239
77680239
77681239
77682239
77683239
77684239
77685239
77686238
77690239
77691238
77692239
77693239
77694239
77695239
77696239
77697239
77698239
77699242
77700239
77701239
77702239
77703239
77704239
77705239
77706239
77707239
77708239
77709239
77710239
77711241
77712239
77713239
77714239
77715239
77716239
77717242
77718241
77719239
77721239
77722240
77723239
77724239
77725239
77726240
77727239
77728239
77729240
77730239
77731239
77732239
77733239
77734239
77735239
77736239
77737239
77738239
77739239
77740239
77741239
77742239
77743239
77744239
77745239
77746239
77747239
77748239
77749239
77750239
77751239
77752239
77753239
77754239
77755239
77756239
77757239
77758239
77759239
77760239
77761239
77762239
77763239
77764239
77765239
77766239
77767239
77768239
77769239
77770239
77771239
77772240
77773239
77774240
77775240
77776240
77777240
77778240
77779240
77780240
77781240
77782240
77783240
77784240
77785240
77786240
77787240
77788240
77789240
77790240
77791240
77792240
77793240
77794240
77795240
77796240
77797240
77798241
77799241
77800240
77801240
77802240
77803241
77804241
77805240
77806240
77807240
77808240
77809240
77810240
77811240
77812240
77813240
77814240
77815240
77816240
77817240
77818240
77819240
77820240
77821240
77822240
77823241
77824240
77825240
77826240
77827240
77828240
77829240
77830240
77831240
77832240
77833240
77834241
77835240
77836240
77837240
77838241
77839240
77840241
77841241
77842241
77843241
77844241
77845241
77846241
77847241
77848241
77849241
77850241
77851241
77852241
77853241
77854241
77855241
77856241
77857241
77858241
77859241
77860241
77861241
77862241
77863241
77864241
77865241
77866241
77867241
77868241
77869241
77870242
77871242
77872241
77873242
77874242
77875241
77876241
77877241
77878241
77879241
77880241
77881241
77882241
77883241
77884241
77885241
77886242
77887244
77888242
77889242
77890241
77891242
77892242
77893242
77894242
77895242
77896241
77897242
77898242
77899241
77900242
77901241
77902241
77903241
77904242
77905242
77906242
77907242
77908242
77909242
77910242
77911242
77912242
77913251
77914242
77915242
77916251
77917242
77918242
77919242
77920242
77921242
77922242
77923250
77924242
77925242
77926242
77927242
77928242
77929249
77930242
77931242
77932242
77933242
77934242
77935242
77936249
77937245
77938242
77939242
77940249
77941242
77942249
77943250
77944242
77945243
77946242
77947242
77948242
77949250
77950242
77951250
77952250
77953243
77954251
77955248
77956242
77960242
77961243
77962242
77963242
77964243
77965243
77966242
77967243
77968242
77969243
77970243
77971251
77972248
77973248
77974247
77975247
77976249
77977248
77978251
77979246
77980249
77981251
77982246
77983248
77984251
77985249
77986249
77987249
77988248
77989249
77990250
77991248
77992251
77993246
77994249
77995250
77996253
77997252
77998243
77999249
78000246
78001246
78002250
78003249
78004249
78005250
78006246
78007249
78008246
78009248
78010250
78011247
78012249
78013249
78014251
78015247
78016250
78017246
78018249
78019246
78020246
78021252
78022249
78023245
78024246
78025248
78026246
78027249
78028249
78029252
78030250
78031250
78032245
78033247
78034244
78035244
78036248
78037244
78038249
78039246
78040249
78041244
78042248
78043246
78044252
78045247
78046247
78047248
78048244
78049244
78050251
78051248
78052247
78053245
78054246
78055249
78056246
78057247
78058244
78059247
78060248
78061247
78062248
78063251
78064247
78065248
78066246
78067248
78068245
78069245
78070250
78071246
78072245
78073251
78074246
78075246
78076250
78077246
78078245
78079245
78080247
78081250
78082246
78083250
78084249
78085249
78086245
78087245
78088246
78089248
78090246
78091245
78092245
78093245
78094245
78095245
78096245
78097246
78098245
78099245
78100245
78101245
78102245
78103245
78104245
78105245
78106245
78107245
78108245
78109245
78110245
78111245
78112245
78113245
78114245
78115245
78116245
78117245
78118245
78119246
78120245
78121245
78122245
78123245
78124245
78125245
78126245
78127245
78128246
78129246
78130245
78131246
78132246
78133245
78134246
78135246
78136245
78137245
78138246
78139245
78140245
78141245
78142245
78143245
78144246
78145246
78146246
78147246
78148246
78149246
78150246
78151246
78152246
78153246
78154246
78155246
78156246
78157246
78158246
78159246
78160246
78161246
78162246
78163246
78164246
78165246
78166246
78167246
78168246
78169246
78170246
78171246
78172246
78173246
78174246
78175246
78176246
78177246
78178247
78179251
78180246
78181246
78182250
78183246
78184247
78185248
78186248
78187247
78188246
78189247
78190246
78191246
78192246
78193246
78194248
78195246
78196247
78197247
78198246
78199246
78200247
78201246
78202246
78203246
78204247
78205246
78206246
78207247
78208246
78209247
78210247
78211246
78212246
78213246
78214246
78215246
78216246
78217246
78218246
78219246
78220246
78221246
78222247
78223247
78224246
78225246
78226247
78227246
78231247
78232247
78233247
78234247
78235247
78236247
78237247
78238247
78239247
78240247
78241247
78242247
78243247
78244247
78245247
78246247
78247247
78248247
78249247
78250247
78251247
78252247
78253247
78254250
78255247
78256247
78257247
78258247
78259248
78260247
78261247
78262247
78263247
78264247
78265248
78266248
78267249
78268247
78269248
78270247
78271247
78272247
78273247
78274247
78275247
78276247
78277247
78278248
78279247
78280247
78281247
78282247
78283248
78284248
78285247
78286247
78287247
78288247
78289248
78290247
78291247
78292247
78293247
78294248
78295248
78296248
78297248
78298248
78299248
78300248
78301248
78302248
78303248
78304248
78305248
78306248
78307248
78308248
78309248
78310248
78311248
78312248
78313248
78314248
78315248
78316248
78317248
78318248
78319248
78320248
78321248
78322248
78323248
78324248
78325248
78326248
78327248
78328248
78329248
78330248
78331248
78332248
78333248
78334248
78335248
78336248
78337248
78338249
78339248
78340249
78341249
78342248
78343249
78344248
78345248
78346248
78347248
78348248
78349249
78350248
78351249
78352249
78353248
78354248
78355249
78356249
78357249
78358249
78359249
78360249
78361249
78362249
78363249
78364249
78365249
78366249
78367249
78368249
78369249
78370249
78371249
78372249
78373249
78374250
78375249
78376249
78377249
78378249
78379249
78380249
78381249
78382249
78383249
78384249
78385249
78386249
78387249
78388249
78389249
78390249
78391249
78392249
78393249
78394249
78395250
78396250
78397250
78398249
78399249
78400249
78401250
78402249
78403249
78404249
78405250
78406249
78407249
78408250
78409249
78410250
78411249
78412250
78413250
78414249
78415249
78416250
78417250
78418249
78419250
78420250
78421249
78422249
78423250
78424250
78425250
78426250
78427250
78428250
78429250
78430250
78431250
78432250
78433250
78434250
78435250
78436250
78437250
78438250
78439250
78440250
78441250
78442250
78443250
78444250
78445250
78446250
78447250
78448250
78449250
78450250
78451250
78452250
78453250
78454250
78455250
78456257
78457250
78458257
78459259
78460250
78461259
78462251
78463259
78464250
78465250
78466259
78467250
78469257
78470259
78471251
78472250
78473250
78474250
78475258
78476260
78477255
78478258
78479250
78480250
78481250
78482257
78483250
78484251
78485251
78486260
78487251
78488250
78489251
78490251
78491258
78492250
78493257
78494259
78495251
78496251
78497258
78498251
78502259
78503257
78504259
78505259
78506251
78507251
78508257
78509259
78510259
78511253
78512255
78513254
78514253
78515255
78516255
78517255
78518253
78519253
78520253
78521252
78522255
78523252
78524255
78525253
78526253
78527253
78528253
78529254
78530254
78531254
78532256
78533255
78534253
78535252
78536253
78537252
78538252
78539255
78540253
78541253
78542257
78543254
78544253
78545255
78546254
78547256
78548253
78549254
78550256
78551255
78552254
78553257
78554254
78555253
78556254
78557257
78558255
78559254
78560253
78561253
78562253
78563253
78564254
78565255
78566256
78567255
78568253
78569254
78570255
78571252
78572252
78573252
78574252
78575252
78576252
78577252
78578252
78579252
78580254
78581252
78582252
78583253
78584252
78585253
78586263
78587257
78588252
78589252
78590252
78591253
78592255
78593253
78594252
78595253
78596253
78597253
78598252
78599253
78600253
78601253
78602253
78603253
78604256
78605253
78606253
78607253
78608253
78609253
78610253
78611253
78612254
78613253
78614253
78615253
78616253
78617253
78618253
78619253
78620255
78621255
78622253
78623253
78624256
78625253
78626254
78627253
78628253
78629253
78630253
78631253
78632253
78633253
78634254
78635253
78636254
78637254
78638253
78639253
78640254
78641254
78642253
78643253
78644254
78645253
78646253
78647254
78648255
78649254
78650254
78651253
78652257
78653254
78654254
78655256
78656257
78657256
78658254
78659255
78660256
78661256
78662254
78663254
78664256
78665254
78666254
78667256
78668254
78669255
78670254
78671257
78672257
78673254
78674254
78675254
78676254
78677254
78678256
78679254
78680254
78681256
78682257
78683254
78684254
78685256
78686254
78687254
78688254
78689255
78690254
78691254
78692255
78693255
78694255
78695254
78696254
78697254
78698254
78699254
78700255
78701255
78702255
78703254
78704254
78705255
78706255
78707255
78708254
78709254
78710255
78711255
78712255
78713254
78714255
78715254
78716254
78717255
78718255
78719256
78720254
78721254
78722255
78723255
78724255
78725255
78726255
78727255
78728255
78729255
78730255
78731255
78732255
78733255
78734255
78735255
78736255
78737256
78738255
78739255
78740255
78742255
78743255
78744256
78745255
78746255
78747257
78748255
78749257
78750255
78751255
78752255
78753255
78754256
78755257
78756258
78757255
78758256
78759256
78760255
78761255
78762261
78763255
78764257
78765255
78766255
78767256
78768255
78769256
78770255
78775255
78776255
78777259
78778257
78779257
78780257
78781255
78782255
78783255
78784257
78785256
78786258
78787256
78788258
78789256
78790258
78791255
78792256
78793255
78794255
78795255
78796255
78797255
78798256
78799255
78800255
78801256
78802255
78803256
78804255
78805256
78806257
78807256
78808257
78809256
78810256
78811256
78812256
78813256
78814255
78815255
78816256
78817256
78818256
78819255
78820256
78821256
78822256
78823256
78824256
78825256
78826256
78827256
78828256
78829256
78830256
78831256
78832256
78833256
78834256
78835256
78836256
78837256
78838257
78839256
78840256
78841257
78842256
78843256
78844256
78845256
78846256
78847256
78848256
78849256
78850256
78851256
78852256
78853256
78854256
78855256
78856256
78857256
78858256
78859256
78860256
78861256
78862256
78863256
78864256
78865256
78866256
78867256
78868256
78869257
78870256
78871256
78872257
78873256
78874256
78875257
78876256
78877256
78878257
78879257
78880257
78881257
78882256
78883257
78884257
78885257
78886257
78887257
78888257
78889257
78890257
78891257
78892257
78893258
78894257
78895257
78896257
78897257
78898257
78899257
78900257
78901257
78902257
78903257
78904257
78905257
78906257
78907257
78908257
78909257
78910257
78911257
78912257
78913257
78914258
78915257
78916257
78917257
78918257
78919257
78920257
78921257
78922257
78923257
78924257
78925257
78926258
78927257
78928257
78929257
78930257
78931257
78932257
78933258
78934257
78935258
78936257
78937257
78938257
78939258
78940257
78941257
78942257
78943257
78944258
78945257
78946257
78947257
78948258
78949258
78950258
78951258
78952258
78953258
78954258
78955258
78956258
78957258
78958258
78959258
78960258
78961258
78962258
78963258
78964258
78965258
78966258
78967258
78968258
78969258
78970258
78971258
78972258
78973258
78974258
78975258
78976258
78977258
78978258
78979258
78980259
78981258
78982258
78983258
78984258
78985258
78986258
78987258
78988258
78989259
78990258
78991258
78992258
78993258
78994258
78995258
78996258
78997259
78998259
78999258
79000259
79001258
79002259
79003258
79004258
79005258
79006259
79007259
79008259
79009259
79010259
79011259
79012258
79014259
79015259
79016259
79017259
79018259
79019259
79020259
79021259
79022259
79023259
79024259
79025259
79026259
79027259
79028259
79029259
79030259
79031259
79032259
79033259
79034259
79035259
79036259
79037259
79038259
79039259
79040259
79041259
79042259
79043259
79048259
79049259
79050262
79051259
79052272
79053275
79054259
79055268
79056273
79057261
79058259
79059259
79060272
79061275
79062260
79063278
79064286
79065279
79066275
79067260
79068286
79069274
79070271
79071273
79072259
79073281
79074260
79075278
79076274
79077279
79078260
79079284
79080260
79081260
79082259
79083286
79084273
79085279
79086274
79087277
79088260
79089272
79090273
79091272
79092260
79093280
79094274
79095260
79096260
79097271
79098260
79099279
79100260
79101265
79102267
79103267
79104270
79105267
79106269
79107267
79108260
79109265
79110265
79111264
79112267
79113267
79114267
79115265
79116267
79117267
79118265
79119267
79120269
79121264
79122270
79123268
79124272
79125268
79126265
79127267
79128268
79129260
79130265
79131268
79132269
79133265
79134264
79135266
79136268
79137263
79138266
79139267
79140264
79141269
79142264
79143266
79144269
79145263
79146270
79147261
79148267
79149268
79150264
79151269
79152269
79153267
79154265
79155266
79156266
79157269
79158266
79159266
79160268
79161263
79162268
79163266
79164264
79165268
79166264
79167267
79168264
79169265
79170268
79171268
79172264
79173264
79174267
79175267
79176262
79177265
79178264
79179263
79180262
79181263
79182266
79183267
79184263
79185262
79186262
79187264
79188267
79189264
79190264
79191265
79192266
79193264
79194264
79195263
79196263
79197266
79198262
79199268
79200267
79201263
79202268
79203264
79204269
79205274
79206268
79207274
79208276
79209274
79210272
79211275
79212272
79213275
79214280
79215271
79216274
79217270
79218281
79219276
79220281
79221275
79222273
79223276
79224273
79225273
79226276
79227277
79228276
79229276
79230273
79231273
79232266
79233270
79234267
79235268
79236268
79237268
79238269
79239273
79240277
79241264
79242266
79243265
79244264
79245263
79246272
79247264
79248264
79249262
79250264
79251263
79252263
79253263
79254263
79255263
79256263
79257263
79258263
79259263
79260263
79261263
79262265
79263263
79264263
79265263
79266263
79267263
79268263
79269263
79270263
79271263
79272263
79273263
79274266
79275263
79276263
79277263
79278263
79279264
79280263
79281263
79282263
79283263
79284263
79285263
79286263
79287264
79288265
79289263
79290263
79291263
79292263
79293263
79294263
79295263
79296264
79297264
79298263
79299263
79300264
79301263
79302263
79303263
79304263
79305263
79306263
79307264
79308263
79309263
79310263
79311263
79312263
79313263
79314264
79315263
79316264
79320264
79321264
79322264
79323264
79324264
79325264
79326265
79327264
79328264
79329264
79330264
79331264
79332264
79333264
79334264
79335264
79336264
79337264
79338264
79339264
79340264
79341264
79342264
79343264
79344264
79345264
79346264
79347264
79348264
79349264
79350264
79352264
79353264
79354264
79355264
79356264
79357264
79358264
79359264
79360264
79361264
79362264
79363265
79364265
79365264
79366264
79367264
79368264
79369264
79370264
79371265
79372264
79373264
79374265
79375264
79376264
79377265
79378264
79379264
79380265
79381265
79382265
79383265
79384265
79385265
79386264
79387264
79388265
79389265
79390264
79391265
79392265
79393265
79394265
79395265
79396265
79397265
79398265
79399265
79400265
79401265
79402265
79403265
79404265
79405265
79406265
79407265
79408265
79409265
79410265
79411265
79412265
79413265
79414265
79415265
79416265
79417265
79418265
79419265
79420265
79421265
79422265
79423265
79424265
79425265
79426265
79427265
79428265
79429265
79430265
79431265
79432265
79433265
79434265
79435265
79436265
79437265
79438265
79439266
79440265
79441265
79442265
79443265
79444265
79445265
79446266
79447265
79448265
79449266
79450265
79451266
79452265
79453265
79454266
79455266
79456266
79457266
79458266
79459265
79460266
79461266
79462266
79463266
79464266
79465266
79466266
79467266
79468266
79469266
79470266
79471266
79472266
79473266
79474266
79475266
79476266
79477266
79478266
79479265
79480266
79481266
79482266
79483266
79484266
79485266
79486266
79487266
79488266
79489266
79490266
79491266
79492266
79493266
79494266
79495266
79496266
79497266
79498266
79499266
79500266
79501266
79502266
79503266
79504266
79505266
79506266
79507266
79508266
79509266
79510266
79511266
79512266
79513266
79514266
79515266
79516267
79517266
79518266
79519266
79520266
79521266
79522267
79523266
79524266
79525266
79526267
79527267
79528267
79529267
79530266
79531266
79532266
79533267
79534267
79535267
79536267
79537267
79538267
79539267
79540267
79541267
79542267
79543267
79544267
79545267
79546267
79547267
79548267
79549267
79550267
79551267
79552267
79553267
79554267
79555267
79556267
79557267
79558267
79559267
79560267
79561267
79562267
79563267
79564267
79565267
79566267
79567270
79568267
79569268
79570267
79571267
79572267
79573267
79574267
79575267
79576267
79577268
79578268
79579268
79580267
79581267
79582267
79583267
79584267
79585268
79586268
79587270
79588267
79589270
79590268
79591267
79592268
79593267
79594267
79595267
79596267
79597267
79598268
79599268
79600268
79601268
79602268
79603268
79604268
79605268
79606268
79607283
79608268
79609268
79610268
79611268
79612283
79613281
79614268
79615268
79616268
79617272
79618268
79619272
79620272
79621271
79622268
79623268
79627268
79628268
79629268
79630268
79631274
79632268
79633268
79634268
79635268
79636268
79637268
79638268
79639268
79640268
79641268
79642268
79643268
79644277
79645268
79646268
79647268
79648268
79649276
79650268
79651268
79652270
79653272
79654272
79655271
79656273
79657270
79658272
79659270
79660270
79661272
79662270
79663272
79664276
79665271
79666272
79667273
79668273
79669271
79670272
79671272
79672270
79673273
79674274
79675272
79676273
79677271
79678272
79679273
79680273
79681272
79682270
79683270
79684269
79685273
79686270
79687273
79688276
79689272
79690276
79691275
79692273
79693271
79694272
79695271
79696272
79697273
79698272
79699271
79700272
79701272
79702271
79703272
79704273
79705271
79706271
79707273
79708270
79709273
79710271
79711271
79712270
79713270
79714270
79715270
79716270
79717280
79718276
79719275
79720279
79721274
79722279
79723271
79724282
79725283
79726270
79727283
79728276
79729271
79730274
79731270
79732270
79733270
79734270
79735270
79736270
79737270
79738270
79739270
79740271
79741270
79742270
79743270
79744270
79745270
79746270
79747270
79748270
79749270
79750270
79751270
79752270
79753270
79754270
79755270
79756270
79757270
79758270
79759270
79760270
79761270
79762270
79763272
79764270
79765270
79766270
79767271
79768271
79769271
79770270
79771270
79772270
79773270
79774271
79775271
79776270
79777271
79778271
79779270
79780271
79781271
79782271
79783271
79784271
79785271
79786271
79787271
79788271
79789271
79790271
79791271
79792271
79793271
79794271
79795271
79796271
79797271
79798272
79799271
79800271
79801271
79802271
79803272
79804271
79805271
79806271
79807271
79808271
79809272
79810271
79811271
79812271
79813271
79814271
79815271
79816271
79817271
79818271
79819271
79820271
79821271
79822271
79823271
79824271
79825272
79826271
79827272
79828271
79829271
79830272
79831272
79832271
79833271
79834271
79835271
79836271
79837271
79838271
79839271
79840271
79841271
79842271
79843271
79844271
79845271
79846271
79847271
79848271
79849271
79850271
79851271
79852271
79853271
79854271
79855272
79856271
79857271
79858272
79859271
79860271
79861271
79862272
79863271
79864271
79865271
79866271
79867272
79868272
79869272
79870272
79871272
79872272
79873272
79874272
79875272
79876272
79877272
79878272
79879272
79880272
79881272
79882272
79883272
79884272
79885272
79886272
79887272
79888272
79889272
79890272
79891272
79892272
79893272
79894272
79895272
79896272
79897272
79902272
79903272
79904272
79905273
79906272
79907272
79908272
79909272
79910272
79911272
79912272
79913272
79914272
79915272
79916272
79917272
79918272
79919272
79920272
79921273
79922272
79923273
79924273
79925273
79926273
79927273
79928273
79929273
79930273
79931273
79932273
79933274
79934273
79935273
79936273
79937273
79938273
79939273
79940273
79941273
79942273
79943273
79944273
79945273
79946274
79947273
79948274
79949274
79950273
79951273
79952273
79953273
79954273
79955273
79956273
79957273
79958273
79959273
79960274
79961274
79962273
79963273
79964273
79965273
79966273
79967273
79968273
79969273
79970273
79971273
79972274
79973274
79974273
79975273
79976274
79977273
79978274
79979273
79980273
79981274
79982274
79983274
79984273
79985273
79986274
79987274
79988273
79989274
79990273
79991273
79992274
79993274
79994274
79995274
79996274
79997274
79998275
79999274
80000274
80001274
80002275
80003275
80004274
80005274
80006274
80007274
80008275
80009274
80010275
80011275
80012274
80013274
80014274
80015274
80016274
80017275
80018275
80019274
80020274
80021274
80022274
80023274
80024281
80025285
80026274
80027275
80028285
80029274
80030274
80031285
80032275
80033274
80034274
80035275
80036280
80037275
80038285
80039274
80040280
80041285
80042275
80043274
80044275
80045274
80046274
80047275
80048275
80049274
80050275
80051274
80052285
80053286
80054277
80055275
80056286
80057275
80058284
80059275
80060275
80061285
80062285
80063274
80064286
80065286
80066275
80067275
80068275
80069275
80070275
80071275
80072276
80073281
80074278
80075275
80076282
80077276
80078279
80079281
80080279
80081279
80082278
80083277
80084276
80085281
80086279
80087277
80088282
80089275
80090278
80091280
80092278
80093278
80094281
80095276
80096281
80097277
80098282
80099279
80100279
80101281
80102279
80103280
80104279
80105280
80106280
80107277
80108278
80109281
80110278
80111282
80112283
80113280
80114279
80115277
80116277
80117278
80118279
80119277
80120277
80121282
80122278
80123283
80124279
80125280
80126277
80127281
80128280
80129283
80130282
80131278
80132282
80133276
80134277
80135278
80136276
80137277
80138277
80139276
80140277
80141277
80142276
80143276
80144277
80145276
80146278
80147276
80148277
80149277
80150278
80151277
80152276
80153276
80154278
80155277
80156279
80157277
80158279
80159278
80160276
80161277
80162277
80163277
80164276
80165276
80166277
80167278
80168277
80169278
80170276
80171277
80172277
80173277
80174278
80175277
80176276
80177277
80178277
80179277
80180278
80181278
80182277
80183277
80184277
80185277
80186277
80187277
80188278
80189277
80190277
80191277
80192277
80193277
80194277
80195277
80196278
80197278
80198278
80199277
80200277
80201277
80202277
80203278
80204281
80205279
80206278
80212278
80213277
80214277
80215277
80216277
80217278
80218277
80219277
80220278
80221278
80222277
80223277
80224277
80225277
80226278
80227279
80228278
80229279
80230285
80231279
80232277
80233278
80234278
80235278
80236278
80237277
80238278
80239278
80240278
80243279
80244278
80245278
80246278
80247278
80248278
80249278
80250278
80251278
80252278
80253279
80254278
80255278
80256278
80257279
80258278
80259279
80260278
80261278
80262278
80263278
80264278
80265279
80266278
80267278
80268278
80269279
80270278
80271278
80272279
80273278
80274278
80275278
80276278
80277278
80278278
80279278
80280278
80281278
80282278
80283279
80284278
80285278
80286278
80287278
80288278
80289278
80290279
80291278
80292279
80293278
80294279
80295279
80296279
80297279
80298279
80299279
80300278
80301280
80302279
80303280
80304279
80305279
80306279
80307279
80308279
80309279
80310279
80311279
80312279
80313278
80314278
80315279
80316279
80317279
80318278
80319278
80320278
80321278
80322278
80323278
80324279
80325278
80326278
80327279
80328278
80329279
80330279
80331281
80332279
80333279
80334279
80335279
80336279
80337279
80338279
80339279
80340279
80341279
80342279
80343279
80344279
80345279
80346279
80347279
80348279
80349279
80350279
80351279
80352279
80353279
80354279
80355279
80356279
80357279
80358279
80359279
80360279
80361279
80362279
80363279
80364279
80365279
80366281
80367279
80368279
80369279
80370280
80371281
80372279
80373279
80374280
80375279
80376281
80377280
80378282
80379281
80380280
80381284
80382283
80383281
80384280
80385283
80386281
80387283
80388282
80389281
80390280
80391279
80392280
80393282
80394281
80395281
80396283
80397281
80398280
80399280
80400283
80401282
80402284
80403280
80404284
80405281
80406280
80407283
80408283
80409280
80410282
80411280
80412280
80413284
80414280
80415280
80416280
80417280
80418283
80419282
80420283
80421283
80422283
80423283
80424281
80425281
80426280
80427280
80428283
80429280
80430282
80431282
80432284
80433280
80434280
80435280
80436280
80437280
80438280
80439280
80440280
80441280
80442280
80443280
80444281
80445281
80446281
80447280
80448281
80449280
80450280
80451281
80452281
80453281
80454280
80455280
80456280
80457281
80458281
80459280
80460280
80461281
80462281
80463281
80464281
80465281
80466281
80467281
80468281
80469281
80470281
80471281
80472281
80473281
80474281
80475281
80476281
80477281
80478281
80479281
80480281
80481281
80482281
80483281
80484281
80485281
80486281
80487281
80488281
80489281
80490281
80491281
80492281
80493281
80494281
80495281
80496281
80497281
80498281
80499281
80500281
80501281
80502281
80503281
80504281
80505281
80506281
80507281
80508281
80509282
80510282
80511281
80512281
80513281
80514281
80515281
80516281
80521281
80522281
80523281
80524281
80525281
80526282
80527282
80528281
80529281
80530282
80531282
80532282
80533282
80534282
80535282
80536282
80537282
80538282
80539282
80540282
80541282
80542296
80543294
80544282
80545282
80546282
80547282
80548282
80549282
80553289
80554290
80555282
80556289
80557292
80558286
80559286
80560291
80561290
80562289
80563289
80564289
80565288
80566288
80567291
80568288
80569289
80570290
80571289
80572290
80573290
80574282
80575288
80576289
80577288
80578289
80579282
80580290
80581288
80582289
80583288
80584289
80585288
80586289
80587283
80588289
80589291
80590290
80591288
80592288
80593289
80594289
80595288
80596283
80597288
80598289
80599288
80600289
80601289
80602288
80603291
80604289
80605288
80606288
80607289
80608289
80609285
80610288
80611288
80612283
80613284
80614287
80615289
80616286
80617283
80618290
80619284
80620284
80621288
80622285
80623290
80624289
80625284
80626287
80627286
80628286
80629286
80630286
80631286
80632285
80633286
80634288
80635287
80636287
80637285
80638285
80639292
80640285
80641286
80642284
80643286
80644290
80645284
80646287
80647284
80648286
80649284
80650286
80651284
80652288
80653290
80654285
80655288
80656288
80657286
80658286
80659286
80660286
80661284
80662284
80663290
80664286
80665285
80666288
80667285
80668290
80669287
80670287
80671287
80672284
80673284
80674284
80675284
80676284
80677284
80678284
80679285
80680284
80681284
80682284
80683284
80684285
80685284
80686284
80687284
80688284
80689284
80690284
80691284
80692285
80693284
80694284
80695285
80696284
80697284
80698284
80699284
80700285
80701284
80702285
80703285
80704285
80705285
80706285
80707285
80708285
80709285
80710285
80711285
80712285
80713285
80714285
80715285
80716285
80717285
80718285
80719285
80720285
80721286
80722285
80723285
80724285
80725285
80726285
80727285
80728285
80729285
80730285
80731285
80732285
80733285
80734285
80735285
80736285
80737285
80738285
80739286
80740285
80741285
80742286
80743285
80744286
80745286
80746286
80747285
80748285
80749285
80750286
80751285
80752285
80753285
80754285
80755285
80756285
80757286
80758285
80759286
80760286
80761285
80762285
80763286
80764285
80765286
80766286
80767286
80768285
80769286
80770286
80771286
80772285
80773286
80774286
80775286
80776286
80777286
80778286
80779286
80780286
80781287
80782286
80783286
80784286
80785286
80786286
80787286
80788286
80789286
80790286
80791286
80792286
80793286
80794286
80795286
80796286
80797286
80798286
80799286
80800286
80801286
80802286
80803286
80804286
80805286
80806286
80807287
80808286
80809286
80810286
80811286
80812286
80813286
80814286
80815286
80816286
80817287
80818287
80819286
80820286
80821286
80822286
80823286
80824286
80825286
80826286
80827286
80829286
80830286
80831286
80832286
80833286
80834286
80835286
80836286
80837286
80838286
80839286
80840286
80841286
80842286
80843287
80844287
80845287
80846286
80847287
80848287
80849287
80850287
80851287
80852287
80853287
80854287
80855287
80856287
80857287
80858287
80863287
80864287
80865287
80866287
80867287
80868287
80869287
80870287
80871287
80872287
80873287
80874287
80875287
80876287
80877287
80878287
80879288
80880287
80881287
80882287
80883287
80884287
80885287
80886287
80887287
80888287
80889288
80890287
80891287
80892287
80893287
80894287
80895287
80896287
80897288
80898287
80899288
80900287
80901287
80902287
80903287
80904288
80905288
80906287
80907287
80908287
80909288
80910288
80911288
80912288
80913287
80914287
80915287
80916288
80917288
80918287
80919288
80920287
80921287
80922287
80923288
80924288
80925288
80926288
80927288
80928288
80929288
80930288
80931288
80932288
80933288
80934288
80935288
80936288
80937288
80938288
80939288
80940288
80941288
80942288
80943288
80944288
80945288
80946288
80947288
80948288
80949288
80950288
80951288
80952288
80953288
80954288
80955288
80956288
80957288
80958288
80959288
80960288
80961288
80962288
80963288
80964288
80965288
80966288
80967288
80968288
80969288
80970288
80971288
80972289
80973288
80974288
80975288
80976289
80977288
80978288
80979288
80980288
80981289
80982289
80983288
80984289
80985289
80986289
80987289
80988289
80989289
80990289
80991289
80992289
80993289
80994289
80995289
80996289
80997289
80998289
80999289
81000289
81001289
81002289
81003289
81004289
81005289
81006289
81007289
81008289
81009289
81010289
81011289
81012289
81013289
81014289
81015289
81016289
81017289
81018289
81019289
81020289
81021289
81022289
81023290
81024289
81025289
81026289
81027289
81028289
81029289
81030289
81031289
81032289
81033297
81034295
81035297
81036296
81037289
81038299
81039293
81040296
81041295
81042296
81043290
81044296
81045293
81046289
81047296
81048296
81049295
81050295
81051290
81052296
81053294
81054293
81055297
81056298
81057294
81058294
81059293
81060294
81061295
81062290
81063294
81064293
81065294
81066294
81067297
81068296
81069293
81070295
81071295
81072296
81073298
81074296
81075297
81076296
81077296
81078293
81079292
81080295
81081295
81082297
81083294
81084295
81085294
81086292
81087295
81088295
81089296
81090298
81091297
81092297
81093295
81094292
81095295
81096295
81097292
81098295
81099297
81100294
81101295
81102292
81103296
81104298
81105294
81106293
81107294
81108292
81109292
81110295
81111296
81112294
81113293
81114295
81115295
81116294
81117293
81118294
81119293
81120295
81121293
81122297
81123296
81124295
81125292
81126292
81127291
81128292
81129293
81130295
81131294
81132295
81133292
81134294
81135293
81136291
81137294
81139297
81140294
81141294
81142295
81143297
81144296
81145293
81146295
81147295
81148295
81149293
81150294
81151296
81152306
81153291
81154291
81155291
81156291
81157292
81158292
81159292
81160292
81161292
81162291
81163293
81164292
81165292
81166292
81167292
81168296
81174292
81175292
81176292
81177292
81178292
81179292
81180292
81181292
81182292
81183292
81184293
81185292
81186297
81187294
81188295
81189292
81190292
81191295
81192292
81193292
81194296
81195292
81196292
81197292
81198294
81199292
81200293
81201292
81202292
81203292
81204293
81205292
81206292
81207293
81208293
81209295
81210292
81211292
81212292
81213292
81214292
81215293
81216293
81217293
81218292
81219293
81220292
81221293
81222293
81223293
81224293
81225293
81226293
81227293
81228292
81229293
81230293
81231293
81232293
81233293
81234293
81235293
81236293
81237293
81238293
81239293
81240293
81241293
81242293
81243293
81244293
81245293
81246293
81247293
81248293
81249293
81250293
81251293
81252293
81253293
81254293
81255299
81256293
81257293
81258293
81259293
81260293
81261293
81262295
81263293
81264293
81265293
81266293
81267293
81268293
81269293
81270296
81271293
81272293
81273293
81274293
81275293
81276293
81277293
81278294
81279294
81280293
81281293
81282294
81283294
81284295
81285293
81286294
81287294
81288294
81289295
81290295
81291296
81292294
81293296
81294297
81295294
81296294
81297294
81298294
81299294
81300297
81301294
81302294
81303296
81304294
81305296
81306294
81307296
81308294
81309294
81310295
81311294
81312295
81313294
81314294
81315297
81316294
81317294
81318294
81319294
81320294
81321295
81322296
81323294
81324294
81325294
81326294
81327294
81328294
81329295
81330295
81331294
81332296
81333294
81334294
81335294
81336294
81337294
81338294
81339294
81340294
81341294
81342294
81343294
81344294
81345294
81346294
81347294
81348294
81349294
81350294
81351294
81352294
81353294
81354294
81355294
81356294
81357294
81358295
81359294
81360294
81361295
81362294
81363294
81364294
81365294
81366295
81367294
81368294
81369295
81370295
81371294
81372294
81373295
81374294
81375294
81376295
81377295
81378295
81379295
81380295
81381295
81382295
81383295
81384295
81385295
81386295
81387295
81388295
81389295
81390295
81391295
81392294
81393295
81394297
81395296
81396295
81397295
81398295
81399295
81400295
81401295
81402295
81403295
81404296
81405297
81406295
81407296
81408296
81409296
81410295
81411295
81412295
81413295
81414295
81415295
81416295
81417295
81418295
81419295
81420296
81421296
81422295
81423295
81424297
81425295
81426295
81427296
81428296
81429295
81430297
81431295
81432295
81433296
81434295
81435298
81436295
81437298
81438296
81439295
81440295
81441295
81442296
81443297
81444298
81445295
81446295
81451296
81452297
81453296
81454296
81455296
81456296
81457296
81458296
81459296
81460296
81461296
81462296
81463296
81464296
81465296
81466296
81467296
81468296
81469296
81470296
81471296
81472296
81473296
81474296
81475296
81476296
81477296
81478296
81479296
81481296
81482297
81483296
81484296
81485296
81486296
81487296
81488296
81489296
81490296
81491296
81492301
81493296
81494299
81495298
81496302
81497296
81498296
81499296
81500296
81501299
81502296
81503296
81504296
81505296
81506297
81507296
81508297
81509296
81510296
81511297
81512297
81513297
81514297
81515296
81516297
81517297
81518297
81519297
81520297
81521297
81522297
81523297
81524319
81525297
81526297
81527297
81528297
81529297
81530313
81531297
81532297
81533297
81534300
81535297
81536297
81537316
81538297
81539312
81540308
81541297
81542297
81543319
81544297
81545297
81546297
81547297
81548297
81549297
81550297
81551297
81552297
81553316
81554297
81555297
81556313
81557297
81558313
81559297
81560297
81561297
81562297
81563297
81564297
81565297
81566307
81567297
81568297
81569297
81570298
81571306
81572297
81573297
81574307
81575307
81576304
81577304
81578307
81579304
81580298
81581306
81582298
81583302
81584301
81585304
81586308
81587302
81588303
81589307
81590307
81591302
81592305
81593304
81594302
81595303
81596304
81597303
81598302
81599307
81600308
81601307
81602302
81603302
81604305
81605306
81606307
81607304
81608302
81609307
81610306
81611304
81612304
81613305
81614302
81615308
81616305
81617303
81618304
81619300
81620303
81621303
81622305
81623298
81624303
81625304
81626304
81627305
81628306
81629306
81630302
81631305
81632308
81633308
81634300
81635299
81636299
81637299
81638299
81639299
81640300
81641302
81642301
81643299
81644304
81645299
81646299
81647299
81648299
81649299
81650299
81651299
81652299
81653301
81654303
81655300
81656299
81657300
81658300
81659303
81660299
81661299
81662299
81663301
81664300
81665300
81666301
81667303
81668300
81669300
81670302
81671299
81672299
81673299
81674299
81675300
81676300
81677299
81678300
81679300
81680299
81681301
81682300
81683300
81684300
81685300
81686300
81687300
81688299
81689299
81690303
81691300
81692301
81693300
81694300
81695300
81696300
81697300
81698300
81699300
81700300
81701300
81702300
81703300
81704300
81705300
81706300
81707300
81708300
81709300
81710300
81711300
81712300
81713300
81714300
81715300
81716300
81717300
81718300
81719300
81720300
81721300
81722300
81723300
81724300
81726300
81727300
81728300
81729300
81730300
81731300
81732300
81733300
81734300
81735301
81736301
81737301
81738300
81739301
81740301
81741300
81742300
81743300
81744300
81745301
81746300
81747301
81748301
81749300
81750300
81751301
81752301
81753301
81754301
81755300
81760301
81761301
81762301
81763301
81764301
81765301
81766301
81767301
81768304
81769301
81770301
81771301
81772301
81773301
81774301
81775301
81776301
81777301
81778301
81779301
81780301
81781301
81782301
81783301
81784301
81785301
81786301
81787301
81788301
81789301
81790301
81791301
81792301
81793301
81794301
81795301
81796301
81797301
81798301
81799301
81800301
81801301
81802301
81803301
81804301
81805301
81806301
81807302
81808301
81809301
81810301
81811301
81812301
81813302
81814301
81815302
81816302
81817301
81818301
81819301
81820301
81821301
81822302
81823301
81824302
81825302
81826301
81827302
81828302
81829302
81830302
81831302
81832301
81833302
81834302
81835302
81836302
81837302
81838302
81839302
81840302
81841302
81842302
81843302
81844302
81845302
81846302
81847302
81848302
81849302
81850302
81851302
81852302
81853302
81854302
81855302
81856302
81857302
81858302
81859302
81860302
81861302
81862302
81863302
81864302
81865303
81866302
81867302
81868302
81869302
81870302
81871302
81872302
81873302
81874302
81875302
81876302
81877302
81878302
81879302
81880302
81881302
81882302
81883302
81884302
81885302
81886302
81887302
81888302
81889302
81890302
81891302
81892302
81893302
81894302
81895302
81896302
81897302
81898302
81899302
81900302
81901302
81902303
81903303
81904302
81905302
81906302
81907303
81908302
81909302
81910302
81911303
81912302
81913302
81914303
81915302
81916303
81917303
81918303
81919303
81920303
81921303
81922303
81923303
81924303
81925303
81926303
81927303
81928303
81929303
81930303
81931303
81932303
81933303
81934303
81935303
81936303
81937303
81938303
81939303
81940303
81941303
81942303
81943303
81944303
81945303
81946304
81947303
81948303
81949303
81950303
81951303
81952303
81953303
81954303
81955303
81956303
81957304
81958303
81959303
81960303
81961303
81962303
81963303
81964303
81965303
81966303
81967303
81968303
81969303
81970303
81971303
81972303
81973304
81974303
81975304
81976303
81977303
81978303
81979303
81980303
81981303
81982304
81983304
81984304
81985304
81986304
81987304
81988304
81989304
81990304
81991304
81992304
81993304
81994304
81995304
81996304
81997304
81998304
81999304
