-37.53
-43.219
-40.635
-36.201
-31.227
-31.912
-37.376
-32.378
-37.963
-40.606
-38.494
-40.47
-36.99
-39.783
-38.143
-44.164
-33.238
-32.183
-32.555
-41.629
-35.574
-37.16
-37.172
-31.756
-31.154
-31.171
-30.868
-36.277
-37.979
-35.958
-36.611
-38.344
-44.216
-38.649
-35.649
-41.625
-36.446
-40.94
-35.413
-33.873
-42.054
-35.554
-39.955
-37.131
-39.359
-42.169
-38.512
-43.948
-39.725
-40.536
-35.948
-34.678
-35.36
-40.217
-37.365
-41.472
-36.434
-35.006
-33.427
-28.734
-26.827
-35.652
-34.72
-38.127
-35.352
-38.452
-39.875
-37.642
-38.665
-35.559
-39.215
-43.019
-34.414
-41.654
-41.41
-35.828
-35.488
-36.449
-37.506
-40.109
-38.553
-38.778
-39.522
-38.158
-40.265
-43.604
-42.528
-49.501
-47.344
-49.137
-45.819
-42.485
-46.83
-44.885
-34.511
-36.376
-38.444
-39.137
-38.174
-37.984
-36.093
-33.65
-36.423
-40.467
-38.04
-41.179
-34.344
-37.16
-32.997
-36.851
-36.235
-27.054
-29.327
-38.187
-34.123
-31.9
-30.901
-38.638
-33.735
-32.23
-30.926
-32.781
-34.499
-27.826
-32.786
-34.842
-35.977
-36.539
-36.545
-34.475
-36.046
-35.774
-33.928
-34.12
-32.306
-33.513
-34.365
-36.883
-36.796
-32.085
-37.49
-34.284
-35.007
-39.87
-36.771
-31.295
-30.552
-33.581
-33.232
-33.019
-39.021
-37.321
-39.819
-32.239
-36.895
-32.337
-35.47
-37.45
-36.913
-35.311
-33.305
-34.59
-31.395
-34.92
-36.217
-33.272
-33.018
-31.53
-35.763
-34.458
-38.229
-35.287
-32.754
-38.33
-40.144
-38.006
-43.087
-44.736
-42.679
-38.231
-41.915
-38.885
-42.188
-42.245
-39.763
-44.133
-41.222
-42.639
-43.348
-41.994
-39.111
-41.816
-41.667
-37.606
-38.914
-35.408
-39.107
-46.226
-43.82
-41.403
-45.02
-46.851
-41.645
-39.618
-43.867
-38.882
-48.233
-43
-42.422
-44.641
-44.906
-43.596
-47.791
-44.223
-43.018
-46.801
-47.153
-45.826
-47.834
-45.833
-46.136
-45.116
-48.344
-49.354
-49.243
-47.324
-44.127
-47.353
-50.508
-44.125
-49.33
-50.918
-53.723
-54.353
-54.179
-52.732
-48.963
-44.948
-53.49
-50.983
-51.115
-54.975
-50.407
-52.971
-56.313
-50.075
-51.185
-48.585
-42.565
-49.341
-48.689
-43.644
-45.999
-47.743
-45.3
-45.571
-42.255
-38.82
-37.363
-36.66
-40.827
-34.435
-30.765
-29.254
-28.486
-34.469
-34.954
-35.611
-38.105
-41.392
-36.398
-37.547
-35.289
-37.644
-37.641
-36.617
-40.079
-40.268
-36.06
-38.15
-36.959
-32.027
-32.861
-34.216
-30.717
-34.38
-36.957
-31.921
-29.439
-30.501
-34.563
-29.309
-24.807
-32.49
-32.041
-35.116
-33.35
-28.724
-33.287
-32.253
-32.359
-31.39
-28.218
-32.799
-28.861
-29.914
-33.527
-30.282
-27.583
-25.526
-27.354
-28.882
-24.582
-24.189
-27.228
-28.557
-30.344
-30.104
-30.524
-28.782
-31.967
-31.601
-30.396
-25.745
-32.23
-31.473
-31.292
-32.038
-33.249
-29.722
-30.918
-34.622
-34.32
-36.268
-38.818
-41.387
-39.915
-40.159
-43.584
-34.682
-32.979
-33.241
-31.411
-30.34
-30.211
-29.893
-27.806
-27.645
-24.512
-26.336
-31.346
-27.736
-27.447
-24.996
-27.439
-32.157
-32.348
-37.905
-35.875
-37.7
-34.624
-34.764
-36.338
-36.504
-30.914
-32.555
-26.541
-34.34
-33.398
-35.542
-33.055
-33.308
-28.391
-33.175
-37.087
-31.106
-29.486
-31.226
-25.345
-24.917
-28.366
-29.845
-27.942
-38.852
-38.436
-36.563
-37.029
-36.405
-31.059
-29.922
-29.974
-26.865
-31.609
-29.835
-32.325
-32.608
-35.148
-33.004
-35.56
-34.171
-30.084
-30.281
-33.554
-34.48
-28.435
-32.904
-31.836
-37.595
-32.832
-31.294
-35.49
-34.225
-30.457
-27.009
-21.781
-23.661
-24.298
-33.306
-28.183
-28.322
-27.234
-26.243
-31.234
-31.907
-31.59
-32.874
-34.041
-35.568
-32.386
-28.81
-27.391
-28.148
-25.13
-26.073
-29.718
-32.519
-32.171
-31.118
-31.422
-30.651
-32.522
-31.659
-31.76
-25.85
-26.98
-28.891
-27.994
-30.72
-29.476
-27.316
-29.626
-28.357
-31.949
-36.196
-31.46
-31.262
-32.346
-33.146
-34.552
-36.68
-32.39
-30.461
-33.894
-33.649
-32.986
-29.668
-36.087
-31.64
-36.344
-34.034
-33.447
-34.548
-34.559
-35.187
-34.907
-38.191
-37.358
-37.71
-34.208
-34.872
-33.255
-34.282
-32.885
-36.35
-34.715
-35.99
-40.162
-36.819
-34.296
-35.969
-32.981
-32.96
-32.263
-32.265
-29.671
-33.791
-32.475
-31.139
-33.337
-35.554
-32.256
-33.923
-28.333
-32.503
-38.907
-30.551
-31.707
-34.183
-34.279
-36.216
-31.603
-32.251
-30.517
-35.559
-33.246
-34.871
-32.62
-28.812
-24.706
-31.041
-32.183
-34.951
-34.491
-30.17
-28.675
-32.407
-30.317
-30.3
-32.561
-38.078
-34.474
-34.132
-33.353
-37.171
-37.171
-30.967
-28.741
-32.811
-34.673
-38.326
-38.558
-34.897
-33.511
-31.52
-33.867
-34.946
-35
-36.042
-36.768
-39.366
-41.996
-40.037
-36.054
-34.294
-36.862
-35.521
-34.63
-38.232
-40.982
-39.126
-37.865
-39.335
-42.566
-43.512
-43.556
-43.636
-44.655
-47.25
-50.554
-55.477
-57.109
nan
nan
nan
nan
nan
nan
nan
nan
nan
nan
nan
nan
nan
nan
nan
nan
nan
nan
nan
nan
nan
nan
nan
nan
nan
nan
nan
nan
nan
nan
nan
nan
nan
nan
nan
nan
nan
nan
nan
nan
nan
nan
nan
nan
nan
nan
nan
nan
nan
nan
nan
nan
nan
nan
nan
nan
nan
nan
nan
nan
nan
nan
nan
nan
nan
nan
nan
nan
nan
nan
nan
nan
nan
nan
nan
nan
nan
nan
nan
nan
nan
nan
nan
nan
nan
nan
nan
nan
nan
nan
nan
nan
nan
nan
nan
nan
nan
nan
nan
nan
nan
nan
nan
nan
nan
nan
nan
nan
nan
nan
nan
nan
nan
nan
nan
nan
nan
nan
nan
nan
nan
nan
nan
nan
nan
nan
nan
nan
nan
nan
nan
nan
nan
nan
nan
nan
nan
nan
nan
nan
nan
nan
nan
nan
nan
nan
nan
nan
nan
nan
nan
nan
nan
nan
nan
nan
nan
nan
nan
nan
nan
nan
nan
nan
nan
nan
nan
nan
nan
nan
nan
nan
nan
nan
nan
nan
nan
nan
nan
nan
nan
nan
nan
nan
nan
nan
nan
nan
nan
nan
nan
nan
nan
nan
nan
nan
nan
nan
nan
nan
nan
nan
nan
nan
nan
nan
nan
nan
nan
nan
nan
nan
nan
nan
nan
nan
nan
nan
nan
nan
nan
nan
nan
nan
nan
nan
nan
nan
nan
nan
nan
nan
nan
nan
nan
nan
nan
nan
nan
nan
nan
nan
nan
nan
nan
nan
nan
nan
nan
nan
nan
nan
nan
nan
nan
nan
nan
nan
nan
nan
nan
nan
nan
nan
nan
nan
nan
nan
nan
nan
nan
nan
nan
nan
nan
nan
nan
nan
nan
nan
nan
nan
nan
nan
nan
nan
nan
nan
nan
nan
nan
nan
nan
nan
nan
nan
nan
nan
nan
nan
nan
nan
nan
nan
nan
nan
nan
nan
nan
nan
nan
nan
nan
nan
nan
nan
nan
nan
nan
nan
nan
nan
nan
nan
nan
nan
nan
nan
nan
nan
nan
nan
nan
nan
nan
nan
nan
nan
nan
nan
nan
nan
nan
nan
nan
nan
nan
nan
nan
nan
nan
nan
nan
nan
nan
nan
nan
nan
nan
nan
nan
nan
nan
nan
nan
nan
nan
nan
nan
nan
nan
nan
nan
nan
nan
nan
nan
nan
nan
nan
nan
nan
nan
nan
nan
nan
nan
nan
nan
nan
nan
nan
nan
nan
nan
nan
nan
nan
nan
nan
nan
nan
nan
nan
nan
nan
nan
nan
nan
nan
nan
nan
nan
nan
nan
nan
nan
nan
nan
nan
nan
nan
nan
nan
nan
nan
nan
nan
nan
nan
nan
nan
nan
nan
nan
nan
nan
nan
nan
nan
nan
nan
nan
nan
nan
nan
nan
nan
nan
nan
nan
nan
nan
nan
nan
nan
nan
nan
nan
nan
nan
nan
nan
nan
nan
nan
nan
nan
nan
nan
nan
nan
nan
nan
nan
nan
nan
nan
nan
nan
nan
nan
-54.61
-54.01
-49.866
-50.985
-51.525
-48.084
-47.252
-49.978
-53.163
-49.137
-42.021
-39.275
-34.683
-31.329
-33.652
-34.749
-37.338
-40.585
-37.539
-34.859
-38.045
-37.594
-37.652
-38.036
-38.355
-40.801
-39.354
-37.626
-34.642
-32.691
-33.467
-37.987
-32.541
-31.117
-28.581
-24.563
-25.032
-29.077
-25.476
-31.589
-34.719
-27.077
-31.817
-38.443
-33.601
-31.376
-29.698
-26.882
-33.252
-29.644
-30.003
-33.922
-33.928
-35.518
-31.913
-34.767
-33.835
-30.175
-36.298
-38.867
-29.054
-28.489
-31.954
-25.484
-28.035
-28.765
-29.252
-23.524
-28.1
-26.44
-27.708
-31.011
-33.704
-32.011
-33.809
-35.094
-37.829
-36.922
-32.89
-39.562
-39.977
-37.056
-34.743
-31.259
-33.869
-37.717
-38.003
-37.082
-31.85
-30.144
-34.006
-31.543
-30.42
-31.31
-34.819
-39.294
-37.344
-40.319
-38.418
-42.72
-44.909
-42.42
-36.44
-35.177
-40.656
-38.443
-37.324
-40.954
-34.864
-33.7
-36.658
-39.976
-33.368
-37.267
-37.664
-37.673
-35.284
-35.946
-38.684
-37.391
-41.674
-40.339
-37.724
-37.091
-34.883
-35.502
-34.328
-33.209
-28.286
-24.479
-24.508
-32.176
-34.244
-35.72
-36.224
-35.453
-38.6
-38.919
-34.874
-36.77
-34.791
-37.506
-39.822
-33.671
-29.901
-30.216
-34.758
-32.477
-31.603
-26.442
-34.4
-31.08
-25.359
-24.169
-26.261
-27.685
-29.876
-27.474
-24.238
-28.772
-33.994
-33.411
-30.047
-30.634
-33.186
-28.336
-27.352
-32.755
-35.263
-29.453
-28.157
-36.572
-40.73
-36.95
-33.048
-33.977
-35.168
-32.461
-36.814
-38.148
-36.482
-43.338
-32.637
-34.536
-35.243
-33.828
-40.353
-37.047
-33.506
-31.944
-26
-35.926
-30.052
-32.589
-31.148
-28.323
-38.02
-36.204
-39.184
-34.72
-32.516
-30.622
-32.459
-35.236
-41.147
-42.69
-40.855
-37.517
-37.208
-36.855
-40.925
-36.606
-33.667
-34.432
-34.899
-37.357
-34.427
-37.442
-40.762
-39.144
-41.269
-39.978
-41.648
-38.505
-38.802
-40.238
-40.758
-39.451
-40.892
-44.006
-38.149
-41.454
-36.341
-33.756
-36.685
-41.131
-36.708
-40.239
-37.989
-35.994
-37.704
-35.885
-39.389
-35.443
-38.703
-38.449
-38.021
-36.267
-34.686
-37.813
-32.657
-37.295
-39.475
-41.115
-39.046
-44.178
-39.029
-38.374
-41.009
-38.704
-41.913
-41.476
-42.377
-41.109
-42.596
-43.796
-40.339
-44.038
-42.56
-37.639
-35.7
-37.493
-38.998
-48.132
-44.018
-43.614
-40.357
-34.008
-40.981
-38.313
-44.863
-40.744
-39.539
-40.308
-40.126
-38.777
-34.71
-35.844
-38.86
-32.596
-33.199
-34.517
-34.199
-36.125
-31.94
-42.398
-36.867
-37.909
-36.437
-37.194
-37.244
-38.063
-34.39
-34.92
-36.074
-37.496
-36.308
-35.116
-38.723
-38.355
-35.087
-34.832
-35.282
-36.758
-39.388
-33.052
-33.383
-40.177
-42.813
-41.315
-34.295
-39.416
-37.341
-37.188
-38.193
-39.457
-34.487
-35.405
-40.462
-40.506
-38.274
-41.831
-38.251
-34.123
-39.835
-41.148
-38.244
-32.215
-39.062
-38.973
-41.985
-37.851
-36.454
-42.353
-38.872
-38.505
-36.41
-38.124
-37.105
-44.237
-37.772
-38.771
-37.689
-38.395
-37.661
-43.854
-39.84
-37.776
-40.695
-44.767
-40.869
-51.873
-41.681
-44.821
-48.023
-50.255
-52.755
-53.455
-49.192
-47.454
-50.276
-43.358
-44.446
-46.419
-44.149
-45.258
-47.777
-50.932
-48.275
-51.38
-47.882
-45.505
-47.775
-46.434
-51.104
-48.317
-49.827
-47.803
-54.186
-53.276
-53.698
-53.28
-51.253
-54.986
-54.142
-48.597
-46.452
-50.462
-50.8
-51.726
-43.168
-45.398
-45.883
-46.807
-43.575
-45.767
-47.545
-50.339
-48.636
-44.777
-47.588
-45.225
-47.047
-49.579
-50.112
-49.229
-46.901
-46.428
-50.47
-49.977
-50.562
-46.739
-46.67
-44.527
-45.184
-48.346
-42.673
-43.005
-44.161
-41.036
-39.574
-36.157
-39.131
-32.815
-37.422
-42.067
-36.589
-34.928
-35.86
-41.529
-39.361
-43.297
-44.055
-44.677
-38.098
-36.572
-43.663
-43.203
-44.807
-47.178
-41.591
-40.286
-45.872
-47.475
-44.475
-45.894
-44.6
-40.125
-47.629
-41.896
-40.714
-43.012
-41.787
-44.893
-42.4
-42.599
-43.027
-44.133
-43.77
-45.132
-46.015
-44.858
-48.906
-42.036
-47.761
-46.436
-48.104
-43.402
-45.524
-45.177
-45.234
-43.053
-46.368
-46.783
-44.382
-44.979
-40.398
-48.03
-48.727
-50.279
-48.051
-42.224
-47.035
-48.062
-50.33
-47.464
-52.46
-45.548
-43.202
-42.286
-45.876
-52.256
-54.504
-53.312
-49.261
-50.358
-57.314
-52.474
-48.785
-49.872
-56.805
-47.688
-48.393
-51.48
-52.275
-55.788
-60.874
-53.442
-48.044
-46.702
-48.18
-49.919
-50.021
-51.054
-52.04
-54.309
-58.055
-64.31
-78.109
nan
nan
nan
nan
nan
nan
nan
nan
nan
nan
nan
nan
nan
nan
nan
nan
nan
nan
nan
nan
nan
nan
nan
nan
nan
nan
nan
nan
nan
nan
nan
nan
nan
nan
nan
nan
nan
nan
nan
nan
nan
nan
nan
nan
nan
nan
nan
nan
nan
nan
nan
nan
nan
nan
nan
nan
nan
nan
nan
nan
nan
nan
nan
nan
nan
nan
nan
nan
nan
nan
nan
nan
nan
nan
nan
nan
nan
nan
nan
nan
nan
nan
nan
nan
nan
nan
nan
nan
nan
nan
nan
nan
nan
nan
nan
nan
nan
nan
nan
nan
nan
nan
nan
nan
nan
nan
nan
nan
nan
nan
nan
nan
nan
nan
nan
nan
nan
nan
nan
nan
nan
nan
nan
nan
nan
nan
nan
nan
nan
nan
nan
nan
nan
nan
nan
nan
nan
nan
nan
nan
nan
nan
nan
nan
nan
nan
nan
nan
nan
nan
nan
nan
nan
nan
nan
nan
nan
nan
nan
nan
nan
nan
nan
nan
nan
nan
nan
nan
nan
nan
nan
nan
nan
nan
nan
nan
nan
nan
nan
nan
nan
nan
nan
nan
nan
nan
nan
nan
nan
nan
nan
nan
nan
nan
nan
nan
nan
nan
nan
nan
nan
nan
nan
nan
nan
nan
nan
nan
nan
nan
nan
nan
nan
nan
nan
nan
nan
nan
nan
nan
nan
nan
nan
nan
nan
nan
nan
nan
nan
nan
nan
nan
nan
nan
nan
nan
nan
nan
nan
nan
nan
nan
nan
nan
nan
nan
nan
nan
nan
nan
nan
nan
nan
nan
nan
nan
nan
nan
nan
nan
nan
nan
nan
nan
nan
nan
nan
nan
nan
nan
nan
nan
nan
nan
nan
nan
nan
nan
nan
nan
nan
nan
nan
nan
nan
nan
nan
nan
nan
nan
nan
nan
nan
nan
nan
nan
nan
nan
nan
nan
nan
nan
nan
nan
nan
nan
nan
nan
nan
nan
nan
nan
nan
nan
nan
nan
nan
nan
nan
nan
nan
nan
nan
nan
nan
nan
nan
nan
nan
nan
nan
nan
nan
nan
nan
nan
nan
nan
nan
nan
nan
nan
nan
nan
nan
nan
nan
nan
nan
nan
nan
nan
nan
nan
nan
nan
nan
nan
nan
nan
nan
nan
nan
nan
nan
nan
nan
nan
nan
nan
nan
nan
nan
nan
nan
nan
nan
nan
nan
nan
nan
nan
nan
nan
nan
nan
nan
nan
nan
nan
nan
nan
nan
nan
nan
nan
nan
nan
nan
nan
nan
nan
nan
nan
nan
nan
nan
nan
nan
nan
nan
nan
nan
nan
nan
nan
nan
nan
nan
nan
nan
nan
nan
nan
nan
nan
nan
nan
nan
nan
nan
nan
nan
nan
nan
nan
nan
nan
nan
nan
nan
nan
nan
nan
nan
nan
nan
nan
nan
nan
nan
nan
nan
-65.93
-64.104
-62.294
-60.723
-60.119
-61.708
-61.745
-60.878
-57.934
-57.103
-56.435
-54.504
-54.539
-55.589
-56.163
-55.563
-54.75
-54.001
-53.588
-54.771
-60.842
-68.505
-63.295
-63.855
-66.555
-65.893
-64.39
-66.068
-65.26
-65.244
-64.122
-64.387
-64.122
-61.799
-70.121
-70.004
-71.417
-69.287
-69.109
-66.553
-65.494
-63.228
-67.335
-61.13
-60.139
-66.97
-73.511
-70.696
-69.411
-68.95
-70.735
-70.197
-70.305
-72.553
-67.945
-66.152
-66.158
-70.173
-67.825
-69.403
-71.964
-69.421
-69.836
-69.743
-72.557
-70.649
-75.278
-70.534
-74.008
-70.842
-72.845
-74.05
-74.689
-78.655
-79.58
-75.919
-80.66
-80.04
-77.138
-81.346
-80.122
-77.843
-78.205
-80.305
-77.434
-80.869
-78.554
-83.6
-78.585
-78.522
-81.099
-78.179
-78.621
-79.99
-76.7
-76.203
-77.044
-75.584
-74.977
-73.797
-76.484
-75.071
-74.393
-74.328
-72.435
-70.547
-71.311
-70.11
-69.359
-63.51
-65.745
-70.573
-64.91
-62.827
-62.086
-72.988
-71.878
-67.229
-64.457
-60.857
-60.932
-67.772
-66.23
-67.358
-65.935
-64.151
-62.024
-59.005
-58.013
-61.65
-62.956
-63.675
-59.78
-62.572
-66.63
-64.227
-68.17
-65.754
-64.39
-63.277
-63.375
-62.897
-61.166
-58.139
-57.436
-63.367
-55.91
-52.931
-56.131
-55.446
-55.936
-56.028
-53.069
-54.555
-48.181
-48.475
-47.517
-49.714
-46.833
-46.491
-51.393
-49.777
-48.774
-54.905
-55.897
-54.017
-57.855
-58.842
-55.464
-54.504
-59.505
-58.617
-51.834
-47.298
-45.437
-48.911
-46.793
-45.19
-41.945
-39.472
-39.789
-39.321
-36.941
-35.839
-39.827
-46.256
-40.732
-41.976
-44.666
-34.676
-35.009
-45.783
-38.265
-41.405
-35.586
-34.404
-42.473
-36.673
-37.569
-38.506
-36.538
-35.124
-39.438
-39.352
-43.256
-39.441
-43.352
-40.236
-45.044
-44.045
-44.232
-41.721
-43.049
-46.863
-47.781
-50.263
-47.179
-40.377
-39.895
-40.533
-44.258
-51.857
-50.919
-52.71
-51.462
-56.645
-54.318
-47.919
-46.312
-49.141
-47.348
-46.75
-43.014
-46.322
-54.902
-54.696
-47.219
-52.78
-50.168
-45.288
-53.675
-50.265
-49.889
-51.637
-52.512
-48.68
-56.495
-48.735
-51.76
-55.645
-53.074
-53.709
-56.649
-54.012
-51.09
-57.068
-56.559
-56.704
-58.108
-58.116
-55.189
-60.134
-55.508
-51.551
-54.222
-52.527
-51.846
-52.08
-49.548
-49.184
-42.871
-40.059
-38.027
-37.929
-32.018
-30.617
-29.768
-33.058
-35.315
-40.405
-37.993
-35.25
-36.708
-33.568
-32.588
-37.806
-32.16
-37.201
-35.763
-37.032
-33.64
-32.026
-28.644
-27.762
-28.846
-31.588
-28.114
-34.135
-40.154
-41.046
-30.218
-31.617
-30.111
-31.048
-32.434
-30.319
-35.819
-37.941
-36.141
-37.859
-32.207
-29.882
-35.158
-34.295
-33.678
-35.012
-38.63
-36.153
-34.221
-34.891
-34.9
-39.258
-31.701
-28.215
-30.67
-35.745
-38.155
-35.288
-34.769
-31.652
-34.605
-33.194
-30.681
-33.352
-37.102
-35.288
-37.123
-34.897
-32.502
-33.822
-34.675
-36.946
-40.409
-40.84
-39.472
-33.671
-34.019
-33.835
-37.24
-31.699
-34.917
-36.811
-34.234
-31.624
-35.646
-40.168
-34.762
-34.054
-38.282
-40.282
-38.922
-37.845
-32.975
-33.908
-35.343
-34.47
-33.855
-40.15
-37.185
-39.167
-40.669
-34.219
-38.766
-32.178
-38.07
-39.666
-35.63
-35.922
-29.635
-34.685
-35.6
-31.854
-36.212
-34.118
-39.332
-39.252
-41.025
-44.651
-41.904
-39.869
-39.54
-38.752
-43.029
-40.148
-38.263
-36.466
-33.436
-35.512
-30.471
-30.773
-30.843
-38.899
-38.642
-34.241
-33.756
-32.966
-33.833
-38.123
-33.473
-29.91
-35.339
-34.429
-37.949
-36.865
-38.6
-38.538
-37.353
-35.847
-31.911
-34.137
-34.328
-36.693
-35.149
-29.134
-33.548
-30.034
-34.893
-43.062
-38.751
-37.758
-34.107
-37.245
-36.828
-31.794
-32.256
-34.362
-28.454
-32.527
-34.172
-34.952
-35.262
-39.376
-39.588
-36.657
-35.843
-36.088
-29.92
-33.451
-32.244
-31.714
-33.006
-36.609
-38.146
-36.153
-40.325
-36.078
-36.37
-36.501
-30.502
-27.185
-29.515
-26.217
-28.234
-33.225
-28.293
-33.83
-32.526
-35.379
-32.709
-34.357
-40.192
-32.728
-33.272
-36.61
-31.233
-36.363
-34.651
-34.394
-37.039
-34.774
-34.114
-39.629
-34.458
-32.662
-39.095
-39.029
-38.173
-37.446
-39.662
-36.68
-36.663
-36.225
-35.531
-26.728
-26.572
-29.101
-35.966
-34.553
-42.679
-41.693
-33.287
-31.892
-31.759
-37.616
-33.636
-33.464
-32.199
-35.939
-37.303
-35.923
-33.367
-33.162
-38.002
-32.518
-39.562
-32.743
-32.45
-38.361
-37.305
-35.8
-35.514
-34.857
-32.61
-32.224
-34.379
-37.238
-36.83
-36.158
-37.408
-40.488
-44.737
-47.286
-48.987
-46.973
-46.445
-47.83
-49.866
-49.435
-48.443
-52.221
-55.594
-49.749
-56.991
nan
nan
nan
nan
nan
nan
nan
nan
nan
nan
nan
nan
nan
nan
nan
nan
nan
nan
nan
nan
nan
nan
nan
nan
nan
nan
nan
nan
nan
nan
nan
nan
nan
nan
nan
nan
nan
nan
nan
nan
nan
nan
nan
nan
nan
nan
nan
nan
nan
nan
nan
nan
nan
nan
nan
nan
nan
nan
nan
nan
nan
nan
nan
nan
nan
nan
nan
nan
nan
nan
nan
nan
nan
nan
nan
nan
nan
nan
nan
nan
nan
nan
nan
nan
nan
nan
nan
nan
nan
nan
nan
nan
nan
nan
nan
nan
nan
nan
nan
nan
nan
nan
nan
nan
nan
nan
nan
nan
nan
nan
nan
nan
nan
nan
nan
nan
nan
nan
nan
nan
nan
nan
nan
nan
nan
nan
nan
nan
nan
nan
nan
nan
nan
nan
nan
nan
nan
nan
nan
nan
nan
nan
nan
nan
nan
nan
nan
nan
nan
nan
nan
nan
nan
nan
nan
nan
nan
nan
nan
nan
nan
nan
nan
nan
nan
nan
nan
nan
nan
nan
nan
nan
nan
nan
nan
nan
nan
nan
nan
nan
nan
nan
nan
nan
nan
nan
nan
nan
nan
nan
nan
nan
nan
nan
nan
nan
nan
nan
nan
nan
nan
nan
nan
nan
nan
nan
nan
nan
nan
nan
nan
nan
nan
nan
nan
nan
nan
nan
nan
nan
nan
nan
nan
nan
nan
nan
nan
nan
nan
nan
nan
nan
nan
nan
nan
nan
nan
nan
nan
nan
nan
nan
nan
nan
nan
nan
nan
nan
nan
nan
nan
nan
nan
nan
nan
nan
nan
nan
nan
nan
nan
nan
nan
nan
nan
nan
nan
nan
nan
nan
nan
nan
nan
nan
nan
nan
nan
nan
nan
nan
nan
nan
nan
nan
nan
nan
nan
nan
nan
nan
nan
nan
nan
nan
nan
nan
nan
nan
nan
nan
nan
nan
nan
nan
nan
nan
nan
nan
nan
nan
nan
nan
nan
nan
nan
nan
nan
nan
nan
nan
nan
nan
nan
nan
nan
nan
nan
nan
nan
nan
nan
nan
nan
nan
nan
nan
nan
nan
nan
nan
nan
nan
nan
nan
nan
nan
nan
nan
nan
nan
nan
nan
nan
nan
nan
nan
nan
nan
nan
nan
nan
nan
nan
nan
nan
nan
nan
nan
nan
nan
nan
nan
nan
nan
nan
nan
nan
nan
nan
nan
nan
nan
nan
nan
nan
nan
nan
nan
nan
nan
nan
nan
nan
nan
nan
nan
nan
nan
nan
nan
nan
nan
nan
nan
nan
nan
nan
nan
nan
nan
nan
nan
nan
nan
nan
nan
nan
nan
nan
nan
nan
nan
nan
nan
nan
nan
nan
nan
nan
nan
nan
nan
nan
nan
nan
nan
nan
nan
nan
nan
nan
nan
nan
nan
nan
nan
nan
nan
nan
nan
nan
nan
nan
nan
nan
nan
-52.721
-51.882
-48.266
-49.797
-44.595
-40.159
-37.842
-36.52
-36.725
-40.107
-41.088
-33.94
-32.142
-36.926
-44.311
-36.281
-31.502
-31.635
-34.913
-34.38
-34.123
-34.258
-35.337
-45.263
-35.915
-39.955
-36.682
-43.112
-42.132
-38.411
-38.259
-39.724
-43.083
-44.156
-40.995
-40.432
-37.218
-38.42
-36.766
-44.254
-40.974
-37.148
-34.526
-36.893
-38.453
-39.028
-33.788
-31.451
-35.056
-37.832
-32.65
-36.459
-33.464
-35.6
-33.77
-36.674
-35.518
-36.196
-35.692
-33.369
-32.521
-35.111
-38.095
-32.326
-37.197
-39.958
-35.424
-38.09
-37.211
-39.02
-34.096
-37.611
-32.222
-28.702
-35.085
-40.103
-38.631
-36.392
-34.944
-30.115
-36.455
-47.18
-44.131
-51.257
-54.839
-52.036
-42.094
-46.9
-41.339
-36.728
-32.942
-36.384
-31.585
-35.754
-31.425
-30.876
-29.368
-32.3
-34.184
-35.663
-35.225
-32.146
-29.911
-32.76
-29.626
-31.399
-32.644
-33.458
-29.559
-26.339
-26.288
-33.059
-31.645
-34.335
-30.813
-35.737
-32.884
-33.126
-35.937
-31.967
-31.447
-35.448
-40.092
-41.278
-39.587
-42.957
-41.535
-50.193
-49.037
-46.231
-44.206
-47.565
-49.502
-48.199
-42.664
-40.44
-41.675
-41.91
-38.71
-44.376
-37.604
-38.995
-43.721
-41.845
-43.131
-39.996
-41.97
-40.234
-41.884
-43.963
-44.867
-40.161
-41.268
-40.726
-39.695
-40.037
-43.811
-44.203
-38.293
-37.018
-43.361
-40.173
-35.519
-42.647
-40.837
-39.105
-38.763
-42.779
-38.425
-38.321
-39.476
-39.245
-38.935
-36.807
-39.162
-45.805
-46
-57.146
-50.856
-49.845
-48.521
-47.638
-45.967
-48.938
-47.197
-45.576
-39.325
-38.16
-40.453
-39.063
-47.459
-42.118
-37.999
-36.868
-38.991
-40.471
-36.923
-35.617
-31.478
-33.485
-34.054
-33.893
-44.512
-42.484
-37.156
-38.55
-40.348
-31.722
-39.953
-37.772
-40.545
-40.16
-37.043
-34.239
-32.48
-32.609
-32.349
-34.206
-34.99
-34.434
-40.296
-44.375
-42.907
-43.403
-39.928
-37.647
-38.132
-37.395
-38.861
-34.778
-31.978
-32.289
-37.131
-33.231
-30.609
-31.998
-41.168
-42.48
-37.707
-31.807
-33.106
-35.509
-35.887
-37.873
-43.217
-38.408
-41.75
-37.041
-39.366
-43.059
-43.164
-35.55
-32.243
-32.517
-33.51
-35.704
-32.707
-33.303
-37.647
-34.85
-25.442
-29.55
-34.603
-27.516
-28.849
-28.268
-25.984
-28.341
-28.188
-37.355
-27.14
-26.797
-28.655
-33.91
-28.268
-30.625
-33.351
-29.318
-24.192
-26.483
-32.688
-29.851
-23.812
-25.844
-33.434
-34.655
-32.038
-25.427
-25.931
-29.331
-25.761
-29.497
-38.562
-38.335
-31.9
-33.04
-31.638
-30.109
-31.287
-32.634
-24.906
-27.421
-36.955
-30.138
-28.557
-25.973
-27.797
-27.115
-28.834
-33.311
-35.939
-26.354
-34.13
-34.353
-31.815
-28.463
-36.829
-32.434
-36.073
-34.718
-35.588
-31.648
-26.337
-31.803
-28.301
-34.7
-29.275
-25.519
-27.462
-30.048
-34.481
-29.654
-29.679
-29.704
-26.515
-27.975
-24.926
-22.857
-24.625
-27.944
-29.311
-28.068
-28.741
-28.442
-33.482
-37.853
-34.28
-34.119
-31.976
-34.844
-31.052
-30.178
-30.735
-31.71
-31.516
-35.014
-30.162
-36.381
-29.606
-32.587
-28.632
-24.816
-22.135
-24.512
-23.712
-29.74
-27.926
-28.162
-24.36
-25.999
-25.744
-30.668
-34.23
-32.185
-34.424
-35.285
-31.737
-31.153
-34.231
-31.054
-30.326
-33.615
-33.454
-35.974
-31.964
-31.398
-29.605
-28.822
-24.138
-28.287
-30.354
-26.658
-24.619
-27.598
-32.226
-32.006
-35.509
-34.722
-30.41
-32.007
-31.765
-36.065
-31.696
-29.277
-29.718
-37.545
-38.083
-31.372
-33.979
-31.554
-32.593
-30.758
-28.591
-33.074
-29.097
-31.123
-34.078
-32.359
-32.635
-32.218
-30.14
-36.473
-28.791
-40.069
-32.295
-28.328
-36.408
-38.399
-36.945
-35.25
-33.578
-35
-33.315
-34.808
-32.356
-34.881
-32.235
-32.325
-33.628
-29.961
-29.619
-33.456
-33.483
-28.833
-33.919
-28.606
-30.491
-29.176
-27.179
-28.743
-31.435
-28.365
-30.135
-29.712
-34.557
-33.643
-34.547
-38.51
-39.716
-38.851
-39.031
-33.056
-38.15
-37.069
-44.024
-38.261
-42.195
-48.072
-46.534
-48.948
-44.962
-49.044
-46.743
-39.275
-38.135
-40.588
-37.374
-33.814
-36.26
-37.949
-32.831
-30.621
-32.142
-32.276
-35.205
-31.803
-35.268
-34.043
-34.904
-37.265
-35.943
-33.151
-28.864
-27.215
-30.417
-30.64
-34.487
-35.285
-30.951
-34.062
-35.605
-32.191
-35.709
-30.093
-33.642
-33.603
-29.853
-26.806
-35.312
-35.687
-38.548
-34.978
-39.93
-39.794
-36.688
-33.411
-31.089
-34.796
-27.448
-22.033
-24.782
-26.457
-31.312
-34.708
-35.98
-30.695
-29.529
-36.827
-31.519
-35.496
-36.847
-34.455
-31.271
-31.786
-33.345
-33.726
-36.821
-36.755
-35.868
-34.375
-36.025
-36.312
-40.254
-37.049
-36.558
-32.972
-32.666
-37.569
-38.104
-36.429
-37.548
-40.828
-37.752
-34.273
-33.098
-34.579
-37.348
-37.41
-36.099
-35.362
-36.024
-36.856
-38.75
-40.473
-41.12
-42.015
-43.839
-48.2
-53.271
-74.497
nan
nan
nan
nan
nan
nan
nan
nan
nan
nan
nan
nan
nan
nan
nan
nan
nan
nan
nan
nan
nan
nan
nan
nan
nan
nan
nan
nan
nan
nan
nan
nan
nan
nan
nan
nan
nan
nan
nan
nan
nan
nan
nan
nan
nan
nan
nan
nan
nan
nan
nan
nan
nan
nan
nan
nan
nan
nan
nan
nan
nan
nan
nan
nan
nan
nan
nan
nan
nan
nan
nan
nan
nan
nan
nan
nan
nan
nan
nan
nan
nan
nan
nan
nan
nan
nan
nan
nan
nan
nan
nan
nan
nan
nan
nan
nan
nan
nan
nan
nan
nan
nan
nan
nan
nan
nan
nan
nan
nan
nan
nan
nan
nan
nan
nan
nan
nan
nan
nan
nan
nan
nan
nan
nan
nan
nan
nan
nan
nan
nan
nan
nan
nan
nan
nan
nan
nan
nan
nan
nan
nan
nan
nan
nan
nan
nan
nan
nan
nan
nan
nan
nan
nan
nan
nan
nan
nan
nan
nan
nan
nan
nan
nan
nan
nan
nan
nan
nan
nan
nan
nan
nan
nan
nan
nan
nan
nan
nan
nan
nan
nan
nan
nan
nan
nan
nan
nan
nan
nan
nan
nan
nan
nan
nan
nan
nan
nan
nan
nan
nan
nan
nan
nan
nan
nan
nan
nan
nan
nan
nan
nan
nan
nan
nan
nan
nan
nan
nan
nan
nan
nan
nan
nan
nan
nan
nan
nan
nan
nan
nan
nan
nan
nan
nan
nan
nan
nan
nan
nan
nan
nan
nan
nan
nan
nan
nan
nan
nan
nan
nan
nan
nan
nan
nan
nan
nan
nan
nan
nan
nan
nan
nan
nan
nan
nan
nan
nan
nan
nan
nan
nan
nan
nan
nan
nan
nan
nan
nan
nan
nan
nan
nan
nan
nan
nan
nan
nan
nan
nan
nan
nan
nan
nan
nan
nan
nan
nan
nan
nan
nan
nan
nan
nan
nan
nan
nan
nan
nan
nan
nan
nan
nan
nan
nan
nan
nan
nan
nan
nan
nan
nan
nan
nan
nan
nan
nan
nan
nan
nan
nan
nan
nan
nan
nan
nan
nan
nan
nan
nan
nan
nan
nan
nan
nan
nan
nan
nan
nan
nan
nan
nan
nan
nan
nan
nan
nan
nan
nan
nan
nan
nan
nan
nan
nan
nan
nan
nan
nan
nan
nan
nan
nan
nan
nan
nan
nan
nan
nan
nan
nan
nan
nan
nan
nan
nan
nan
nan
nan
nan
nan
nan
nan
nan
nan
nan
nan
nan
nan
nan
nan
nan
nan
nan
nan
nan
nan
nan
nan
nan
nan
nan
nan
nan
nan
nan
nan
nan
nan
nan
nan
nan
nan
nan
nan
nan
nan
nan
nan
nan
-43.499
-40.634
-39.389
-39.408
-36.372
-34.497
-33.448
-34.442
-40.073
-38.14
-36.426
-40.277
-35.798
-34.93
-36.416
-40.798
-38.708
-35.862
-32.089
-34.525
-37.214
-35.087
-37.488
-39.961
-30.15
-32.927
-28.863
-25.077
-27.286
-28.887
-26.602
-27.772
-27.974
-28.253
-25.654
-32.049
-26.568
-25.54
-23.262
-25.545
-29.218
-32.612
-26.587
-27.206
-29.702
-34.083
-33.088
-37.53
-34.915
-33.406
-35.136
-34.77
-30.298
-33.657
-33.345
-31.16
-37.869
-34.88
-30.78
-29.289
-31.162
-35.895
-38.631
-37.95
-32.915
-31.217
-31.962
-32.774
-34.35
-33.828
-28.784
-30.25
-33.64
-39.117
-33.832
-30.666
-29.057
-27.092
-28.765
-29.667
-33.397
-37.455
-40.777
-36.211
-39.24
-42.066
-38.934
-36.684
-37.881
-34.077
-29.502
-29.316
-30.372
-28.664
-27.19
-31.9
-41.796
-39.817
-30.055
-26.027
-29.406
-35.651
-36.956
-35.959
-34.542
-39.797
-35.753
-37.991
-36.316
-35.914
-37.506
-35.381
-28.954
-33.589
-30.647
-34.054
-30.447
-27.234
-30.423
-36.746
-33.556
-35.158
-30.665
-29.708
-27.706
-28.399
-28.644
-29.433
-28.539
-29.425
-31.18
-35.603
-30.96
-27.518
-28.227
-31.907
-38.124
-40.778
-33.12
-34.946
-37.417
-33.991
-37.706
-34.15
-39.306
-35.17
-33.9
-35.297
-35.261
-31.217
-38.173
-34.75
-29.026
-28.419
-30.956
-30.573
-27.948
-27.061
-29.322
-25.883
-24.746
-25.263
-28.05
-34.893
-29.705
-32.623
-32.084
-32.081
-29.013
-31.737
-27.477
-29.422
-29.081
-30.36
-29.593
-28.162
-30.075
-28.814
-28.483
-29.152
-28.075
-30.907
-28.483
-31.899
-31.676
-31.269
-28.612
-29.349
-25.963
-31.278
-28.763
-24.371
-29.727
-27.627
-27.595
-32.752
-25.558
-24.925
-23.682
-27.966
-28.421
-31.549
-29.515
-30.202
-30.801
-26.961
-29.501
-30.882
-29.396
-29.92
-29.576
-28.542
-31.159
-23.45
-22.562
-24.328
-25.614
-29.869
-34.517
-31.06
-30.149
-34.422
-33.143
-38.544
-35.451
-42.721
-41.501
-42.807
-42.48
-41.885
-39.575
-38.274
-35.712
-34.906
-34.945
-31.355
-28.349
-25.528
-27.354
-25.759
-27.785
-26.392
-27.404
-32.982
-39.721
-33.73
-30.278
-31.263
-30.45
-28.664
-27.699
-31.232
-29.773
-29.133
-31.892
-30.214
-31.895
-28.319
-31.922
-32.034
-30.556
-29.681
-34.195
-31.58
-32.658
-34.246
-34.657
-33.004
-34.697
-40.234
-35.317
-33.061
-31.738
-33.362
-37.384
-40.832
-42.246
-45.512
-41.323
-33.286
-30.385
-26.963
-29.183
-41.495
-41.344
-37.876
-35.577
-34.876
-38.873
-34.655
-31.498
-31.094
-28.03
-26.356
-34.47
-37.634
-34.655
-32.048
-34.092
-34.609
-34.926
-37.315
-36.243
-35.256
-34.048
-35.425
-34.168
-41.975
-39.377
-37.925
-34.807
-36.481
-32.706
-38.822
-37.109
-34.438
-36.688
-39.119
-39.477
-40.681
-39.914
-40.446
-40.569
-41.774
-37.631
-45.293
-43.241
-44.759
-45.38
-38.716
-40.891
-39.041
-48.813
-43.206
-45.071
-42.283
-44.154
-40.343
-39.374
-40.077
-33.297
-32.032
-32.567
-27.739
-34.636
-30.253
-32.33
-37.286
-38.349
-28.365
-30.613
-43.068
-36.274
-34.744
-35.534
-42.778
-46.02
-45.741
-45.392
-48.565
-48.897
-52.106
-47.64
-47.928
-51.089
-53.276
-52.721
-52.349
-51.045
-47.436
-45.17
-42.157
-40.795
-41.336
-50.481
-46.655
-49.019
-56.098
-53.188
-50.351
-52.89
-50.617
-46.539
-45.737
-41.894
-41.21
-44.731
-52.565
-51.431
-53.476
-59.201
-62.012
-62.845
-60.458
-63.795
-55.106
-60.747
-55.108
-56.791
-52.808
-56.607
-62.31
-57.415
-54.94
-45.741
-47.4
-48.486
-41.299
-40.925
-43.648
-43.906
-42.324
-39.416
-41.703
-37.255
-32.102
-36.361
-34.265
-34.663
-35.483
-31.946
-27.817
-36.323
-32.041
-25.54
-30.071
-35.157
-34.449
-29.049
-31.837
-35.599
-43.805
-36.627
-32.169
-28.456
-34.371
-37.649
-31.748
-36.376
-36.012
-31.398
-36.521
-39.532
-31.718
-35.594
-29.917
-32.087
-38.615
-36.889
-36.463
-33.241
-30.826
-33.797
-36.454
-37.543
-35.809
-38.072
-33.294
-32.897
-39.619
-34.624
-38.496
-45.71
-42.703
-39.267
-38.839
-38.886
-43.829
-39.868
-44.386
-40.472
-41.908
-43.462
-39.854
-34.066
-34.814
-34.283
-37.192
-44.823
-49.776
-40.25
-36.262
-37.738
-42.691
-41.669
-40.529
-39.39
-35.281
-37.818
-40.354
-39.234
-39.182
-38.42
-41.51
-37.17
-36.384
-35.021
-38.245
-39.408
-36.658
-37.304
-46.371
-42.15
-40.162
-39.809
-38.885
-35.13
-36.712
-40.89
-43.196
-44.715
-41.284
-42.004
-42.228
-48.384
-39.972
-39.903
-45.334
-44.338
-47.195
-46.098
-46.926
-47.717
-50.232
-50.798
-53.124
-56.974
-59.413
-54.597
-54.304
-55.215
-56.789
-60.65
-71.063
nan
nan
nan
nan
nan
nan
nan
nan
nan
nan
nan
nan
nan
nan
nan
nan
nan
nan
nan
nan
nan
nan
nan
nan
nan
nan
nan
nan
nan
nan
nan
nan
nan
nan
nan
nan
nan
nan
nan
nan
nan
nan
nan
nan
nan
nan
nan
nan
nan
nan
nan
nan
nan
nan
nan
nan
nan
nan
nan
nan
nan
nan
nan
nan
nan
nan
nan
nan
nan
nan
nan
nan
nan
nan
nan
nan
nan
nan
nan
nan
nan
nan
nan
nan
nan
nan
nan
nan
nan
nan
nan
nan
nan
nan
nan
nan
nan
nan
nan
nan
nan
nan
nan
nan
nan
nan
nan
nan
nan
nan
nan
nan
nan
nan
nan
nan
nan
nan
nan
nan
nan
nan
nan
nan
nan
nan
nan
nan
nan
nan
nan
nan
nan
nan
nan
nan
nan
nan
nan
nan
nan
nan
nan
nan
nan
nan
nan
nan
nan
nan
nan
nan
nan
nan
nan
nan
nan
nan
nan
nan
nan
nan
nan
nan
nan
nan
nan
nan
nan
nan
nan
nan
nan
nan
nan
nan
nan
nan
nan
nan
nan
nan
nan
nan
nan
nan
nan
nan
nan
nan
nan
nan
nan
nan
nan
nan
nan
nan
nan
nan
nan
nan
nan
nan
nan
nan
nan
nan
nan
nan
nan
nan
nan
nan
nan
nan
nan
nan
nan
nan
nan
nan
nan
nan
nan
nan
nan
nan
nan
