7.412599955e-06
7.412599955e-06
7.408599955e-06
7.404599955e-06
7.400599955e-06
7.396599955e-06
7.3925999551e-06
7.3885999551e-06
7.3845999551e-06
7.3805999551e-06
7.3765999552e-06
7.3725999552e-06
7.3685999552e-06
7.3645999552e-06
7.3605999553e-06
7.3525999553e-06
7.3525999553e-06
7.3518592153e-06
7.3511184753e-06
7.3503777353e-06
7.3496369953e-06
7.3488962553e-06
7.3481555153e-06
7.3474147753e-06
7.3466740354e-06
7.3459332954e-06
7.3451925554e-06
7.3444518154e-06
7.3437110754e-06
7.3429703354e-06
7.3422295754e-06
7.3414888354e-06
7.3407480954e-06
7.3400073554e-06
7.3392666154e-06
7.3385258754e-06
7.3377851354e-06
7.3370443954e-06
7.3363036554e-06
7.3355629154e-06
7.3348221754e-06
7.3340814354e-06
7.3325999554e-06
7.3325999554e-06
7.3302470155e-06
7.3278940755e-06
7.3255411355e-06
7.3231881955e-06
7.3208352555e-06
7.3184823155e-06
7.3161293755e-06
7.3137764356e-06
7.3114234756e-06
7.3090705356e-06
7.3067175956e-06
7.3043646556e-06
7.3020117156e-06
7.2996587756e-06
7.2973058357e-06
7.2925999557e-06
7.2925999557e-06
7.2892666157e-06
7.2859332957e-06
7.2825999557e-06
7.2792666158e-06
7.2725999558e-06
7.2725999558e-06
7.2705999558e-06
7.2685999558e-06
7.2665999558e-06
7.2645999558e-06
7.2625999559e-06
7.2605999559e-06
7.2585999559e-06
7.2565999559e-06
7.2525999559e-06
7.2525999559e-06
7.2618307159e-06
7.2710614958e-06
7.2802922558e-06
7.2895230357e-06
7.2987537956e-06
7.3079845756e-06
7.3172153355e-06
7.3264461155e-06
7.3356768754e-06
7.3449076554e-06
7.3541384153e-06
7.3633691952e-06
7.3725999552e-06
7.3818307151e-06
7.3910614951e-06
7.400292255e-06
7.409523035e-06
7.4187537949e-06
7.4279845749e-06
7.4372153348e-06
7.4464461147e-06
7.4556768747e-06
7.4649076546e-06
7.4741384146e-06
7.4925999545e-06
7.4925999545e-06
7.5033691944e-06
7.5141384143e-06
7.5249076543e-06
7.5356768742e-06
7.5464461141e-06
7.5572153341e-06
7.567984574e-06
7.5787537939e-06
7.5895230339e-06
7.6002922538e-06
7.6110614937e-06
7.6325999536e-06
7.6325999536e-06
7.6354570936e-06
7.6383142336e-06
7.6411713736e-06
7.6440285335e-06
7.6468856735e-06
7.6497428135e-06
7.6525999535e-06
7.6554570935e-06
7.6583142335e-06
7.6611713734e-06
7.6640285334e-06
7.6668856734e-06
7.6697428134e-06
7.6725999534e-06
7.6754570934e-06
7.6783142333e-06
7.6811713733e-06
7.6840285333e-06
7.6868856733e-06
7.6925999532e-06
7.6925999532e-06
7.6940285332e-06
7.6954570932e-06
7.6968856732e-06
7.6983142332e-06
7.6997428132e-06
7.7011713732e-06
7.7025999532e-06
7.7040285332e-06
7.7054570932e-06
7.7068856732e-06
7.7083142332e-06
7.7097428131e-06
7.7125999531e-06
7.7125999531e-06
7.7125999531e-06
7.7125999531e-06
7.7125999531e-06
7.7125999531e-06
7.7125999531e-06
7.7125999531e-06
7.7125999531e-06
7.7125999531e-06
7.7125999531e-06
7.7125999531e-06
7.7204570931e-06
7.728314233e-06
7.736171373e-06
7.7440285329e-06
7.7518856729e-06
7.7597428128e-06
7.7675999528e-06
7.7754570927e-06
7.7833142327e-06
7.7911713726e-06
7.7990285326e-06
7.8068856726e-06
7.8147428125e-06
7.8225999525e-06
7.8304570924e-06
7.8383142324e-06
7.8461713723e-06
7.8540285323e-06
7.8618856722e-06
7.8697428122e-06
7.8775999521e-06
7.8854570921e-06
7.893314232e-06
7.901171372e-06
7.9090285319e-06
7.9168856719e-06
7.9325999518e-06
7.9325999518e-06
7.9433691917e-06
7.9541384117e-06
7.9649076516e-06
7.9756768715e-06
7.9864461115e-06
7.9972153314e-06
8.0079845713e-06
8.0187537913e-06
8.0295230312e-06
8.0402922511e-06
8.0510614911e-06
8.0725999509e-06
8.0725999509e-06
8.0805999509e-06
8.0885999508e-06
8.0965999508e-06
8.1045999507e-06
8.1125999507e-06
8.1205999506e-06
8.1285999506e-06
8.1365999506e-06
8.1525999505e-06
8.1525999505e-06
8.1605999504e-06
8.1685999504e-06
8.1765999503e-06
8.1845999503e-06
8.1925999502e-06
8.2005999502e-06
8.2085999501e-06
8.2165999501e-06
8.23259995e-06
8.23259995e-06
8.1845999503e-06
8.1365999506e-06
8.0885999508e-06
7.9925999514e-06
7.9925999514e-06
7.9655999516e-06
7.9385999518e-06
7.9115999519e-06
7.8845999521e-06
7.8575999522e-06
7.8305999524e-06
7.8035999526e-06
7.7765999527e-06
7.7495999529e-06
7.7225999531e-06
7.6955999532e-06
7.6685999534e-06
7.6415999536e-06
7.6145999537e-06
7.5875999539e-06
7.5605999541e-06
7.5335999542e-06
7.5065999544e-06
7.4525999547e-06
7.4525999547e-06
7.4202922549e-06
7.3879845751e-06
7.3556768753e-06
7.3233691955e-06
7.2910614957e-06
7.2587537959e-06
7.2264461161e-06
7.1941384163e-06
7.1618307165e-06
7.1295230367e-06
7.0972153369e-06
7.0325999573e-06
7.0325999573e-06
7.0136525974e-06
6.9947052175e-06
6.9757578576e-06
6.9568104777e-06
6.9378631178e-06
6.918915738e-06
6.8999683781e-06
6.8810210182e-06
6.8620736383e-06
6.8431262784e-06
6.8241788985e-06
6.8052315386e-06
6.7862841788e-06
6.7673367989e-06
6.748389439e-06
6.7294420591e-06
6.7104946992e-06
6.6725999594e-06
6.6725999594e-06
6.6625999595e-06
6.6525999596e-06
6.6425999596e-06
6.6325999597e-06
6.6225999598e-06
6.6125999598e-06
6.6025999599e-06
6.5925999599e-06
6.58259996e-06
6.5725999601e-06
6.5525999602e-06
6.5525999602e-06
6.5495230402e-06
6.5464461202e-06
6.5433692002e-06
6.5402922603e-06
6.5372153403e-06
6.5341384203e-06
6.5310615003e-06
6.5279845803e-06
6.5249076603e-06
6.5218307204e-06
6.5187538004e-06
6.5125999604e-06
6.5125999604e-06
6.5165999604e-06
6.5205999604e-06
6.5245999603e-06
6.5285999603e-06
6.5325999603e-06
6.5365999603e-06
6.5405999602e-06
6.5445999602e-06
6.5485999602e-06
6.5525999602e-06
6.5565999602e-06
6.5605999601e-06
6.5645999601e-06
6.5725999601e-06
6.5725999601e-06
6.57974282e-06
6.58688568e-06
6.5940285399e-06
6.6011713799e-06
6.6083142398e-06
6.6154570998e-06
6.6225999598e-06
6.6297428197e-06
6.6368856797e-06
6.6440285396e-06
6.6511713796e-06
6.6583142395e-06
6.6725999594e-06
6.6725999594e-06
6.6825999594e-06
6.6925999593e-06
6.7025999593e-06
6.7125999592e-06
6.7225999591e-06
6.7325999591e-06
6.742599959e-06
6.752599959e-06
6.7625999589e-06
6.7725999588e-06
6.7825999588e-06
6.7925999587e-06
6.8125999586e-06
6.8125999586e-06
6.8203777385e-06
6.8281555185e-06
6.8359332985e-06
6.8437110784e-06
6.8514888384e-06
6.8592666183e-06
6.8670443983e-06
6.8748221782e-06
6.8825999582e-06
6.8903777381e-06
6.8981555181e-06
6.905933298e-06
6.913711078e-06
6.9214888379e-06
6.9292666179e-06
6.9370443978e-06
6.9525999577e-06
6.9525999577e-06
6.9560782177e-06
6.9595564777e-06
6.9630347377e-06
6.9665129977e-06
6.9699912576e-06
6.9734695176e-06
6.9769477776e-06
6.9804260376e-06
6.9839042976e-06
6.9873825575e-06
6.9908608175e-06
6.9943390975e-06
6.9978173575e-06
7.0012956174e-06
7.0047738774e-06
7.0082521374e-06
7.0117303974e-06
7.0152086574e-06
7.0186869173e-06
7.0221651773e-06
7.0256434373e-06
7.0325999573e-06
7.0325999573e-06
7.0347052172e-06
7.0368104772e-06
7.0389157372e-06
7.0410210172e-06
7.0431262772e-06
7.0452315372e-06
7.0473367972e-06
7.0494420572e-06
7.0515473171e-06
7.0536525971e-06
7.0557578571e-06
7.0578631171e-06
7.0599683771e-06
7.0620736371e-06
7.0641788971e-06
7.0662841771e-06
7.068389437e-06
7.072599957e-06
7.072599957e-06
7.069872677e-06
7.067145417e-06
7.0644181371e-06
7.0616908571e-06
7.0589635971e-06
7.0562363171e-06
7.0535090571e-06
7.0507817771e-06
7.0480544972e-06
7.0453272372e-06
7.0425999572e-06
7.0398726772e-06
7.0371454172e-06
7.0344181372e-06
7.0316908573e-06
7.0289635973e-06
7.0262363173e-06
7.0235090573e-06
7.0207817773e-06
7.0180544973e-06
7.0125999574e-06
7.0125999574e-06
7.0111713774e-06
7.0097428174e-06
7.0083142374e-06
7.0068856774e-06
7.0054570974e-06
7.0040285374e-06
7.0025999574e-06
7.0011713775e-06
6.9997428175e-06
6.9983142375e-06
6.9968856775e-06
6.9954570975e-06
6.9925999575e-06
6.9925999575e-06
6.9878940775e-06
6.9831881976e-06
6.9784823176e-06
6.9737764376e-06
6.9690705376e-06
6.9643646577e-06
6.9596587777e-06
6.9549528977e-06
6.9502470178e-06
6.9455411378e-06
6.9408352578e-06
6.9361293778e-06
6.9314234779e-06
6.9267175979e-06
6.9220117179e-06
6.912599958e-06
6.912599958e-06
6.903126278e-06
6.8936525981e-06
6.8841788982e-06
6.8747052182e-06
6.8652315383e-06
6.8557578583e-06
6.8462841784e-06
6.8368104784e-06
6.8273367985e-06
6.8178631186e-06
6.8083894386e-06
6.7989157387e-06
6.7894420587e-06
6.7799683788e-06
6.7704946989e-06
6.7610210189e-06
6.751547319e-06
6.7325999591e-06
6.7325999591e-06
6.7316908591e-06
6.7307817791e-06
6.7298726791e-06
6.7289635991e-06
6.7280544991e-06
6.7271454191e-06
6.7262363191e-06
6.7253272391e-06
6.7244181391e-06
6.7235090591e-06
6.7225999591e-06
6.7216908591e-06
6.7207817792e-06
6.7198726792e-06
6.7189635992e-06
6.7180544992e-06
6.7171454192e-06
6.7162363192e-06
6.7153272392e-06
6.7144181392e-06
6.7125999592e-06
6.7125999592e-06
6.7125999592e-06
6.7125999592e-06
6.7125999592e-06
6.7125999592e-06
6.7125999592e-06
6.7125999592e-06
6.7125999592e-06
6.7125999592e-06
6.7125999592e-06
6.7125999592e-06
6.7125999592e-06
6.7125999592e-06
6.7125999592e-06
6.7125999592e-06
6.7125999592e-06
6.7125999592e-06
6.7125999592e-06
6.7125999592e-06
6.7125999592e-06
6.7125999592e-06
6.7125999592e-06
6.7125999592e-06
6.7125999592e-06
6.7125999592e-06
6.7125999592e-06
6.7125999592e-06
6.7125999592e-06
6.7125999592e-06
6.7125999592e-06
6.7110614992e-06
6.7095230392e-06
6.7079845792e-06
6.7064461192e-06
6.7049076593e-06
6.7033691993e-06
6.7018307193e-06
6.7002922593e-06
6.6987537993e-06
6.6972153393e-06
6.6956768793e-06
6.6925999593e-06
6.6925999593e-06
6.7011713793e-06
6.7097428192e-06
6.7183142392e-06
6.7268856791e-06
6.7354570991e-06
6.744028539e-06
6.752599959e-06
6.7611713789e-06
6.7697428189e-06
6.7783142388e-06
6.7868856788e-06
6.7954570987e-06
6.8125999586e-06
6.8125999586e-06
6.8414888384e-06
6.8703777382e-06
6.8992666181e-06
6.9281555179e-06
6.9570443977e-06
6.9859332975e-06
7.0148221774e-06
7.072599957e-06
7.072599957e-06
7.079266617e-06
7.0859332969e-06
7.0925999569e-06
7.0992666169e-06
7.1125999568e-06
7.3725999552e-06
7.3725999552e-06
7.3711446552e-06
7.3696893552e-06
7.3682340552e-06
7.3667787552e-06
7.3653234552e-06
7.3638681552e-06
7.3624128353e-06
7.3609575353e-06
7.3595022353e-06
7.3580469353e-06
7.3565916353e-06
7.3551363353e-06
7.3536810353e-06
7.3522257353e-06
7.3507704353e-06
7.3493151353e-06
7.3478598353e-06
7.3464045354e-06
7.3449492354e-06
7.3434939354e-06
7.3420386154e-06
7.3405833154e-06
7.3391280154e-06
7.3376727154e-06
7.3362174154e-06
7.3347621154e-06
7.3333068154e-06
7.3318515154e-06
7.3303962154e-06
7.3289409155e-06
7.3274856155e-06
7.3260303155e-06
7.3245750155e-06
7.3231197155e-06
7.3216643955e-06
7.3202090955e-06
7.3187537955e-06
7.3172984955e-06
7.3158431955e-06
7.3143878955e-06
7.3129325956e-06
7.3114772956e-06
7.3100219956e-06
7.3085666956e-06
7.3071113956e-06
7.3056560956e-06
7.3042007956e-06
7.3027454956e-06
7.3012901756e-06
7.2998348756e-06
7.2983795756e-06
7.2969242757e-06
7.2954689757e-06
7.2940136757e-06
7.2925583757e-06
7.2911030757e-06
7.2896477757e-06
7.2881924757e-06
7.2867371757e-06
7.2852818757e-06
7.2838265757e-06
7.2823712557e-06
7.2809159558e-06
7.2794606558e-06
7.2780053558e-06
7.2765500558e-06
7.2750947558e-06
7.2736394558e-06
7.2721841558e-06
7.2707288558e-06
7.2692735558e-06
7.2678182558e-06
7.2663629558e-06
7.2649076558e-06
7.2634523559e-06
7.2619970359e-06
7.2605417359e-06
7.2590864359e-06
7.2576311359e-06
7.2561758359e-06
7.2547205359e-06
7.2532652359e-06
7.2518099359e-06
7.2503546359e-06
7.2488993359e-06
7.247444036e-06
7.245988736e-06
7.244533436e-06
7.243078136e-06
7.241622816e-06
7.240167516e-06
7.238712216e-06
7.237256916e-06
7.235801616e-06
7.234346316e-06
7.232891016e-06
7.2314357161e-06
7.2299804161e-06
7.2285251161e-06
7.2270698161e-06
7.2256145161e-06
7.2241592161e-06
7.2227039161e-06
7.2212485961e-06
7.2197932961e-06
7.2183379961e-06
7.2168826961e-06
7.2154273961e-06
7.2139720962e-06
7.2125167962e-06
7.2110614962e-06
7.2096061962e-06
7.2081508962e-06
7.2066955962e-06
7.2052402962e-06
7.2037849962e-06
7.2023296762e-06
7.2008743762e-06
7.1994190762e-06
7.1979637763e-06
7.1965084763e-06
7.1950531763e-06
7.1935978763e-06
7.1921425763e-06
7.1906872763e-06
7.1892319763e-06
7.1877766763e-06
7.1863213763e-06
7.1848660763e-06
7.1834107763e-06
7.1819554564e-06
7.1805001564e-06
7.1790448564e-06
7.1775895564e-06
7.1761342564e-06
7.1746789564e-06
7.1732236564e-06
7.1717683564e-06
7.1703130564e-06
7.1688577564e-06
7.1674024564e-06
7.1659471564e-06
7.1644918565e-06
7.1630365565e-06
7.1615812365e-06
7.1601259365e-06
7.1586706365e-06
7.1572153365e-06
7.1557600365e-06
7.1543047365e-06
7.1528494365e-06
7.1513941365e-06
7.1499388365e-06
7.1484835366e-06
7.1470282366e-06
7.1455729366e-06
7.1441176366e-06
7.1426623366e-06
7.1412070166e-06
7.1397517166e-06
7.1382964166e-06
7.1368411166e-06
7.1353858166e-06
7.1339305166e-06
7.1324752167e-06
7.1310199167e-06
7.1295646167e-06
7.1281093167e-06
7.1266540167e-06
7.1251987167e-06
7.1237434167e-06
7.1222880967e-06
7.1208327967e-06
7.1193774967e-06
7.1179221967e-06
7.1164668967e-06
7.1150115968e-06
7.1135562968e-06
7.1121009968e-06
7.1106456968e-06
7.1091903968e-06
7.1077350968e-06
7.1062797968e-06
7.1048244968e-06
7.1033691968e-06
7.1019138768e-06
7.1004585768e-06
7.0990032769e-06
7.0975479769e-06
7.0960926769e-06
7.0946373769e-06
7.0931820769e-06
7.0917267769e-06
7.0902714769e-06
7.0888161769e-06
7.0873608769e-06
7.0859055769e-06
7.0844502769e-06
7.082994977e-06
7.081539657e-06
7.080084357e-06
7.078629057e-06
7.077173757e-06
7.075718457e-06
7.074263157e-06
7.072807857e-06
7.071352557e-06
7.069897257e-06
7.068441957e-06
7.0669866571e-06
7.0655313571e-06
7.0640760571e-06
7.0626207571e-06
7.0611654371e-06
7.0597101371e-06
7.0582548371e-06
7.0567995371e-06
7.0553442371e-06
7.0538889371e-06
7.0524336371e-06
7.0509783371e-06
7.0495230372e-06
7.0480677372e-06
7.0466124372e-06
7.0451571372e-06
7.0437018372e-06
7.0422465172e-06
7.0407912172e-06
7.0393359172e-06
7.0378806172e-06
7.0364253172e-06
7.0349700172e-06
7.0335147173e-06
7.0320594173e-06
7.0306041173e-06
7.0291488173e-06
7.0276935173e-06
7.0262382173e-06
7.0247829173e-06
7.0233276173e-06
7.0218722973e-06
7.0204169973e-06
7.0189616973e-06
7.0175063974e-06
7.0160510974e-06
7.0145957974e-06
7.0131404974e-06
7.0116851974e-06
7.0102298974e-06
7.0087745974e-06
7.0073192974e-06
7.0058639974e-06
7.0044086974e-06
7.0029533974e-06
7.0014980774e-06
7.0000427775e-06
6.9985874775e-06
6.9971321775e-06
6.9956768775e-06
6.9942215775e-06
6.9927662775e-06
6.9913109775e-06
6.9898556775e-06
6.9884003775e-06
6.9869450775e-06
6.9854897775e-06
6.9840344776e-06
6.9825791576e-06
6.9811238576e-06
6.9796685576e-06
6.9782132576e-06
6.9767579576e-06
6.9753026576e-06
6.9738473576e-06
6.9723920576e-06
6.9709367576e-06
6.9694814576e-06
6.9680261577e-06
6.9665708577e-06
6.9651155577e-06
6.9636602577e-06
6.9622049377e-06
6.9607496377e-06
6.9592943377e-06
6.9578390377e-06
6.9563837377e-06
6.9549284377e-06
6.9534731377e-06
6.9520178377e-06
6.9505625378e-06
6.9491072378e-06
6.9476519378e-06
6.9461966378e-06
6.9447413378e-06
6.9432860378e-06
6.9418307178e-06
6.9403754178e-06
6.9389201178e-06
6.9374648178e-06
6.9360095178e-06
6.9345542179e-06
6.9330989179e-06
6.9316436179e-06
6.9301883179e-06
6.9287330179e-06
6.9272777179e-06
6.9258224179e-06
6.9243671179e-06
6.9229118179e-06
6.9214564979e-06
6.9200011979e-06
6.918545898e-06
6.917090598e-06
6.915635298e-06
6.914179998e-06
6.912724698e-06
6.911269398e-06
6.909814098e-06
6.908358798e-06
6.906903498e-06
6.905448198e-06
6.903992898e-06
6.9025375781e-06
6.9010822781e-06
6.8996269781e-06
6.8981716781e-06
6.8967163781e-06
6.8952610781e-06
6.8938057781e-06
6.8923504781e-06
6.8908951781e-06
6.8894398781e-06
6.8879845781e-06
6.8865292781e-06
6.8850739782e-06
6.8836186782e-06
6.8821633582e-06
6.8807080582e-06
6.8792527582e-06
6.8777974582e-06
6.8763421582e-06
6.8748868582e-06
6.8734315582e-06
6.8719762582e-06
6.8705209582e-06
6.8690656583e-06
6.8676103583e-06
6.8661550583e-06
6.8646997583e-06
6.8632444583e-06
6.8617891383e-06
6.8603338383e-06
6.8588785383e-06
6.8574232383e-06
6.8559679383e-06
6.8545126383e-06
6.8530573384e-06
6.8516020384e-06
6.8501467384e-06
6.8486914384e-06
6.8472361384e-06
6.8457808384e-06
6.8443255384e-06
6.8428702384e-06
6.8414149184e-06
6.8399596184e-06
6.8385043184e-06
6.8370490184e-06
6.8355937185e-06
6.8341384185e-06
6.8326831185e-06
6.8312278185e-06
6.8297725185e-06
6.8283172185e-06
6.8268619185e-06
6.8254066185e-06
6.8239513185e-06
6.8224959985e-06
6.8210406985e-06
6.8195853986e-06
6.8181300986e-06
6.8166747986e-06
6.8152194986e-06
6.8137641986e-06
6.8123088986e-06
6.8108535986e-06
6.8093982986e-06
6.8079429986e-06
6.8064876986e-06
6.8050323986e-06
6.8035770987e-06
6.8021217787e-06
6.8006664787e-06
6.7992111787e-06
6.7977558787e-06
6.7963005787e-06
6.7948452787e-06
6.7933899787e-06
6.7919346787e-06
6.7904793787e-06
6.7890240787e-06
6.7875687787e-06
6.7861134788e-06
6.7846581788e-06
6.7832028788e-06
6.7817475588e-06
6.7802922588e-06
6.7788369588e-06
6.7773816588e-06
6.7759263588e-06
6.7744710588e-06
6.7730157588e-06
6.7715604588e-06
6.7701051589e-06
6.7686498589e-06
6.7671945589e-06
6.7657392589e-06
6.7642839589e-06
6.7628286589e-06
6.7613733389e-06
6.7599180389e-06
6.7584627389e-06
6.7570074389e-06
6.7555521389e-06
6.754096839e-06
6.752641539e-06
6.751186239e-06
6.749730939e-06
6.748275639e-06
6.746820339e-06
6.745365039e-06
6.743909739e-06
6.742454419e-06
6.740999119e-06
6.739543819e-06
6.738088519e-06
6.7366332191e-06
6.7351779191e-06
6.7337226191e-06
6.7322673191e-06
6.7308120191e-06
6.7293567191e-06
6.7279014191e-06
6.7264461191e-06
6.7249908191e-06
6.7235355191e-06
6.7220801991e-06
6.7206248992e-06
6.7191695992e-06
6.7177142992e-06
6.7162589992e-06
6.7148036992e-06
6.7133483992e-06
6.7118930992e-06
6.7104377992e-06
6.7089824992e-06
6.7075271992e-06
6.7060718992e-06
6.7046165993e-06
6.7031612993e-06
6.7017059793e-06
6.7002506793e-06
6.6987953793e-06
6.6973400793e-06
6.6958847793e-06
6.6944294793e-06
6.6929741793e-06
6.6915188793e-06
6.6900635793e-06
6.6886082794e-06
6.6871529794e-06
6.6856976794e-06
6.6842423794e-06
6.6827870794e-06
6.6813317594e-06
6.6798764594e-06
6.6784211594e-06
6.6769658594e-06
6.6755105594e-06
6.6725999594e-06
6.3925999611e-06
6.3925999611e-06
6.3925999611e-06
6.3925999611e-06
6.3925999611e-06
6.3925999611e-06
6.3925999611e-06
6.3925999611e-06
6.3925999611e-06
6.3925999611e-06
6.3925999611e-06
6.3925999611e-06
6.3925999611e-06
6.3925999611e-06
6.3925999611e-06
6.3925999611e-06
6.3925999611e-06
6.3925999611e-06
6.3798726812e-06
6.3671454213e-06
6.3544181414e-06
6.3416908615e-06
6.3289636015e-06
6.3162363216e-06
6.3035090617e-06
6.2907817818e-06
6.2780545018e-06
6.252599962e-06
6.252599962e-06
6.2392666221e-06
6.2259333022e-06
6.2125999622e-06
6.1992666223e-06
6.1859333024e-06
6.1725999625e-06
6.1592666226e-06
6.1459333026e-06
6.1325999627e-06
6.1192666228e-06
6.092599963e-06
6.092599963e-06
6.081349963e-06
6.0700999631e-06
6.0588499632e-06
6.0475999632e-06
6.0363499633e-06
6.0250999634e-06
6.0138499635e-06
6.0025999635e-06
5.9913499636e-06
5.9800999637e-06
5.9688499637e-06
5.9575999638e-06
5.9463499639e-06
5.9350999639e-06
5.9125999641e-06
5.9125999641e-06
5.9092666241e-06
5.9059333041e-06
5.9025999641e-06
5.8992666241e-06
5.8959333042e-06
5.8925999642e-06
5.8892666242e-06
5.8859333042e-06
5.8825999642e-06
5.8792666243e-06
5.8725999643e-06
5.8725999643e-06
5.8725999643e-06
5.8725999643e-06
5.8725999643e-06
5.8725999643e-06
5.8725999643e-06
5.8725999643e-06
5.8725999643e-06
5.9085999641e-06
5.9445999639e-06
5.9805999637e-06
6.0525999632e-06
6.0525999632e-06
6.084599963e-06
6.1165999628e-06
6.1485999626e-06
6.2125999622e-06
6.2125999622e-06
6.2159333022e-06
6.2192666222e-06
6.2225999622e-06
6.2259333022e-06
6.2325999621e-06
6.2325999621e-06
6.2092666223e-06
6.1859333024e-06
6.1625999625e-06
6.1392666227e-06
6.092599963e-06
6.092599963e-06
5.9125999641e-06
5.9125999641e-06
5.8225999646e-06
5.7325999652e-06
5.5525999663e-06
5.5525999663e-06
5.5398726863e-06
5.5271454264e-06
5.5144181465e-06
5.5016908666e-06
5.4889636066e-06
5.4762363267e-06
5.4635090668e-06
5.4507817869e-06
5.438054507e-06
5.425327247e-06
5.4125999671e-06
5.3998726872e-06
5.3871454273e-06
5.3744181473e-06
5.3616908674e-06
5.3489636075e-06
5.3362363276e-06
5.3235090676e-06
5.3107817877e-06
5.2980545078e-06
5.272599968e-06
5.272599968e-06
5.2541384281e-06
5.2356768882e-06
5.2172153483e-06
5.1987538084e-06
5.1802922685e-06
5.1618307286e-06
5.1433692087e-06
5.1249076689e-06
5.106446129e-06
5.0879845891e-06
5.0695230492e-06
5.0325999694e-06
5.0325999694e-06
5.0285999694e-06
5.0245999695e-06
5.0205999695e-06
5.0165999695e-06
5.0125999695e-06
5.0085999696e-06
5.0045999696e-06
5.0005999696e-06
4.9965999696e-06
4.9925999697e-06
4.9885999697e-06
4.9845999697e-06
4.9805999697e-06
4.9765999698e-06
4.9725999698e-06
4.9685999698e-06
4.9645999698e-06
4.9605999699e-06
4.9525999699e-06
4.9525999699e-06
4.9525999699e-06
4.9525999699e-06
4.9525999699e-06
4.9525999699e-06
4.9525999699e-06
4.9525999699e-06
4.9525999699e-06
4.9525999699e-06
4.9525999699e-06
4.9525999699e-06
4.9525999699e-06
4.9525999699e-06
4.9472666299e-06
4.94193331e-06
4.93659997e-06
4.93126663e-06
4.9259333101e-06
4.9205999701e-06
4.9152666301e-06
4.9099333102e-06
4.9045999702e-06
4.8992666302e-06
4.8939333103e-06
4.8885999703e-06
4.8832666303e-06
4.8725999704e-06
4.8725999704e-06
4.8525999705e-06
4.8325999706e-06
4.8125999708e-06
4.772599971e-06
4.772599971e-06
4.777863131e-06
4.7831262909e-06
4.7883894509e-06
4.7936526109e-06
4.7989157508e-06
4.8041789108e-06
4.8094420708e-06
4.8147052307e-06
4.8199683907e-06
4.8252315507e-06
4.8304947106e-06
4.8357578706e-06
4.8410210306e-06
4.8462841905e-06
4.8515473305e-06
4.8568104905e-06
4.8620736505e-06
4.8725999704e-06
4.8725999704e-06
4.8792666303e-06
4.8859333103e-06
4.8925999703e-06
4.8992666302e-06
4.9059333102e-06
4.9125999701e-06
4.9192666301e-06
4.9259333101e-06
4.93259997e-06
4.93926663e-06
4.9459333099e-06
4.9525999699e-06
4.9592666299e-06
4.9659333098e-06
4.9725999698e-06
4.9792666297e-06
4.9859333097e-06
4.9925999697e-06
4.9992666296e-06
5.0059333096e-06
5.0125999695e-06
5.0192666295e-06
5.0325999694e-06
5.0325999694e-06
5.0383142494e-06
5.0440285493e-06
5.0497428293e-06
5.0554571093e-06
5.0611713892e-06
5.0668856892e-06
5.0725999692e-06
5.0783142491e-06
5.0840285491e-06
5.0897428291e-06
5.095457109e-06
5.101171389e-06
5.106885689e-06
5.1125999689e-06
5.1183142489e-06
5.1240285489e-06
5.1297428288e-06
5.1354571088e-06
5.1411713888e-06
5.1525999687e-06
5.1525999687e-06
5.1575999687e-06
5.1625999686e-06
5.1675999686e-06
5.1725999686e-06
5.1775999685e-06
5.1825999685e-06
5.1875999685e-06
5.1925999684e-06
5.1975999684e-06
5.2025999684e-06
5.2075999684e-06
5.2125999683e-06
5.2175999683e-06
5.2225999683e-06
5.2275999682e-06
5.2325999682e-06
5.2375999682e-06
5.2425999681e-06
5.2525999681e-06
5.2525999681e-06
5.258155528e-06
5.263711088e-06
5.269266628e-06
5.2748221879e-06
5.2803777479e-06
5.2859333079e-06
5.2914888478e-06
5.2970444078e-06
5.3025999678e-06
5.3081555277e-06
5.3137110877e-06
5.3192666277e-06
5.3248221876e-06
5.3303777476e-06
5.3359333076e-06
5.3414888475e-06
5.3525999675e-06
5.3525999675e-06
5.3552666275e-06
5.3579333074e-06
5.3605999674e-06
5.3632666274e-06
5.3659333074e-06
5.3685999674e-06
5.3712666274e-06
5.3739333073e-06
5.3765999673e-06
5.3792666273e-06
5.3819333073e-06
5.3845999673e-06
5.3872666273e-06
5.3925999672e-06
5.3925999672e-06
5.3965999672e-06
5.4005999672e-06
5.4045999672e-06
5.4125999671e-06
5.4125999671e-06
5.437599967e-06
5.4625999668e-06
5.4875999666e-06
5.5125999665e-06
5.5375999663e-06
5.5625999662e-06
5.587599966e-06
5.6125999659e-06
5.6375999657e-06
5.6625999656e-06
5.7125999653e-06
5.9125999641e-06
5.9125999641e-06
5.9325999639e-06
5.9525999638e-06
5.9725999637e-06
5.9925999636e-06
6.0125999635e-06
6.0325999633e-06
6.0525999632e-06
6.0725999631e-06
6.092599963e-06
6.1325999627e-06
6.1325999627e-06
6.1345999627e-06
6.1365999627e-06
6.1385999627e-06
6.1405999627e-06
6.1425999627e-06
6.1445999627e-06
6.1465999626e-06
6.1485999626e-06
6.1525999626e-06
6.1525999626e-06
6.1620736426e-06
6.1715473225e-06
6.1810210224e-06
6.1904947024e-06
6.1999683823e-06
6.2094420623e-06
6.2189157422e-06
6.2283894421e-06
6.2378631221e-06
6.247336802e-06
6.256810482e-06
6.2662841819e-06
6.2757578619e-06
6.2852315418e-06
6.2947052217e-06
6.3041789017e-06
6.3136526016e-06
6.3325999615e-06
6.3325999615e-06
6.3695230413e-06
6.4064461211e-06
6.4433692008e-06
6.4802922606e-06
6.5172153404e-06
6.5541384202e-06
6.5910614999e-06
6.6279845797e-06
6.6649076595e-06
6.7018307193e-06
6.738753799e-06
6.8125999586e-06
6.8125999586e-06
6.8454570984e-06
6.8783142382e-06
6.911171378e-06
6.9440285378e-06
6.9768856776e-06
7.0097428174e-06
7.0425999572e-06
7.075457097e-06
7.1083142368e-06
7.1411713766e-06
7.1740285364e-06
7.2068856762e-06
7.2725999558e-06
7.2725999558e-06
7.3111713756e-06
7.3497428153e-06
7.3883142351e-06
7.4268856749e-06
7.4654570946e-06
7.5040285344e-06
7.5425999542e-06
7.5811713739e-06
7.6197428137e-06
7.6583142335e-06
7.6968856732e-06
7.735457093e-06
7.8125999525e-06
7.8125999525e-06
7.8271454124e-06
7.8416908523e-06
7.8562363123e-06
7.8707817722e-06
7.8853272321e-06
7.899872672e-06
7.9144181319e-06
7.9289635918e-06
7.9435090517e-06
7.9580544916e-06
7.9725999515e-06
7.9871454115e-06
8.0016908514e-06
8.0162363113e-06
8.0307817712e-06
8.0453272311e-06
8.059872671e-06
8.0744181309e-06
8.0889635908e-06
8.1035090508e-06
8.1325999506e-06
8.1325999506e-06
8.1443646505e-06
8.1561293704e-06
8.1678940704e-06
8.1796587703e-06
8.1914234702e-06
8.2031881901e-06
8.2149528901e-06
8.22671759e-06
8.2384823099e-06
8.2502470099e-06
8.2620117098e-06
8.2737764297e-06
8.2855411296e-06
8.2973058296e-06
8.3090705295e-06
8.3325999494e-06
8.3325999494e-06
8.3417666093e-06
8.3509332892e-06
8.3600999492e-06
8.3692666091e-06
8.3784332891e-06
8.387599949e-06
8.396766609e-06
8.4059332889e-06
8.4150999489e-06
8.4242666088e-06
8.4334332887e-06
8.4425999487e-06
8.4517666086e-06
8.4609332886e-06
8.4700999485e-06
8.4792666085e-06
8.4884332884e-06
8.4975999484e-06
8.5067666083e-06
8.5159332882e-06
8.5250999482e-06
8.5342666081e-06
8.552599948e-06
8.552599948e-06
8.554138408e-06
8.555676868e-06
8.557215328e-06
8.558753788e-06
8.560292248e-06
8.561830708e-06
8.563369188e-06
8.5649076479e-06
8.5664461079e-06
8.5679845679e-06
8.5695230279e-06
8.5725999479e-06
8.5725999479e-06
8.558753788e-06
8.5449076481e-06
8.5310614882e-06
8.5172153282e-06
8.5033691883e-06
8.4895230284e-06
8.4756768685e-06
8.4618307086e-06
8.4479845687e-06
8.4341384087e-06
8.4202922488e-06
8.392599949e-06
8.392599949e-06
8.392599949e-06
8.392599949e-06
8.392599949e-06
8.4035999489e-06
8.4145999489e-06
8.4255999488e-06
8.4365999487e-06
8.4475999487e-06
8.4585999486e-06
8.4695999485e-06
8.4805999485e-06
8.4915999484e-06
8.5025999483e-06
8.5135999483e-06
8.5245999482e-06
8.5355999481e-06
8.5465999481e-06
8.557599948e-06
8.5685999479e-06
8.5795999479e-06
8.5905999478e-06
8.6125999477e-06
8.6125999477e-06
8.6271454076e-06
8.6416908475e-06
8.6562363074e-06
8.6707817673e-06
8.6853272272e-06
8.6998726671e-06
8.714418127e-06
8.7289635869e-06
8.7435090469e-06
8.7725999467e-06
9.0125999452e-06
9.0125999452e-06
9.0147238452e-06
9.0168477252e-06
9.0189716252e-06
9.0210955252e-06
9.0232194052e-06
9.0253433051e-06
9.0274672051e-06
9.0295911051e-06
9.0317149851e-06
9.0338388851e-06
9.0359627851e-06
9.0380866651e-06
9.0402105651e-06
9.042334465e-06
9.044458345e-06
9.046582245e-06
9.048706145e-06
9.050830025e-06
9.052953925e-06
9.055077825e-06
9.057201705e-06
9.0593256049e-06
9.0614495049e-06
9.0635734049e-06
9.0656972849e-06
9.0678211849e-06
9.0699450849e-06
9.0720689649e-06
9.0741928649e-06
9.0763167648e-06
9.0784406448e-06
9.0805645448e-06
9.0826884448e-06
9.0848123248e-06
9.0869362248e-06
9.0890601248e-06
9.0911840247e-06
9.0933079047e-06
9.0954318047e-06
9.0975557047e-06
9.0996795847e-06
9.1018034847e-06
9.1039273847e-06
9.1060512647e-06
9.1081751646e-06
9.1102990646e-06
9.1124229446e-06
9.1145468446e-06
9.1166707446e-06
9.1187946446e-06
9.1209185246e-06
9.1230424246e-06
9.1251663245e-06
9.1272902045e-06
9.1294141045e-06
9.1315380045e-06
9.1336618845e-06
9.1357857845e-06
9.1379096845e-06
9.1400335645e-06
9.1421574644e-06
9.1442813644e-06
9.1464052444e-06
9.1485291444e-06
9.1506530444e-06
9.1527769444e-06
9.1549008244e-06
9.1570247243e-06
9.1591486243e-06
9.1612725043e-06
9.1633964043e-06
9.1655203043e-06
9.1676441843e-06
9.1697680843e-06
9.1718919843e-06
9.1740158642e-06
9.1761397642e-06
9.1782636642e-06
9.1803875642e-06
9.1825114442e-06
9.1846353442e-06
9.1867592442e-06
9.1888831242e-06
9.1910070241e-06
9.1931309241e-06
9.1952548041e-06
9.1973787041e-06
9.1995026041e-06
9.2016264841e-06
9.2037503841e-06
9.2058742841e-06
9.207998184e-06
9.210122064e-06
9.212245964e-06
9.214369864e-06
9.216493744e-06
9.218617644e-06
9.220741544e-06
9.2228654239e-06
9.2249893239e-06
9.2271132239e-06
9.2292371039e-06
9.2313610039e-06
9.2334849039e-06
9.2356087839e-06
9.2377326839e-06
9.2398565838e-06
9.2419804838e-06
9.2441043638e-06
9.2462282638e-06
9.2483521638e-06
9.2504760438e-06
9.2525999438e-06
9.2547238438e-06
9.2568477237e-06
9.2589716237e-06
9.2610955237e-06
9.2632194037e-06
9.2653433037e-06
9.2674672037e-06
9.2695911037e-06
9.2717149837e-06
9.2738388836e-06
9.2759627836e-06
9.2780866636e-06
9.2802105636e-06
9.2823344636e-06
9.2844583436e-06
9.2865822436e-06
9.2887061435e-06
9.2908300235e-06
9.2929539235e-06
9.2950778235e-06
9.2972017035e-06
9.2993256035e-06
9.3014495035e-06
9.3035734035e-06
9.3056972834e-06
9.3078211834e-06
9.3099450834e-06
9.3120689634e-06
9.3141928634e-06
9.3163167634e-06
9.3184406434e-06
9.3205645434e-06
9.3226884433e-06
9.3248123233e-06
9.3269362233e-06
9.3290601233e-06
9.3311840233e-06
9.3333079033e-06
9.3354318033e-06
9.3375557033e-06
9.3396795832e-06
9.3418034832e-06
9.3439273832e-06
9.3460512632e-06
9.3481751632e-06
9.3502990632e-06
9.3524229432e-06
9.3545468431e-06
9.3566707431e-06
9.3587946431e-06
9.3609185231e-06
9.3630424231e-06
9.3651663231e-06
9.3672902031e-06
9.3694141031e-06
9.371538003e-06
9.373661883e-06
9.375785783e-06
9.377909683e-06
9.380033563e-06
9.382157463e-06
9.384281363e-06
9.386405243e-06
9.3885291429e-06
9.3906530429e-06
9.3927769429e-06
9.3949008229e-06
9.3970247229e-06
9.3991486229e-06
9.4012725029e-06
9.4033964029e-06
9.4055203028e-06
9.4076441828e-06
9.4097680828e-06
9.4118919828e-06
9.4140158628e-06
9.4161397628e-06
9.4182636628e-06
9.4203875627e-06
9.4225114427e-06
9.4246353427e-06
9.4267592427e-06
9.4288831227e-06
9.4310070227e-06
9.4331309227e-06
9.4352548027e-06
9.4373787026e-06
9.4395026026e-06
9.4416264826e-06
9.4437503826e-06
9.4458742826e-06
9.4479981826e-06
9.4501220626e-06
9.4522459626e-06
9.4543698625e-06
9.4564937425e-06
9.4586176425e-06
9.4607415425e-06
9.4628654225e-06
9.4649893225e-06
9.4671132225e-06
9.4692371025e-06
9.4713610024e-06
9.4734849024e-06
9.4756087824e-06
9.4777326824e-06
9.4798565824e-06
9.4819804824e-06
9.4841043624e-06
9.4862282623e-06
9.4883521623e-06
9.4904760423e-06
9.4925999423e-06
9.4947238423e-06
9.4968477223e-06
9.4989716223e-06
9.5010955223e-06
9.5032194022e-06
9.5053433022e-06
9.5074672022e-06
9.5095911022e-06
9.5117149822e-06
9.5138388822e-06
9.5159627822e-06
9.5180866622e-06
9.5202105621e-06
9.5223344621e-06
9.5244583421e-06
9.5265822421e-06
9.5287061421e-06
9.5308300221e-06
9.5329539221e-06
9.5350778221e-06
9.537201702e-06
9.539325602e-06
9.541449502e-06
9.543573402e-06
9.545697282e-06
9.547821182e-06
9.549945082e-06
9.5520689619e-06
9.5541928619e-06
9.5563167619e-06
9.5584406419e-06
9.5605645419e-06
9.5626884419e-06
9.5648123219e-06
9.5669362219e-06
9.5690601218e-06
9.5711840218e-06
9.5733079018e-06
9.5754318018e-06
9.5775557018e-06
9.5796795818e-06
9.5818034818e-06
9.5839273818e-06
9.5860512617e-06
9.5881751617e-06
9.5902990617e-06
9.5924229417e-06
9.5945468417e-06
9.5966707417e-06
9.5987946417e-06
9.6009185217e-06
9.6030424216e-06
9.6051663216e-06
9.6072902016e-06
9.6094141016e-06
9.6115380016e-06
9.6136618816e-06
9.6157857816e-06
9.6179096815e-06
9.6200335615e-06
9.6221574615e-06
9.6242813615e-06
9.6264052415e-06
9.6285291415e-06
9.6306530415e-06
9.6327769415e-06
9.6349008214e-06
9.6370247214e-06
9.6391486214e-06
9.6412725014e-06
9.6433964014e-06
9.6455203014e-06
9.6476441814e-06
9.6497680814e-06
9.6518919813e-06
9.6540158613e-06
9.6561397613e-06
9.6582636613e-06
9.6603875613e-06
9.6625114413e-06
9.6646353413e-06
9.6667592413e-06
9.6688831212e-06
9.6710070212e-06
9.6731309212e-06
9.6752548012e-06
9.6773787012e-06
9.6795026012e-06
9.6816264812e-06
9.6837503811e-06
9.6858742811e-06
9.6879981811e-06
9.6901220611e-06
9.6922459611e-06
9.6943698611e-06
9.6964937411e-06
9.6986176411e-06
9.700741541e-06
9.702865421e-06
9.704989321e-06
9.707113221e-06
9.709237101e-06
9.711361001e-06
9.713484901e-06
9.715608781e-06
9.7177326809e-06
9.7198565809e-06
9.7219804809e-06
9.7241043609e-06
9.7262282609e-06
9.7283521609e-06
9.7304760409e-06
9.7325999409e-06
9.7347238408e-06
9.7368477208e-06
9.7389716208e-06
9.7410955208e-06
9.7432194008e-06
9.7453433008e-06
9.7474672008e-06
9.7495911007e-06
9.7517149807e-06
9.7538388807e-06
9.7559627807e-06
9.7580866607e-06
9.7602105607e-06
9.7623344607e-06
9.7644583407e-06
9.7665822406e-06
9.7687061406e-06
9.7708300206e-06
9.7729539206e-06
9.7750778206e-06
9.7772017006e-06
9.7793256006e-06
9.7814495006e-06
9.7835734005e-06
9.7856972805e-06
9.7878211805e-06
9.7899450805e-06
9.7920689605e-06
9.7941928605e-06
9.7963167605e-06
9.7984406405e-06
9.8005645404e-06
9.8026884404e-06
9.8048123204e-06
9.8069362204e-06
9.8090601204e-06
9.8111840204e-06
9.8133079004e-06
9.8154318003e-06
9.8175557003e-06
9.8196795803e-06
9.8218034803e-06
9.8239273803e-06
9.8260512603e-06
9.8281751603e-06
9.8302990603e-06
9.8324229402e-06
9.8345468402e-06
9.8366707402e-06
9.8387946402e-06
9.8409185202e-06
9.8430424202e-06
9.8451663202e-06
9.8472902002e-06
9.8494141001e-06
9.8515380001e-06
9.8536618801e-06
9.8557857801e-06
9.8579096801e-06
9.8600335601e-06
9.8621574601e-06
9.8642813601e-06
9.86640524e-06
9.86852914e-06
9.87065304e-06
9.87277694e-06
9.87490082e-06
9.87702472e-06
9.87914862e-06
9.8812724999e-06
9.8833963999e-06
9.8855202999e-06
9.8876441799e-06
9.8897680799e-06
9.8918919799e-06
9.8940158599e-06
9.8961397599e-06
9.8982636598e-06
9.9003875598e-06
9.9025114398e-06
9.9046353398e-06
9.9067592398e-06
9.9088831198e-06
9.9110070198e-06
9.9131309198e-06
9.9152547997e-06
9.9173786997e-06
9.9195025997e-06
9.9216264797e-06
9.9237503797e-06
9.9258742797e-06
9.9279981797e-06
9.9301220596e-06
9.9322459596e-06
9.9343698596e-06
9.9364937396e-06
9.9386176396e-06
9.9407415396e-06
9.9428654196e-06
9.9449893196e-06
9.9471132195e-06
9.9492370995e-06
9.9513609995e-06
9.9534848995e-06
9.9556087795e-06
9.9577326795e-06
9.9598565795e-06
9.9619804795e-06
9.9641043594e-06
9.9662282594e-06
9.9683521594e-06
9.9725999394e-06
9.6925999411e-06
9.6925999411e-06
9.6947052011e-06
9.6968104611e-06
9.6989157211e-06
9.701021001e-06
9.703126261e-06
9.705231521e-06
9.707336781e-06
9.709442041e-06
9.711547301e-06
9.713652581e-06
9.715757841e-06
9.7178631009e-06
9.7199683609e-06
9.7220736209e-06
9.7241788809e-06
9.7262841609e-06
9.7283894209e-06
9.7325999409e-06
9.7325999409e-06
9.7845999405e-06
9.8365999402e-06
9.8885999399e-06
9.9405999396e-06
9.9925999393e-06
1.0044599939e-05
1.0096599939e-05
1.0148599938e-05
1.0252599938e-05
1.0252599938e-05
1.0274418118e-05
1.0296236297e-05
1.0318054477e-05
1.0339872657e-05
1.0361690837e-05
1.0383509037e-05
1.0405327217e-05
1.0427145397e-05
1.0448963576e-05
1.0492599936e-05
1.0492599936e-05
1.0622599935e-05
1.0752599935e-05
1.1012599933e-05
1.1012599933e-05
1.1035099933e-05
1.1057599933e-05
1.1080099933e-05
1.1102599933e-05
1.1125099932e-05
1.1147599932e-05
1.1170099932e-05
1.1192599932e-05
1.1215099932e-05
1.1237599932e-05
1.1260099932e-05
1.1282599931e-05
1.1305099931e-05
1.1327599931e-05
1.1372599931e-05
1.1372599931e-05
1.1378314211e-05
1.1384028511e-05
1.1389742791e-05
1.1395457071e-05
1.1401171351e-05
1.1406885651e-05
1.1412599931e-05
1.1418314211e-05
1.1424028511e-05
1.1429742791e-05
1.1435457071e-05
1.144117135e-05
1.145259993e-05
1.145259993e-05
1.144509993e-05
1.143759993e-05
1.1430099931e-05
1.1422599931e-05
1.1415099931e-05
1.1407599931e-05
1.1392599931e-05
1.1392599931e-05
1.1359872651e-05
1.1327145391e-05
1.1294418111e-05
1.1261690832e-05
1.1228963572e-05
1.1196236292e-05
1.1163509032e-05
1.1130781752e-05
1.1098054473e-05
1.1032599933e-05
1.1032599933e-05
1.0986885653e-05
1.0941171354e-05
1.0895457074e-05
1.0849742794e-05
1.0804028514e-05
1.0712599935e-05
1.0712599935e-05
1.0666885655e-05
1.0621171355e-05
1.0575457076e-05
1.0529742796e-05
1.0484028516e-05
1.0392599937e-05
1.0392599937e-05
1.0372599937e-05
1.0352599937e-05
1.0332599937e-05
1.0312599937e-05
1.0292599937e-05
1.0272599938e-05
1.0252599938e-05
1.0232599938e-05
1.0212599938e-05
1.0192599938e-05
1.0152599938e-05
1.0152599938e-05
1.0122599938e-05
1.0092599939e-05
1.0062599939e-05
1.0032599939e-05
1.0002599939e-05
9.9725999394e-06
9.9125999398e-06
9.9125999398e-06
9.8840285199e-06
9.8554570801e-06
9.8268856603e-06
9.7983142205e-06
9.7697428006e-06
9.712599941e-06
9.712599941e-06
9.6425999414e-06
9.5725999418e-06
9.5025999422e-06
9.4325999427e-06
9.2925999435e-06
9.2925999435e-06
9.2550999438e-06
9.217599944e-06
9.1800999442e-06
9.1425999444e-06
9.1050999447e-06
9.0675999449e-06
8.9925999453e-06
8.9925999453e-06
8.9600999455e-06
8.9275999457e-06
8.8950999459e-06
8.8625999461e-06
8.8300999463e-06
8.7975999465e-06
8.7325999469e-06
8.7325999469e-06
8.7065999471e-06
8.6805999472e-06
8.6545999474e-06
8.6285999476e-06
8.6025999477e-06
8.5765999479e-06
8.550599948e-06
8.5245999482e-06
8.4725999485e-06
8.4725999485e-06
8.4511713686e-06
8.4297428088e-06
8.4083142289e-06
8.386885669e-06
8.3654570892e-06
8.3440285293e-06
8.3225999494e-06
8.3011713695e-06
8.2797428097e-06
8.2583142298e-06
8.2368856699e-06
8.2154570901e-06
8.1725999503e-06
8.1725999503e-06
8.1700999503e-06
8.1675999504e-06
8.1650999504e-06
8.1625999504e-06
8.1600999504e-06
8.1575999504e-06
8.1525999505e-06
8.1525999505e-06
8.1637110704e-06
8.1748221703e-06
8.1859332903e-06
8.1970443902e-06
8.2081555101e-06
8.21926661e-06
8.23037773e-06
8.2525999498e-06
8.2525999498e-06
8.2642666098e-06
8.2759332897e-06
8.2875999496e-06
8.2992666096e-06
8.3109332895e-06
8.3225999494e-06
8.3342666093e-06
8.3459332893e-06
8.3575999492e-06
8.3692666091e-06
8.392599949e-06
8.392599949e-06
8.4100999489e-06
8.4275999488e-06
8.4450999487e-06
8.4625999486e-06
8.4800999485e-06
8.4975999484e-06
8.5325999481e-06
8.5325999481e-06
8.5754570879e-06
8.6183142276e-06
8.6611713674e-06
8.7040285271e-06
8.7468856668e-06
8.8325999463e-06
8.8325999463e-06
8.884599946e-06
8.9365999457e-06
8.9885999454e-06
9.0925999447e-06
9.0925999447e-06
9.1475999444e-06
9.2025999441e-06
9.3125999434e-06
9.3125999434e-06
9.385933283e-06
9.5325999421e-06
9.5325999421e-06
9.5859332817e-06
9.6392666014e-06
9.6925999411e-06
9.7459332808e-06
9.8525999401e-06
9.8525999401e-06
9.8425999402e-06
9.8325999402e-06
9.8225999403e-06
9.8125999404e-06
9.8025999404e-06
9.7925999405e-06
9.7825999405e-06
9.7725999406e-06
9.7525999407e-06
9.7525999407e-06
9.712599941e-06
9.6725999412e-06
9.6325999415e-06
9.5925999417e-06
9.5125999422e-06
9.5125999422e-06
9.4392666026e-06
9.2925999435e-06
9.2925999435e-06
9.2625999437e-06
9.2325999439e-06
9.2025999441e-06
9.1725999443e-06
9.1425999444e-06
9.1125999446e-06
9.052599945e-06
9.052599945e-06
9.0154570852e-06
8.9783142254e-06
8.9411713657e-06
8.9040285259e-06
8.8668856661e-06
8.7925999466e-06
8.7925999466e-06
8.7837110666e-06
8.7748221667e-06
8.7659332867e-06
8.7570443868e-06
8.7481555068e-06
8.7392666069e-06
8.7303777269e-06
8.712599947e-06
8.712599947e-06
8.7113499471e-06
8.7100999471e-06
8.7088499471e-06
8.7075999471e-06
8.7063499471e-06
8.7050999471e-06
8.7038499471e-06
8.7025999471e-06
8.7013499471e-06
8.7000999471e-06
8.6988499471e-06
8.6975999471e-06
8.6963499471e-06
8.6950999472e-06
8.6925999472e-06
8.6925999472e-06
8.6925999472e-06
8.6925999472e-06
8.6925999472e-06
8.6925999472e-06
8.6925999472e-06
8.6925999472e-06
8.7005999471e-06
8.7085999471e-06
8.716599947e-06
8.724599947e-06
8.7325999469e-06
8.7405999469e-06
8.7485999468e-06
8.7565999468e-06
8.7725999467e-06
8.7725999467e-06
8.7725999467e-06
8.7725999467e-06
8.7725999467e-06
8.7725999467e-06
8.7725999467e-06
8.7725999467e-06
8.7725999467e-06
8.7703777267e-06
8.7681555067e-06
8.7659332867e-06
8.7637110667e-06
8.7614888268e-06
8.7592666068e-06
8.7570443868e-06
8.7525999468e-06
8.7525999468e-06
8.7525999468e-06
8.7525999468e-06
8.7525999468e-06
8.7575999468e-06
8.7625999467e-06
8.7675999467e-06
8.7725999467e-06
8.7775999467e-06
8.7825999466e-06
8.7925999466e-06
8.7925999466e-06
8.8025999465e-06
8.8125999464e-06
8.8225999464e-06
8.8325999463e-06
8.8525999462e-06
8.8525999462e-06
8.8565999462e-06
8.8605999461e-06
8.8645999461e-06
8.8725999461e-06
8.8725999461e-06
8.8757578461e-06
8.878915726e-06
8.882073626e-06
8.885231526e-06
8.888389426e-06
8.891547306e-06
8.8947052059e-06
8.8978631059e-06
8.9010210059e-06
8.9041788859e-06
8.9073367859e-06
8.9104946858e-06
8.9136525858e-06
8.9168104658e-06
8.9199683658e-06
8.9231262658e-06
8.9262841658e-06
8.9325999457e-06
8.9325999457e-06
8.9325999457e-06
8.9325999457e-06
8.9325999457e-06
8.9325999457e-06
8.9325999457e-06
8.9325999457e-06
8.9325999457e-06
8.9325999457e-06
8.9325999457e-06
8.9411713657e-06
8.9497428056e-06
8.9583142256e-06
8.9668856655e-06
8.9754570855e-06
8.9925999453e-06
8.9925999453e-06
8.9998726653e-06
9.0071454053e-06
9.0144181252e-06
9.0216908452e-06
9.0289635851e-06
9.0362363051e-06
9.043509045e-06
9.050781765e-06
9.0580544849e-06
9.0725999449e-06
9.0725999449e-06
9.0710614849e-06
9.0695230249e-06
9.0679845649e-06
9.0664461049e-06
9.0649076449e-06
9.0633691849e-06
9.0618307049e-06
9.0602922449e-06
9.0587537849e-06
9.057215325e-06
9.055676865e-06
9.052599945e-06
9.052599945e-06
9.052599945e-06
9.052599945e-06
9.052599945e-06
9.052599945e-06
9.052599945e-06
9.052599945e-06
9.047599945e-06
9.042599945e-06
9.0375999451e-06
9.0325999451e-06
9.0275999451e-06
9.0225999452e-06
9.0175999452e-06
9.0125999452e-06
9.0075999453e-06
9.0025999453e-06
8.9975999453e-06
8.9925999453e-06
8.9875999454e-06
8.9825999454e-06
8.9725999455e-06
8.9725999455e-06
8.9685999455e-06
8.9645999455e-06
8.9605999455e-06
8.9565999456e-06
8.9525999456e-06
8.9485999456e-06
8.9445999456e-06
8.9405999457e-06
8.9325999457e-06
8.9325999457e-06
8.9325999457e-06
8.9325999457e-06
8.9325999457e-06
8.9325999457e-06
8.9325999457e-06
8.9325999457e-06
8.9325999457e-06
8.9325999457e-06
8.9354570857e-06
8.9383142257e-06
8.9411713657e-06
8.9440285256e-06
8.9468856656e-06
8.9525999456e-06
8.9525999456e-06
8.9489635856e-06
8.9453272256e-06
8.9416908457e-06
8.9380544857e-06
8.9344181257e-06
8.9307817657e-06
8.9271454057e-06
8.9235090458e-06
8.9198726658e-06
8.9125999458e-06
8.9125999458e-06
8.9125999458e-06
8.9125999458e-06
8.9125999458e-06
8.9125999458e-06
8.9125999458e-06
8.9125999458e-06
8.9125999458e-06
8.9125999458e-06
8.9092666059e-06
8.9059332859e-06
8.9025999459e-06
8.8992666059e-06
8.892599946e-06
8.892599946e-06
8.888155506e-06
8.883711066e-06
8.879266606e-06
8.8748221661e-06
8.8703777261e-06
8.8659332861e-06
8.8614888261e-06
8.8525999462e-06
8.8525999462e-06
8.8365999463e-06
8.8205999464e-06
8.8045999465e-06
8.7725999467e-06
8.7725999467e-06
8.7770443867e-06
8.7814888266e-06
8.7859332866e-06
8.7903777266e-06
8.7948221665e-06
8.7992666065e-06
8.8037110665e-06
8.8125999464e-06
8.8125999464e-06
8.8085999465e-06
8.8045999465e-06
8.8005999465e-06
8.7925999466e-06
8.7925999466e-06
8.8075999465e-06
8.8225999464e-06
8.8525999462e-06
8.8525999462e-06
8.8759332861e-06
8.8992666059e-06
8.9225999458e-06
8.9459332856e-06
8.9925999453e-06
8.9925999453e-06
9.0325999451e-06
9.0325999451e-06
9.0259332851e-06
9.0192666052e-06
9.0125999452e-06
9.0059332853e-06
8.9925999453e-06
8.9925999453e-06
8.9905999454e-06
8.9885999454e-06
8.9865999454e-06
8.9845999454e-06
8.9825999454e-06
8.9805999454e-06
8.9785999454e-06
8.9765999454e-06
8.9725999455e-06
9.2725999436e-06
9.2725999436e-06
9.2707537837e-06
9.2689076437e-06
9.2670614837e-06
9.2652153237e-06
9.2633691837e-06
9.2615230237e-06
9.2596768637e-06
9.2578307037e-06
9.2559845637e-06
9.2541384038e-06
9.2522922438e-06
9.2504461038e-06
9.2485999438e-06
9.2467537838e-06
9.2449076438e-06
9.2430614838e-06
9.2412153238e-06
9.2393691838e-06
9.2375230239e-06
9.2356768639e-06
9.2338307039e-06
9.2319845639e-06
9.2301384039e-06
9.2282922439e-06
9.2264461039e-06
9.2245999439e-06
9.2227537839e-06
9.220907644e-06
9.219061484e-06
9.217215324e-06
9.215369184e-06
9.213523024e-06
9.211676864e-06
9.209830704e-06
9.207984564e-06
9.206138404e-06
9.2042922441e-06
9.2024461041e-06
9.2005999441e-06
9.1987537841e-06
9.1969076441e-06
9.1950614841e-06
9.1932153241e-06
9.1913691841e-06
9.1895230242e-06
9.1876768642e-06
9.1858307042e-06
9.1839845642e-06
9.1821384042e-06
9.1802922442e-06
9.1784461042e-06
9.1765999442e-06
9.1747537842e-06
9.1729076443e-06
9.1710614843e-06
9.1692153243e-06
9.1673691843e-06
9.1655230243e-06
9.1636768643e-06
9.1618307043e-06
9.1599845643e-06
9.1581384043e-06
9.1562922444e-06
9.1544461044e-06
9.1525999444e-06
9.1507537844e-06
9.1489076444e-06
9.1470614844e-06
9.1452153244e-06
9.1433691844e-06
9.1415230244e-06
9.1396768645e-06
9.1378307045e-06
9.1359845645e-06
9.1341384045e-06
9.1322922445e-06
9.1304461045e-06
9.1285999445e-06
9.1267537845e-06
9.1249076445e-06
9.1230614846e-06
9.1212153246e-06
9.1193691846e-06
9.1175230246e-06
9.1156768646e-06
9.1138307046e-06
9.1119845646e-06
9.1101384046e-06
9.1082922446e-06
9.1064461047e-06
9.1045999447e-06
9.1027537847e-06
9.1009076447e-06
9.0990614847e-06
9.0972153247e-06
9.0953691847e-06
9.0935230247e-06
9.0916768647e-06
9.0898307048e-06
9.0879845648e-06
9.0861384048e-06
9.0842922448e-06
9.0824461048e-06
9.0805999448e-06
9.0787537848e-06
9.0769076448e-06
9.0750614848e-06
9.0732153249e-06
9.0713691849e-06
9.0695230249e-06
9.0676768649e-06
9.0658307049e-06
9.0639845649e-06
9.0621384049e-06
9.0602922449e-06
9.0584461049e-06
9.056599945e-06
9.054753785e-06
9.052907645e-06
9.051061485e-06
9.049215325e-06
9.047369185e-06
9.045523025e-06
9.043676865e-06
9.041830705e-06
9.0399845651e-06
9.0381384051e-06
9.0362922451e-06
9.0344461051e-06
9.0325999451e-06
9.0307537851e-06
9.0289076451e-06
9.0270614851e-06
9.0252153251e-06
9.0233691852e-06
9.0215230252e-06
9.0196768652e-06
9.0178307052e-06
9.0159845652e-06
9.0141384052e-06
9.0122922452e-06
9.0104461052e-06
9.0085999453e-06
9.0067537853e-06
9.0049076453e-06
9.0030614853e-06
9.0012153253e-06
8.9993691853e-06
8.9975230253e-06
8.9956768653e-06
8.9938307053e-06
8.9919845654e-06
8.9901384054e-06
8.9882922454e-06
8.9864461054e-06
8.9845999454e-06
8.9827537854e-06
8.9809076454e-06
8.9790614854e-06
8.9772153254e-06
8.9753691855e-06
8.9735230255e-06
8.9716768655e-06
8.9698307055e-06
8.9679845655e-06
8.9661384055e-06
8.9642922455e-06
8.9624461055e-06
8.9605999455e-06
8.9587537856e-06
8.9569076456e-06
8.9550614856e-06
8.9532153256e-06
8.9513691856e-06
8.9495230256e-06
8.9476768656e-06
8.9458307056e-06
8.9439845656e-06
8.9421384057e-06
8.9402922457e-06
8.9384461057e-06
8.9365999457e-06
8.9347537857e-06
8.9329076457e-06
8.9310614857e-06
8.9292153257e-06
8.9273691857e-06
8.9255230258e-06
8.9236768658e-06
8.9218307058e-06
8.9199845658e-06
8.9181384058e-06
8.9162922458e-06
8.9144461058e-06
8.9125999458e-06
8.9107537858e-06
8.9089076459e-06
8.9070614859e-06
8.9052153259e-06
8.9033691859e-06
8.9015230259e-06
8.8996768659e-06
8.8978307059e-06
8.8959845659e-06
8.8941384059e-06
8.892292246e-06
8.890446106e-06
8.888599946e-06
8.886753786e-06
8.884907646e-06
8.883061486e-06
8.881215326e-06
8.879369186e-06
8.877523026e-06
8.8756768661e-06
8.8738307061e-06
8.8719845661e-06
8.8701384061e-06
8.8682922461e-06
8.8664461061e-06
8.8645999461e-06
8.8627537861e-06
8.8609076461e-06
8.8590614862e-06
8.8572153262e-06
8.8553691862e-06
8.8535230262e-06
8.8516768662e-06
8.8498307062e-06
8.8479845662e-06
8.8461384062e-06
8.8442922462e-06
8.8424461063e-06
8.8405999463e-06
8.8387537863e-06
8.8369076463e-06
8.8350614863e-06
8.8332153263e-06
8.8313691863e-06
8.8295230263e-06
8.8276768664e-06
8.8258307064e-06
8.8239845664e-06
8.8221384064e-06
8.8202922464e-06
8.8184461064e-06
8.8165999464e-06
8.8147537864e-06
8.8129076464e-06
8.8110614865e-06
8.8092153265e-06
8.8073691865e-06
8.8055230265e-06
8.8036768665e-06
8.8018307065e-06
8.7999845665e-06
8.7981384065e-06
8.7962922465e-06
8.7944461066e-06
8.7925999466e-06
8.7907537866e-06
8.7889076466e-06
8.7870614866e-06
8.7852153266e-06
8.7833691866e-06
8.7815230266e-06
8.7796768666e-06
8.7778307067e-06
8.7759845667e-06
8.7741384067e-06
8.7722922467e-06
8.7704461067e-06
8.7685999467e-06
8.7667537867e-06
8.7649076467e-06
8.7630614867e-06
8.7612153268e-06
8.7593691868e-06
8.7575230268e-06
8.7556768668e-06
8.7538307068e-06
8.7519845668e-06
8.7501384068e-06
8.7482922468e-06
8.7464461068e-06
8.7445999469e-06
8.7427537869e-06
8.7409076469e-06
8.7390614869e-06
8.7372153269e-06
8.7353691869e-06
8.7335230269e-06
8.7316768669e-06
8.7298307069e-06
8.727984567e-06
8.726138407e-06
8.724292247e-06
8.722446107e-06
8.720599947e-06
8.718753787e-06
8.716907647e-06
8.715061487e-06
8.713215327e-06
8.7113691871e-06
8.7095230271e-06
8.7076768671e-06
8.7058307071e-06
8.7039845671e-06
8.7021384071e-06
8.7002922471e-06
8.6984461071e-06
8.6965999471e-06
8.6947537872e-06
8.6929076472e-06
8.6910614872e-06
8.6892153272e-06
8.6873691872e-06
8.6855230272e-06
8.6836768672e-06
8.6818307072e-06
8.6799845672e-06
8.6781384073e-06
8.6762922473e-06
8.6744461073e-06
8.6725999473e-06
8.6707537873e-06
8.6689076473e-06
8.6670614873e-06
8.6652153273e-06
8.6633691873e-06
8.6615230274e-06
8.6596768674e-06
8.6578307074e-06
8.6559845674e-06
8.6541384074e-06
8.6522922474e-06
8.6504461074e-06
8.6485999474e-06
8.6467537874e-06
8.6449076475e-06
8.6430614875e-06
8.6412153275e-06
8.6393691875e-06
8.6375230275e-06
8.6356768675e-06
8.6338307075e-06
8.6319845675e-06
8.6301384076e-06
8.6282922476e-06
8.6264461076e-06
8.6245999476e-06
8.6227537876e-06
8.6209076476e-06
8.6190614876e-06
8.6172153276e-06
8.6153691876e-06
8.6135230277e-06
8.6116768677e-06
8.6098307077e-06
8.6079845677e-06
8.6061384077e-06
8.6042922477e-06
8.6024461077e-06
8.6005999477e-06
8.5987537877e-06
8.5969076478e-06
8.5950614878e-06
8.5932153278e-06
8.5913691878e-06
8.5895230278e-06
8.5876768678e-06
8.5858307078e-06
8.5839845678e-06
8.5821384078e-06
8.5802922479e-06
8.5784461079e-06
8.5765999479e-06
8.5747537879e-06
8.5729076479e-06
8.5710614879e-06
8.5692153279e-06
8.5673691879e-06
8.5655230279e-06
8.563676868e-06
8.561830708e-06
8.559984568e-06
8.558138408e-06
8.556292248e-06
8.554446108e-06
8.552599948e-06
8.550753788e-06
8.548907648e-06
8.5470614881e-06
8.5452153281e-06
8.5433691881e-06
8.5415230281e-06
8.5396768681e-06
8.5378307081e-06
8.5359845681e-06
8.5341384081e-06
8.5322922481e-06
8.5304461082e-06
8.5285999482e-06
8.5267537882e-06
8.5249076482e-06
8.5230614882e-06
8.5212153282e-06
8.5193691882e-06
8.5175230282e-06
8.5156768682e-06
8.5138307083e-06
8.5119845683e-06
8.5101384083e-06
8.5082922483e-06
8.5064461083e-06
8.5045999483e-06
8.5027537883e-06
8.5009076483e-06
8.4990614883e-06
8.4972153284e-06
8.4953691884e-06
8.4935230284e-06
8.4916768684e-06
8.4898307084e-06
8.4879845684e-06
8.4861384084e-06
8.4842922484e-06
8.4824461084e-06
8.4805999485e-06
8.4787537885e-06
8.4769076485e-06
8.4750614885e-06
8.4732153285e-06
8.4713691885e-06
8.4695230285e-06
8.4676768685e-06
8.4658307085e-06
8.4639845686e-06
8.4621384086e-06
8.4602922486e-06
8.4584461086e-06
8.4565999486e-06
8.4547537886e-06
8.4529076486e-06
8.4510614886e-06
8.4492153287e-06
8.4473691887e-06
8.4455230287e-06
8.4436768687e-06
8.4418307087e-06
8.4399845687e-06
8.4381384087e-06
8.4362922487e-06
8.4325999488e-06
8.2125999501e-06
8.2125999501e-06
8.2173618501e-06
8.22212375e-06
8.22688567e-06
8.23164757e-06
8.2364094699e-06
8.2411713699e-06
8.2459332899e-06
8.2506951899e-06
8.2554570898e-06
8.2602189898e-06
8.2649809098e-06
8.2697428097e-06
8.2745047097e-06
8.2792666097e-06
8.2840285297e-06
8.2887904296e-06
8.2935523296e-06
8.2983142296e-06
8.3030761495e-06
8.3125999495e-06
8.3125999495e-06
8.3153272295e-06
8.3180544894e-06
8.3207817694e-06
8.3235090494e-06
8.3262363094e-06
8.3289635894e-06
8.3316908494e-06
8.3344181293e-06
8.3371454093e-06
8.3398726693e-06
8.3425999493e-06
8.3453272293e-06
8.3480544893e-06
8.3507817692e-06
8.3535090492e-06
8.3562363092e-06
8.3589635892e-06
8.3616908492e-06
8.3644181292e-06
8.3671454091e-06
8.3725999491e-06
8.3725999491e-06
8.3712666091e-06
8.3699332891e-06
8.3685999491e-06
8.3672666091e-06
8.3659332892e-06
8.3645999492e-06
8.3632666092e-06
8.3619332892e-06
8.3605999492e-06
8.3592666092e-06
8.3579332892e-06
8.3565999492e-06
8.3552666092e-06
8.3525999492e-06
8.3525999492e-06
8.3445999493e-06
8.3365999493e-06
8.3285999494e-06
8.3125999495e-06
8.3125999495e-06
8.2925999496e-06
8.2725999497e-06
8.2525999498e-06
8.23259995e-06
8.2125999501e-06
8.1925999502e-06
8.1525999505e-06
8.1525999505e-06
8.1575999504e-06
8.1625999504e-06
8.1675999504e-06
8.1725999503e-06
8.1775999503e-06
8.1825999503e-06
8.1925999502e-06
8.1925999502e-06
8.2110614901e-06
8.22952303e-06
8.2479845699e-06
8.2664461098e-06
8.2849076496e-06
8.3033691895e-06
8.3218307094e-06
8.3402922493e-06
8.3587537892e-06
8.3772153291e-06
8.395676869e-06
8.4325999488e-06
8.4325999488e-06
8.4348221687e-06
8.4370443887e-06
8.4392666087e-06
8.4414888287e-06
8.4437110687e-06
8.4459332887e-06
8.4481555087e-06
8.4525999486e-06
8.4525999486e-06
8.4433691887e-06
8.4341384087e-06
8.4249076488e-06
8.4156768689e-06
8.4064461089e-06
8.397215329e-06
8.387984569e-06
8.3787537891e-06
8.3695230291e-06
8.3602922492e-06
8.3510614892e-06
8.3325999494e-06
8.3325999494e-06
8.3297428094e-06
8.3268856694e-06
8.3240285294e-06
8.3211713694e-06
8.3183142294e-06
8.3125999495e-06
8.3125999495e-06
8.3307817694e-06
8.3489635893e-06
8.3671454091e-06
8.385327229e-06
8.4035090489e-06
8.4216908488e-06
8.4398726687e-06
8.4580544886e-06
8.4762363085e-06
8.4944181284e-06
8.5125999483e-06
8.5307817682e-06
8.548963588e-06
8.5671454079e-06
8.5853272278e-06
8.6035090477e-06
8.6216908476e-06
8.6398726675e-06
8.6580544874e-06
8.6762363073e-06
8.712599947e-06
8.712599947e-06
8.721171367e-06
8.7297428069e-06
8.7383142269e-06
8.7468856668e-06
8.7554570868e-06
8.7725999467e-06
8.7725999467e-06
8.7837110666e-06
8.7948221665e-06
8.8059332865e-06
8.8170443864e-06
8.8281555063e-06
8.8392666063e-06
8.8503777262e-06
8.8725999461e-06
8.8725999461e-06
8.8665999461e-06
8.8605999461e-06
8.8545999462e-06
8.8485999462e-06
8.8425999463e-06
8.8365999463e-06
8.8305999463e-06
8.8245999464e-06
8.8125999464e-06
8.8125999464e-06
8.7725999467e-06
8.7325999469e-06
8.6925999472e-06
8.6525999474e-06
8.5725999479e-06
8.5725999479e-06
8.5325999481e-06
8.4925999484e-06
8.4525999486e-06
8.3725999491e-06
8.3725999491e-06
8.3479845693e-06
8.3233691894e-06
8.2987537896e-06
8.2741384097e-06
8.2495230299e-06
8.22490765e-06
8.2002922502e-06
8.1756768703e-06
8.1510614905e-06
8.1264461106e-06
8.1018307108e-06
8.0525999511e-06
8.0525999511e-06
8.0413499511e-06
8.0300999512e-06
8.0188499513e-06
8.0075999513e-06
7.9963499514e-06
7.9850999515e-06
7.9738499515e-06
7.9625999516e-06
7.9513499517e-06
7.9400999517e-06
7.9288499518e-06
7.9175999519e-06
7.9063499519e-06
7.895099952e-06
7.8725999522e-06
7.8725999522e-06
7.8556768723e-06
7.8387537924e-06
7.8218307125e-06
7.8049076526e-06
7.7879845727e-06
7.7710614928e-06
7.7541384129e-06
7.737215333e-06
7.7202922531e-06
7.7033691932e-06
7.6864461133e-06
7.6525999535e-06
7.6525999535e-06
7.6375999536e-06
7.6225999537e-06
7.6075999538e-06
7.5925999539e-06
7.5775999539e-06
7.562599954e-06
7.5475999541e-06
7.5325999542e-06
7.5175999543e-06
7.5025999544e-06
7.4725999546e-06
7.4725999546e-06
7.4525999547e-06
7.4325999548e-06
7.3925999551e-06
7.3925999551e-06
7.3955999551e-06
7.398599955e-06
7.401599955e-06
7.404599955e-06
7.407599955e-06
7.410599955e-06
7.4135999549e-06
7.4165999549e-06
7.4195999549e-06
7.4225999549e-06
7.4255999549e-06
7.4285999549e-06
7.4315999548e-06
7.4345999548e-06
7.4375999548e-06
7.4405999548e-06
7.4435999548e-06
7.4465999547e-06
7.4525999547e-06
7.4525999547e-06
7.4575999547e-06
7.4625999546e-06
7.4675999546e-06
7.4725999546e-06
7.4775999546e-06
7.4825999545e-06
7.4925999545e-06
7.4925999545e-06
7.4809332945e-06
7.4692666146e-06
7.4575999547e-06
7.4459332947e-06
7.4342666148e-06
7.4225999549e-06
7.410933295e-06
7.399266615e-06
7.3875999551e-06
7.3759332952e-06
7.3525999553e-06
7.3525999553e-06
7.3478940753e-06
7.3431881954e-06
7.3384823154e-06
7.3337764354e-06
7.3290705355e-06
7.3243646555e-06
7.3196587755e-06
7.3149528955e-06
7.3102470156e-06
7.3055411356e-06
7.3008352556e-06
7.2961293757e-06
7.2914234757e-06
7.2867175957e-06
7.2820117157e-06
7.2725999558e-06
7.2725999558e-06
7.2725999558e-06
7.2725999558e-06
7.2725999558e-06
7.2725999558e-06
7.2725999558e-06
7.2725999558e-06
7.2725999558e-06
7.2725999558e-06
7.2725999558e-06
7.2725999558e-06
7.2725999558e-06
7.2725999558e-06
7.2725999558e-06
7.2725999558e-06
7.2725999558e-06
7.2725999558e-06
7.2725999558e-06
7.2725999558e-06
7.2725999558e-06
7.2725999558e-06
7.2725999558e-06
7.2725999558e-06
7.2725999558e-06
7.2773058358e-06
7.2820117157e-06
7.2867175957e-06
7.2914234757e-06
7.2961293757e-06
7.3008352556e-06
7.3055411356e-06
7.3102470156e-06
7.3149528955e-06
7.3196587755e-06
7.3243646555e-06
7.3290705355e-06
7.3337764354e-06
7.3384823154e-06
7.3431881954e-06
7.3525999553e-06
7.3525999553e-06
7.3559332953e-06
7.3592666153e-06
7.3625999553e-06
7.3659332952e-06
7.3692666152e-06
7.3725999552e-06
7.3759332952e-06
7.3792666152e-06
7.3825999551e-06
7.3859332951e-06
7.3925999551e-06
7.3925999551e-06
7.3940285351e-06
7.3954570951e-06
7.396885675e-06
7.398314235e-06
7.399742815e-06
7.401171375e-06
7.402599955e-06
7.404028535e-06
7.405457095e-06
7.406885675e-06
7.408314235e-06
7.409742815e-06
7.411171375e-06
7.412599955e-06
7.4140285349e-06
7.4154570949e-06
7.4168856749e-06
7.4183142349e-06
7.4197428149e-06
7.4211713749e-06
7.4225999549e-06
7.4240285349e-06
7.4254570949e-06
7.4268856749e-06
7.4283142349e-06
7.4297428148e-06
7.4325999548e-06
7.4325999548e-06
7.4388499548e-06
7.4450999548e-06
7.4513499547e-06
7.4575999547e-06
7.4638499546e-06
7.4700999546e-06
7.4763499546e-06
7.4825999545e-06
7.4888499545e-06
7.4950999544e-06
7.5013499544e-06
7.5075999544e-06
7.5138499543e-06
7.5200999543e-06
7.5325999542e-06
7.5325999542e-06
7.5325999542e-06
7.5325999542e-06
7.5325999542e-06
7.5325999542e-06
7.5325999542e-06
7.5325999542e-06
7.5325999542e-06
7.5325999542e-06
7.5325999542e-06
7.5325999542e-06
7.5325999542e-06
7.5325999542e-06
7.5325999542e-06
7.5325999542e-06
7.5325999542e-06
7.5325999542e-06
7.5325999542e-06
7.5325999542e-06
7.5325999542e-06
7.5325999542e-06
7.5325999542e-06
7.5325999542e-06
7.5325999542e-06
7.5325999542e-06
7.5325999542e-06
7.5325999542e-06
7.5325999542e-06
7.5325999542e-06
7.5325999542e-06
7.5325999542e-06
7.5405999542e-06
7.5485999541e-06
7.5565999541e-06
7.564599954e-06
7.572599954e-06
7.5805999539e-06
7.5885999539e-06
7.5965999538e-06
7.6125999537e-06
7.6125999537e-06
7.6192666137e-06
7.6325999536e-06
7.6325999536e-06
7.6392666136e-06
7.6459332935e-06
7.6525999535e-06
7.6592666135e-06
7.6725999534e-06
7.6725999534e-06
7.6695230334e-06
7.6664461134e-06
7.6633691934e-06
7.6602922534e-06
7.6572153335e-06
7.6541384135e-06
7.6510614935e-06
7.6479845735e-06
7.6449076535e-06
7.6418307136e-06
7.6387537936e-06
7.6325999536e-06
7.6325999536e-06
7.6425999536e-06
7.6525999535e-06
7.6725999534e-06
7.6925999532e-06
7.6925999532e-06
7.6956768732e-06
7.6987537932e-06
7.7018307132e-06
7.7049076532e-06
7.7079845732e-06
7.7110614931e-06
7.7141384131e-06
7.7172153331e-06
7.7202922531e-06
7.7233691931e-06
7.726446113e-06
7.729523033e-06
7.732599953e-06
7.735676873e-06
7.738753793e-06
7.7418307129e-06
7.7449076529e-06
7.7479845729e-06
7.7510614929e-06
7.7541384129e-06
7.7572153329e-06
7.7602922528e-06
7.7633691928e-06
7.7664461128e-06
7.7725999528e-06
7.7725999528e-06
7.7752086527e-06
7.7778173527e-06
7.7804260327e-06
7.7830347327e-06
7.7856434327e-06
7.7882521327e-06
7.7908608127e-06
7.7934695126e-06
7.7960782126e-06
7.7986869126e-06
7.8012956126e-06
7.8039042926e-06
7.8065129926e-06
7.8091216925e-06
7.8117303925e-06
7.8143390925e-06
7.8169477725e-06
7.8195564725e-06
7.8221651725e-06
7.8247738724e-06
7.8273825524e-06
7.8325999524e-06
7.8325999524e-06
7.8309332924e-06
7.8292666124e-06
7.8275999524e-06
7.8259332924e-06
7.8242666124e-06
7.8225999525e-06
7.8209332925e-06
7.8192666125e-06
7.8175999525e-06
7.8159332925e-06
7.8142666125e-06
7.8125999525e-06
7.8109332925e-06
7.8092666125e-06
7.8075999525e-06
7.8059332926e-06
7.8042666126e-06
7.8025999526e-06
7.8009332926e-06
7.7992666126e-06
7.7975999526e-06
7.7959332926e-06
7.7925999526e-06
7.7925999526e-06
7.7954570926e-06
7.7983142326e-06
7.8011713726e-06
7.8040285326e-06
7.8068856726e-06
7.8097428125e-06
7.8125999525e-06
7.8154570925e-06
7.8183142325e-06
7.8211713725e-06
7.8240285324e-06
7.8268856724e-06
7.8325999524e-06
7.8325999524e-06
7.8425999523e-06
7.8525999523e-06
7.8625999522e-06
7.8725999522e-06
7.8825999521e-06
7.892599952e-06
7.902599952e-06
7.9125999519e-06
7.9225999519e-06
7.9325999518e-06
7.9525999517e-06
7.9525999517e-06
7.9692666116e-06
7.9859332915e-06
8.0025999514e-06
8.0192666113e-06
8.0525999511e-06
8.0525999511e-06
8.055933291e-06
8.059266611e-06
8.062599951e-06
8.065933291e-06
8.0725999509e-06
8.3725999491e-06
8.3725999491e-06
8.3706373291e-06
8.3686747091e-06
8.3667120892e-06
8.3647494892e-06
8.3627868692e-06
8.3608242492e-06
8.3588616292e-06
8.3568990092e-06
8.3549363892e-06
8.3529737892e-06
8.3510111692e-06
8.3490485493e-06
8.3470859293e-06
8.3451233093e-06
8.3431606893e-06
8.3411980893e-06
8.3392354693e-06
8.3372728493e-06
8.3353102293e-06
8.3333476094e-06
8.3313849894e-06
8.3294223694e-06
8.3274597694e-06
8.3254971494e-06
8.3235345294e-06
8.3215719094e-06
8.3196092894e-06
8.3176466694e-06
8.3156840695e-06
8.3137214495e-06
8.3117588295e-06
8.3097962095e-06
8.3078335895e-06
8.3058709695e-06
8.3039083695e-06
8.3019457495e-06
8.2999831296e-06
8.2980205096e-06
8.2960578896e-06
8.2940952696e-06
8.2921326696e-06
8.2901700496e-06
8.2882074296e-06
8.2862448096e-06
8.2842821897e-06
8.2823195697e-06
8.2803569497e-06
8.2783943497e-06
8.2764317297e-06
8.2744691097e-06
8.2725064897e-06
8.2705438697e-06
8.2685812497e-06
8.2666186498e-06
8.2646560298e-06
8.2626934098e-06
8.2607307898e-06
8.2587681698e-06
8.2568055498e-06
8.2548429498e-06
8.2528803298e-06
8.2509177099e-06
8.2489550899e-06
8.2469924699e-06
8.2450298499e-06
8.2430672299e-06
8.2411046299e-06
8.2391420099e-06
8.2371793899e-06
8.23521677e-06
8.23325415e-06
8.23129153e-06
8.22932893e-06
8.22736631e-06
8.22540369e-06
8.22344107e-06
8.22147845e-06
8.21951583e-06
8.2175532301e-06
8.2155906101e-06
8.2136279901e-06
8.2116653701e-06
8.2097027501e-06
8.2077401301e-06
8.2057775301e-06
8.2038149101e-06
8.2018522902e-06
8.1998896702e-06
8.1979270502e-06
8.1959644302e-06
8.1940018102e-06
8.1920392102e-06
8.1900765902e-06
8.1881139702e-06
8.1861513502e-06
8.1841887303e-06
8.1822261103e-06
8.1802635103e-06
8.1783008903e-06
8.1763382703e-06
8.1743756503e-06
8.1724130303e-06
8.1704504103e-06
8.1684878104e-06
8.1665251904e-06
8.1645625704e-06
8.1625999504e-06
8.1606373304e-06
8.1586747104e-06
8.1567120904e-06
8.1547494904e-06
8.1527868705e-06
8.1508242505e-06
8.1488616305e-06
8.1468990105e-06
8.1449363905e-06
8.1429737905e-06
8.1410111705e-06
8.1390485505e-06
8.1370859305e-06
8.1351233106e-06
8.1331606906e-06
8.1311980906e-06
8.1292354706e-06
8.1272728506e-06
8.1253102306e-06
8.1233476106e-06
8.1213849906e-06
8.1194223707e-06
8.1174597707e-06
8.1154971507e-06
8.1135345307e-06
8.1115719107e-06
8.1096092907e-06
8.1076466707e-06
8.1056840707e-06
8.1037214507e-06
8.1017588308e-06
8.0997962108e-06
8.0978335908e-06
8.0958709708e-06
8.0939083708e-06
8.0919457508e-06
8.0899831308e-06
8.0880205108e-06
8.0860578909e-06
8.0840952709e-06
8.0821326709e-06
8.0801700509e-06
8.0782074309e-06
8.0762448109e-06
8.0742821909e-06
8.0723195709e-06
8.070356951e-06
8.068394351e-06
8.066431731e-06
8.064469111e-06
8.062506491e-06
8.060543871e-06
8.058581251e-06
8.056618651e-06
8.054656031e-06
8.0526934111e-06
8.0507307911e-06
8.0487681711e-06
8.0468055511e-06
8.0448429511e-06
8.0428803311e-06
8.0409177111e-06
8.0389550911e-06
8.0369924712e-06
8.0350298512e-06
8.0330672312e-06
8.0311046312e-06
8.0291420112e-06
8.0271793912e-06
8.0252167712e-06
8.0232541512e-06
8.0212915313e-06
8.0193289313e-06
8.0173663113e-06
8.0154036913e-06
8.0134410713e-06
8.0114784513e-06
8.0095158313e-06
8.0075532313e-06
8.0055906113e-06
8.0036279914e-06
8.0016653714e-06
7.9997027514e-06
7.9977401314e-06
7.9957775314e-06
7.9938149114e-06
7.9918522914e-06
7.9898896714e-06
7.9879270515e-06
7.9859644315e-06
7.9840018115e-06
7.9820392115e-06
7.9800765915e-06
7.9781139715e-06
7.9761513515e-06
7.9741887315e-06
7.9722261115e-06
7.9702635116e-06
7.9683008916e-06
7.9663382716e-06
7.9643756516e-06
7.9624130316e-06
7.9604504116e-06
7.9584878116e-06
7.9565251916e-06
7.9545625717e-06
7.9525999517e-06
7.9506373317e-06
7.9486747117e-06
7.9467120917e-06
7.9447494917e-06
7.9427868717e-06
7.9408242517e-06
7.9388616318e-06
7.9368990118e-06
7.9349363918e-06
7.9329737918e-06
7.9310111718e-06
7.9290485518e-06
7.9270859318e-06
7.9251233118e-06
7.9231606918e-06
7.9211980919e-06
7.9192354719e-06
7.9172728519e-06
7.9153102319e-06
7.9133476119e-06
7.9113849919e-06
7.9094223719e-06
7.9074597719e-06
7.905497152e-06
7.903534532e-06
7.901571912e-06
7.899609292e-06
7.897646672e-06
7.895684072e-06
7.893721452e-06
7.891758832e-06
7.889796212e-06
7.8878335921e-06
7.8858709721e-06
7.8839083721e-06
7.8819457521e-06
7.8799831321e-06
7.8780205121e-06
7.8760578921e-06
7.8740952721e-06
7.8721326722e-06
7.8701700522e-06
7.8682074322e-06
7.8662448122e-06
7.8642821922e-06
7.8623195722e-06
7.8603569522e-06
7.8583943522e-06
7.8564317323e-06
7.8544691123e-06
7.8525064923e-06
7.8505438723e-06
7.8485812523e-06
7.8466186523e-06
7.8446560323e-06
7.8426934123e-06
7.8407307923e-06
7.8387681724e-06
7.8368055524e-06
7.8348429524e-06
7.8328803324e-06
7.8309177124e-06
7.8289550924e-06
7.8269924724e-06
7.8250298524e-06
7.8230672325e-06
7.8211046325e-06
7.8191420125e-06
7.8171793925e-06
7.8152167725e-06
7.8132541525e-06
7.8112915325e-06
7.8093289325e-06
7.8073663126e-06
7.8054036926e-06
7.8034410726e-06
7.8014784526e-06
7.7995158326e-06
7.7975532326e-06
7.7955906126e-06
7.7936279926e-06
7.7916653726e-06
7.7897027527e-06
7.7877401327e-06
7.7857775327e-06
7.7838149127e-06
7.7818522927e-06
7.7798896727e-06
7.7779270527e-06
7.7759644327e-06
7.7740018128e-06
7.7720392128e-06
7.7700765928e-06
7.7681139728e-06
7.7661513528e-06
7.7641887328e-06
7.7622261128e-06
7.7602635128e-06
7.7583008928e-06
7.7563382729e-06
7.7543756529e-06
7.7524130329e-06
7.7504504129e-06
7.7484878129e-06
7.7465251929e-06
7.7445625729e-06
7.7425999529e-06
7.740637333e-06
7.738674713e-06
7.736712093e-06
7.734749493e-06
7.732786873e-06
7.730824253e-06
7.728861633e-06
7.726899013e-06
7.7249363931e-06
7.7229737931e-06
7.7210111731e-06
7.7190485531e-06
7.7170859331e-06
7.7151233131e-06
7.7131606931e-06
7.7111980931e-06
7.7092354731e-06
7.7072728532e-06
7.7053102332e-06
7.7033476132e-06
7.7013849932e-06
7.6994223732e-06
7.6974597732e-06
7.6954971532e-06
7.6935345332e-06
7.6915719133e-06
7.6896092933e-06
7.6876466733e-06
7.6856840733e-06
7.6837214533e-06
7.6817588333e-06
7.6797962133e-06
7.6778335933e-06
7.6758709734e-06
7.6739083734e-06
7.6719457534e-06
7.6699831334e-06
7.6680205134e-06
7.6660578934e-06
7.6640952734e-06
7.6621326734e-06
7.6601700534e-06
7.6582074335e-06
7.6562448135e-06
7.6542821935e-06
7.6523195735e-06
7.6503569535e-06
7.6483943535e-06
7.6464317335e-06
7.6444691135e-06
7.6425064936e-06
7.6405438736e-06
7.6385812536e-06
7.6366186536e-06
7.6346560336e-06
7.6326934136e-06
7.6307307936e-06
7.6287681736e-06
7.6268055536e-06
7.6248429537e-06
7.6228803337e-06
7.6209177137e-06
7.6189550937e-06
7.6169924737e-06
7.6150298537e-06
7.6130672337e-06
7.6111046337e-06
7.6091420138e-06
7.6071793938e-06
7.6052167738e-06
7.6032541538e-06
7.6012915338e-06
7.5993289338e-06
7.5973663138e-06
7.5954036938e-06
7.5934410739e-06
7.5914784539e-06
7.5895158339e-06
7.5875532339e-06
7.5855906139e-06
7.5836279939e-06
7.5816653739e-06
7.5797027539e-06
7.5777401339e-06
7.575777534e-06
7.573814914e-06
7.571852294e-06
7.569889674e-06
7.567927054e-06
7.565964434e-06
7.564001814e-06
7.562039214e-06
7.5600765941e-06
7.5581139741e-06
7.5561513541e-06
7.5541887341e-06
7.5522261141e-06
7.5502635141e-06
7.5483008941e-06
7.5463382741e-06
7.5443756541e-06
7.5424130342e-06
7.5404504142e-06
7.5384878142e-06
7.5365251942e-06
7.5325999542e-06
7.2525999559e-06
7.2525999559e-06
7.2595230359e-06
7.2664461158e-06
7.2733691958e-06
7.2802922558e-06
7.2872153357e-06
7.2941384157e-06
7.3010614956e-06
7.3079845756e-06
7.3149076555e-06
7.3218307155e-06
7.3287537955e-06
7.3356768754e-06
7.3425999554e-06
7.3495230353e-06
7.3564461153e-06
7.3633691952e-06
7.3702922552e-06
7.3772153352e-06
7.3841384151e-06
7.3910614951e-06
7.397984575e-06
7.404907655e-06
7.411830715e-06
7.4187537949e-06
7.4325999548e-06
7.4325999548e-06
7.4344181348e-06
7.4362363148e-06
7.4380544948e-06
7.4398726748e-06
7.4416908548e-06
7.4435090548e-06
7.4453272348e-06
7.4471454147e-06
7.4489635947e-06
7.4507817747e-06
7.4525999547e-06
7.4544181347e-06
7.4562363147e-06
7.4580544947e-06
7.4598726747e-06
7.4616908547e-06
7.4635090546e-06
7.4653272346e-06
7.4671454146e-06
7.4689635946e-06
7.4725999546e-06
7.4725999546e-06
7.4702470146e-06
7.4678940746e-06
7.4655411346e-06
7.4631881946e-06
7.4608352547e-06
7.4584823147e-06
7.4561293747e-06
7.4537764347e-06
7.4514234747e-06
7.4490705347e-06
7.4467175947e-06
7.4443646548e-06
7.4420117148e-06
7.4396587748e-06
7.4373058348e-06
7.4325999548e-06
7.4325999548e-06
7.4281555149e-06
7.4237110749e-06
7.4192666149e-06
7.4148221749e-06
7.410377735e-06
7.405933295e-06
7.401488835e-06
7.397044395e-06
7.3925999551e-06
7.3881555151e-06
7.3837110751e-06
7.3792666152e-06
7.3748221752e-06
7.3703777352e-06
7.3659332952e-06
7.3614888353e-06
7.3525999553e-06
7.3525999553e-06
7.3625999553e-06
7.3725999552e-06
7.3825999551e-06
7.3925999551e-06
7.402599955e-06
7.412599955e-06
7.4325999548e-06
7.4325999548e-06
7.4192666149e-06
7.405933295e-06
7.3925999551e-06
7.3792666152e-06
7.3659332952e-06
7.3525999553e-06
7.3392666154e-06
7.3259332955e-06
7.3125999556e-06
7.2992666156e-06
7.2859332957e-06
7.2725999558e-06
7.2592666159e-06
7.232599956e-06
7.232599956e-06
7.2253272361e-06
7.2180544961e-06
7.2107817762e-06
7.2035090562e-06
7.1962363163e-06
7.1889635963e-06
7.1816908564e-06
7.1744181364e-06
7.1671454164e-06
7.1525999565e-06
7.1525999565e-06
7.1525999565e-06
7.1525999565e-06
7.1525999565e-06
7.1525999565e-06
7.1525999565e-06
7.1525999565e-06
7.1525999565e-06
7.1525999565e-06
7.1525999565e-06
7.1525999565e-06
7.1525999565e-06
7.1525999565e-06
7.1575999565e-06
7.1625999565e-06
7.1675999564e-06
7.1725999564e-06
7.1775999564e-06
7.1825999563e-06
7.1925999563e-06
7.1925999563e-06
7.1725999564e-06
7.1525999565e-06
7.1325999567e-06
7.1125999568e-06
7.0925999569e-06
7.0525999571e-06
7.0525999571e-06
7.0303777373e-06
7.0081555174e-06
6.9859332975e-06
6.9637110777e-06
6.9414888378e-06
6.9192666179e-06
6.8970443981e-06
6.8525999584e-06
6.8525999584e-06
6.8459332984e-06
6.8392666184e-06
6.8325999585e-06
6.8259332985e-06
6.8192666186e-06
6.8125999586e-06
6.8059332986e-06
6.7925999587e-06
6.7925999587e-06
6.8068856786e-06
6.8211713785e-06
6.8354570985e-06
6.8497428184e-06
6.8640285383e-06
6.8783142382e-06
6.8925999581e-06
6.906885678e-06
6.9211713779e-06
6.9354570978e-06
6.9497428178e-06
6.9640285377e-06
6.9925999575e-06
6.9925999575e-06
6.9970443975e-06
7.0014888374e-06
7.0059332974e-06
7.0103777374e-06
7.0148221774e-06
7.0192666173e-06
7.0237110773e-06
7.0325999573e-06
7.0325999573e-06
7.0342666172e-06
7.0359332972e-06
7.0375999572e-06
7.0392666172e-06
7.0409332972e-06
7.0425999572e-06
7.0442666172e-06
7.0459332972e-06
7.0475999572e-06
7.0492666172e-06
7.0525999571e-06
7.0525999571e-06
7.0440285372e-06
7.0354570972e-06
7.0268856773e-06
7.0183142373e-06
7.0097428174e-06
6.9925999575e-06
6.9925999575e-06
7.0016908574e-06
7.0107817774e-06
7.0198726773e-06
7.0289635973e-06
7.0380544972e-06
7.0471454172e-06
7.0562363171e-06
7.0653272371e-06
7.074418137e-06
7.0925999569e-06
7.0925999569e-06
7.0992666169e-06
7.1059332968e-06
7.1125999568e-06
7.1192666167e-06
7.1325999567e-06
7.1325999567e-06
7.1492666166e-06
7.1659332964e-06
7.1825999563e-06
7.1992666162e-06
7.2159332961e-06
7.232599956e-06
7.2492666159e-06
7.2659332958e-06
7.2825999557e-06
7.2992666156e-06
7.3325999554e-06
7.3325999554e-06
7.3425999554e-06
7.3525999553e-06
7.3625999553e-06
7.3725999552e-06
7.3825999551e-06
7.3925999551e-06
7.402599955e-06
7.412599955e-06
7.4225999549e-06
7.4325999548e-06
7.4425999548e-06
7.4525999547e-06
7.4625999546e-06
7.4725999546e-06
7.4925999545e-06
7.4925999545e-06
7.5011713744e-06
7.5097428144e-06
7.5183142343e-06
7.5268856743e-06
7.5354570942e-06
7.5440285342e-06
7.5525999541e-06
7.561171374e-06
7.569742814e-06
7.5783142339e-06
7.5868856739e-06
7.5954570938e-06
7.6125999537e-06
7.6125999537e-06
7.6175999537e-06
7.6225999537e-06
7.6275999536e-06
7.6325999536e-06
7.6375999536e-06
7.6425999536e-06
7.6475999535e-06
7.6525999535e-06
7.6575999535e-06
7.6625999534e-06
7.6675999534e-06
7.6725999534e-06
7.6775999533e-06
7.6825999533e-06
7.6925999532e-06
7.6925999532e-06
7.7018307132e-06
7.7110614931e-06
7.7202922531e-06
7.729523033e-06
7.738753793e-06
7.7479845729e-06
7.7572153329e-06
7.7664461128e-06
7.7756768727e-06
7.7849076527e-06
7.7941384126e-06
7.8125999525e-06
7.8125999525e-06
7.8183142325e-06
7.8240285324e-06
7.8297428124e-06
7.8354570924e-06
7.8411713723e-06
7.8468856723e-06
7.8525999523e-06
7.8583142322e-06
7.8640285322e-06
7.8697428122e-06
7.8754570921e-06
7.8811713721e-06
7.892599952e-06
7.892599952e-06
7.896599952e-06
7.900599952e-06
7.904599952e-06
7.9125999519e-06
7.9125999519e-06
7.896236312e-06
7.8798726721e-06
7.8635090522e-06
7.8471454123e-06
7.8307817724e-06
7.8144181325e-06
7.7980544926e-06
7.7816908527e-06
7.7653272328e-06
7.732599953e-06
7.732599953e-06
7.7225999531e-06
7.7125999531e-06
7.7025999532e-06
7.6925999532e-06
7.6825999533e-06
7.6725999534e-06
7.6625999534e-06
7.6525999535e-06
7.6425999536e-06
7.6325999536e-06
7.6225999537e-06
7.6125999537e-06
7.5925999539e-06
7.5925999539e-06
7.5925999539e-06
7.5925999539e-06
7.5925999539e-06
7.5925999539e-06
7.5925999539e-06
7.5925999539e-06
7.5925999539e-06
7.5925999539e-06
7.5925999539e-06
7.5925999539e-06
7.5941384138e-06
7.5956768738e-06
7.5972153338e-06
7.5987537938e-06
7.6002922538e-06
7.6018307138e-06
7.6033691938e-06
7.6049076538e-06
7.6064461138e-06
7.6079845738e-06
7.6095230338e-06
7.6125999537e-06
7.6125999537e-06
7.5885999539e-06
7.564599954e-06
7.5405999542e-06
7.4925999545e-06
7.4925999545e-06
7.4525999547e-06
7.412599955e-06
7.3725999552e-06
7.3325999554e-06
7.2525999559e-06
7.2525999559e-06
7.2525999559e-06
7.2525999559e-06
7.2525999559e-06
7.2525999559e-06
7.2525999559e-06
7.2525999559e-06
7.2525999559e-06
7.2525999559e-06
7.2525999559e-06
7.2605999559e-06
7.2685999558e-06
7.2765999558e-06
7.2845999557e-06
7.2925999557e-06
7.3005999556e-06
7.3085999556e-06
7.3165999555e-06
7.3245999555e-06
7.3325999554e-06
7.3405999554e-06
7.3485999553e-06
7.3565999553e-06
7.3725999552e-06
7.3725999552e-06
7.405933295e-06
7.4725999546e-06
7.4725999546e-06
7.4907817745e-06
7.5089635944e-06
7.5271454143e-06
7.5453272341e-06
7.563509054e-06
7.5816908539e-06
7.5998726738e-06
7.6180544937e-06
7.6362363136e-06
7.6725999534e-06
7.6725999534e-06
7.6925999532e-06
7.7125999531e-06
7.732599953e-06
7.7525999529e-06
7.7725999528e-06
7.7925999526e-06
7.8325999524e-06
7.8325999524e-06
7.8459332923e-06
7.8592666122e-06
7.8725999522e-06
7.8859332921e-06
7.9125999519e-06
7.9125999519e-06
7.9175999519e-06
7.9225999519e-06
7.9275999518e-06
7.9325999518e-06
7.9375999518e-06
7.9425999517e-06
7.9525999517e-06
7.9525999517e-06
8.0225999512e-06
8.0925999508e-06
8.23259995e-06
8.23259995e-06
8.23093329e-06
8.22926661e-06
8.22759995e-06
8.22593329e-06
8.22426661e-06
8.22259995e-06
8.22093329e-06
8.21926661e-06
8.2175999501e-06
8.2159332901e-06
8.2125999501e-06
8.2125999501e-06
8.2112666101e-06
8.2099332901e-06
8.2085999501e-06
8.2072666101e-06
8.2059332901e-06
8.2045999501e-06
8.2032666101e-06
8.2019332902e-06
8.2005999502e-06
8.1992666102e-06
8.1979332902e-06
8.1965999502e-06
8.1952666102e-06
8.1925999502e-06
8.1925999502e-06
8.1854570903e-06
8.1783142303e-06
8.1711713703e-06
8.1640285304e-06
8.1568856704e-06
8.1497428105e-06
8.1425999505e-06
8.1354570906e-06
8.1283142306e-06
8.1211713706e-06
8.1140285307e-06
8.1068856707e-06
8.0925999508e-06
8.0925999508e-06
8.1005999508e-06
8.1085999507e-06
8.1165999507e-06
8.1245999506e-06
8.1325999506e-06
8.1405999505e-06
8.1485999505e-06
8.1565999504e-06
8.1725999503e-06
8.1725999503e-06
8.1679845704e-06
8.1633691904e-06
8.1587537904e-06
8.1541384104e-06
8.1495230305e-06
8.1449076505e-06
8.1402922505e-06
8.1356768706e-06
8.1310614906e-06
8.1264461106e-06
8.1218307106e-06
8.1125999507e-06
8.1125999507e-06
8.1025999508e-06
8.0925999508e-06
8.0825999509e-06
8.0725999509e-06
8.0525999511e-06
8.0525999511e-06
8.0383142311e-06
8.0240285312e-06
8.0097428113e-06
7.9954570914e-06
7.9811713715e-06
7.9525999517e-06
7.9525999517e-06
7.9325999518e-06
7.9125999519e-06
7.892599952e-06
7.8725999522e-06
7.8325999524e-06
7.8325999524e-06
7.8005999526e-06
7.7685999528e-06
7.736599953e-06
7.6725999534e-06
7.6725999534e-06
7.6750999534e-06
7.6775999533e-06
7.6800999533e-06
7.6825999533e-06
7.6850999533e-06
7.6875999533e-06
7.6925999532e-06
7.6925999532e-06
7.6925999532e-06
7.6925999532e-06
7.9725999515e-06
7.9725999515e-06
7.9723367915e-06
7.9720736315e-06
7.9718104716e-06
7.9715473116e-06
7.9712841716e-06
7.9710210116e-06
7.9707578516e-06
7.9704946916e-06
7.9702315316e-06
7.9699683716e-06
7.9697052116e-06
7.9694420516e-06
7.9691788916e-06
7.9689157316e-06
7.9686525916e-06
7.9683894316e-06
7.9681262716e-06
7.9678631116e-06
7.9675999516e-06
7.9673367916e-06
7.9670736316e-06
7.9668104716e-06
7.9665473116e-06
7.9662841716e-06
7.9660210116e-06
7.9657578516e-06
7.9654946916e-06
7.9652315316e-06
7.9649683716e-06
7.9647052116e-06
7.9644420516e-06
7.9641788916e-06
7.9639157316e-06
7.9636525916e-06
7.9633894316e-06
7.9631262716e-06
7.9628631116e-06
7.9625999516e-06
7.9623367916e-06
7.9620736316e-06
7.9618104716e-06
7.9615473116e-06
7.9612841716e-06
7.9610210116e-06
7.9607578516e-06
7.9604946916e-06
7.9602315316e-06
7.9599683716e-06
7.9597052116e-06
7.9594420516e-06
7.9591788916e-06
7.9589157316e-06
7.9586525916e-06
7.9583894316e-06
7.9581262716e-06
7.9578631116e-06
7.9575999516e-06
7.9573367916e-06
7.9570736316e-06
7.9568104716e-06
7.9565473116e-06
7.9562841716e-06
7.9560210116e-06
7.9557578516e-06
7.9554946917e-06
7.9552315317e-06
7.9549683717e-06
7.9547052117e-06
7.9544420517e-06
7.9541788917e-06
7.9539157317e-06
7.9536525917e-06
7.9533894317e-06
7.9531262717e-06
7.9528631117e-06
7.9525999517e-06
7.9523367917e-06
7.9520736317e-06
7.9518104717e-06
7.9515473117e-06
7.9512841717e-06
7.9510210117e-06
7.9507578517e-06
7.9504946917e-06
7.9502315317e-06
7.9499683717e-06
7.9497052117e-06
7.9494420517e-06
7.9491788917e-06
7.9489157317e-06
7.9486525917e-06
7.9483894317e-06
7.9481262717e-06
7.9478631117e-06
7.9475999517e-06
7.9473367917e-06
7.9470736317e-06
7.9468104717e-06
7.9465473117e-06
7.9462841717e-06
7.9460210117e-06
7.9457578517e-06
7.9454946917e-06
7.9452315317e-06
7.9449683717e-06
7.9447052117e-06
7.9444420517e-06
7.9441788917e-06
7.9439157317e-06
7.9436525917e-06
7.9433894317e-06
7.9431262717e-06
7.9428631117e-06
7.9425999517e-06
7.9423367917e-06
7.9420736317e-06
7.9418104717e-06
7.9415473117e-06
7.9412841717e-06
7.9410210117e-06
7.9407578517e-06
7.9404946917e-06
7.9402315317e-06
7.9399683717e-06
7.9397052117e-06
7.9394420517e-06
7.9391788917e-06
7.9389157318e-06
7.9386525918e-06
7.9383894318e-06
7.9381262718e-06
7.9378631118e-06
7.9375999518e-06
7.9373367918e-06
7.9370736318e-06
7.9368104718e-06
7.9365473118e-06
7.9362841718e-06
7.9360210118e-06
7.9357578518e-06
7.9354946918e-06
7.9352315318e-06
7.9349683718e-06
7.9347052118e-06
7.9344420518e-06
7.9341788918e-06
7.9339157318e-06
7.9336525918e-06
7.9333894318e-06
7.9331262718e-06
7.9328631118e-06
7.9325999518e-06
7.9323367918e-06
7.9320736318e-06
7.9318104718e-06
7.9315473118e-06
7.9312841718e-06
7.9310210118e-06
7.9307578518e-06
7.9304946918e-06
7.9302315318e-06
7.9299683718e-06
7.9297052118e-06
7.9294420518e-06
7.9291788918e-06
7.9289157318e-06
7.9286525918e-06
7.9283894318e-06
7.9281262718e-06
7.9278631118e-06
7.9275999518e-06
7.9273367918e-06
7.9270736318e-06
7.9268104718e-06
7.9265473118e-06
7.9262841718e-06
7.9260210118e-06
7.9257578518e-06
7.9254946918e-06
7.9252315318e-06
7.9249683718e-06
7.9247052118e-06
7.9244420518e-06
7.9241788918e-06
7.9239157318e-06
7.9236525918e-06
7.9233894318e-06
7.9231262718e-06
7.9228631118e-06
7.9225999519e-06
7.9223367919e-06
7.9220736319e-06
7.9218104719e-06
7.9215473119e-06
7.9212841719e-06
7.9210210119e-06
7.9207578519e-06
7.9204946919e-06
7.9202315319e-06
7.9199683719e-06
7.9197052119e-06
7.9194420519e-06
7.9191788919e-06
7.9189157319e-06
7.9186525919e-06
7.9183894319e-06
7.9181262719e-06
7.9178631119e-06
7.9175999519e-06
7.9173367919e-06
7.9170736319e-06
7.9168104719e-06
7.9165473119e-06
7.9162841719e-06
7.9160210119e-06
7.9157578519e-06
7.9154946919e-06
7.9152315319e-06
7.9149683719e-06
7.9147052119e-06
7.9144420519e-06
7.9141788919e-06
7.9139157319e-06
7.9136525919e-06
7.9133894319e-06
7.9131262719e-06
7.9125999519e-06
