7.7725999528e-06
7.7725999528e-06
7.7685999528e-06
7.7645999528e-06
7.7605999528e-06
7.7565999529e-06
7.7525999529e-06
7.7485999529e-06
7.7445999529e-06
7.740599953e-06
7.736599953e-06
7.732599953e-06
7.728599953e-06
7.7245999531e-06
7.7205999531e-06
7.7125999531e-06
7.7125999531e-06
7.7118592131e-06
7.7111184731e-06
7.7103777331e-06
7.7096369931e-06
7.7088962531e-06
7.7081555132e-06
7.7074147732e-06
7.7066740332e-06
7.7059332932e-06
7.7051925532e-06
7.7044518132e-06
7.7037110732e-06
7.7029703332e-06
7.7022295732e-06
7.7014888332e-06
7.7007480932e-06
7.7000073532e-06
7.6992666132e-06
7.6985258732e-06
7.6977851332e-06
7.6970443932e-06
7.6963036532e-06
7.6955629132e-06
7.6948221732e-06
7.6940814332e-06
7.6925999532e-06
7.6925999532e-06
7.6902470133e-06
7.6878940733e-06
7.6855411333e-06
7.6831881933e-06
7.6808352533e-06
7.6784823133e-06
7.6761293733e-06
7.6737764334e-06
7.6714234734e-06
7.6690705334e-06
7.6667175934e-06
7.6643646534e-06
7.6620117134e-06
7.6596587734e-06
7.6573058335e-06
7.6525999535e-06
7.6525999535e-06
7.6492666135e-06
7.6459332935e-06
7.6425999536e-06
7.6392666136e-06
7.6325999536e-06
7.6325999536e-06
7.6305999536e-06
7.6285999536e-06
7.6265999536e-06
7.6245999537e-06
7.6225999537e-06
7.6205999537e-06
7.6185999537e-06
7.6165999537e-06
7.6125999537e-06
7.6125999537e-06
7.6218307137e-06
7.6310614936e-06
7.6402922536e-06
7.6495230335e-06
7.6587537935e-06
7.6679845734e-06
7.6772153333e-06
7.6864461133e-06
7.6956768732e-06
7.7049076532e-06
7.7141384131e-06
7.7233691931e-06
7.732599953e-06
7.7418307129e-06
7.7510614929e-06
7.7602922528e-06
7.7695230328e-06
7.7787537927e-06
7.7879845727e-06
7.7972153326e-06
7.8064461126e-06
7.8156768725e-06
7.8249076524e-06
7.8341384124e-06
7.8525999523e-06
7.8525999523e-06
7.8633691922e-06
7.8741384121e-06
7.8849076521e-06
7.895676872e-06
7.9064461119e-06
7.9172153319e-06
7.9279845718e-06
7.9387537918e-06
7.9495230317e-06
7.9602922516e-06
7.9710614916e-06
7.9925999514e-06
7.9925999514e-06
7.9954570914e-06
7.9983142314e-06
8.0011713714e-06
8.0040285314e-06
8.0068856713e-06
8.0097428113e-06
8.0125999513e-06
8.0154570913e-06
8.0183142313e-06
8.0211713713e-06
8.0240285312e-06
8.0268856712e-06
8.0297428112e-06
8.0325999512e-06
8.0354570912e-06
8.0383142311e-06
8.0411713711e-06
8.0440285311e-06
8.0468856711e-06
8.0525999511e-06
8.0525999511e-06
8.0540285311e-06
8.055457091e-06
8.056885671e-06
8.058314231e-06
8.059742811e-06
8.061171371e-06
8.062599951e-06
8.064028531e-06
8.065457091e-06
8.066885671e-06
8.068314231e-06
8.069742811e-06
8.0725999509e-06
8.0725999509e-06
8.0725999509e-06
8.0725999509e-06
8.0725999509e-06
8.0725999509e-06
8.0725999509e-06
8.0725999509e-06
8.0725999509e-06
8.0725999509e-06
8.0725999509e-06
8.0725999509e-06
8.0804570909e-06
8.0883142308e-06
8.0961713708e-06
8.1040285307e-06
8.1118856707e-06
8.1197428107e-06
8.1275999506e-06
8.1354570906e-06
8.1433142305e-06
8.1511713705e-06
8.1590285304e-06
8.1668856704e-06
8.1747428103e-06
8.1825999503e-06
8.1904570902e-06
8.1983142302e-06
8.2061713701e-06
8.2140285301e-06
8.22188567e-06
8.22974281e-06
8.2375999499e-06
8.2454570899e-06
8.2533142298e-06
8.2611713698e-06
8.2690285297e-06
8.2768856697e-06
8.2925999496e-06
8.2925999496e-06
8.3033691895e-06
8.3141384095e-06
8.3249076494e-06
8.3356768693e-06
8.3464461093e-06
8.3572153292e-06
8.3679845691e-06
8.3787537891e-06
8.389523029e-06
8.4002922489e-06
8.4110614889e-06
8.4325999488e-06
8.4325999488e-06
8.4405999487e-06
8.4485999487e-06
8.4565999486e-06
8.4645999486e-06
8.4725999485e-06
8.4805999485e-06
8.4885999484e-06
8.4965999484e-06
8.5125999483e-06
8.5125999483e-06
8.5205999482e-06
8.5285999482e-06
8.5365999481e-06
8.5445999481e-06
8.552599948e-06
8.560599948e-06
8.5685999479e-06
8.5765999479e-06
8.5925999478e-06
8.5925999478e-06
8.5445999481e-06
8.4965999484e-06
8.4485999487e-06
8.3525999492e-06
8.3525999492e-06
8.3255999494e-06
8.2985999496e-06
8.2715999497e-06
8.2445999499e-06
8.2175999501e-06
8.1905999502e-06
8.1635999504e-06
8.1365999506e-06
8.1095999507e-06
8.0825999509e-06
8.055599951e-06
8.0285999512e-06
8.0015999514e-06
7.9745999515e-06
7.9475999517e-06
7.9205999519e-06
7.893599952e-06
7.8665999522e-06
7.8125999525e-06
7.8125999525e-06
7.7802922527e-06
7.7479845729e-06
7.7156768731e-06
7.6833691933e-06
7.6510614935e-06
7.6187537937e-06
7.5864461139e-06
7.5541384141e-06
7.5218307143e-06
7.4895230345e-06
7.4572153347e-06
7.3925999551e-06
7.3925999551e-06
7.3736525952e-06
7.3547052153e-06
7.3357578554e-06
7.3168104755e-06
7.2978631156e-06
7.2789157358e-06
7.2599683759e-06
7.241021016e-06
7.2220736361e-06
7.2031262762e-06
7.1841788963e-06
7.1652315365e-06
7.1462841766e-06
7.1273367967e-06
7.1083894368e-06
7.0894420569e-06
7.070494697e-06
7.0325999573e-06
7.0325999573e-06
7.0225999573e-06
7.0125999574e-06
7.0025999574e-06
6.9925999575e-06
6.9825999576e-06
6.9725999576e-06
6.9625999577e-06
6.9525999577e-06
6.9425999578e-06
6.9325999579e-06
6.912599958e-06
6.912599958e-06
6.909523038e-06
6.906446118e-06
6.903369198e-06
6.9002922581e-06
6.8972153381e-06
6.8941384181e-06
6.8910614981e-06
6.8879845781e-06
6.8849076582e-06
6.8818307182e-06
6.8787537982e-06
6.8725999582e-06
6.8725999582e-06
6.8765999582e-06
6.8805999582e-06
6.8845999582e-06
6.8885999581e-06
6.8925999581e-06
6.8965999581e-06
6.9005999581e-06
6.904599958e-06
6.908599958e-06
6.912599958e-06
6.916599958e-06
6.9205999579e-06
6.9245999579e-06
6.9325999579e-06
6.9325999579e-06
6.9397428178e-06
6.9468856778e-06
6.9540285377e-06
6.9611713777e-06
6.9683142377e-06
6.9754570976e-06
6.9825999576e-06
6.9897428175e-06
6.9968856775e-06
7.0040285374e-06
7.0111713774e-06
7.0183142373e-06
7.0325999573e-06
7.0325999573e-06
7.0425999572e-06
7.0525999571e-06
7.0625999571e-06
7.072599957e-06
7.082599957e-06
7.0925999569e-06
7.1025999568e-06
7.1125999568e-06
7.1225999567e-06
7.1325999567e-06
7.1425999566e-06
7.1525999565e-06
7.1725999564e-06
7.1725999564e-06
7.1803777364e-06
7.1881555163e-06
7.1959332963e-06
7.2037110762e-06
7.2114888362e-06
7.2192666161e-06
7.2270443961e-06
7.234822176e-06
7.242599956e-06
7.2503777359e-06
7.2581555159e-06
7.2659332958e-06
7.2737110758e-06
7.2814888357e-06
7.2892666157e-06
7.2970443957e-06
7.3125999556e-06
7.3125999556e-06
7.3160782155e-06
7.3195564755e-06
7.3230347355e-06
7.3265129955e-06
7.3299912555e-06
7.3334695154e-06
7.3369477754e-06
7.3404260354e-06
7.3439042954e-06
7.3473825553e-06
7.3508608153e-06
7.3543390953e-06
7.3578173553e-06
7.3612956153e-06
7.3647738752e-06
7.3682521352e-06
7.3717303952e-06
7.3752086552e-06
7.3786869152e-06
7.3821651751e-06
7.3856434351e-06
7.3925999551e-06
7.3925999551e-06
7.3947052151e-06
7.396810475e-06
7.398915735e-06
7.401021015e-06
7.403126275e-06
7.405231535e-06
7.407336795e-06
7.409442055e-06
7.411547315e-06
7.4136525949e-06
7.4157578549e-06
7.4178631149e-06
7.4199683749e-06
7.4220736349e-06
7.4241788949e-06
7.4262841749e-06
7.4283894349e-06
7.4325999548e-06
7.4325999548e-06
7.4298726748e-06
7.4271454149e-06
7.4244181349e-06
7.4216908549e-06
7.4189635949e-06
7.4162363149e-06
7.4135090549e-06
7.410781775e-06
7.408054495e-06
7.405327235e-06
7.402599955e-06
7.399872675e-06
7.397145415e-06
7.3944181351e-06
7.3916908551e-06
7.3889635951e-06
7.3862363151e-06
7.3835090551e-06
7.3807817751e-06
7.3780544952e-06
7.3725999552e-06
7.3725999552e-06
7.3711713752e-06
7.3697428152e-06
7.3683142352e-06
7.3668856752e-06
7.3654570952e-06
7.3640285352e-06
7.3625999553e-06
7.3611713753e-06
7.3597428153e-06
7.3583142353e-06
7.3568856753e-06
7.3554570953e-06
7.3525999553e-06
7.3525999553e-06
7.3478940753e-06
7.3431881954e-06
7.3384823154e-06
7.3337764354e-06
7.3290705355e-06
7.3243646555e-06
7.3196587755e-06
7.3149528955e-06
7.3102470156e-06
7.3055411356e-06
7.3008352556e-06
7.2961293757e-06
7.2914234757e-06
7.2867175957e-06
7.2820117157e-06
7.2725999558e-06
7.2725999558e-06
7.2631262759e-06
7.2536525959e-06
7.244178896e-06
7.234705216e-06
7.2252315361e-06
7.2157578561e-06
7.2062841762e-06
7.1968104763e-06
7.1873367963e-06
7.1778631164e-06
7.1683894364e-06
7.1589157365e-06
7.1494420565e-06
7.1399683766e-06
7.1304946967e-06
7.1210210167e-06
7.1115473168e-06
7.0925999569e-06
7.0925999569e-06
7.0916908569e-06
7.0907817769e-06
7.0898726769e-06
7.0889635969e-06
7.0880544969e-06
7.0871454169e-06
7.0862363169e-06
7.0853272369e-06
7.0844181369e-06
7.083509057e-06
7.082599957e-06
7.081690857e-06
7.080781777e-06
7.079872677e-06
7.078963597e-06
7.078054497e-06
7.077145417e-06
7.076236317e-06
7.075327237e-06
7.074418137e-06
7.072599957e-06
7.072599957e-06
7.072599957e-06
7.072599957e-06
7.072599957e-06
7.072599957e-06
7.072599957e-06
7.072599957e-06
7.072599957e-06
7.072599957e-06
7.072599957e-06
7.072599957e-06
7.072599957e-06
7.072599957e-06
7.072599957e-06
7.072599957e-06
7.072599957e-06
7.072599957e-06
7.072599957e-06
7.072599957e-06
7.072599957e-06
7.072599957e-06
7.072599957e-06
7.072599957e-06
7.072599957e-06
7.072599957e-06
7.072599957e-06
7.072599957e-06
7.072599957e-06
7.072599957e-06
7.072599957e-06
7.071061497e-06
7.069523037e-06
7.067984577e-06
7.0664461171e-06
7.0649076571e-06
7.0633691971e-06
7.0618307171e-06
7.0602922571e-06
7.0587537971e-06
7.0572153371e-06
7.0556768771e-06
7.0525999571e-06
7.0525999571e-06
7.0611713771e-06
7.069742817e-06
7.078314237e-06
7.0868856769e-06
7.0954570969e-06
7.1040285368e-06
7.1125999568e-06
7.1211713767e-06
7.1297428167e-06
7.1383142366e-06
7.1468856766e-06
7.1554570965e-06
7.1725999564e-06
7.1725999564e-06
7.2014888362e-06
7.2303777361e-06
7.2592666159e-06
7.2881555157e-06
7.3170443955e-06
7.3459332954e-06
7.3748221752e-06
7.4325999548e-06
7.4325999548e-06
7.4392666148e-06
7.4459332947e-06
7.4525999547e-06
7.4592666147e-06
7.4725999546e-06
7.1725999564e-06
7.1725999564e-06
7.1711446564e-06
7.1696893564e-06
7.1682340564e-06
7.1667787564e-06
7.1653234565e-06
7.1638681565e-06
7.1624128365e-06
7.1609575365e-06
7.1595022365e-06
7.1580469365e-06
7.1565916365e-06
7.1551363365e-06
7.1536810365e-06
7.1522257365e-06
7.1507704365e-06
7.1493151366e-06
7.1478598366e-06
7.1464045366e-06
7.1449492366e-06
7.1434939366e-06
7.1420386166e-06
7.1405833166e-06
7.1391280166e-06
7.1376727166e-06
7.1362174166e-06
7.1347621166e-06
7.1333068166e-06
7.1318515167e-06
7.1303962167e-06
7.1289409167e-06
7.1274856167e-06
7.1260303167e-06
7.1245750167e-06
7.1231197167e-06
7.1216643967e-06
7.1202090967e-06
7.1187537967e-06
7.1172984967e-06
7.1158431968e-06
7.1143878968e-06
7.1129325968e-06
7.1114772968e-06
7.1100219968e-06
7.1085666968e-06
7.1071113968e-06
7.1056560968e-06
7.1042007968e-06
7.1027454968e-06
7.1012901768e-06
7.0998348769e-06
7.0983795769e-06
7.0969242769e-06
7.0954689769e-06
7.0940136769e-06
7.0925583769e-06
7.0911030769e-06
7.0896477769e-06
7.0881924769e-06
7.0867371769e-06
7.0852818769e-06
7.0838265769e-06
7.082371257e-06
7.080915957e-06
7.079460657e-06
7.078005357e-06
7.076550057e-06
7.075094757e-06
7.073639457e-06
7.072184157e-06
7.070728857e-06
7.069273557e-06
7.067818257e-06
7.0663629571e-06
7.0649076571e-06
7.0634523571e-06
7.0619970371e-06
7.0605417371e-06
7.0590864371e-06
7.0576311371e-06
7.0561758371e-06
7.0547205371e-06
7.0532652371e-06
7.0518099371e-06
7.0503546372e-06
7.0488993372e-06
7.0474440372e-06
7.0459887372e-06
7.0445334372e-06
7.0430781372e-06
7.0416228172e-06
7.0401675172e-06
7.0387122172e-06
7.0372569172e-06
7.0358016172e-06
7.0343463172e-06
7.0328910173e-06
7.0314357173e-06
7.0299804173e-06
7.0285251173e-06
7.0270698173e-06
7.0256145173e-06
7.0241592173e-06
7.0227039173e-06
7.0212485973e-06
7.0197932973e-06
7.0183379973e-06
7.0168826974e-06
7.0154273974e-06
7.0139720974e-06
7.0125167974e-06
7.0110614974e-06
7.0096061974e-06
7.0081508974e-06
7.0066955974e-06
7.0052402974e-06
7.0037849974e-06
7.0023296774e-06
7.0008743775e-06
6.9994190775e-06
6.9979637775e-06
6.9965084775e-06
6.9950531775e-06
6.9935978775e-06
6.9921425775e-06
6.9906872775e-06
6.9892319775e-06
6.9877766775e-06
6.9863213775e-06
6.9848660775e-06
6.9834107776e-06
6.9819554576e-06
6.9805001576e-06
6.9790448576e-06
6.9775895576e-06
6.9761342576e-06
6.9746789576e-06
6.9732236576e-06
6.9717683576e-06
6.9703130576e-06
6.9688577576e-06
6.9674024577e-06
6.9659471577e-06
6.9644918577e-06
6.9630365577e-06
6.9615812377e-06
6.9601259377e-06
6.9586706377e-06
6.9572153377e-06
6.9557600377e-06
6.9543047377e-06
6.9528494377e-06
6.9513941378e-06
6.9499388378e-06
6.9484835378e-06
6.9470282378e-06
6.9455729378e-06
6.9441176378e-06
6.9426623378e-06
6.9412070178e-06
6.9397517178e-06
6.9382964178e-06
6.9368411178e-06
6.9353858179e-06
6.9339305179e-06
6.9324752179e-06
6.9310199179e-06
6.9295646179e-06
6.9281093179e-06
6.9266540179e-06
6.9251987179e-06
6.9237434179e-06
6.9222880979e-06
6.9208327979e-06
6.9193774979e-06
6.917922198e-06
6.916466898e-06
6.915011598e-06
6.913556298e-06
6.912100998e-06
6.910645698e-06
6.909190398e-06
6.907735098e-06
6.906279798e-06
6.904824498e-06
6.903369198e-06
6.9019138781e-06
6.9004585781e-06
6.8990032781e-06
6.8975479781e-06
6.8960926781e-06
6.8946373781e-06
6.8931820781e-06
6.8917267781e-06
6.8902714781e-06
6.8888161781e-06
6.8873608781e-06
6.8859055782e-06
6.8844502782e-06
6.8829949782e-06
6.8815396582e-06
6.8800843582e-06
6.8786290582e-06
6.8771737582e-06
6.8757184582e-06
6.8742631582e-06
6.8728078582e-06
6.8713525582e-06
6.8698972582e-06
6.8684419583e-06
6.8669866583e-06
6.8655313583e-06
6.8640760583e-06
6.8626207583e-06
6.8611654383e-06
6.8597101383e-06
6.8582548383e-06
6.8567995383e-06
6.8553442383e-06
6.8538889383e-06
6.8524336384e-06
6.8509783384e-06
6.8495230384e-06
6.8480677384e-06
6.8466124384e-06
6.8451571384e-06
6.8437018384e-06
6.8422465184e-06
6.8407912184e-06
6.8393359184e-06
6.8378806184e-06
6.8364253185e-06
6.8349700185e-06
6.8335147185e-06
6.8320594185e-06
6.8306041185e-06
6.8291488185e-06
6.8276935185e-06
6.8262382185e-06
6.8247829185e-06
6.8233276185e-06
6.8218722985e-06
6.8204169985e-06
6.8189616986e-06
6.8175063986e-06
6.8160510986e-06
6.8145957986e-06
6.8131404986e-06
6.8116851986e-06
6.8102298986e-06
6.8087745986e-06
6.8073192986e-06
6.8058639986e-06
6.8044086986e-06
6.8029533987e-06
6.8014980787e-06
6.8000427787e-06
6.7985874787e-06
6.7971321787e-06
6.7956768787e-06
6.7942215787e-06
6.7927662787e-06
6.7913109787e-06
6.7898556787e-06
6.7884003787e-06
6.7869450788e-06
6.7854897788e-06
6.7840344788e-06
6.7825791588e-06
6.7811238588e-06
6.7796685588e-06
6.7782132588e-06
6.7767579588e-06
6.7753026588e-06
6.7738473588e-06
6.7723920588e-06
6.7709367588e-06
6.7694814589e-06
6.7680261589e-06
6.7665708589e-06
6.7651155589e-06
6.7636602589e-06
6.7622049389e-06
6.7607496389e-06
6.7592943389e-06
6.7578390389e-06
6.7563837389e-06
6.7549284389e-06
6.753473139e-06
6.752017839e-06
6.750562539e-06
6.749107239e-06
6.747651939e-06
6.746196639e-06
6.744741339e-06
6.743286039e-06
6.741830719e-06
6.740375419e-06
6.738920119e-06
6.7374648191e-06
6.7360095191e-06
6.7345542191e-06
6.7330989191e-06
6.7316436191e-06
6.7301883191e-06
6.7287330191e-06
6.7272777191e-06
6.7258224191e-06
6.7243671191e-06
6.7229118191e-06
6.7214564992e-06
6.7200011992e-06
6.7185458992e-06
6.7170905992e-06
6.7156352992e-06
6.7141799992e-06
6.7127246992e-06
6.7112693992e-06
6.7098140992e-06
6.7083587992e-06
6.7069034992e-06
6.7054481992e-06
6.7039928993e-06
6.7025375793e-06
6.7010822793e-06
6.6996269793e-06
6.6981716793e-06
6.6967163793e-06
6.6952610793e-06
6.6938057793e-06
6.6923504793e-06
6.6908951793e-06
6.6894398793e-06
6.6879845794e-06
6.6865292794e-06
6.6850739794e-06
6.6836186794e-06
6.6821633594e-06
6.6807080594e-06
6.6792527594e-06
6.6777974594e-06
6.6763421594e-06
6.6748868594e-06
6.6734315594e-06
6.6719762595e-06
6.6705209595e-06
6.6690656595e-06
6.6676103595e-06
6.6661550595e-06
6.6646997595e-06
6.6632444595e-06
6.6617891395e-06
6.6603338395e-06
6.6588785395e-06
6.6574232395e-06
6.6559679395e-06
6.6545126396e-06
6.6530573396e-06
6.6516020396e-06
6.6501467396e-06
6.6486914396e-06
6.6472361396e-06
6.6457808396e-06
6.6443255396e-06
6.6428702396e-06
6.6414149196e-06
6.6399596196e-06
6.6385043197e-06
6.6370490197e-06
6.6355937197e-06
6.6341384197e-06
6.6326831197e-06
6.6312278197e-06
6.6297725197e-06
6.6283172197e-06
6.6268619197e-06
6.6254066197e-06
6.6239513197e-06
6.6224959998e-06
6.6210406998e-06
6.6195853998e-06
6.6181300998e-06
6.6166747998e-06
6.6152194998e-06
6.6137641998e-06
6.6123088998e-06
6.6108535998e-06
6.6093982998e-06
6.6079429998e-06
6.6064876998e-06
6.6050323999e-06
6.6035770999e-06
6.6021217799e-06
6.6006664799e-06
6.5992111799e-06
6.5977558799e-06
6.5963005799e-06
6.5948452799e-06
6.5933899799e-06
6.5919346799e-06
6.5904793799e-06
6.58902408e-06
6.58756878e-06
6.58611348e-06
6.58465818e-06
6.58320288e-06
6.58174756e-06
6.58029226e-06
6.57883696e-06
6.57738166e-06
6.57592636e-06
6.57447106e-06
6.5730157601e-06
6.5715604601e-06
6.5701051601e-06
6.5686498601e-06
6.5671945601e-06
6.5657392601e-06
6.5642839601e-06
6.5628286601e-06
6.5613733401e-06
6.5599180401e-06
6.5584627401e-06
6.5570074401e-06
6.5555521402e-06
6.5540968402e-06
6.5526415402e-06
6.5511862402e-06
6.5497309402e-06
6.5482756402e-06
6.5468203402e-06
6.5453650402e-06
6.5439097402e-06
6.5424544202e-06
6.5409991202e-06
6.5395438203e-06
6.5380885203e-06
6.5366332203e-06
6.5351779203e-06
6.5337226203e-06
6.5322673203e-06
6.5308120203e-06
6.5293567203e-06
6.5279014203e-06
6.5264461203e-06
6.5249908203e-06
6.5235355204e-06
6.5220802004e-06
6.5206249004e-06
6.5191696004e-06
6.5177143004e-06
6.5162590004e-06
6.5148037004e-06
6.5133484004e-06
6.5118931004e-06
6.5104378004e-06
6.5089825004e-06
6.5075272005e-06
6.5060719005e-06
6.5046166005e-06
6.5031613005e-06
6.5017059805e-06
6.5002506805e-06
6.4987953805e-06
6.4973400805e-06
6.4958847805e-06
6.4944294805e-06
6.4929741805e-06
6.4915188805e-06
6.4900635806e-06
6.4886082806e-06
6.4871529806e-06
6.4856976806e-06
6.4842423806e-06
6.4827870806e-06
6.4813317606e-06
6.4798764606e-06
6.4784211606e-06
6.4769658606e-06
6.4755105606e-06
6.4725999607e-06
6.752599959e-06
6.752599959e-06
6.752599959e-06
6.752599959e-06
6.752599959e-06
6.752599959e-06
6.752599959e-06
6.752599959e-06
6.752599959e-06
6.752599959e-06
6.752599959e-06
6.752599959e-06
6.752599959e-06
6.752599959e-06
6.752599959e-06
6.752599959e-06
6.752599959e-06
6.752599959e-06
6.739872679e-06
6.7271454191e-06
6.7144181392e-06
6.7016908593e-06
6.6889635993e-06
6.6762363194e-06
6.6635090595e-06
6.6507817796e-06
6.6380544997e-06
6.6125999598e-06
6.6125999598e-06
6.5992666199e-06
6.5859333e-06
6.5725999601e-06
6.5592666201e-06
6.5459333002e-06
6.5325999603e-06
6.5192666204e-06
6.5059333005e-06
6.4925999605e-06
6.4792666206e-06
6.4525999608e-06
6.4525999608e-06
6.4413499609e-06
6.4300999609e-06
6.418849961e-06
6.4075999611e-06
6.3963499611e-06
6.3850999612e-06
6.3738499613e-06
6.3625999613e-06
6.3513499614e-06
6.3400999615e-06
6.3288499615e-06
6.3175999616e-06
6.3063499617e-06
6.2950999617e-06
6.2725999619e-06
6.2725999619e-06
6.2692666219e-06
6.2659333019e-06
6.2625999619e-06
6.259266622e-06
6.255933302e-06
6.252599962e-06
6.249266622e-06
6.245933302e-06
6.2425999621e-06
6.2392666221e-06
6.2325999621e-06
6.2325999621e-06
6.2325999621e-06
6.2325999621e-06
6.2325999621e-06
6.2325999621e-06
6.2325999621e-06
6.2325999621e-06
6.2325999621e-06
6.2685999619e-06
6.3045999617e-06
6.3405999615e-06
6.412599961e-06
6.412599961e-06
6.4445999608e-06
6.4765999606e-06
6.5085999604e-06
6.5725999601e-06
6.5725999601e-06
6.5759333e-06
6.57926662e-06
6.58259996e-06
6.5859333e-06
6.5925999599e-06
6.5925999599e-06
6.5692666201e-06
6.5459333002e-06
6.5225999604e-06
6.4992666205e-06
6.4525999608e-06
6.4525999608e-06
6.2725999619e-06
6.2725999619e-06
6.1825999624e-06
6.092599963e-06
5.9125999641e-06
5.9125999641e-06
5.8998726841e-06
5.8871454242e-06
5.8744181443e-06
5.8616908644e-06
5.8489636045e-06
5.8362363245e-06
5.8235090646e-06
5.8107817847e-06
5.7980545048e-06
5.7853272448e-06
5.7725999649e-06
5.759872685e-06
5.7471454251e-06
5.7344181451e-06
5.7216908652e-06
5.7089636053e-06
5.6962363254e-06
5.6835090655e-06
5.6707817855e-06
5.6580545056e-06
5.6325999658e-06
5.6325999658e-06
5.6141384259e-06
5.595676886e-06
5.5772153461e-06
5.5587538062e-06
5.5402922663e-06
5.5218307264e-06
5.5033692066e-06
5.4849076667e-06
5.4664461268e-06
5.4479845869e-06
5.429523047e-06
5.3925999672e-06
5.3925999672e-06
5.3885999673e-06
5.3845999673e-06
5.3805999673e-06
5.3765999673e-06
5.3725999673e-06
5.3685999674e-06
5.3645999674e-06
5.3605999674e-06
5.3565999674e-06
5.3525999675e-06
5.3485999675e-06
5.3445999675e-06
5.3405999675e-06
5.3365999676e-06
5.3325999676e-06
5.3285999676e-06
5.3245999676e-06
5.3205999677e-06
5.3125999677e-06
5.3125999677e-06
5.3125999677e-06
5.3125999677e-06
5.3125999677e-06
5.3125999677e-06
5.3125999677e-06
5.3125999677e-06
5.3125999677e-06
5.3125999677e-06
5.3125999677e-06
5.3125999677e-06
5.3125999677e-06
5.3125999677e-06
5.3072666277e-06
5.3019333078e-06
5.2965999678e-06
5.2912666278e-06
5.2859333079e-06
5.2805999679e-06
5.2752666279e-06
5.269933308e-06
5.264599968e-06
5.259266628e-06
5.2539333081e-06
5.2485999681e-06
5.2432666281e-06
5.2325999682e-06
5.2325999682e-06
5.2125999683e-06
5.1925999684e-06
5.1725999686e-06
5.1325999688e-06
5.1325999688e-06
5.1378631288e-06
5.1431262887e-06
5.1483894487e-06
5.1536526087e-06
5.1589157486e-06
5.1641789086e-06
5.1694420686e-06
5.1747052286e-06
5.1799683885e-06
5.1852315485e-06
5.1904947085e-06
5.1957578684e-06
5.2010210284e-06
5.2062841884e-06
5.2115473283e-06
5.2168104883e-06
5.2220736483e-06
5.2325999682e-06
5.2325999682e-06
5.2392666282e-06
5.2459333081e-06
5.2525999681e-06
5.259266628e-06
5.265933308e-06
5.272599968e-06
5.2792666279e-06
5.2859333079e-06
5.2925999678e-06
5.2992666278e-06
5.3059333078e-06
5.3125999677e-06
5.3192666277e-06
5.3259333076e-06
5.3325999676e-06
5.3392666276e-06
5.3459333075e-06
5.3525999675e-06
5.3592666274e-06
5.3659333074e-06
5.3725999673e-06
5.3792666273e-06
5.3925999672e-06
5.3925999672e-06
5.3983142472e-06
5.4040285472e-06
5.4097428271e-06
5.4154571071e-06
5.4211713871e-06
5.426885687e-06
5.432599967e-06
5.4383142469e-06
5.4440285469e-06
5.4497428269e-06
5.4554571068e-06
5.4611713868e-06
5.4668856868e-06
5.4725999667e-06
5.4783142467e-06
5.4840285467e-06
5.4897428266e-06
5.4954571066e-06
5.5011713866e-06
5.5125999665e-06
5.5125999665e-06
5.5175999665e-06
5.5225999664e-06
5.5275999664e-06
5.5325999664e-06
5.5375999663e-06
5.5425999663e-06
5.5475999663e-06
5.5525999663e-06
5.5575999662e-06
5.5625999662e-06
5.5675999662e-06
5.5725999661e-06
5.5775999661e-06
5.5825999661e-06
5.587599966e-06
5.592599966e-06
5.597599966e-06
5.602599966e-06
5.6125999659e-06
5.6125999659e-06
5.6181555259e-06
5.6237110858e-06
5.6292666258e-06
5.6348221858e-06
5.6403777457e-06
5.6459333057e-06
5.6514888457e-06
5.6570444056e-06
5.6625999656e-06
5.6681555256e-06
5.6737110855e-06
5.6792666255e-06
5.6848221855e-06
5.6903777454e-06
5.6959333054e-06
5.7014888453e-06
5.7125999653e-06
5.7125999653e-06
5.7152666253e-06
5.7179333052e-06
5.7205999652e-06
5.7232666252e-06
5.7259333052e-06
5.7285999652e-06
5.7312666252e-06
5.7339333052e-06
5.7365999651e-06
5.7392666251e-06
5.7419333051e-06
5.7445999651e-06
5.7472666251e-06
5.752599965e-06
5.752599965e-06
5.756599965e-06
5.760599965e-06
5.764599965e-06
5.7725999649e-06
5.7725999649e-06
5.7975999648e-06
5.8225999646e-06
5.8475999645e-06
5.8725999643e-06
5.8975999642e-06
5.922599964e-06
5.9475999639e-06
5.9725999637e-06
5.9975999635e-06
6.0225999634e-06
6.0725999631e-06
6.2725999619e-06
6.2725999619e-06
6.2925999618e-06
6.3125999616e-06
6.3325999615e-06
6.3525999614e-06
6.3725999613e-06
6.3925999611e-06
6.412599961e-06
6.4325999609e-06
6.4525999608e-06
6.4925999605e-06
6.4925999605e-06
6.4945999605e-06
6.4965999605e-06
6.4985999605e-06
6.5005999605e-06
6.5025999605e-06
6.5045999605e-06
6.5065999605e-06
6.5085999604e-06
6.5125999604e-06
6.5125999604e-06
6.5220736404e-06
6.5315473203e-06
6.5410210202e-06
6.5504947002e-06
6.5599683801e-06
6.5694420601e-06
6.57891574e-06
6.58838944e-06
6.5978631199e-06
6.6073367998e-06
6.6168104798e-06
6.6262841797e-06
6.6357578597e-06
6.6452315396e-06
6.6547052196e-06
6.6641788995e-06
6.6736525994e-06
6.6925999593e-06
6.6925999593e-06
6.7295230391e-06
6.7664461189e-06
6.8033691987e-06
6.8402922584e-06
6.8772153382e-06
6.914138418e-06
6.9510614978e-06
6.9879845775e-06
7.0249076573e-06
7.0618307171e-06
7.0987537969e-06
7.1725999564e-06
7.1725999564e-06
7.2054570962e-06
7.238314236e-06
7.2711713758e-06
7.3040285356e-06
7.3368856754e-06
7.3697428152e-06
7.402599955e-06
7.4354570948e-06
7.4683142346e-06
7.5011713744e-06
7.5340285342e-06
7.566885674e-06
7.6325999536e-06
7.6325999536e-06
7.6711713734e-06
7.7097428131e-06
7.7483142329e-06
7.7868856727e-06
7.8254570924e-06
7.8640285322e-06
7.902599952e-06
7.9411713717e-06
7.9797428115e-06
8.0183142313e-06
8.056885671e-06
8.0954570908e-06
8.1725999503e-06
8.1725999503e-06
8.1871454102e-06
8.2016908502e-06
8.2162363101e-06
8.23078177e-06
8.2453272299e-06
8.2598726698e-06
8.2744181297e-06
8.2889635896e-06
8.3035090495e-06
8.3180544894e-06
8.3325999494e-06
8.3471454093e-06
8.3616908492e-06
8.3762363091e-06
8.390781769e-06
8.4053272289e-06
8.4198726688e-06
8.4344181287e-06
8.4489635887e-06
8.4635090486e-06
8.4925999484e-06
8.4925999484e-06
8.5043646483e-06
8.5161293682e-06
8.5278940682e-06
8.5396587681e-06
8.551423468e-06
8.563188188e-06
8.5749528879e-06
8.5867175878e-06
8.5984823077e-06
8.6102470077e-06
8.6220117076e-06
8.6337764275e-06
8.6455411275e-06
8.6573058274e-06
8.6690705273e-06
8.6925999472e-06
8.6925999472e-06
8.7017666071e-06
8.7109332871e-06
8.720099947e-06
8.7292666069e-06
8.7384332869e-06
8.7475999468e-06
8.7567666068e-06
8.7659332867e-06
8.7750999467e-06
8.7842666066e-06
8.7934332866e-06
8.8025999465e-06
8.8117666064e-06
8.8209332864e-06
8.8300999463e-06
8.8392666063e-06
8.8484332862e-06
8.8575999462e-06
8.8667666061e-06
8.8759332861e-06
8.885099946e-06
8.8942666059e-06
8.9125999458e-06
8.9125999458e-06
8.9141384058e-06
8.9156768658e-06
8.9172153258e-06
8.9187537858e-06
8.9202922458e-06
8.9218307058e-06
8.9233691858e-06
8.9249076458e-06
8.9264461057e-06
8.9279845657e-06
8.9295230257e-06
8.9325999457e-06
8.9325999457e-06
8.9187537858e-06
8.9049076459e-06
8.891061486e-06
8.877215326e-06
8.8633691861e-06
8.8495230262e-06
8.8356768663e-06
8.8218307064e-06
8.8079845665e-06
8.7941384066e-06
8.7802922466e-06
8.7525999468e-06
8.7525999468e-06
8.7525999468e-06
8.7525999468e-06
8.7525999468e-06
8.7635999467e-06
8.7745999467e-06
8.7855999466e-06
8.7965999465e-06
8.8075999465e-06
8.8185999464e-06
8.8295999463e-06
8.8405999463e-06
8.8515999462e-06
8.8625999461e-06
8.8735999461e-06
8.884599946e-06
8.8955999459e-06
8.9065999459e-06
8.9175999458e-06
8.9285999457e-06
8.9395999457e-06
8.9505999456e-06
8.9725999455e-06
8.9725999455e-06
8.9871454054e-06
9.0016908453e-06
9.0162363052e-06
9.0307817651e-06
9.045327225e-06
9.0598726649e-06
9.0744181249e-06
9.0889635848e-06
9.1035090447e-06
9.1325999445e-06
8.8125999464e-06
8.8125999464e-06
8.8147238464e-06
8.8168477264e-06
8.8189716264e-06
8.8210955264e-06
8.8232194064e-06
8.8253433064e-06
8.8274672064e-06
8.8295911063e-06
8.8317149863e-06
8.8338388863e-06
8.8359627863e-06
8.8380866663e-06
8.8402105663e-06
8.8423344663e-06
8.8444583462e-06
8.8465822462e-06
8.8487061462e-06
8.8508300262e-06
8.8529539262e-06
8.8550778262e-06
8.8572017062e-06
8.8593256062e-06
8.8614495061e-06
8.8635734061e-06
8.8656972861e-06
8.8678211861e-06
8.8699450861e-06
8.8720689661e-06
8.8741928661e-06
8.8763167661e-06
8.878440646e-06
8.880564546e-06
8.882688446e-06
8.884812326e-06
8.886936226e-06
8.889060126e-06
8.891184026e-06
8.893307906e-06
8.8954318059e-06
8.8975557059e-06
8.8996795859e-06
8.9018034859e-06
8.9039273859e-06
8.9060512659e-06
8.9081751659e-06
8.9102990658e-06
8.9124229458e-06
8.9145468458e-06
8.9166707458e-06
8.9187946458e-06
8.9209185258e-06
8.9230424258e-06
8.9251663258e-06
8.9272902057e-06
8.9294141057e-06
8.9315380057e-06
8.9336618857e-06
8.9357857857e-06
8.9379096857e-06
8.9400335657e-06
8.9421574657e-06
8.9442813656e-06
8.9464052456e-06
8.9485291456e-06
8.9506530456e-06
8.9527769456e-06
8.9549008256e-06
8.9570247256e-06
8.9591486256e-06
8.9612725055e-06
8.9633964055e-06
8.9655203055e-06
8.9676441855e-06
8.9697680855e-06
8.9718919855e-06
8.9740158655e-06
8.9761397654e-06
8.9782636654e-06
8.9803875654e-06
8.9825114454e-06
8.9846353454e-06
8.9867592454e-06
8.9888831254e-06
8.9910070254e-06
8.9931309253e-06
8.9952548053e-06
8.9973787053e-06
8.9995026053e-06
9.0016264853e-06
9.0037503853e-06
9.0058742853e-06
9.0079981853e-06
9.0101220652e-06
9.0122459652e-06
9.0143698652e-06
9.0164937452e-06
9.0186176452e-06
9.0207415452e-06
9.0228654252e-06
9.0249893252e-06
9.0271132251e-06
9.0292371051e-06
9.0313610051e-06
9.0334849051e-06
9.0356087851e-06
9.0377326851e-06
9.0398565851e-06
9.041980485e-06
9.044104365e-06
9.046228265e-06
9.048352165e-06
9.050476045e-06
9.052599945e-06
9.054723845e-06
9.056847725e-06
9.0589716249e-06
9.0610955249e-06
9.0632194049e-06
9.0653433049e-06
9.0674672049e-06
9.0695911049e-06
9.0717149849e-06
9.0738388849e-06
9.0759627848e-06
9.0780866648e-06
9.0802105648e-06
9.0823344648e-06
9.0844583448e-06
9.0865822448e-06
9.0887061448e-06
9.0908300248e-06
9.0929539247e-06
9.0950778247e-06
9.0972017047e-06
9.0993256047e-06
9.1014495047e-06
9.1035734047e-06
9.1056972847e-06
9.1078211846e-06
9.1099450846e-06
9.1120689646e-06
9.1141928646e-06
9.1163167646e-06
9.1184406446e-06
9.1205645446e-06
9.1226884446e-06
9.1248123245e-06
9.1269362245e-06
9.1290601245e-06
9.1311840245e-06
9.1333079045e-06
9.1354318045e-06
9.1375557045e-06
9.1396795845e-06
9.1418034844e-06
9.1439273844e-06
9.1460512644e-06
9.1481751644e-06
9.1502990644e-06
9.1524229444e-06
9.1545468444e-06
9.1566707444e-06
9.1587946443e-06
9.1609185243e-06
9.1630424243e-06
9.1651663243e-06
9.1672902043e-06
9.1694141043e-06
9.1715380043e-06
9.1736618842e-06
9.1757857842e-06
9.1779096842e-06
9.1800335642e-06
9.1821574642e-06
9.1842813642e-06
9.1864052442e-06
9.1885291442e-06
9.1906530441e-06
9.1927769441e-06
9.1949008241e-06
9.1970247241e-06
9.1991486241e-06
9.2012725041e-06
9.2033964041e-06
9.2055203041e-06
9.207644184e-06
9.209768084e-06
9.211891984e-06
9.214015864e-06
9.216139764e-06
9.218263664e-06
9.220387564e-06
9.222511444e-06
9.2246353439e-06
9.2267592439e-06
9.2288831239e-06
9.2310070239e-06
9.2331309239e-06
9.2352548039e-06
9.2373787039e-06
9.2395026038e-06
9.2416264838e-06
9.2437503838e-06
9.2458742838e-06
9.2479981838e-06
9.2501220638e-06
9.2522459638e-06
9.2543698638e-06
9.2564937437e-06
9.2586176437e-06
9.2607415437e-06
9.2628654237e-06
9.2649893237e-06
9.2671132237e-06
9.2692371037e-06
9.2713610037e-06
9.2734849036e-06
9.2756087836e-06
9.2777326836e-06
9.2798565836e-06
9.2819804836e-06
9.2841043636e-06
9.2862282636e-06
9.2883521636e-06
9.2904760435e-06
9.2925999435e-06
9.2947238435e-06
9.2968477235e-06
9.2989716235e-06
9.3010955235e-06
9.3032194035e-06
9.3053433034e-06
9.3074672034e-06
9.3095911034e-06
9.3117149834e-06
9.3138388834e-06
9.3159627834e-06
9.3180866634e-06
9.3202105634e-06
9.3223344633e-06
9.3244583433e-06
9.3265822433e-06
9.3287061433e-06
9.3308300233e-06
9.3329539233e-06
9.3350778233e-06
9.3372017033e-06
9.3393256032e-06
9.3414495032e-06
9.3435734032e-06
9.3456972832e-06
9.3478211832e-06
9.3499450832e-06
9.3520689632e-06
9.3541928632e-06
9.3563167631e-06
9.3584406431e-06
9.3605645431e-06
9.3626884431e-06
9.3648123231e-06
9.3669362231e-06
9.3690601231e-06
9.371184023e-06
9.373307903e-06
9.375431803e-06
9.377555703e-06
9.379679583e-06
9.381803483e-06
9.383927383e-06
9.386051263e-06
9.3881751629e-06
9.3902990629e-06
9.3924229429e-06
9.3945468429e-06
9.3966707429e-06
9.3987946429e-06
9.4009185229e-06
9.4030424229e-06
9.4051663228e-06
9.4072902028e-06
9.4094141028e-06
9.4115380028e-06
9.4136618828e-06
9.4157857828e-06
9.4179096828e-06
9.4200335628e-06
9.4221574627e-06
9.4242813627e-06
9.4264052427e-06
9.4285291427e-06
9.4306530427e-06
9.4327769427e-06
9.4349008227e-06
9.4370247226e-06
9.4391486226e-06
9.4412725026e-06
9.4433964026e-06
9.4455203026e-06
9.4476441826e-06
9.4497680826e-06
9.4518919826e-06
9.4540158625e-06
9.4561397625e-06
9.4582636625e-06
9.4603875625e-06
9.4625114425e-06
9.4646353425e-06
9.4667592425e-06
9.4688831225e-06
9.4710070224e-06
9.4731309224e-06
9.4752548024e-06
9.4773787024e-06
9.4795026024e-06
9.4816264824e-06
9.4837503824e-06
9.4858742823e-06
9.4879981823e-06
9.4901220623e-06
9.4922459623e-06
9.4943698623e-06
9.4964937423e-06
9.4986176423e-06
9.5007415423e-06
9.5028654222e-06
9.5049893222e-06
9.5071132222e-06
9.5092371022e-06
9.5113610022e-06
9.5134849022e-06
9.5156087822e-06
9.5177326822e-06
9.5198565821e-06
9.5219804821e-06
9.5241043621e-06
9.5262282621e-06
9.5283521621e-06
9.5304760421e-06
9.5325999421e-06
9.5347238421e-06
9.536847722e-06
9.538971622e-06
9.541095522e-06
9.543219402e-06
9.545343302e-06
9.547467202e-06
9.549591102e-06
9.5517149819e-06
9.5538388819e-06
9.5559627819e-06
9.5580866619e-06
9.5602105619e-06
9.5623344619e-06
9.5644583419e-06
9.5665822419e-06
9.5687061418e-06
9.5708300218e-06
9.5729539218e-06
9.5750778218e-06
9.5772017018e-06
9.5793256018e-06
9.5814495018e-06
9.5835734018e-06
9.5856972817e-06
9.5878211817e-06
9.5899450817e-06
9.5920689617e-06
9.5941928617e-06
9.5963167617e-06
9.5984406417e-06
9.6005645417e-06
9.6026884416e-06
9.6048123216e-06
9.6069362216e-06
9.6090601216e-06
9.6111840216e-06
9.6133079016e-06
9.6154318016e-06
9.6175557015e-06
9.6196795815e-06
9.6218034815e-06
9.6239273815e-06
9.6260512615e-06
9.6281751615e-06
9.6302990615e-06
9.6324229415e-06
9.6345468414e-06
9.6366707414e-06
9.6387946414e-06
9.6409185214e-06
9.6430424214e-06
9.6451663214e-06
9.6472902014e-06
9.6494141014e-06
9.6515380013e-06
9.6536618813e-06
9.6557857813e-06
9.6579096813e-06
9.6600335613e-06
9.6621574613e-06
9.6642813613e-06
9.6664052413e-06
9.6685291412e-06
9.6706530412e-06
9.6727769412e-06
9.6749008212e-06
9.6770247212e-06
9.6791486212e-06
9.6812725012e-06
9.6833964011e-06
9.6855203011e-06
9.6876441811e-06
9.6897680811e-06
9.6918919811e-06
9.6940158611e-06
9.6961397611e-06
9.6982636611e-06
9.700387561e-06
9.702511441e-06
9.704635341e-06
9.706759241e-06
9.708883121e-06
9.711007021e-06
9.713130921e-06
9.715254801e-06
9.7173787009e-06
9.7195026009e-06
9.7216264809e-06
9.7237503809e-06
9.7258742809e-06
9.7279981809e-06
9.7301220609e-06
9.7322459609e-06
9.7343698608e-06
9.7364937408e-06
9.7386176408e-06
9.7407415408e-06
9.7428654208e-06
9.7449893208e-06
9.7471132208e-06
9.7492371007e-06
9.7513610007e-06
9.7534849007e-06
9.7556087807e-06
9.7577326807e-06
9.7598565807e-06
9.7619804807e-06
9.7641043607e-06
9.7662282606e-06
9.7683521606e-06
9.7725999406e-06
1.0052599939e-05
1.0052599939e-05
1.0054705199e-05
1.0056810459e-05
1.0058915719e-05
1.0061020999e-05
1.0063126259e-05
1.0065231519e-05
1.0067336779e-05
1.0069442039e-05
1.0071547299e-05
1.0073652579e-05
1.0075757839e-05
1.0077863099e-05
1.0079968359e-05
1.0082073619e-05
1.0084178879e-05
1.0086284159e-05
1.0088389419e-05
1.0092599939e-05
1.0092599939e-05
1.0144599938e-05
1.0196599938e-05
1.0248599938e-05
1.0300599937e-05
1.0352599937e-05
1.0404599937e-05
1.0456599936e-05
1.0508599936e-05
1.0612599936e-05
1.0612599936e-05
1.0634418115e-05
1.0656236295e-05
1.0678054475e-05
1.0699872655e-05
1.0721690835e-05
1.0743509035e-05
1.0765327215e-05
1.0787145394e-05
1.0808963574e-05
1.0852599934e-05
1.0852599934e-05
1.0982599933e-05
1.1112599932e-05
1.1372599931e-05
1.1372599931e-05
1.1395099931e-05
1.1417599931e-05
1.144009993e-05
1.146259993e-05
1.148509993e-05
1.150759993e-05
1.153009993e-05
1.155259993e-05
1.157509993e-05
1.159759993e-05
1.1620099929e-05
1.1642599929e-05
1.1665099929e-05
1.1687599929e-05
1.1732599929e-05
1.1732599929e-05
1.1738314209e-05
1.1744028509e-05
1.1749742789e-05
1.1755457069e-05
1.1761171349e-05
1.1766885648e-05
1.1772599928e-05
1.1778314208e-05
1.1784028508e-05
1.1789742788e-05
1.1795457068e-05
1.1801171348e-05
1.1812599928e-05
1.1812599928e-05
1.1805099928e-05
1.1797599928e-05
1.1790099928e-05
1.1782599928e-05
1.1775099928e-05
1.1767599928e-05
1.1752599929e-05
1.1752599929e-05
1.1719872649e-05
1.1687145389e-05
1.1654418109e-05
1.1621690829e-05
1.158896357e-05
1.155623629e-05
1.152350903e-05
1.149078175e-05
1.145805447e-05
1.1392599931e-05
1.1392599931e-05
1.1346885651e-05
1.1301171351e-05
1.1255457072e-05
1.1209742792e-05
1.1164028512e-05
1.1072599933e-05
1.1072599933e-05
1.1026885653e-05
1.0981171353e-05
1.0935457074e-05
1.0889742794e-05
1.0844028514e-05
1.0752599935e-05
1.0752599935e-05
1.0732599935e-05
1.0712599935e-05
1.0692599935e-05
1.0672599935e-05
1.0652599935e-05
1.0632599935e-05
1.0612599936e-05
1.0592599936e-05
1.0572599936e-05
1.0552599936e-05
1.0512599936e-05
1.0512599936e-05
1.0482599936e-05
1.0452599936e-05
1.0422599937e-05
1.0392599937e-05
1.0362599937e-05
1.0332599937e-05
1.0272599938e-05
1.0272599938e-05
1.0244028518e-05
1.0215457078e-05
1.0186885658e-05
1.0158314218e-05
1.0129742798e-05
1.0072599939e-05
1.0072599939e-05
1.0002599939e-05
9.9325999396e-06
9.8625999401e-06
9.7925999405e-06
9.6525999413e-06
9.6525999413e-06
9.6150999416e-06
9.5775999418e-06
9.540099942e-06
9.5025999422e-06
9.4650999425e-06
9.4275999427e-06
9.3525999432e-06
9.3525999432e-06
9.3200999434e-06
9.2875999436e-06
9.2550999438e-06
9.2225999439e-06
9.1900999441e-06
9.1575999443e-06
9.0925999447e-06
9.0925999447e-06
9.0665999449e-06
9.0405999451e-06
9.0145999452e-06
8.9885999454e-06
8.9625999455e-06
8.9365999457e-06
8.9105999458e-06
8.884599946e-06
8.8325999463e-06
8.8325999463e-06
8.8111713665e-06
8.7897428066e-06
8.7683142267e-06
8.7468856668e-06
8.725457087e-06
8.7040285271e-06
8.6825999472e-06
8.6611713674e-06
8.6397428075e-06
8.6183142276e-06
8.5968856678e-06
8.5754570879e-06
8.5325999481e-06
8.5325999481e-06
8.5300999482e-06
8.5275999482e-06
8.5250999482e-06
8.5225999482e-06
8.5200999482e-06
8.5175999482e-06
8.5125999483e-06
8.5125999483e-06
8.5237110682e-06
8.5348221681e-06
8.5459332881e-06
8.557044388e-06
8.5681555079e-06
8.5792666079e-06
8.5903777278e-06
8.6125999477e-06
8.6125999477e-06
8.6242666076e-06
8.6359332875e-06
8.6475999474e-06
8.6592666074e-06
8.6709332873e-06
8.6825999472e-06
8.6942666072e-06
8.7059332871e-06
8.717599947e-06
8.7292666069e-06
8.7525999468e-06
8.7525999468e-06
8.7700999467e-06
8.7875999466e-06
8.8050999465e-06
8.8225999464e-06
8.8400999463e-06
8.8575999462e-06
8.892599946e-06
8.892599946e-06
8.9354570857e-06
8.9783142254e-06
9.0211713652e-06
9.0640285249e-06
9.1068856647e-06
9.1925999441e-06
9.1925999441e-06
9.2445999438e-06
9.2965999435e-06
9.3485999432e-06
9.4525999426e-06
9.4525999426e-06
9.5075999422e-06
9.5625999419e-06
9.6725999412e-06
9.6725999412e-06
9.7459332808e-06
9.8925999399e-06
9.8925999399e-06
9.9459332796e-06
9.9992665992e-06
1.0052599939e-05
1.0105933279e-05
1.0212599938e-05
1.0212599938e-05
1.0202599938e-05
1.0192599938e-05
1.0182599938e-05
1.0172599938e-05
1.0162599938e-05
1.0152599938e-05
1.0142599938e-05
1.0132599938e-05
1.0112599939e-05
1.0112599939e-05
1.0072599939e-05
1.0032599939e-05
9.9925999393e-06
9.9525999395e-06
9.87259994e-06
9.87259994e-06
9.7992666004e-06
9.6525999413e-06
9.6525999413e-06
9.6225999415e-06
9.5925999417e-06
9.5625999419e-06
9.5325999421e-06
9.5025999422e-06
9.4725999424e-06
9.4125999428e-06
9.4125999428e-06
9.375457083e-06
9.3383142232e-06
9.3011713635e-06
9.2640285237e-06
9.2268856639e-06
9.1525999444e-06
9.1525999444e-06
9.1437110644e-06
9.1348221645e-06
9.1259332845e-06
9.1170443846e-06
9.1081555046e-06
9.0992666047e-06
9.0903777248e-06
9.0725999449e-06
9.0725999449e-06
9.0713499449e-06
9.0700999449e-06
9.0688499449e-06
9.0675999449e-06
9.0663499449e-06
9.0650999449e-06
9.0638499449e-06
9.0625999449e-06
9.0613499449e-06
9.0600999449e-06
9.0588499449e-06
9.057599945e-06
9.056349945e-06
9.055099945e-06
9.052599945e-06
9.052599945e-06
9.052599945e-06
9.052599945e-06
9.052599945e-06
9.052599945e-06
9.052599945e-06
9.052599945e-06
9.0605999449e-06
9.0685999449e-06
9.0765999448e-06
9.0845999448e-06
9.0925999447e-06
9.1005999447e-06
9.1085999446e-06
9.1165999446e-06
9.1325999445e-06
9.1325999445e-06
9.1325999445e-06
9.1325999445e-06
9.1325999445e-06
9.1325999445e-06
9.1325999445e-06
9.1325999445e-06
9.1325999445e-06
9.1303777245e-06
9.1281555045e-06
9.1259332845e-06
9.1237110646e-06
9.1214888246e-06
9.1192666046e-06
9.1170443846e-06
9.1125999446e-06
9.1125999446e-06
9.1125999446e-06
9.1125999446e-06
9.1125999446e-06
9.1175999446e-06
9.1225999446e-06
9.1275999445e-06
9.1325999445e-06
9.1375999445e-06
9.1425999444e-06
9.1525999444e-06
9.1525999444e-06
9.1625999443e-06
9.1725999443e-06
9.1825999442e-06
9.1925999441e-06
9.212599944e-06
9.212599944e-06
9.216599944e-06
9.220599944e-06
9.2245999439e-06
9.2325999439e-06
9.2325999439e-06
9.2357578439e-06
9.2389157239e-06
9.2420736238e-06
9.2452315238e-06
9.2483894238e-06
9.2515473038e-06
9.2547052038e-06
9.2578631037e-06
9.2610210037e-06
9.2641788837e-06
9.2673367837e-06
9.2704946837e-06
9.2736525836e-06
9.2768104636e-06
9.2799683636e-06
9.2831262636e-06
9.2862841636e-06
9.2925999435e-06
9.2925999435e-06
9.2925999435e-06
9.2925999435e-06
9.2925999435e-06
9.2925999435e-06
9.2925999435e-06
9.2925999435e-06
9.2925999435e-06
9.2925999435e-06
9.2925999435e-06
9.3011713635e-06
9.3097428034e-06
9.3183142234e-06
9.3268856633e-06
9.3354570833e-06
9.3525999432e-06
9.3525999432e-06
9.3598726631e-06
9.3671454031e-06
9.374418123e-06
9.381690843e-06
9.3889635829e-06
9.3962363029e-06
9.4035090429e-06
9.4107817628e-06
9.4180544828e-06
9.4325999427e-06
9.4325999427e-06
9.4310614827e-06
9.4295230227e-06
9.4279845627e-06
9.4264461027e-06
9.4249076427e-06
9.4233691827e-06
9.4218307027e-06
9.4202922427e-06
9.4187537828e-06
9.4172153228e-06
9.4156768628e-06
9.4125999428e-06
9.4125999428e-06
9.4125999428e-06
9.4125999428e-06
9.4125999428e-06
9.4125999428e-06
9.4125999428e-06
9.4125999428e-06
9.4075999428e-06
9.4025999429e-06
9.3975999429e-06
9.3925999429e-06
9.3875999429e-06
9.382599943e-06
9.377599943e-06
9.372599943e-06
9.3675999431e-06
9.3625999431e-06
9.3575999431e-06
9.3525999432e-06
9.3475999432e-06
9.3425999432e-06
9.3325999433e-06
9.3325999433e-06
9.3285999433e-06
9.3245999433e-06
9.3205999434e-06
9.3165999434e-06
9.3125999434e-06
9.3085999434e-06
9.3045999435e-06
9.3005999435e-06
9.2925999435e-06
9.2925999435e-06
9.2925999435e-06
9.2925999435e-06
9.2925999435e-06
9.2925999435e-06
9.2925999435e-06
9.2925999435e-06
9.2925999435e-06
9.2925999435e-06
9.2954570835e-06
9.2983142235e-06
9.3011713635e-06
9.3040285235e-06
9.3068856634e-06
9.3125999434e-06
9.3125999434e-06
9.3089635834e-06
9.3053272234e-06
9.3016908435e-06
9.2980544835e-06
9.2944181235e-06
9.2907817635e-06
9.2871454036e-06
9.2835090436e-06
9.2798726636e-06
9.2725999436e-06
9.2725999436e-06
9.2725999436e-06
9.2725999436e-06
9.2725999436e-06
9.2725999436e-06
9.2725999436e-06
9.2725999436e-06
9.2725999436e-06
9.2725999436e-06
9.2692666037e-06
9.2659332837e-06
9.2625999437e-06
9.2592666037e-06
9.2525999438e-06
9.2525999438e-06
9.2481555038e-06
9.2437110638e-06
9.2392666038e-06
9.2348221639e-06
9.2303777239e-06
9.2259332839e-06
9.221488824e-06
9.212599944e-06
9.212599944e-06
9.1965999441e-06
9.1805999442e-06
9.1645999443e-06
9.1325999445e-06
9.1325999445e-06
9.1370443845e-06
9.1414888244e-06
9.1459332844e-06
9.1503777244e-06
9.1548221644e-06
9.1592666043e-06
9.1637110643e-06
9.1725999443e-06
9.1725999443e-06
9.1685999443e-06
9.1645999443e-06
9.1605999443e-06
9.1525999444e-06
9.1525999444e-06
9.1675999443e-06
9.1825999442e-06
9.212599944e-06
9.212599944e-06
9.2359332839e-06
9.2592666037e-06
9.2825999436e-06
9.3059332834e-06
9.3525999432e-06
9.3525999432e-06
9.3925999429e-06
9.3925999429e-06
9.385933283e-06
9.379266603e-06
9.372599943e-06
9.3659332831e-06
9.3525999432e-06
9.3525999432e-06
9.3505999432e-06
9.3485999432e-06
9.3465999432e-06
9.3445999432e-06
9.3425999432e-06
9.3405999432e-06
9.3385999432e-06
9.3365999433e-06
9.3325999433e-06
9.0725999449e-06
9.0725999449e-06
9.0707537849e-06
9.0689076449e-06
9.0670614849e-06
9.0652153249e-06
9.0633691849e-06
9.0615230249e-06
9.0596768649e-06
9.057830705e-06
9.055984565e-06
9.054138405e-06
9.052292245e-06
9.050446105e-06
9.048599945e-06
9.046753785e-06
9.044907645e-06
9.043061485e-06
9.0412153251e-06
9.0393691851e-06
9.0375230251e-06
9.0356768651e-06
9.0338307051e-06
9.0319845651e-06
9.0301384051e-06
9.0282922451e-06
9.0264461051e-06
9.0245999452e-06
9.0227537852e-06
9.0209076452e-06
9.0190614852e-06
9.0172153252e-06
9.0153691852e-06
9.0135230252e-06
9.0116768652e-06
9.0098307052e-06
9.0079845653e-06
9.0061384053e-06
9.0042922453e-06
9.0024461053e-06
9.0005999453e-06
8.9987537853e-06
8.9969076453e-06
8.9950614853e-06
8.9932153253e-06
8.9913691854e-06
8.9895230254e-06
8.9876768654e-06
8.9858307054e-06
8.9839845654e-06
8.9821384054e-06
8.9802922454e-06
8.9784461054e-06
8.9765999454e-06
8.9747537855e-06
8.9729076455e-06
8.9710614855e-06
8.9692153255e-06
8.9673691855e-06
8.9655230255e-06
8.9636768655e-06
8.9618307055e-06
8.9599845655e-06
8.9581384056e-06
8.9562922456e-06
8.9544461056e-06
8.9525999456e-06
8.9507537856e-06
8.9489076456e-06
8.9470614856e-06
8.9452153256e-06
8.9433691856e-06
8.9415230257e-06
8.9396768657e-06
8.9378307057e-06
8.9359845657e-06
8.9341384057e-06
8.9322922457e-06
8.9304461057e-06
8.9285999457e-06
8.9267537857e-06
8.9249076458e-06
8.9230614858e-06
8.9212153258e-06
8.9193691858e-06
8.9175230258e-06
8.9156768658e-06
8.9138307058e-06
8.9119845658e-06
8.9101384058e-06
8.9082922459e-06
8.9064461059e-06
8.9045999459e-06
8.9027537859e-06
8.9009076459e-06
8.8990614859e-06
8.8972153259e-06
8.8953691859e-06
8.8935230259e-06
8.891676866e-06
8.889830706e-06
8.887984566e-06
8.886138406e-06
8.884292246e-06
8.882446106e-06
8.880599946e-06
8.878753786e-06
8.8769076461e-06
8.8750614861e-06
8.8732153261e-06
8.8713691861e-06
8.8695230261e-06
8.8676768661e-06
8.8658307061e-06
8.8639845661e-06
8.8621384061e-06
8.8602922462e-06
8.8584461062e-06
8.8565999462e-06
8.8547537862e-06
8.8529076462e-06
8.8510614862e-06
8.8492153262e-06
8.8473691862e-06
8.8455230262e-06
8.8436768663e-06
8.8418307063e-06
8.8399845663e-06
8.8381384063e-06
8.8362922463e-06
8.8344461063e-06
8.8325999463e-06
8.8307537863e-06
8.8289076463e-06
8.8270614864e-06
8.8252153264e-06
8.8233691864e-06
8.8215230264e-06
8.8196768664e-06
8.8178307064e-06
8.8159845664e-06
8.8141384064e-06
8.8122922464e-06
8.8104461065e-06
8.8085999465e-06
8.8067537865e-06
8.8049076465e-06
8.8030614865e-06
8.8012153265e-06
8.7993691865e-06
8.7975230265e-06
8.7956768665e-06
8.7938307066e-06
8.7919845666e-06
8.7901384066e-06
8.7882922466e-06
8.7864461066e-06
8.7845999466e-06
8.7827537866e-06
8.7809076466e-06
8.7790614866e-06
8.7772153267e-06
8.7753691867e-06
8.7735230267e-06
8.7716768667e-06
8.7698307067e-06
8.7679845667e-06
8.7661384067e-06
8.7642922467e-06
8.7624461067e-06
8.7605999468e-06
8.7587537868e-06
8.7569076468e-06
8.7550614868e-06
8.7532153268e-06
8.7513691868e-06
8.7495230268e-06
8.7476768668e-06
8.7458307068e-06
8.7439845669e-06
8.7421384069e-06
8.7402922469e-06
8.7384461069e-06
8.7365999469e-06
8.7347537869e-06
8.7329076469e-06
8.7310614869e-06
8.7292153269e-06
8.727369187e-06
8.725523027e-06
8.723676867e-06
8.721830707e-06
8.719984567e-06
8.718138407e-06
8.716292247e-06
8.714446107e-06
8.712599947e-06
8.7107537871e-06
8.7089076471e-06
8.7070614871e-06
8.7052153271e-06
8.7033691871e-06
8.7015230271e-06
8.6996768671e-06
8.6978307071e-06
8.6959845672e-06
8.6941384072e-06
8.6922922472e-06
8.6904461072e-06
8.6885999472e-06
8.6867537872e-06
8.6849076472e-06
8.6830614872e-06
8.6812153272e-06
8.6793691873e-06
8.6775230273e-06
8.6756768673e-06
8.6738307073e-06
8.6719845673e-06
8.6701384073e-06
8.6682922473e-06
8.6664461073e-06
8.6645999473e-06
8.6627537874e-06
8.6609076474e-06
8.6590614874e-06
8.6572153274e-06
8.6553691874e-06
8.6535230274e-06
8.6516768674e-06
8.6498307074e-06
8.6479845674e-06
8.6461384075e-06
8.6442922475e-06
8.6424461075e-06
8.6405999475e-06
8.6387537875e-06
8.6369076475e-06
8.6350614875e-06
8.6332153275e-06
8.6313691875e-06
8.6295230276e-06
8.6276768676e-06
8.6258307076e-06
8.6239845676e-06
8.6221384076e-06
8.6202922476e-06
8.6184461076e-06
8.6165999476e-06
8.6147537876e-06
8.6129076477e-06
8.6110614877e-06
8.6092153277e-06
8.6073691877e-06
8.6055230277e-06
8.6036768677e-06
8.6018307077e-06
8.5999845677e-06
8.5981384077e-06
8.5962922478e-06
8.5944461078e-06
8.5925999478e-06
8.5907537878e-06
8.5889076478e-06
8.5870614878e-06
8.5852153278e-06
8.5833691878e-06
8.5815230278e-06
8.5796768679e-06
8.5778307079e-06
8.5759845679e-06
8.5741384079e-06
8.5722922479e-06
8.5704461079e-06
8.5685999479e-06
8.5667537879e-06
8.5649076479e-06
8.563061488e-06
8.561215328e-06
8.559369188e-06
8.557523028e-06
8.555676868e-06
8.553830708e-06
8.551984568e-06
8.550138408e-06
8.548292248e-06
8.5464461081e-06
8.5445999481e-06
8.5427537881e-06
8.5409076481e-06
8.5390614881e-06
8.5372153281e-06
8.5353691881e-06
8.5335230281e-06
8.5316768681e-06
8.5298307082e-06
8.5279845682e-06
8.5261384082e-06
8.5242922482e-06
8.5224461082e-06
8.5205999482e-06
8.5187537882e-06
8.5169076482e-06
8.5150614882e-06
8.5132153283e-06
8.5113691883e-06
8.5095230283e-06
8.5076768683e-06
8.5058307083e-06
8.5039845683e-06
8.5021384083e-06
8.5002922483e-06
8.4984461084e-06
8.4965999484e-06
8.4947537884e-06
8.4929076484e-06
8.4910614884e-06
8.4892153284e-06
8.4873691884e-06
8.4855230284e-06
8.4836768684e-06
8.4818307085e-06
8.4799845685e-06
8.4781384085e-06
8.4762922485e-06
8.4744461085e-06
8.4725999485e-06
8.4707537885e-06
8.4689076485e-06
8.4670614885e-06
8.4652153286e-06
8.4633691886e-06
8.4615230286e-06
8.4596768686e-06
8.4578307086e-06
8.4559845686e-06
8.4541384086e-06
8.4522922486e-06
8.4504461086e-06
8.4485999487e-06
8.4467537887e-06
8.4449076487e-06
8.4430614887e-06
8.4412153287e-06
8.4393691887e-06
8.4375230287e-06
8.4356768687e-06
8.4338307087e-06
8.4319845688e-06
8.4301384088e-06
8.4282922488e-06
8.4264461088e-06
8.4245999488e-06
8.4227537888e-06
8.4209076488e-06
8.4190614888e-06
8.4172153288e-06
8.4153691889e-06
8.4135230289e-06
8.4116768689e-06
8.4098307089e-06
8.4079845689e-06
8.4061384089e-06
8.4042922489e-06
8.4024461089e-06
8.4005999489e-06
8.398753789e-06
8.396907649e-06
8.395061489e-06
8.393215329e-06
8.391369189e-06
8.389523029e-06
8.387676869e-06
8.385830709e-06
8.383984569e-06
8.3821384091e-06
8.3802922491e-06
8.3784461091e-06
8.3765999491e-06
8.3747537891e-06
8.3729076491e-06
8.3710614891e-06
8.3692153291e-06
8.3673691891e-06
8.3655230292e-06
8.3636768692e-06
8.3618307092e-06
8.3599845692e-06
8.3581384092e-06
8.3562922492e-06
8.3544461092e-06
8.3525999492e-06
8.3507537892e-06
8.3489076493e-06
8.3470614893e-06
8.3452153293e-06
8.3433691893e-06
8.3415230293e-06
8.3396768693e-06
8.3378307093e-06
8.3359845693e-06
8.3341384093e-06
8.3322922494e-06
8.3304461094e-06
8.3285999494e-06
8.3267537894e-06
8.3249076494e-06
8.3230614894e-06
8.3212153294e-06
8.3193691894e-06
8.3175230295e-06
8.3156768695e-06
8.3138307095e-06
8.3119845695e-06
8.3101384095e-06
8.3082922495e-06
8.3064461095e-06
8.3045999495e-06
8.3027537895e-06
8.3009076496e-06
8.2990614896e-06
8.2972153296e-06
8.2953691896e-06
8.2935230296e-06
8.2916768696e-06
8.2898307096e-06
8.2879845696e-06
8.2861384096e-06
8.2842922497e-06
8.2824461097e-06
8.2805999497e-06
8.2787537897e-06
8.2769076497e-06
8.2750614897e-06
8.2732153297e-06
8.2713691897e-06
8.2695230297e-06
8.2676768698e-06
8.2658307098e-06
8.2639845698e-06
8.2621384098e-06
8.2602922498e-06
8.2584461098e-06
8.2565999498e-06
8.2547537898e-06
8.2529076498e-06
8.2510614899e-06
8.2492153299e-06
8.2473691899e-06
8.2455230299e-06
8.2436768699e-06
8.2418307099e-06
8.2399845699e-06
8.2381384099e-06
8.2362922499e-06
8.23259995e-06
8.5725999479e-06
8.5725999479e-06
8.5773618479e-06
8.5821237478e-06
8.5868856678e-06
8.5916475678e-06
8.5964094678e-06
8.6011713677e-06
8.6059332877e-06
8.6106951877e-06
8.6154570876e-06
8.6202189876e-06
8.6249809076e-06
8.6297428076e-06
8.6345047075e-06
8.6392666075e-06
8.6440285275e-06
8.6487904274e-06
8.6535523274e-06
8.6583142274e-06
8.6630761474e-06
8.6725999473e-06
8.6725999473e-06
8.6753272273e-06
8.6780544873e-06
8.6807817672e-06
8.6835090472e-06
8.6862363072e-06
8.6889635872e-06
8.6916908472e-06
8.6944181272e-06
8.6971454071e-06
8.6998726671e-06
8.7025999471e-06
8.7053272271e-06
8.7080544871e-06
8.7107817671e-06
8.713509047e-06
8.716236307e-06
8.718963587e-06
8.721690847e-06
8.724418127e-06
8.727145407e-06
8.7325999469e-06
8.7325999469e-06
8.7312666069e-06
8.7299332869e-06
8.728599947e-06
8.727266607e-06
8.725933287e-06
8.724599947e-06
8.723266607e-06
8.721933287e-06
8.720599947e-06
8.719266607e-06
8.717933287e-06
8.716599947e-06
8.715266607e-06
8.712599947e-06
8.712599947e-06
8.7045999471e-06
8.6965999471e-06
8.6885999472e-06
8.6725999473e-06
8.6725999473e-06
8.6525999474e-06
8.6325999475e-06
8.6125999477e-06
8.5925999478e-06
8.5725999479e-06
8.552599948e-06
8.5125999483e-06
8.5125999483e-06
8.5175999482e-06
8.5225999482e-06
8.5275999482e-06
8.5325999481e-06
8.5375999481e-06
8.5425999481e-06
8.552599948e-06
8.552599948e-06
8.5710614879e-06
8.5895230278e-06
8.6079845677e-06
8.6264461076e-06
8.6449076475e-06
8.6633691873e-06
8.6818307072e-06
8.7002922471e-06
8.718753787e-06
8.7372153269e-06
8.7556768668e-06
8.7925999466e-06
8.7925999466e-06
8.7948221665e-06
8.7970443865e-06
8.7992666065e-06
8.8014888265e-06
8.8037110665e-06
8.8059332865e-06
8.8081555065e-06
8.8125999464e-06
8.8125999464e-06
8.8033691865e-06
8.7941384066e-06
8.7849076466e-06
8.7756768667e-06
8.7664461067e-06
8.7572153268e-06
8.7479845668e-06
8.7387537869e-06
8.7295230269e-06
8.720292247e-06
8.7110614871e-06
8.6925999472e-06
8.6925999472e-06
8.6897428072e-06
8.6868856672e-06
8.6840285272e-06
8.6811713672e-06
8.6783142273e-06
8.6725999473e-06
8.6725999473e-06
8.6907817672e-06
8.7089635871e-06
8.727145407e-06
8.7453272269e-06
8.7635090467e-06
8.7816908466e-06
8.7998726665e-06
8.8180544864e-06
8.8362363063e-06
8.8544181262e-06
8.8725999461e-06
8.890781766e-06
8.9089635859e-06
8.9271454057e-06
8.9453272256e-06
8.9635090455e-06
8.9816908454e-06
8.9998726653e-06
9.0180544852e-06
9.0362363051e-06
9.0725999449e-06
9.0725999449e-06
9.0811713648e-06
9.0897428048e-06
9.0983142247e-06
9.1068856647e-06
9.1154570846e-06
9.1325999445e-06
9.1325999445e-06
9.1437110644e-06
9.1548221644e-06
9.1659332843e-06
9.1770443842e-06
9.1881555042e-06
9.1992666041e-06
9.210377724e-06
9.2325999439e-06
9.2325999439e-06
9.2265999439e-06
9.220599944e-06
9.214599944e-06
9.208599944e-06
9.2025999441e-06
9.1965999441e-06
9.1905999441e-06
9.1845999442e-06
9.1725999443e-06
9.1725999443e-06
9.1325999445e-06
9.0925999447e-06
9.052599945e-06
9.0125999452e-06
8.9325999457e-06
8.9325999457e-06
8.892599946e-06
8.8525999462e-06
8.8125999464e-06
8.7325999469e-06
8.7325999469e-06
8.7079845671e-06
8.6833691872e-06
8.6587537874e-06
8.6341384075e-06
8.6095230277e-06
8.5849076478e-06
8.560292248e-06
8.5356768681e-06
8.5110614883e-06
8.4864461084e-06
8.4618307086e-06
8.4125999489e-06
8.4125999489e-06
8.4013499489e-06
8.390099949e-06
8.3788499491e-06
8.3675999491e-06
8.3563499492e-06
8.3450999493e-06
8.3338499494e-06
8.3225999494e-06
8.3113499495e-06
8.3000999496e-06
8.2888499496e-06
8.2775999497e-06
8.2663499498e-06
8.2550999498e-06
8.23259995e-06
8.23259995e-06
8.2156768701e-06
8.1987537902e-06
8.1818307103e-06
8.1649076504e-06
8.1479845705e-06
8.1310614906e-06
8.1141384107e-06
8.0972153308e-06
8.0802922509e-06
8.063369191e-06
8.0464461111e-06
8.0125999513e-06
8.0125999513e-06
7.9975999514e-06
7.9825999515e-06
7.9675999516e-06
7.9525999517e-06
7.9375999518e-06
7.9225999519e-06
7.9075999519e-06
7.892599952e-06
7.8775999521e-06
7.8625999522e-06
7.8325999524e-06
7.8325999524e-06
7.8125999525e-06
7.7925999526e-06
7.7525999529e-06
7.7525999529e-06
7.7555999529e-06
7.7585999528e-06
7.7615999528e-06
7.7645999528e-06
7.7675999528e-06
7.7705999528e-06
7.7735999528e-06
7.7765999527e-06
7.7795999527e-06
7.7825999527e-06
7.7855999527e-06
7.7885999527e-06
7.7915999526e-06
7.7945999526e-06
7.7975999526e-06
7.8005999526e-06
7.8035999526e-06
7.8065999526e-06
7.8125999525e-06
7.8125999525e-06
7.8175999525e-06
7.8225999525e-06
7.8275999524e-06
7.8325999524e-06
7.8375999524e-06
7.8425999523e-06
7.8525999523e-06
7.8525999523e-06
7.8409332923e-06
7.8292666124e-06
7.8175999525e-06
7.8059332926e-06
7.7942666126e-06
7.7825999527e-06
7.7709332928e-06
7.7592666128e-06
7.7475999529e-06
7.735933293e-06
7.7125999531e-06
7.7125999531e-06
7.7078940732e-06
7.7031881932e-06
7.6984823132e-06
7.6937764332e-06
7.6890705333e-06
7.6843646533e-06
7.6796587733e-06
7.6749528934e-06
7.6702470134e-06
7.6655411334e-06
7.6608352534e-06
7.6561293735e-06
7.6514234735e-06
7.6467175935e-06
7.6420117136e-06
7.6325999536e-06
7.6325999536e-06
7.6325999536e-06
7.6325999536e-06
7.6325999536e-06
7.6325999536e-06
7.6325999536e-06
7.6325999536e-06
7.6325999536e-06
7.6325999536e-06
7.6325999536e-06
7.6325999536e-06
7.6325999536e-06
7.6325999536e-06
7.6325999536e-06
7.6325999536e-06
7.6325999536e-06
7.6325999536e-06
7.6325999536e-06
7.6325999536e-06
7.6325999536e-06
7.6325999536e-06
7.6325999536e-06
7.6325999536e-06
7.6325999536e-06
7.6373058336e-06
7.6420117136e-06
7.6467175935e-06
7.6514234735e-06
7.6561293735e-06
7.6608352534e-06
7.6655411334e-06
7.6702470134e-06
7.6749528934e-06
7.6796587733e-06
7.6843646533e-06
7.6890705333e-06
7.6937764332e-06
7.6984823132e-06
7.7031881932e-06
7.7125999531e-06
7.7125999531e-06
7.7159332931e-06
7.7192666131e-06
7.7225999531e-06
7.725933293e-06
7.729266613e-06
7.732599953e-06
7.735933293e-06
7.739266613e-06
7.7425999529e-06
7.7459332929e-06
7.7525999529e-06
7.7525999529e-06
7.7540285329e-06
7.7554570929e-06
7.7568856729e-06
7.7583142328e-06
7.7597428128e-06
7.7611713728e-06
7.7625999528e-06
7.7640285328e-06
7.7654570928e-06
7.7668856728e-06
7.7683142328e-06
7.7697428128e-06
7.7711713728e-06
7.7725999528e-06
7.7740285328e-06
7.7754570927e-06
7.7768856727e-06
7.7783142327e-06
7.7797428127e-06
7.7811713727e-06
7.7825999527e-06
7.7840285327e-06
7.7854570927e-06
7.7868856727e-06
7.7883142327e-06
7.7897428127e-06
7.7925999526e-06
7.7925999526e-06
7.7988499526e-06
7.8050999526e-06
7.8113499525e-06
7.8175999525e-06
7.8238499525e-06
7.8300999524e-06
7.8363499524e-06
7.8425999523e-06
7.8488499523e-06
7.8550999523e-06
7.8613499522e-06
7.8675999522e-06
7.8738499521e-06
7.8800999521e-06
7.892599952e-06
7.892599952e-06
7.892599952e-06
7.892599952e-06
7.892599952e-06
7.892599952e-06
7.892599952e-06
7.892599952e-06
7.892599952e-06
7.892599952e-06
7.892599952e-06
7.892599952e-06
7.892599952e-06
7.892599952e-06
7.892599952e-06
7.892599952e-06
7.892599952e-06
7.892599952e-06
7.892599952e-06
7.892599952e-06
7.892599952e-06
7.892599952e-06
7.892599952e-06
7.892599952e-06
7.892599952e-06
7.892599952e-06
7.892599952e-06
7.892599952e-06
7.892599952e-06
7.892599952e-06
7.892599952e-06
7.892599952e-06
7.900599952e-06
7.9085999519e-06
7.9165999519e-06
7.9245999518e-06
7.9325999518e-06
7.9405999517e-06
7.9485999517e-06
7.9565999516e-06
7.9725999515e-06
7.9725999515e-06
7.9792666115e-06
7.9925999514e-06
7.9925999514e-06
7.9992666114e-06
8.0059332913e-06
8.0125999513e-06
8.0192666113e-06
8.0325999512e-06
8.0325999512e-06
8.0295230312e-06
8.0264461112e-06
8.0233691912e-06
8.0202922513e-06
8.0172153313e-06
8.0141384113e-06
8.0110614913e-06
8.0079845713e-06
8.0049076514e-06
8.0018307114e-06
7.9987537914e-06
7.9925999514e-06
7.9925999514e-06
8.0025999514e-06
8.0125999513e-06
8.0325999512e-06
8.0525999511e-06
8.0525999511e-06
8.055676871e-06
8.058753791e-06
8.061830711e-06
8.064907651e-06
8.067984571e-06
8.0710614909e-06
8.0741384109e-06
8.0772153309e-06
8.0802922509e-06
8.0833691909e-06
8.0864461109e-06
8.0895230308e-06
8.0925999508e-06
8.0956768708e-06
8.0987537908e-06
8.1018307108e-06
8.1049076507e-06
8.1079845707e-06
8.1110614907e-06
8.1141384107e-06
8.1172153307e-06
8.1202922506e-06
8.1233691906e-06
8.1264461106e-06
8.1325999506e-06
8.1325999506e-06
8.1352086506e-06
8.1378173505e-06
8.1404260305e-06
8.1430347305e-06
8.1456434305e-06
8.1482521305e-06
8.1508608105e-06
8.1534695104e-06
8.1560782104e-06
8.1586869104e-06
8.1612956104e-06
8.1639042904e-06
8.1665129904e-06
8.1691216904e-06
8.1717303903e-06
8.1743390903e-06
8.1769477703e-06
8.1795564703e-06
8.1821651703e-06
8.1847738703e-06
8.1873825502e-06
8.1925999502e-06
8.1925999502e-06
8.1909332902e-06
8.1892666102e-06
8.1875999502e-06
8.1859332903e-06
8.1842666103e-06
8.1825999503e-06
8.1809332903e-06
8.1792666103e-06
8.1775999503e-06
8.1759332903e-06
8.1742666103e-06
8.1725999503e-06
8.1709332903e-06
8.1692666104e-06
8.1675999504e-06
8.1659332904e-06
8.1642666104e-06
8.1625999504e-06
8.1609332904e-06
8.1592666104e-06
8.1575999504e-06
8.1559332904e-06
8.1525999505e-06
8.1525999505e-06
8.1554570904e-06
8.1583142304e-06
8.1611713704e-06
8.1640285304e-06
8.1668856704e-06
8.1697428103e-06
8.1725999503e-06
8.1754570903e-06
8.1783142303e-06
8.1811713703e-06
8.1840285303e-06
8.1868856702e-06
8.1925999502e-06
8.1925999502e-06
8.2025999501e-06
8.2125999501e-06
8.22259995e-06
8.23259995e-06
8.2425999499e-06
8.2525999498e-06
8.2625999498e-06
8.2725999497e-06
8.2825999497e-06
8.2925999496e-06
8.3125999495e-06
8.3125999495e-06
8.3292666094e-06
8.3459332893e-06
8.3625999492e-06
8.3792666091e-06
8.4125999489e-06
8.4125999489e-06
8.4159332889e-06
8.4192666088e-06
8.4225999488e-06
8.4259332888e-06
8.4325999488e-06
8.1725999503e-06
8.1725999503e-06
8.1706373303e-06
8.1686747104e-06
8.1667120904e-06
8.1647494904e-06
8.1627868704e-06
8.1608242504e-06
8.1588616304e-06
8.1568990104e-06
8.1549363904e-06
8.1529737905e-06
8.1510111705e-06
8.1490485505e-06
8.1470859305e-06
8.1451233105e-06
8.1431606905e-06
8.1411980905e-06
8.1392354705e-06
8.1372728505e-06
8.1353102306e-06
8.1333476106e-06
8.1313849906e-06
8.1294223706e-06
8.1274597706e-06
8.1254971506e-06
8.1235345306e-06
8.1215719106e-06
8.1196092907e-06
8.1176466707e-06
8.1156840707e-06
8.1137214507e-06
8.1117588307e-06
8.1097962107e-06
8.1078335907e-06
8.1058709707e-06
8.1039083707e-06
8.1019457508e-06
8.0999831308e-06
8.0980205108e-06
8.0960578908e-06
8.0940952708e-06
8.0921326708e-06
8.0901700508e-06
8.0882074308e-06
8.0862448109e-06
8.0842821909e-06
8.0823195709e-06
8.0803569509e-06
8.0783943509e-06
8.0764317309e-06
8.0744691109e-06
8.0725064909e-06
8.070543871e-06
8.068581251e-06
8.066618651e-06
8.064656031e-06
8.062693411e-06
8.060730791e-06
8.058768171e-06
8.056805551e-06
8.054842951e-06
8.0528803311e-06
8.0509177111e-06
8.0489550911e-06
8.0469924711e-06
8.0450298511e-06
8.0430672311e-06
8.0411046311e-06
8.0391420111e-06
8.0371793912e-06
8.0352167712e-06
8.0332541512e-06
8.0312915312e-06
8.0293289312e-06
8.0273663112e-06
8.0254036912e-06
8.0234410712e-06
8.0214784512e-06
8.0195158313e-06
8.0175532313e-06
8.0155906113e-06
8.0136279913e-06
8.0116653713e-06
8.0097027513e-06
8.0077401313e-06
8.0057775313e-06
8.0038149114e-06
8.0018522914e-06
7.9998896714e-06
7.9979270514e-06
7.9959644314e-06
7.9940018114e-06
7.9920392114e-06
7.9900765914e-06
7.9881139715e-06
7.9861513515e-06
7.9841887315e-06
7.9822261115e-06
7.9802635115e-06
7.9783008915e-06
7.9763382715e-06
7.9743756515e-06
7.9724130315e-06
7.9704504116e-06
7.9684878116e-06
7.9665251916e-06
7.9645625716e-06
7.9625999516e-06
7.9606373316e-06
7.9586747116e-06
7.9567120916e-06
7.9547494917e-06
7.9527868717e-06
7.9508242517e-06
7.9488616317e-06
7.9468990117e-06
7.9449363917e-06
7.9429737917e-06
7.9410111717e-06
7.9390485518e-06
7.9370859318e-06
7.9351233118e-06
7.9331606918e-06
7.9311980918e-06
7.9292354718e-06
7.9272728518e-06
7.9253102318e-06
7.9233476118e-06
7.9213849919e-06
7.9194223719e-06
7.9174597719e-06
7.9154971519e-06
7.9135345319e-06
7.9115719119e-06
7.9096092919e-06
7.9076466719e-06
7.905684072e-06
7.903721452e-06
7.901758832e-06
7.899796212e-06
7.897833592e-06
7.895870972e-06
7.893908372e-06
7.891945752e-06
7.889983132e-06
7.8880205121e-06
7.8860578921e-06
7.8840952721e-06
7.8821326721e-06
7.8801700521e-06
7.8782074321e-06
7.8762448121e-06
7.8742821921e-06
7.8723195722e-06
7.8703569522e-06
7.8683943522e-06
7.8664317322e-06
7.8644691122e-06
7.8625064922e-06
7.8605438722e-06
7.8585812522e-06
7.8566186523e-06
7.8546560323e-06
7.8526934123e-06
7.8507307923e-06
7.8487681723e-06
7.8468055523e-06
7.8448429523e-06
7.8428803323e-06
7.8409177123e-06
7.8389550924e-06
7.8369924724e-06
7.8350298524e-06
7.8330672324e-06
7.8311046324e-06
7.8291420124e-06
7.8271793924e-06
7.8252167724e-06
7.8232541525e-06
7.8212915325e-06
7.8193289325e-06
7.8173663125e-06
7.8154036925e-06
7.8134410725e-06
7.8114784525e-06
7.8095158325e-06
7.8075532325e-06
7.8055906126e-06
7.8036279926e-06
7.8016653726e-06
7.7997027526e-06
7.7977401326e-06
7.7957775326e-06
7.7938149126e-06
7.7918522926e-06
7.7898896727e-06
7.7879270527e-06
7.7859644327e-06
7.7840018127e-06
7.7820392127e-06
7.7800765927e-06
7.7781139727e-06
7.7761513527e-06
7.7741887328e-06
7.7722261128e-06
7.7702635128e-06
7.7683008928e-06
7.7663382728e-06
7.7643756528e-06
7.7624130328e-06
7.7604504128e-06
7.7584878128e-06
7.7565251929e-06
7.7545625729e-06
7.7525999529e-06
7.7506373329e-06
7.7486747129e-06
7.7467120929e-06
7.7447494929e-06
7.7427868729e-06
7.740824253e-06
7.738861633e-06
7.736899013e-06
7.734936393e-06
7.732973793e-06
7.731011173e-06
7.729048553e-06
7.727085933e-06
7.7251233131e-06
7.7231606931e-06
7.7211980931e-06
7.7192354731e-06
7.7172728531e-06
7.7153102331e-06
7.7133476131e-06
7.7113849931e-06
7.7094223731e-06
7.7074597732e-06
7.7054971532e-06
7.7035345332e-06
7.7015719132e-06
7.6996092932e-06
7.6976466732e-06
7.6956840732e-06
7.6937214532e-06
7.6917588333e-06
7.6897962133e-06
7.6878335933e-06
7.6858709733e-06
7.6839083733e-06
7.6819457533e-06
7.6799831333e-06
7.6780205133e-06
7.6760578933e-06
7.6740952734e-06
7.6721326734e-06
7.6701700534e-06
7.6682074334e-06
7.6662448134e-06
7.6642821934e-06
7.6623195734e-06
7.6603569534e-06
7.6583943535e-06
7.6564317335e-06
7.6544691135e-06
7.6525064935e-06
7.6505438735e-06
7.6485812535e-06
7.6466186535e-06
7.6446560335e-06
7.6426934136e-06
7.6407307936e-06
7.6387681736e-06
7.6368055536e-06
7.6348429536e-06
7.6328803336e-06
7.6309177136e-06
7.6289550936e-06
7.6269924736e-06
7.6250298537e-06
7.6230672337e-06
7.6211046337e-06
7.6191420137e-06
7.6171793937e-06
7.6152167737e-06
7.6132541537e-06
7.6112915337e-06
7.6093289338e-06
7.6073663138e-06
7.6054036938e-06
7.6034410738e-06
7.6014784538e-06
7.5995158338e-06
7.5975532338e-06
7.5955906138e-06
7.5936279938e-06
7.5916653739e-06
7.5897027539e-06
7.5877401339e-06
7.5857775339e-06
7.5838149139e-06
7.5818522939e-06
7.5798896739e-06
7.5779270539e-06
7.575964434e-06
7.574001814e-06
7.572039214e-06
7.570076594e-06
7.568113974e-06
7.566151354e-06
7.564188734e-06
7.562226114e-06
7.5602635141e-06
7.5583008941e-06
7.5563382741e-06
7.5543756541e-06
7.5524130341e-06
7.5504504141e-06
7.5484878141e-06
7.5465251941e-06
7.5445625741e-06
7.5425999542e-06
7.5406373342e-06
7.5386747142e-06
7.5367120942e-06
7.5347494942e-06
7.5327868742e-06
7.5308242542e-06
7.5288616342e-06
7.5268990143e-06
7.5249363943e-06
7.5229737943e-06
7.5210111743e-06
7.5190485543e-06
7.5170859343e-06
7.5151233143e-06
7.5131606943e-06
7.5111980944e-06
7.5092354744e-06
7.5072728544e-06
7.5053102344e-06
7.5033476144e-06
7.5013849944e-06
7.4994223744e-06
7.4974597744e-06
7.4954971544e-06
7.4935345345e-06
7.4915719145e-06
7.4896092945e-06
7.4876466745e-06
7.4856840745e-06
7.4837214545e-06
7.4817588345e-06
7.4797962145e-06
7.4778335946e-06
7.4758709746e-06
7.4739083746e-06
7.4719457546e-06
7.4699831346e-06
7.4680205146e-06
7.4660578946e-06
7.4640952746e-06
7.4621326746e-06
7.4601700547e-06
7.4582074347e-06
7.4562448147e-06
7.4542821947e-06
7.4523195747e-06
7.4503569547e-06
7.4483943547e-06
7.4464317347e-06
7.4444691148e-06
7.4425064948e-06
7.4405438748e-06
7.4385812548e-06
7.4366186548e-06
7.4346560348e-06
7.4326934148e-06
7.4307307948e-06
7.4287681749e-06
7.4268055549e-06
7.4248429549e-06
7.4228803349e-06
7.4209177149e-06
7.4189550949e-06
7.4169924749e-06
7.4150298549e-06
7.4130672349e-06
7.411104635e-06
7.409142015e-06
7.407179395e-06
7.405216775e-06
7.403254155e-06
7.401291535e-06
7.399328935e-06
7.397366315e-06
7.3954036951e-06
7.3934410751e-06
7.3914784551e-06
7.3895158351e-06
7.3875532351e-06
7.3855906151e-06
7.3836279951e-06
7.3816653751e-06
7.3797027552e-06
7.3777401352e-06
7.3757775352e-06
7.3738149152e-06
7.3718522952e-06
7.3698896752e-06
7.3679270552e-06
7.3659644352e-06
7.3640018152e-06
7.3620392153e-06
7.3600765953e-06
7.3581139753e-06
7.3561513553e-06
7.3541887353e-06
7.3522261153e-06
7.3502635153e-06
7.3483008953e-06
7.3463382754e-06
7.3443756554e-06
7.3424130354e-06
7.3404504154e-06
7.3384878154e-06
7.3365251954e-06
7.3325999554e-06
7.6125999537e-06
7.6125999537e-06
7.6195230337e-06
7.6264461137e-06
7.6333691936e-06
7.6402922536e-06
7.6472153335e-06
7.6541384135e-06
7.6610614934e-06
7.6679845734e-06
7.6749076534e-06
7.6818307133e-06
7.6887537933e-06
7.6956768732e-06
7.7025999532e-06
7.7095230331e-06
7.7164461131e-06
7.7233691931e-06
7.730292253e-06
7.737215333e-06
7.7441384129e-06
7.7510614929e-06
7.7579845729e-06
7.7649076528e-06
7.7718307128e-06
7.7787537927e-06
7.7925999526e-06
7.7925999526e-06
7.7944181326e-06
7.7962363126e-06
7.7980544926e-06
7.7998726726e-06
7.8016908526e-06
7.8035090526e-06
7.8053272326e-06
7.8071454126e-06
7.8089635925e-06
7.8107817725e-06
7.8125999525e-06
7.8144181325e-06
7.8162363125e-06
7.8180544925e-06
7.8198726725e-06
7.8216908525e-06
7.8235090525e-06
7.8253272324e-06
7.8271454124e-06
7.8289635924e-06
7.8325999524e-06
7.8325999524e-06
7.8302470124e-06
7.8278940724e-06
7.8255411324e-06
7.8231881925e-06
7.8208352525e-06
7.8184823125e-06
7.8161293725e-06
7.8137764325e-06
7.8114234725e-06
7.8090705325e-06
7.8067175926e-06
7.8043646526e-06
7.8020117126e-06
7.7996587726e-06
7.7973058326e-06
7.7925999526e-06
7.7925999526e-06
7.7881555127e-06
7.7837110727e-06
7.7792666127e-06
7.7748221727e-06
7.7703777328e-06
7.7659332928e-06
7.7614888328e-06
7.7570443929e-06
7.7525999529e-06
7.7481555129e-06
7.7437110729e-06
7.739266613e-06
7.734822173e-06
7.730377733e-06
7.725933293e-06
7.7214888331e-06
7.7125999531e-06
7.7125999531e-06
7.7225999531e-06
7.732599953e-06
7.7425999529e-06
7.7525999529e-06
7.7625999528e-06
7.7725999528e-06
7.7925999526e-06
7.7925999526e-06
7.7792666127e-06
7.7659332928e-06
7.7525999529e-06
7.739266613e-06
7.725933293e-06
7.7125999531e-06
7.6992666132e-06
7.6859332933e-06
7.6725999534e-06
7.6592666135e-06
7.6459332935e-06
7.6325999536e-06
7.6192666137e-06
7.5925999539e-06
7.5925999539e-06
7.5853272339e-06
7.5780544939e-06
7.570781774e-06
7.563509054e-06
7.5562363141e-06
7.5489635941e-06
7.5416908542e-06
7.5344181342e-06
7.5271454143e-06
7.5125999543e-06
7.5125999543e-06
7.5125999543e-06
7.5125999543e-06
7.5125999543e-06
7.5125999543e-06
7.5125999543e-06
7.5125999543e-06
7.5125999543e-06
7.5125999543e-06
7.5125999543e-06
7.5125999543e-06
7.5125999543e-06
7.5125999543e-06
7.5175999543e-06
7.5225999543e-06
7.5275999543e-06
7.5325999542e-06
7.5375999542e-06
7.5425999542e-06
7.5525999541e-06
7.5525999541e-06
7.5325999542e-06
7.5125999543e-06
7.4925999545e-06
7.4725999546e-06
7.4525999547e-06
7.412599955e-06
7.412599955e-06
7.3903777351e-06
7.3681555152e-06
7.3459332954e-06
7.3237110755e-06
7.3014888356e-06
7.2792666158e-06
7.2570443959e-06
7.2125999562e-06
7.2125999562e-06
7.2059332962e-06
7.1992666162e-06
7.1925999563e-06
7.1859332963e-06
7.1792666164e-06
7.1725999564e-06
7.1659332964e-06
7.1525999565e-06
7.1525999565e-06
7.1668856764e-06
7.1811713764e-06
7.1954570963e-06
7.2097428162e-06
7.2240285361e-06
7.238314236e-06
7.2525999559e-06
7.2668856758e-06
7.2811713757e-06
7.2954570957e-06
7.3097428156e-06
7.3240285355e-06
7.3525999553e-06
7.3525999553e-06
7.3570443953e-06
7.3614888353e-06
7.3659332952e-06
7.3703777352e-06
7.3748221752e-06
7.3792666152e-06
7.3837110751e-06
7.3925999551e-06
7.3925999551e-06
7.3942666151e-06
7.3959332951e-06
7.397599955e-06
7.399266615e-06
7.400933295e-06
7.402599955e-06
7.404266615e-06
7.405933295e-06
7.407599955e-06
7.409266615e-06
7.412599955e-06
7.412599955e-06
7.404028535e-06
7.3954570951e-06
7.3868856751e-06
7.3783142352e-06
7.3697428152e-06
7.3525999553e-06
7.3525999553e-06
7.3616908553e-06
7.3707817752e-06
7.3798726751e-06
7.3889635951e-06
7.398054495e-06
7.407145415e-06
7.4162363149e-06
7.4253272349e-06
7.4344181348e-06
7.4525999547e-06
7.4525999547e-06
7.4592666147e-06
7.4659332946e-06
7.4725999546e-06
7.4792666145e-06
7.4925999545e-06
7.4925999545e-06
7.5092666144e-06
7.5259332943e-06
7.5425999542e-06
7.5592666141e-06
7.575933294e-06
7.5925999539e-06
7.6092666138e-06
7.6259332937e-06
7.6425999536e-06
7.6592666135e-06
7.6925999532e-06
7.6925999532e-06
7.7025999532e-06
7.7125999531e-06
7.7225999531e-06
7.732599953e-06
7.7425999529e-06
7.7525999529e-06
7.7625999528e-06
7.7725999528e-06
7.7825999527e-06
7.7925999526e-06
7.8025999526e-06
7.8125999525e-06
7.8225999525e-06
7.8325999524e-06
7.8525999523e-06
7.8525999523e-06
7.8611713722e-06
7.8697428122e-06
7.8783142321e-06
7.8868856721e-06
7.895457092e-06
7.904028532e-06
7.9125999519e-06
7.9211713719e-06
7.9297428118e-06
7.9383142318e-06
7.9468856717e-06
7.9554570917e-06
7.9725999515e-06
7.9725999515e-06
7.9775999515e-06
7.9825999515e-06
7.9875999515e-06
7.9925999514e-06
7.9975999514e-06
8.0025999514e-06
8.0075999513e-06
8.0125999513e-06
8.0175999513e-06
8.0225999512e-06
8.0275999512e-06
8.0325999512e-06
8.0375999512e-06
8.0425999511e-06
8.0525999511e-06
8.0525999511e-06
8.061830711e-06
8.0710614909e-06
8.0802922509e-06
8.0895230308e-06
8.0987537908e-06
8.1079845707e-06
8.1172153307e-06
8.1264461106e-06
8.1356768706e-06
8.1449076505e-06
8.1541384104e-06
8.1725999503e-06
8.1725999503e-06
8.1783142303e-06
8.1840285303e-06
8.1897428102e-06
8.1954570902e-06
8.2011713702e-06
8.2068856701e-06
8.2125999501e-06
8.2183142301e-06
8.22402853e-06
8.22974281e-06
8.2354570899e-06
8.2411713699e-06
8.2525999498e-06
8.2525999498e-06
8.2565999498e-06
8.2605999498e-06
8.2645999498e-06
8.2725999497e-06
8.2725999497e-06
8.2562363098e-06
8.2398726699e-06
8.22350905e-06
8.2071454101e-06
8.1907817702e-06
8.1744181303e-06
8.1580544904e-06
8.1416908505e-06
8.1253272306e-06
8.0925999508e-06
8.0925999508e-06
8.0825999509e-06
8.0725999509e-06
8.062599951e-06
8.0525999511e-06
8.0425999511e-06
8.0325999512e-06
8.0225999512e-06
8.0125999513e-06
8.0025999514e-06
7.9925999514e-06
7.9825999515e-06
7.9725999515e-06
7.9525999517e-06
7.9525999517e-06
7.9525999517e-06
7.9525999517e-06
7.9525999517e-06
7.9525999517e-06
7.9525999517e-06
7.9525999517e-06
7.9525999517e-06
7.9525999517e-06
7.9525999517e-06
7.9525999517e-06
7.9541384117e-06
7.9556768716e-06
7.9572153316e-06
7.9587537916e-06
7.9602922516e-06
7.9618307116e-06
7.9633691916e-06
7.9649076516e-06
7.9664461116e-06
7.9679845716e-06
7.9695230316e-06
7.9725999515e-06
7.9725999515e-06
7.9485999517e-06
7.9245999518e-06
7.900599952e-06
7.8525999523e-06
7.8525999523e-06
7.8125999525e-06
7.7725999528e-06
7.732599953e-06
7.6925999532e-06
7.6125999537e-06
7.6125999537e-06
7.6125999537e-06
7.6125999537e-06
7.6125999537e-06
7.6125999537e-06
7.6125999537e-06
7.6125999537e-06
7.6125999537e-06
7.6125999537e-06
7.6125999537e-06
7.6205999537e-06
7.6285999536e-06
7.6365999536e-06
7.6445999535e-06
7.6525999535e-06
7.6605999534e-06
7.6685999534e-06
7.6765999533e-06
7.6845999533e-06
7.6925999532e-06
7.7005999532e-06
7.7085999532e-06
7.7165999531e-06
7.732599953e-06
7.732599953e-06
7.7659332928e-06
7.8325999524e-06
7.8325999524e-06
7.8507817723e-06
7.8689635922e-06
7.8871454121e-06
7.905327232e-06
7.9235090518e-06
7.9416908517e-06
7.9598726716e-06
7.9780544915e-06
7.9962363114e-06
8.0325999512e-06
8.0325999512e-06
8.0525999511e-06
8.0725999509e-06
8.0925999508e-06
8.1125999507e-06
8.1325999506e-06
8.1525999505e-06
8.1925999502e-06
8.1925999502e-06
8.2059332901e-06
8.21926661e-06
8.23259995e-06
8.2459332899e-06
8.2725999497e-06
8.2725999497e-06
8.2775999497e-06
8.2825999497e-06
8.2875999496e-06
8.2925999496e-06
8.2975999496e-06
8.3025999495e-06
8.3125999495e-06
8.3125999495e-06
8.3825999491e-06
8.4525999486e-06
8.5925999478e-06
8.5925999478e-06
8.5909332878e-06
8.5892666078e-06
8.5875999478e-06
8.5859332878e-06
8.5842666078e-06
8.5825999478e-06
8.5809332878e-06
8.5792666079e-06
8.5775999479e-06
8.5759332879e-06
8.5725999479e-06
8.5725999479e-06
8.5712666079e-06
8.5699332879e-06
8.5685999479e-06
8.5672666079e-06
8.5659332879e-06
8.5645999479e-06
8.563266608e-06
8.561933288e-06
8.560599948e-06
8.559266608e-06
8.557933288e-06
8.556599948e-06
8.555266608e-06
8.552599948e-06
8.552599948e-06
8.5454570881e-06
8.5383142281e-06
8.5311713682e-06
8.5240285282e-06
8.5168856682e-06
8.5097428083e-06
8.5025999483e-06
8.4954570884e-06
8.4883142284e-06
8.4811713685e-06
8.4740285285e-06
8.4668856685e-06
8.4525999486e-06
8.4525999486e-06
8.4605999486e-06
8.4685999485e-06
8.4765999485e-06
8.4845999484e-06
8.4925999484e-06
8.5005999483e-06
8.5085999483e-06
8.5165999482e-06
8.5325999481e-06
8.5325999481e-06
8.5279845682e-06
8.5233691882e-06
8.5187537882e-06
8.5141384083e-06
8.5095230283e-06
8.5049076483e-06
8.5002922483e-06
8.4956768684e-06
8.4910614884e-06
8.4864461084e-06
8.4818307085e-06
8.4725999485e-06
8.4725999485e-06
8.4625999486e-06
8.4525999486e-06
8.4425999487e-06
8.4325999488e-06
8.4125999489e-06
8.4125999489e-06
8.398314229e-06
8.384028529e-06
8.3697428091e-06
8.3554570892e-06
8.3411713693e-06
8.3125999495e-06
8.3125999495e-06
8.2925999496e-06
8.2725999497e-06
8.2525999498e-06
8.23259995e-06
8.1925999502e-06
8.1925999502e-06
8.1605999504e-06
8.1285999506e-06
8.0965999508e-06
8.0325999512e-06
8.0325999512e-06
8.0350999512e-06
8.0375999512e-06
8.0400999511e-06
8.0425999511e-06
8.0450999511e-06
8.0475999511e-06
8.0525999511e-06
8.0525999511e-06
8.0525999511e-06
8.0525999511e-06
7.7725999528e-06
7.7725999528e-06
7.7723367928e-06
7.7720736328e-06
7.7718104728e-06
7.7715473128e-06
7.7712841728e-06
7.7710210128e-06
7.7707578528e-06
7.7704946928e-06
7.7702315328e-06
7.7699683728e-06
7.7697052128e-06
7.7694420528e-06
7.7691788928e-06
7.7689157328e-06
7.7686525928e-06
7.7683894328e-06
7.7681262728e-06
7.7678631128e-06
7.7675999528e-06
7.7673367928e-06
7.7670736328e-06
7.7668104728e-06
7.7665473128e-06
7.7662841728e-06
7.7660210128e-06
7.7657578528e-06
7.7654946928e-06
7.7652315328e-06
7.7649683728e-06
7.7647052128e-06
7.7644420528e-06
7.7641788928e-06
7.7639157328e-06
7.7636525928e-06
7.7633894328e-06
7.7631262728e-06
7.7628631128e-06
7.7625999528e-06
7.7623367928e-06
7.7620736328e-06
7.7618104728e-06
7.7615473128e-06
7.7612841728e-06
7.7610210128e-06
7.7607578528e-06
7.7604946928e-06
7.7602315328e-06
7.7599683728e-06
7.7597052128e-06
7.7594420528e-06
7.7591788928e-06
7.7589157328e-06
7.7586525928e-06
7.7583894328e-06
7.7581262729e-06
7.7578631129e-06
7.7575999529e-06
7.7573367929e-06
7.7570736329e-06
7.7568104729e-06
7.7565473129e-06
7.7562841729e-06
7.7560210129e-06
7.7557578529e-06
7.7554946929e-06
7.7552315329e-06
7.7549683729e-06
7.7547052129e-06
7.7544420529e-06
7.7541788929e-06
7.7539157329e-06
7.7536525929e-06
7.7533894329e-06
7.7531262729e-06
7.7528631129e-06
7.7525999529e-06
7.7523367929e-06
7.7520736329e-06
7.7518104729e-06
7.7515473129e-06
7.7512841729e-06
7.7510210129e-06
7.7507578529e-06
7.7504946929e-06
7.7502315329e-06
7.7499683729e-06
7.7497052129e-06
7.7494420529e-06
7.7491788929e-06
7.7489157329e-06
7.7486525929e-06
7.7483894329e-06
7.7481262729e-06
7.7478631129e-06
7.7475999529e-06
7.7473367929e-06
7.7470736329e-06
7.7468104729e-06
7.7465473129e-06
7.7462841729e-06
7.7460210129e-06
7.7457578529e-06
7.7454946929e-06
7.7452315329e-06
7.7449683729e-06
7.7447052129e-06
7.7444420529e-06
7.7441788929e-06
7.7439157329e-06
7.7436525929e-06
7.7433894329e-06
7.7431262729e-06
7.7428631129e-06
7.7425999529e-06
7.7423367929e-06
7.7420736329e-06
7.7418104729e-06
7.741547313e-06
7.741284173e-06
7.741021013e-06
7.740757853e-06
7.740494693e-06
7.740231533e-06
7.739968373e-06
7.739705213e-06
7.739442053e-06
7.739178893e-06
7.738915733e-06
7.738652593e-06
7.738389433e-06
7.738126273e-06
7.737863113e-06
7.737599953e-06
7.737336793e-06
7.737073633e-06
7.736810473e-06
7.736547313e-06
7.736284173e-06
7.736021013e-06
7.735757853e-06
7.735494693e-06
7.735231533e-06
7.734968373e-06
7.734705213e-06
7.734442053e-06
7.734178893e-06
7.733915733e-06
7.733652593e-06
7.733389433e-06
7.733126273e-06
7.732863113e-06
7.732599953e-06
7.732336793e-06
7.732073633e-06
7.731810473e-06
7.731547313e-06
7.731284173e-06
7.731021013e-06
7.730757853e-06
7.730494693e-06
7.730231533e-06
7.729968373e-06
7.729705213e-06
7.729442053e-06
7.729178893e-06
7.728915733e-06
7.728652593e-06
7.728389433e-06
7.728126273e-06
7.727863113e-06
7.727599953e-06
7.727336793e-06
7.727073633e-06
7.726810473e-06
7.726547313e-06
7.726284173e-06
7.726021013e-06
7.725757853e-06
7.725494693e-06
7.7252315331e-06
7.7249683731e-06
7.7247052131e-06
7.7244420531e-06
7.7241788931e-06
7.7239157331e-06
7.7236525931e-06
7.7233894331e-06
7.7231262731e-06
7.7228631131e-06
7.7225999531e-06
7.7223367931e-06
7.7220736331e-06
7.7218104731e-06
7.7215473131e-06
7.7212841731e-06
7.7210210131e-06
7.7207578531e-06
7.7204946931e-06
7.7202315331e-06
7.7199683731e-06
7.7197052131e-06
7.7194420531e-06
7.7191788931e-06
7.7189157331e-06
7.7186525931e-06
7.7183894331e-06
7.7181262731e-06
7.7178631131e-06
7.7175999531e-06
7.7173367931e-06
7.7170736331e-06
7.7168104731e-06
7.7165473131e-06
7.7162841731e-06
7.7160210131e-06
7.7157578531e-06
7.7154946931e-06
7.7152315331e-06
7.7149683731e-06
7.7147052131e-06
7.7144420531e-06
7.7141788931e-06
7.7139157331e-06
7.7136525931e-06
7.7133894331e-06
7.7131262731e-06
7.7125999531e-06
