nan
-43.041051101
-40.560849898
-36.168714319
-31.209650988
-31.87912887
nan
-32.370306248
-37.873105789
-40.318590937
-38.426779917
-40.486684557
-36.811559341
nan
nan
nan
nan
nan
nan
nan
nan
-37.155158945
-37.121572594
-31.724892943
nan
-31.043239173
-30.805058933
-36.232665179
nan
-35.917557507
-36.575930279
-38.357607403
nan
-38.596927283
-35.538301562
-41.675542759
-36.302867584
-40.939930381
-35.410880066
-33.873774233
nan
nan
nan
nan
-39.301404165
-42.080185283
-38.519952371
-43.912917901
-39.702369008
-40.549722842
-35.865015415
-34.638173419
-35.343934671
nan
-37.36252225
-41.488288884
-36.428337573
-35.045230736
-33.388705151
-28.701811176
-26.786430823
-35.581593286
-34.528684881
-38.035011756
-35.08896897
-38.388036328
nan
-37.501325385
nan
-35.335864153
nan
-42.918575334
-34.389530407
-41.620836778
-41.352730769
nan
nan
nan
nan
-40.07675981
-38.468357521
-38.758663847
-39.518718783
-38.151977588
-40.25187333
-43.423356376
-42.469801284
nan
nan
nan
-45.492439744
nan
nan
nan
nan
nan
nan
nan
nan
nan
nan
-33.606958532
-36.41582752
-40.437140973
-37.977108724
-41.167113313
-34.252919464
-37.154922491
nan
-36.845753371
-36.245520065
nan
nan
-38.183763443
-34.121840254
-31.758747222
-30.874279808
nan
-33.696654761
-32.161929942
-30.868570393
-32.657648227
-34.501299533
-27.820539875
-32.763814336
-34.836799642
-35.87673628
-36.485881605
-36.483645361
-34.440971472
-35.990820048
-35.518909642
-33.930327459
-34.101477134
-32.250777094
-33.36034364
-34.326344472
-36.823992103
-36.655100446
-32.065293034
-37.500771947
-34.255387543
-34.884762103
-39.894439843
-36.737434678
-31.268238908
-30.549750983
-33.587358819
-33.198073
-33.013958578
nan
nan
-39.681931795
nan
-36.790963062
-32.247662553
-35.24923288
nan
nan
nan
-33.204992607
-34.524110005
-31.234756796
-34.891639753
-36.129049599
-33.229251172
-32.917107428
-31.482891269
-35.762609807
-34.278549621
-38.1475364
-35.170229075
-32.740433135
-38.193015997
-39.901622233
-37.745955368
nan
-44.696945546
nan
-38.148756008
-41.934470662
nan
-42.185500404
nan
nan
-44.138972997
nan
-42.493549106
nan
-41.842031053
-39.096041421
-41.590983901
-41.432612904
-37.527315811
-38.891266392
-35.33729316
-39.080281234
-46.188190105
-43.819963699
nan
-44.961929463
-46.880954024
nan
-39.600523614
-43.800599029
-38.840537376
-48.207095989
-43.023726086
-42.358833079
-44.553487822
-44.769380031
-43.462888986
-47.789972893
-44.190944733
nan
-46.804116393
-47.13095849
-45.81723537
-47.801376161
-45.779618843
-46.058945942
-45.141233033
nan
-49.339250335
-49.224637045
-47.322129161
-44.038087891
-47.268463306
-50.509674266
-44.121643793
-49.225089252
-50.964056091
-53.703841764
nan
-54.065722383
-52.742936208
-48.938219229
-44.933255324
-53.510628381
-50.936941764
-50.887499303
-55.004559908
-50.327408469
-52.954371379
nan
-50.016040524
nan
-48.608919365
-42.536905966
-49.349084742
-48.668365678
-43.574645795
-46.022481957
-47.495566262
-45.129496168
-45.442785098
nan
-38.80060112
-37.287235041
-36.625977435
-40.748450459
-34.233292799
-30.654667228
-29.223574214
-28.307705737
-34.44752337
-34.834065077
-35.522187803
nan
-41.284213776
-36.382131674
-37.506234708
-35.215915828
-37.595542892
-37.59365818
-36.607572323
-39.955875299
-40.144155352
nan
nan
-36.973604673
-31.84860871
-32.830068809
-34.20098995
-30.633547738
-34.286238905
-36.927563621
-31.863160785
-29.257054324
-30.485894824
-34.530834928
-29.260755339
-24.789192748
-32.476406699
-32.0644921
-35.095016457
-33.289774373
-28.641237281
-33.125232253
-32.226532484
-32.217732532
-31.333088528
-28.201495496
nan
-28.751061623
-29.798477925
-33.553542618
-30.068212236
-27.274516875
-25.392381735
-27.300252749
-28.879052332
-24.432386636
-24.050748429
-27.127602257
-28.474323183
-30.273829696
-30.021704705
-30.509629194
-28.726370923
-31.921315868
-31.535801541
-30.378153828
-25.623886955
-32.263973985
nan
-31.297795739
-32.019784557
-33.108367473
nan
nan
-34.614639853
nan
-36.266112372
-38.594988772
-41.360767051
nan
nan
-43.628339349
nan
nan
nan
nan
nan
-30.084757694
-29.776380408
-27.789908973
-27.594445058
-24.45743999
-26.043797911
-31.317263345
-27.626695611
-27.342439567
-24.969983013
-27.441316936
-32.027531929
-32.344971797
-37.86834591
nan
-37.71177708
-34.603768385
-34.710389062
-36.291542782
-36.448907859
-30.805827874
-32.530602703
-26.492121237
nan
-33.175855716
-35.525087062
-33.020244004
-33.284742
-28.378186267
-33.162153823
-36.971898731
-31.102813078
-29.354017586
nan
-25.350601467
-24.876249574
-28.175984655
-29.748408359
-27.832164393
-38.715958108
-38.478356817
-36.545862338
-36.934951554
-36.338549102
-30.881625229
-29.723277526
-29.937214161
-26.810868178
-31.519432707
-29.787110194
-32.296790163
-32.534889059
-35.174051532
-32.992663939
-35.265376692
-34.145447843
-30.046194458
-30.219793105
-33.471125301
-34.413879286
-28.403664906
-32.932647424
-31.680524465
-37.412837226
-32.716932952
-31.206473821
-35.475553599
-34.146245473
-30.301300936
-26.821152954
-21.723876219
-23.618493529
-24.225622096
-33.026467041
-28.082514305
-28.301732344
-26.935706691
-26.222924799
-31.238530123
-31.909292609
-31.368009437
-32.86176142
nan
-35.44959185
-32.255585631
-28.704823095
-27.255248596
-28.113385156
-25.104606842
-26.001305931
-29.632322742
-32.502880377
-32.074938844
-31.120006088
-31.391339668
-30.636318759
-32.165910219
-31.476531227
-31.748316823
-25.848650599
-26.955530641
-28.879649554
-27.966489339
-30.67916528
-29.50083409
-27.269761896
-29.611266153
-28.337689542
-31.939573109
-36.047391142
-31.333583138
-31.240821217
-32.283059809
-33.132032481
-34.39935299
-36.661868816
-32.372642951
nan
-33.814977194
-33.658513495
nan
nan
nan
-31.607930049
-36.22966649
-34.041217455
-33.424086105
nan
nan
nan
-34.744166901
-37.923834867
-37.364158323
-37.710349423
-34.041759526
-34.695110915
-33.027332985
-34.261658294
-32.835003949
-36.348813798
-34.625027402
-35.91238287
-40.066470895
-36.821393063
-34.202218565
-35.913472885
-32.970311153
-32.879845134
-32.14813558
-32.25015908
-29.611358086
-33.766948441
-32.462509233
-31.111880461
nan
-35.4748173
-32.256431105
-33.875499003
-28.231037888
-32.487193169
-38.936036696
-30.484827616
-31.724343943
nan
-33.934528898
-36.101819506
-31.49432108
-32.217419797
-30.428360625
-35.39224884
-33.182097818
-34.849637477
-32.603460751
-28.758253956
-24.673352552
-31.061386996
-32.126590427
nan
-34.425468008
-30.15997941
-28.494208226
-32.304864985
-30.233122567
-30.251607056
-32.450848198
-38.077068173
-34.407248863
nan
-33.313304777
nan
-37.15907296
-30.974621925
-28.532710848
-32.79898254
-34.485927615
-38.380046749
-38.546958424
-34.88899401
-33.485932221
-31.421111224
-33.707196339
nan
nan
nan
nan
nan
-41.949070249
nan
-36.035320175
-34.30562997
-36.801397268
-35.509758212
-34.605928428
-38.123023529
nan
nan
-37.806667296
-39.270678116
-42.419624789
-43.463942838
-43.448393527
-43.582359468
-44.635881331
-47.175081017
-50.273308294
-54.953966925
nan
nan
nan
nan
nan
nan
nan
nan
nan
nan
nan
nan
nan
nan
nan
nan
nan
nan
nan
nan
nan
nan
nan
nan
nan
nan
nan
nan
nan
nan
nan
nan
nan
nan
nan
nan
nan
nan
nan
nan
nan
nan
nan
nan
nan
nan
nan
nan
nan
nan
nan
nan
nan
nan
nan
nan
nan
nan
nan
nan
nan
nan
nan
nan
nan
nan
nan
nan
nan
nan
nan
nan
nan
nan
nan
nan
nan
nan
nan
nan
nan
nan
nan
nan
nan
nan
nan
nan
nan
nan
nan
nan
nan
nan
nan
nan
nan
nan
nan
nan
nan
nan
nan
nan
nan
nan
nan
nan
nan
nan
nan
nan
nan
nan
nan
nan
nan
nan
nan
nan
nan
nan
nan
nan
nan
nan
nan
nan
nan
nan
nan
nan
nan
nan
nan
nan
nan
nan
nan
nan
nan
nan
nan
nan
nan
nan
nan
nan
nan
nan
nan
nan
nan
nan
nan
nan
nan
nan
nan
nan
nan
nan
nan
nan
nan
nan
nan
nan
nan
nan
nan
nan
nan
nan
nan
nan
nan
nan
nan
nan
nan
nan
nan
nan
nan
nan
nan
nan
nan
nan
nan
nan
nan
nan
nan
nan
nan
nan
nan
nan
nan
nan
nan
nan
nan
nan
nan
nan
nan
nan
nan
nan
nan
nan
nan
nan
nan
nan
nan
nan
nan
nan
nan
nan
nan
nan
nan
nan
nan
nan
nan
nan
nan
nan
nan
nan
nan
nan
nan
nan
nan
nan
nan
nan
nan
nan
nan
nan
nan
nan
nan
nan
nan
nan
nan
nan
nan
nan
nan
nan
nan
nan
nan
nan
nan
nan
nan
nan
nan
nan
nan
nan
nan
nan
nan
nan
nan
nan
nan
nan
nan
nan
nan
nan
nan
nan
nan
nan
nan
nan
nan
nan
nan
nan
nan
nan
nan
nan
nan
nan
nan
nan
nan
nan
nan
nan
nan
nan
nan
nan
nan
nan
nan
nan
nan
nan
nan
nan
nan
nan
nan
nan
nan
nan
nan
nan
nan
nan
nan
nan
nan
nan
nan
nan
nan
nan
nan
nan
nan
nan
nan
nan
nan
nan
nan
nan
nan
nan
nan
nan
nan
nan
nan
nan
nan
nan
nan
nan
nan
nan
nan
nan
nan
nan
nan
nan
nan
nan
nan
nan
nan
nan
nan
nan
nan
nan
nan
nan
nan
nan
nan
nan
nan
nan
nan
nan
nan
nan
nan
nan
nan
nan
nan
nan
nan
nan
nan
nan
nan
nan
nan
nan
nan
nan
nan
nan
nan
nan
nan
nan
nan
nan
nan
nan
nan
nan
nan
nan
nan
nan
nan
nan
nan
nan
nan
nan
nan
nan
nan
nan
nan
nan
nan
nan
nan
nan
nan
nan
nan
nan
nan
nan
nan
nan
nan
nan
nan
nan
nan
nan
nan
nan
nan
nan
nan
nan
nan
nan
nan
nan
nan
nan
nan
nan
nan
nan
nan
nan
nan
nan
nan
nan
nan
nan
nan
nan
nan
nan
nan
nan
nan
nan
nan
-54.590488586
-53.94986342
-49.830358189
-50.850006233
-51.502784126
-47.996339048
-47.230141059
-49.951339676
nan
-49.113033351
-41.874997477
-39.254110542
-34.547279715
-31.294935988
-33.608639895
-34.667699071
-37.303687759
-40.563373936
-37.483651812
-34.765437576
nan
-37.566461968
-37.635127154
-37.891456746
-38.218923376
nan
-39.346444487
-37.622112381
-34.46887177
-32.670539298
-33.435343779
-37.789435149
-32.480664531
-30.979326666
-28.471748438
-24.461918483
-24.924430675
-29.056132213
-25.384369529
-31.58351953
-34.661593927
-26.993710477
-31.804346
-38.573957433
-33.458687676
-31.082289827
-29.670962629
-26.605224994
-33.315846904
-29.384204086
-30.077577187
-33.812750828
nan
-35.491280276
-31.894178449
-34.730265621
-33.738740654
-30.149571088
-36.201624669
-38.825127557
-29.038026943
-28.43865765
-31.990484603
-25.393628421
-27.924715074
-28.761855559
-29.233185535
-23.506292919
-28.076741342
-26.347678273
-27.551258845
-31.008672877
-33.647422954
-31.984127276
-33.799300755
-35.031019905
-37.723625416
-36.921309913
-32.888438864
-39.458538001
nan
-37.016633777
-34.72315281
-31.167059577
-33.922164395
-37.735909473
-37.993788038
-37.049602403
-31.846312663
-30.13929879
-33.965963218
-31.604139886
-30.333853025
-31.29007164
-34.752358384
-39.331799145
-37.339440216
nan
-38.347469719
nan
-44.901151728
-42.382516249
-36.413489528
-35.168018745
-40.388853154
-38.42680179
-37.178782466
-40.976748526
-34.788605943
-33.503655865
-36.577946792
-39.805406831
-33.377602536
-37.031488263
-37.536451611
-37.649309919
-35.193514882
nan
-38.664317486
nan
-41.714258312
-40.236682494
-37.733755538
-36.956982821
-34.626207304
-35.524122756
-34.34945776
-33.214913266
-28.216158602
-24.454919644
-24.493676835
-32.207738493
-34.241277347
-35.714727065
-36.134331412
-35.272385832
-38.54594766
-38.94884295
nan
nan
-34.65245332
-37.410703658
-39.741447251
-33.695405273
-29.787576086
-30.169952417
-34.736439292
-32.508148437
-31.581910648
-26.148383418
-34.244164918
-31.085453616
-25.312409105
-24.028780814
-26.085202583
-27.607581238
-29.852861416
-27.41847925
-24.115211128
-28.759104555
-33.873353099
nan
-30.03077407
-30.615549048
-33.086559732
-28.279359988
-27.219411389
-32.753765886
nan
-29.353979388
-28.03743691
-36.573414753
nan
-36.884742832
nan
-33.734921552
nan
nan
nan
-38.103921445
nan
nan
-32.602429719
-34.51117665
nan
nan
-40.438352077
-36.903918596
-33.361467617
-31.911506534
-25.973332441
-35.837452549
-29.970788114
-32.614011694
-31.103618277
-28.306237915
-38.04241542
-36.155500172
-39.127259454
-34.626993958
-32.341517146
-30.610535536
-32.312765728
-35.189066063
nan
-42.624316084
nan
nan
-37.039832578
nan
-40.925384717
-36.583264712
nan
-34.413398325
-34.874168538
-37.318712804
-34.416667574
-37.417249128
nan
-39.122154916
-41.299151909
-39.999949064
-41.637725469
-38.532893145
-38.729070517
nan
-40.691595556
-39.448180257
nan
nan
-38.15512874
-41.396542007
-36.335606904
nan
-36.463240344
-41.319888849
nan
nan
-37.929488175
nan
nan
nan
nan
nan
nan
nan
nan
-36.089363429
-34.586106709
nan
-32.665348999
nan
nan
nan
-39.059663608
nan
nan
-38.337127896
-40.97268119
nan
nan
nan
nan
nan
-42.512437363
-43.548725807
nan
-43.704591136
nan
nan
nan
nan
nan
-48.157829964
-43.942391739
-43.620085275
nan
nan
nan
-38.260612088
-44.886736726
nan
nan
nan
nan
-38.744045
nan
nan
nan
-32.568578034
-33.142363963
nan
-34.00907301
-36.128223118
-31.910784943
-42.369802335
-36.846839548
nan
-36.388364366
-37.216499266
-37.240781155
-37.962291501
-34.359181477
-34.800464969
-36.028447937
-37.4877865
-36.287398491
-35.095514121
-38.620818211
-38.308038266
-35.05660851
-34.805022641
-35.267240909
nan
-39.395119707
-32.983804228
-33.28870388
-39.990680354
-42.818466177
-41.173812465
-34.282142995
-39.398062371
-37.326094631
-37.142647861
-38.185996902
-39.536068222
-34.392033161
-35.359903992
-40.452024917
-40.493469204
-38.131858013
-41.766609487
-38.184062373
-33.980148724
-39.67694806
-40.915008758
-38.189546796
-32.17254883
-38.943942695
-38.920044429
-41.797121176
-37.803607526
-36.434435636
-42.24939967
-38.84104294
-38.513906371
-36.230733329
-38.069533827
-37.047748937
-44.231043001
-37.690628503
nan
-37.672481536
-38.391160993
-37.620557376
-43.8347714
nan
-37.746099349
-40.474814964
-44.764332359
nan
nan
-41.668141142
-44.74965122
-48.022832067
-50.154148995
nan
nan
-49.1513572
-47.425320356
-50.038450585
nan
-44.307272999
nan
nan
nan
nan
-50.911459771
-48.033324722
-51.435753888
nan
-45.487033866
nan
-46.413643347
-51.09179861
-48.319948921
-49.616348524
-47.762928436
nan
-53.198752991
-53.682802317
-53.253698667
-51.125507152
nan
nan
-48.601555074
nan
nan
-50.673041564
nan
nan
nan
-45.876197906
-46.706165104
-43.539779615
nan
nan
nan
-48.627180767
-44.536117608
-47.627472446
-45.211434273
-47.024223458
-49.515083322
-50.00619487
-49.178606966
-46.88637083
-46.436088808
-50.414808687
-49.975066659
-50.538774863
nan
-46.635536599
-44.526452791
-45.165254362
-48.125115009
-42.60824951
-43.022215762
-44.126468696
nan
nan
nan
nan
nan
nan
-42.06119685
-36.489491166
-34.885381946
-35.742320697
-41.481731167
-39.31757788
-43.271549471
-43.989299063
-44.636651388
-38.07357407
-36.55474428
-43.645560139
-43.181904633
-44.702379538
-47.124941336
-41.532625962
-40.28204289
-45.866293897
-47.344047625
-44.447945394
-45.902514019
-44.599578297
-40.064908016
-47.622685453
-41.896583594
-40.655370295
-42.828955279
-41.615581075
-44.825255936
-42.304369273
-42.584886761
-42.991354294
-44.07594857
-43.771376736
-45.095131063
-45.935623843
-44.838950829
-48.885288085
-41.955919534
-47.731622667
-46.44220734
-48.068262214
-43.396633825
-45.521401595
-45.186574463
-45.231161126
-43.018263424
-46.361107481
-46.770487901
-44.400028537
-44.946738761
-40.372395511
-47.949305703
-48.692986005
-50.257039341
-48.013004321
-42.20004792
-46.983603787
-48.000886132
nan
-47.400992826
-52.443751064
-45.473723516
-43.109319274
-42.143957955
-45.870487127
-52.240397115
-54.487965513
nan
nan
nan
nan
-52.425878
-48.755511264
-49.860666862
nan
-47.670061435
-48.303883455
-51.458230379
nan
nan
-60.906394115
nan
nan
nan
nan
-49.90372445
-50.002087321
-50.930796562
-51.9978202
-54.266123074
-57.988564623
-64.251454618
-77.967752059
nan
nan
nan
nan
nan
nan
nan
nan
nan
nan
nan
nan
nan
nan
nan
nan
nan
nan
nan
nan
nan
nan
nan
nan
nan
nan
nan
nan
nan
nan
nan
nan
nan
nan
nan
nan
nan
nan
nan
nan
nan
nan
nan
nan
nan
nan
nan
nan
nan
nan
nan
nan
nan
nan
nan
nan
nan
nan
nan
nan
nan
nan
nan
nan
nan
nan
nan
nan
nan
nan
nan
nan
nan
nan
nan
nan
nan
nan
nan
nan
nan
nan
nan
nan
nan
nan
nan
nan
nan
nan
nan
nan
nan
nan
nan
nan
nan
nan
nan
nan
nan
nan
nan
nan
nan
nan
nan
nan
nan
nan
nan
nan
nan
nan
nan
nan
nan
nan
nan
nan
nan
nan
nan
nan
nan
nan
nan
nan
nan
nan
nan
nan
nan
nan
nan
nan
nan
nan
nan
nan
nan
nan
nan
nan
nan
nan
nan
nan
nan
nan
nan
nan
nan
nan
nan
nan
nan
nan
nan
nan
nan
nan
nan
nan
nan
nan
nan
nan
nan
nan
nan
nan
nan
nan
nan
nan
nan
nan
nan
nan
nan
nan
nan
nan
nan
nan
nan
nan
nan
nan
nan
nan
nan
nan
nan
nan
nan
nan
nan
nan
nan
nan
nan
nan
nan
nan
nan
nan
nan
nan
nan
nan
nan
nan
nan
nan
nan
nan
nan
nan
nan
nan
nan
nan
nan
nan
nan
nan
nan
nan
nan
nan
nan
nan
nan
nan
nan
nan
nan
nan
nan
nan
nan
nan
nan
nan
nan
nan
nan
nan
nan
nan
nan
nan
nan
nan
nan
nan
nan
nan
nan
nan
nan
nan
nan
nan
nan
nan
nan
nan
nan
nan
nan
nan
nan
nan
nan
nan
nan
nan
nan
nan
nan
nan
nan
nan
nan
nan
nan
nan
nan
nan
nan
nan
nan
nan
nan
nan
nan
nan
nan
nan
nan
nan
nan
nan
nan
nan
nan
nan
nan
nan
nan
nan
nan
nan
nan
nan
nan
nan
nan
nan
nan
nan
nan
nan
nan
nan
nan
nan
nan
nan
nan
nan
nan
nan
nan
nan
nan
nan
nan
nan
nan
nan
nan
nan
nan
nan
nan
nan
nan
nan
nan
nan
nan
nan
nan
nan
nan
nan
nan
nan
nan
nan
nan
nan
nan
nan
nan
nan
nan
nan
nan
nan
nan
nan
nan
nan
nan
nan
nan
nan
nan
nan
nan
nan
nan
nan
nan
nan
nan
nan
nan
nan
nan
nan
nan
nan
nan
nan
nan
nan
nan
nan
nan
nan
nan
nan
nan
nan
nan
nan
nan
nan
nan
nan
nan
nan
nan
nan
nan
nan
nan
nan
nan
nan
nan
nan
nan
nan
nan
nan
nan
nan
nan
nan
nan
nan
nan
nan
nan
nan
nan
nan
nan
nan
nan
nan
nan
nan
nan
nan
nan
-65.922448222
-64.104188888
-62.278616375
-60.701395664
-60.045245309
-61.697866805
nan
-60.844889633
-57.820935116
-57.030879989
-56.433299805
-54.481436256
-54.442010254
-55.594100437
-55.999701374
-55.529342798
-54.739660425
-53.80881509
-53.561746312
-54.697285227
-60.748270339
nan
nan
nan
-66.459882628
-65.880489844
-64.352732494
nan
-65.275391543
nan
nan
-64.386978299
-64.100219524
-61.798645161
-70.090189607
nan
-71.313615717
nan
nan
-66.528101228
-65.419047149
-63.094026833
-67.295478911
nan
-60.137747167
nan
-73.587507809
-70.60036477
nan
-68.858094183
-70.647750327
-70.171895661
-70.13772718
nan
nan
nan
nan
-70.100300388
-67.781124856
-69.319528115
-71.770400849
nan
-69.67257618
nan
-72.415307226
-70.609095545
-75.284142383
-70.521587768
-73.937849115
nan
-72.845947045
-73.979343849
-74.65066587
-78.55666843
-79.585924153
-75.878936073
nan
-79.941915318
nan
-81.11585122
-80.08201182
-77.600669628
-78.122990093
-80.108014471
-77.441933157
-80.761096608
-78.549300972
-83.621838846
-78.582958335
nan
-81.077784147
-78.199635717
-78.617782578
nan
-76.620082528
-76.195076957
-76.888368326
nan
-74.968999974
-73.738786646
-76.469229886
nan
-74.328389703
-74.383638531
-72.398177852
-70.528669032
-71.313365458
-70.161410038
-69.155687504
-63.477742555
-65.754267988
nan
-64.865451622
-62.820975561
-61.98921027
-72.932430418
-71.835905975
-67.196012577
-64.422610843
-60.759062479
-60.738373703
-67.786662701
-66.113708027
-67.202356638
-65.888494882
-64.005634016
-61.963464517
-58.920006851
-57.877518786
-61.619006272
-62.975918519
-63.621611285
-59.651470863
-62.563897989
-66.578507562
nan
nan
nan
nan
-63.237888325
-63.288165203
-62.879494315
-61.107603318
-58.108794556
-57.421122016
-63.265767143
-55.904473346
-52.926561966
-56.189906146
-55.373980038
-55.817464852
-55.79499837
-52.986892767
-54.551822243
-48.018484803
-48.413614873
-47.364571307
-49.710218195
-46.814040831
-46.472262831
nan
nan
-48.724955398
-54.898390828
nan
nan
nan
-58.765488402
-55.449496668
-54.458132201
-59.427601968
-58.617512261
-51.700121819
-47.259839894
-45.40959416
-48.901795472
-46.791470387
-45.14456762
-41.95602666
-39.414521996
-39.74607977
-39.293576338
-36.898442779
-35.824910357
-39.781724126
-46.222556518
-40.660491999
nan
nan
-34.645522495
-34.998651413
-45.818510154
-38.248096485
-41.2675884
-35.505036445
-34.361397664
-42.46191719
-36.638963014
-37.557992684
-38.450557867
-36.477334232
-34.978546961
-39.401917894
-39.353679896
-43.239638137
-39.416940984
-43.348747901
-40.249102581
-45.055733506
-44.028213851
-44.232488572
-41.695450247
-43.03088355
-46.784270995
-47.808887129
-50.231653943
-46.968889535
-40.244852602
-39.810172202
-40.442414957
-44.221773655
-51.848196881
-50.892265627
-52.698822233
-51.450545731
-56.593215311
nan
nan
nan
-49.091284234
-47.344138788
-46.787619492
-43.00190488
nan
nan
nan
-47.131821879
-52.77635543
-50.150124491
-45.150234948
nan
-50.263862434
-49.871020759
-51.602794947
-52.499735341
-48.507958364
-56.533622347
-48.629422432
-51.706841322
-55.66850195
nan
nan
-56.567144335
nan
-51.053106365
-57.005581607
-56.495079429
nan
-58.102376585
-58.068712366
nan
-60.118973686
-55.483550853
-51.533980407
nan
nan
nan
nan
nan
-49.070257124
-42.850191349
-39.978307372
-37.939353387
-37.880904652
-31.985989803
-30.584862209
-29.656887987
-33.046076369
-35.31199477
-40.426310353
-37.985801621
-35.161584297
-36.68380717
-33.456782714
-32.533265124
nan
-32.080987091
-37.197402998
-35.72708552
-36.944437688
-33.598038234
-32.05257143
-28.585440488
-27.759594517
-28.739245051
-31.567580775
-28.089701388
-34.166165805
-40.166178667
-41.074284169
-30.176077987
-31.559033262
-30.0565433
-30.991710676
-32.436402705
-30.264973281
-35.787810785
-37.91586275
-36.134630719
-37.716047847
-32.167435709
-29.868213019
-35.153166502
-34.236634547
-33.538978327
-34.974814944
-38.377447362
-36.151278384
-34.13480917
-34.88353706
-34.881774193
-39.229744225
-31.667630938
-28.129374405
-30.626218684
-35.728806914
-38.082383543
-35.249926501
-34.743751788
-31.516769168
-34.537292777
-33.028071238
-30.678377172
-33.1593852
-37.10068083
-35.134883392
-37.010102504
-34.84946892
-32.487202096
-33.8241037
-34.465998955
-36.674280978
-40.380279675
-40.785558652
-39.450626189
-33.649268503
-33.95226926
-33.764682321
-37.253596659
-31.572929941
-34.740602902
-36.738261943
-34.226353168
-31.551327533
-35.625171356
-40.125235863
-34.69099235
-33.982573878
-38.277688806
-40.170520558
-38.909914088
-37.835943962
-32.926159713
-33.843314489
-35.241209303
-34.473011377
-33.779077415
-40.069444627
-37.176305314
-39.076642767
-40.6627736
-34.204435668
-38.757834568
-32.159842022
-38.036147105
-39.629747092
-35.512013335
-35.889160272
-29.554474752
-34.604337526
-35.575202095
-31.804416645
-36.179601432
-34.113959493
-39.251629362
-39.284926695
-41.009088056
-44.615255828
-41.889881058
-39.765103408
-39.220523006
-38.689845979
-43.023302303
-40.106163662
-38.238941941
-36.436452036
-33.40592842
-35.441869671
-30.425068816
-30.763662521
-30.697925816
-38.832158066
-38.64381292
-34.202477047
-33.747264
-32.950306217
-33.799654399
-37.96852637
-33.450799444
-29.862202759
-35.116213277
-34.292587307
-37.870720504
-36.806001213
-38.579567383
-38.323039627
-37.332030408
-35.834483629
-31.891415826
-33.925474998
-34.14381065
-36.641166109
-35.075414554
-29.122455066
-33.5427976
-30.013590082
-34.868002123
-42.985776389
-38.616551099
-37.834517623
-34.061002137
-37.064329022
-36.810067686
-31.777221746
-32.078552436
-34.347645293
-28.278958374
-32.44589957
-34.156913267
-34.950841091
-35.229355375
-39.307179817
-39.595332608
-36.576347439
-35.803947033
-36.08250606
-29.77804689
-33.329718013
-32.111343745
-31.681937359
-32.944214679
-36.402698843
-38.133170665
-36.077363662
-40.22359779
-35.955641706
-36.187181804
-36.344544216
-30.496132016
-27.108411243
-29.499773491
-26.002579232
-28.103883558
-33.068304287
-28.228435099
-33.826054752
-32.517034461
-35.335191372
-32.682575307
-34.259381534
-40.204217026
-32.6424786
-33.249985132
-36.620755978
-31.225614012
-36.350557445
-34.55458524
-34.358305219
-37.052865741
-34.576049403
-34.01967495
nan
-34.425492005
-32.641322745
-39.125399458
-39.001820193
-38.097972151
-37.337856452
-39.555415624
-36.681209944
-36.648998701
-36.204710011
-35.414732147
-26.663720974
-26.520217534
-29.076786958
-35.96482219
-34.30167834
-42.410057986
-41.780311335
-33.241628128
-31.821357119
-31.747963486
-37.510559859
-33.563836948
-33.401101624
-32.157596326
-35.761807286
nan
nan
-33.346761078
-33.145097318
nan
nan
-39.428672769
nan
nan
nan
nan
nan
-35.464593237
-34.840921705
-32.566129536
-32.195316279
-34.330069788
-37.162494287
-36.735792711
-36.132036074
-37.404917416
-40.34047304
nan
nan
nan
nan
nan
nan
nan
-49.383165358
-48.414334495
-52.178962445
-55.571619352
-49.651090145
-56.882717348
nan
nan
nan
nan
nan
nan
nan
nan
nan
nan
nan
nan
nan
nan
nan
nan
nan
nan
nan
nan
nan
nan
nan
nan
nan
nan
nan
nan
nan
nan
nan
nan
nan
nan
nan
nan
nan
nan
nan
nan
nan
nan
nan
nan
nan
nan
nan
nan
nan
nan
nan
nan
nan
nan
nan
nan
nan
nan
nan
nan
nan
nan
nan
nan
nan
nan
nan
nan
nan
nan
nan
nan
nan
nan
nan
nan
nan
nan
nan
nan
nan
nan
nan
nan
nan
nan
nan
nan
nan
nan
nan
nan
nan
nan
nan
nan
nan
nan
nan
nan
nan
nan
nan
nan
nan
nan
nan
nan
nan
nan
nan
nan
nan
nan
nan
nan
nan
nan
nan
nan
nan
nan
nan
nan
nan
nan
nan
nan
nan
nan
nan
nan
nan
nan
nan
nan
nan
nan
nan
nan
nan
nan
nan
nan
nan
nan
nan
nan
nan
nan
nan
nan
nan
nan
nan
nan
nan
nan
nan
nan
nan
nan
nan
nan
nan
nan
nan
nan
nan
nan
nan
nan
nan
nan
nan
nan
nan
nan
nan
nan
nan
nan
nan
nan
nan
nan
nan
nan
nan
nan
nan
nan
nan
nan
nan
nan
nan
nan
nan
nan
nan
nan
nan
nan
nan
nan
nan
nan
nan
nan
nan
nan
nan
nan
nan
nan
nan
nan
nan
nan
nan
nan
nan
nan
nan
nan
nan
nan
nan
nan
nan
nan
nan
nan
nan
nan
nan
nan
nan
nan
nan
nan
nan
nan
nan
nan
nan
nan
nan
nan
nan
nan
nan
nan
nan
nan
nan
nan
nan
nan
nan
nan
nan
nan
nan
nan
nan
nan
nan
nan
nan
nan
nan
nan
nan
nan
nan
nan
nan
nan
nan
nan
nan
nan
nan
nan
nan
nan
nan
nan
nan
nan
nan
nan
nan
nan
nan
nan
nan
nan
nan
nan
nan
nan
nan
nan
nan
nan
nan
nan
nan
nan
nan
nan
nan
nan
nan
nan
nan
nan
nan
nan
nan
nan
nan
nan
nan
nan
nan
nan
nan
nan
nan
nan
nan
nan
nan
nan
nan
nan
nan
nan
nan
nan
nan
nan
nan
nan
nan
nan
nan
nan
nan
nan
nan
nan
nan
nan
nan
nan
nan
nan
nan
nan
nan
nan
nan
nan
nan
nan
nan
nan
nan
nan
nan
nan
nan
nan
nan
nan
nan
nan
nan
nan
nan
nan
nan
nan
nan
nan
nan
nan
nan
nan
nan
nan
nan
nan
nan
nan
nan
nan
nan
nan
nan
nan
nan
nan
nan
nan
nan
nan
nan
nan
nan
nan
nan
nan
nan
nan
nan
nan
nan
nan
nan
nan
nan
nan
nan
nan
nan
nan
nan
nan
nan
nan
nan
nan
nan
nan
nan
nan
nan
nan
nan
nan
nan
nan
nan
nan
nan
nan
nan
nan
nan
nan
nan
-51.664449495
-48.244456667
-49.724222195
-44.471672702
-40.073444228
-37.83654086
-36.517170974
-36.695332237
-40.033329998
-41.019401339
-33.868791686
-32.048549216
-36.854955402
-44.22225882
-36.144856886
-31.376996246
-31.589044853
-34.845524946
-34.25230756
-34.08437984
-34.228197868
-35.307179518
-45.213004733
nan
-39.951474869
nan
nan
-42.012375317
-38.338252917
nan
-39.493783297
nan
nan
-40.617205279
-40.401187596
-37.085850986
-38.410046023
-36.751169319
-44.253731488
-40.964992155
-37.046223838
-34.495843787
-36.912604998
-38.123971439
-38.882896829
-33.706742028
-31.443434898
-34.858561586
nan
-32.526586773
nan
nan
-35.589720419
nan
nan
-35.505694482
-36.196039203
-35.618722958
-33.317481591
-32.511129191
nan
-38.111532153
-32.238155263
-37.203320512
-39.900924893
-35.346770599
-38.071586937
-37.19968001
-39.015776505
-33.923435763
nan
-32.006503651
-28.649661225
-35.018903146
-39.982633742
-38.57387442
-36.33182225
-34.925697296
-30.026064903
-36.454899261
-47.221172331
nan
nan
nan
nan
nan
-46.856061817
-41.34100055
-36.722530844
-32.797116591
-36.404878464
-31.507784963
-35.705816622
-31.363730105
-30.757173839
-29.255658249
-32.229113207
-34.122771463
-35.516152019
-35.238482271
-32.103245639
-29.85876616
-32.662030467
-29.615821176
-31.250652399
-32.564428374
-33.430284201
-29.427672187
-26.240415764
-26.24302357
-33.017319793
-31.614706563
-34.2359088
-30.7947192
-35.717847051
-32.862241071
-32.96758183
-35.867963107
-31.923425499
-31.411741269
-35.400279044
-40.058281012
nan
nan
nan
-41.456251087
-50.108744339
nan
-46.169294156
nan
nan
-49.488466964
nan
nan
nan
nan
nan
-38.705709659
-44.343096528
-37.579951918
-38.980203001
-43.771175848
-41.805316394
-43.073526227
-39.996850434
-41.853740619
-40.154200964
-41.848101113
nan
-44.860065992
nan
nan
nan
nan
-40.020834473
-43.717507471
nan
nan
nan
-43.250295189
-40.213268607
-35.387352915
-42.670352897
-40.729201561
-39.059946955
-38.7660229
-42.775909566
-38.413700745
-38.294186148
-39.431653745
-39.216799996
-38.897824859
nan
nan
-45.700556716
nan
-57.24150214
-50.883421555
-49.747334542
-48.519157384
-47.614503532
nan
nan
-47.084381656
-45.611674291
-39.234327577
-38.123703771
-40.417148232
-39.057578826
nan
-42.100036304
-37.947350527
-36.82663648
-38.874661658
-40.44180984
-36.853724248
-35.526997029
-31.292009602
-33.366475616
-33.982047799
-33.841137266
-44.465772535
-42.356931042
-37.146966747
-38.525549915
-40.226398656
-31.627130526
-39.940417902
-37.771625624
-40.430399243
-40.109856473
-36.928269627
-34.189910627
-32.348428029
-32.499155887
-32.338483447
-34.176687082
-34.899011946
-34.226784265
-40.260673668
-44.435581765
-42.874418094
nan
nan
-37.610785445
nan
-37.328424972
-38.784591548
nan
-31.965665205
-32.194829141
-37.033254318
-33.128731048
-30.562459554
-31.953034218
-41.135762679
-42.338661448
-37.598329253
-31.746560014
-33.040067685
-35.413376135
-35.755574594
-37.809958488
-43.239596251
-38.328263047
nan
nan
-39.335717404
-42.937929157
nan
-35.503989172
-32.193739225
-32.492740514
-33.429006386
-35.628152764
-32.68243065
-33.261054685
-37.595137338
-34.784422701
-25.220572312
-29.528414807
-34.643001934
-27.406994918
-28.790621855
-28.203211454
-25.81422685
-28.484653489
-28.172118533
-37.357249585
-26.983167646
-26.732378409
-28.628326757
-33.859759997
-28.290576575
-30.483935037
-33.361119828
-29.285585929
-24.082659271
-26.465007493
-32.683193266
-29.810076387
-23.785115952
-25.751898622
-33.330598769
-34.683284485
-31.842842905
-25.389761504
-25.855563702
-29.250825874
-25.661646318
-29.446670787
-38.624782179
-38.366888219
-31.805097334
-33.03886682
-31.610156574
-30.017674404
-31.246861871
-32.642433092
-24.801650195
-27.395164726
-36.950707232
-30.013549285
-28.54231207
-25.910969677
-27.635206051
-26.833570371
-28.812959494
-33.236405598
-35.961636676
-26.307553244
-34.130941338
-34.319228969
-31.788163592
-28.331024129
-36.82169215
-32.400959999
-35.841233077
-34.666077093
-35.575507413
-31.532414695
-26.179046937
nan
nan
nan
-29.186752261
-25.425697265
nan
-30.031020455
-34.410035112
-29.621665028
-29.67739978
-29.676420163
-26.488404126
-27.823003722
-24.860211078
-22.692424153
-24.493722364
-27.867887805
-29.298790526
-28.054699702
-28.70878963
-28.375618537
-33.304329929
-37.858634026
-34.297269522
-34.098967894
-31.896619859
-34.770674906
-30.797201864
-30.133247482
-30.674911013
-31.646236451
-31.495365285
-34.854556213
-30.13593157
-36.325473412
-29.514568875
-32.502558821
-28.634314691
-24.779500597
-22.057018687
-24.401205838
-23.555849954
-29.739242235
-27.898854519
-28.145216977
-24.3324339
-25.866858201
-25.674371062
-30.705576459
-34.21607084
-32.199986693
-34.410683721
-35.2501603
-31.693050044
-31.124227216
-34.159044361
-31.054294441
-30.216754458
-33.61456666
nan
-35.954108942
-31.886889536
-31.397947508
-29.428116317
-28.692523535
-23.813823262
-28.109545742
-30.321241323
-26.571064656
-24.365853919
-27.441757394
-32.235533752
-31.988801748
-35.488525205
-34.763588466
-30.366727074
-31.934560724
-31.658249678
-36.001915853
-31.637082531
-29.149853478
-29.670469405
-37.401449939
nan
-31.247499325
-33.922218051
-31.557682656
-32.343027068
-30.774034232
-28.548679542
-33.086900725
-29.090064462
-31.052969946
-34.056970236
nan
nan
nan
nan
nan
nan
nan
nan
nan
-36.087005233
-38.304096457
nan
-34.995965276
nan
-34.875257249
-33.297666805
-34.79747001
-32.293892938
-34.80123054
nan
nan
-33.590942094
-29.899507283
-29.595816632
-33.340438083
-33.386770905
-28.814102007
-33.904624897
-28.587273012
-30.460374073
-29.197781006
-27.05512045
-28.717398831
-31.350466992
-28.304903986
-30.052744045
-29.712010236
-34.556839361
-33.508236499
nan
-38.48484371
-39.663828041
-38.793982883
-38.951352212
-33.007712037
-38.058929837
-36.927786555
-43.98914177
-38.184992416
nan
-48.125717481
nan
-48.603931779
nan
nan
-46.305237307
nan
nan
nan
nan
nan
nan
-37.934304194
nan
nan
nan
nan
-35.216274479
-31.674363386
nan
nan
-34.903297814
-37.190455995
-35.926039833
-33.14311598
-28.811638484
-27.156292592
-30.347743758
-30.482228576
-34.450652991
-35.166857966
-30.885513235
-34.038544411
nan
-32.159095655
-35.497629277
-30.027330398
nan
nan
-29.796215394
nan
nan
-35.65888305
-38.421950985
-34.821572227
-39.786206788
-39.738931427
-36.684969917
-33.390794212
-31.078576466
-34.783853124
-27.426102838
-21.986610681
-24.641855787
-26.356959269
-31.30547064
-34.672305281
nan
-30.659650694
-29.506893805
-36.825880374
-31.512897023
-35.499968496
-36.73248987
nan
-31.23702453
-31.727419791
nan
nan
nan
nan
-35.845946523
-34.363215345
nan
nan
-40.103862707
-36.926208657
-36.411174793
-32.952455991
-32.564015188
-37.513191281
-37.931107049
-36.356071054
-37.397764232
nan
-37.698067338
-34.279009916
-33.070660711
-34.456854604
-37.231435718
-37.435339365
-35.948649138
-35.364183765
-36.012492632
-36.81436494
-38.741505624
-40.47727061
-41.124519424
-42.018613575
-43.598784694
-48.237665493
-53.234186027
-74.495326147
nan
nan
nan
nan
nan
nan
nan
nan
nan
nan
nan
nan
nan
nan
nan
nan
nan
nan
nan
nan
nan
nan
nan
nan
nan
nan
nan
nan
nan
nan
nan
nan
nan
nan
nan
nan
nan
nan
nan
nan
nan
nan
nan
nan
nan
nan
nan
nan
nan
nan
nan
nan
nan
nan
nan
nan
nan
nan
nan
nan
nan
nan
nan
nan
nan
nan
nan
nan
nan
nan
nan
nan
nan
nan
nan
nan
nan
nan
nan
nan
nan
nan
nan
nan
nan
nan
nan
nan
nan
nan
nan
nan
nan
nan
nan
nan
nan
nan
nan
nan
nan
nan
nan
nan
nan
nan
nan
nan
nan
nan
nan
nan
nan
nan
nan
nan
nan
nan
nan
nan
nan
nan
nan
nan
nan
nan
nan
nan
nan
nan
nan
nan
nan
nan
nan
nan
nan
nan
nan
nan
nan
nan
nan
nan
nan
nan
nan
nan
nan
nan
nan
nan
nan
nan
nan
nan
nan
nan
nan
nan
nan
nan
nan
nan
nan
nan
nan
nan
nan
nan
nan
nan
nan
nan
nan
nan
nan
nan
nan
nan
nan
nan
nan
nan
nan
nan
nan
nan
nan
nan
nan
nan
nan
nan
nan
nan
nan
nan
nan
nan
nan
nan
nan
nan
nan
nan
nan
nan
nan
nan
nan
nan
nan
nan
nan
nan
nan
nan
nan
nan
nan
nan
nan
nan
nan
nan
nan
nan
nan
nan
nan
nan
nan
nan
nan
nan
nan
nan
nan
nan
nan
nan
nan
nan
nan
nan
nan
nan
nan
nan
nan
nan
nan
nan
nan
nan
nan
nan
nan
nan
nan
nan
nan
nan
nan
nan
nan
nan
nan
nan
nan
nan
nan
nan
nan
nan
nan
nan
nan
nan
nan
nan
nan
nan
nan
nan
nan
nan
nan
nan
nan
nan
nan
nan
nan
nan
nan
nan
nan
nan
nan
nan
nan
nan
nan
nan
nan
nan
nan
nan
nan
nan
nan
nan
nan
nan
nan
nan
nan
nan
nan
nan
nan
nan
nan
nan
nan
nan
nan
nan
nan
nan
nan
nan
nan
nan
nan
nan
nan
nan
nan
nan
nan
nan
nan
nan
nan
nan
nan
nan
nan
nan
nan
nan
nan
nan
nan
nan
nan
nan
nan
nan
nan
nan
nan
nan
nan
nan
nan
nan
nan
nan
nan
nan
nan
nan
nan
nan
nan
nan
nan
nan
nan
nan
nan
nan
nan
nan
nan
nan
nan
nan
nan
nan
nan
nan
nan
nan
nan
nan
nan
nan
nan
nan
nan
nan
nan
nan
nan
nan
nan
nan
nan
nan
nan
nan
nan
nan
nan
nan
nan
nan
nan
nan
nan
nan
nan
nan
nan
-43.456104518
-40.515813467
-39.347572451
-39.436551984
-36.217892983
-34.440874002
-33.412104202
-34.417788846
-39.928300357
-37.943157697
nan
nan
nan
nan
nan
-40.519624164
-38.672135741
nan
-31.931980983
-34.514679669
-37.155522664
-35.057529512
-37.473167802
-39.936453423
-30.030445095
-32.891211971
-28.797251147
-25.021633304
-27.099447549
-28.85219731
-26.491691154
-27.663063512
-27.861392441
-28.194621987
-25.517029566
-32.075467168
-26.552113069
-25.470525382
-23.135410602
-25.397266955
-29.082657797
-32.550968125
-26.398857194
-27.159869273
-29.6623563
-33.89633414
-33.03590128
-37.55925887
-34.781424135
-33.354025819
-35.217057422
-34.72563939
-30.155955164
-33.699507098
-33.21037443
-31.133256673
nan
nan
-30.742579325
-29.248409636
-31.070518754
-35.876908884
nan
nan
-32.784423025
-31.196731113
-31.897633653
-32.74377327
-34.247711688
-33.883992382
-28.739786391
-30.144487924
-33.551221452
-38.822396163
-33.689788295
-30.646523661
-28.838935879
-27.058725991
-28.728783403
-29.537749683
-33.351931209
-37.391216056
-40.450544865
-36.208865972
-39.224635522
-42.003330518
-38.876919677
-36.659511409
-37.870533855
-34.060737683
-29.479810518
-29.312913236
-30.242951336
-28.612924547
-27.1804147
-31.738282358
-41.684508509
-39.751310472
-29.935343806
-25.830254857
-29.332947044
-35.541675035
-36.858634854
-35.875476789
-34.542085483
-39.733718106
-35.723459635
-37.97729236
-36.287067745
-35.901151063
-37.473438587
-35.311553437
-28.842932726
-33.588396341
-30.517487476
-33.980572483
-30.331319847
-27.218678243
-30.252144798
-36.494295292
-33.572090603
-35.112085498
-30.58224647
-29.715534545
-27.66740263
-28.379776968
-28.577849373
-29.379314393
-28.442424221
-29.406262407
-31.096151809
-35.504387617
-30.921457516
-27.433760621
-28.108347228
-31.792338704
-38.020403209
-40.789156434
-33.088000708
-34.790290009
-37.441049528
-34.006962429
-37.678491744
-34.105049196
-39.259830018
-35.131222712
-33.823993649
-35.244924849
-35.146379269
-31.217121362
nan
-34.74626307
-28.942960436
-28.39642884
-30.93662519
-30.555489598
-27.972494184
-27.048043101
-29.232310417
-25.780961354
-24.698631627
-25.238517591
-27.948637262
-34.892089453
-29.692910528
-32.5988138
nan
nan
-29.004103299
-31.760417391
-27.471462497
nan
nan
-30.091270609
-29.373798391
-28.176314271
-29.893795119
-28.733479221
-28.41142477
-29.071340589
-27.916261996
-30.888155079
-28.444344497
-31.976048951
-31.454289551
-31.182002963
-28.593562031
nan
-25.928071606
-31.18989086
-28.685318923
-24.354979041
-29.622851872
-27.410153445
-27.566555102
-32.62322551
-25.450425472
-24.819846287
-23.656877042
-27.907908137
-28.374799642
-31.472192988
-29.500020957
-30.156799007
-30.682056878
-26.891936332
-29.507740407
-30.770279727
-29.383692466
-29.890784469
-29.50365057
-28.504748534
-31.138667599
-23.348141323
-22.340938913
-24.190780476
-25.507432445
-29.845476253
-34.501350702
-31.031727256
-30.033591016
-34.357785704
-33.123171922
-38.41329777
-35.422576772
-42.641835146
-41.466884521
-42.77309636
-42.276976676
nan
-39.571122823
-38.069737189
-35.61909762
-34.734715961
-34.875755349
nan
nan
nan
nan
nan
nan
nan
nan
nan
-39.594798422
-33.714775691
nan
-31.178029002
-30.390961839
-28.243650112
-27.525986883
-30.941342559
-29.637031407
-29.114839864
-31.898029256
-30.154182026
-31.804155091
-28.296978196
-31.867742721
-31.924220546
-30.535417553
-29.550383629
-34.23353877
-31.490187764
-32.669674359
-34.168207408
-34.6440577
-32.968133964
-34.662468364
-40.291182264
-35.255036914
-33.01451041
-31.715547428
-33.28544714
-37.312689848
-40.58462449
-42.049351072
-45.510454497
-41.318075072
-33.259113335
-30.361557146
-26.890965788
-29.096887566
-41.587270145
-41.335217358
-37.870468942
-35.528504247
-34.865810776
nan
-34.676627976
-31.464353362
-31.052322461
-28.003635941
-26.272512381
-34.453094911
-37.691976465
-34.590345948
-31.965613123
-34.067848076
-34.580657353
-34.912349245
-37.334539297
-36.228090037
-35.252335146
-33.942843279
-35.432102715
-34.146107005
nan
-39.165178667
-37.777499574
-34.79604951
-36.286280389
-32.615312712
-38.73039831
-37.039477376
-34.384378275
-36.591742375
-38.967196548
-39.462099963
nan
nan
nan
-40.532394092
nan
nan
nan
-43.09618094
nan
nan
-38.722168316
-40.887515635
-38.870274272
-48.767158248
-43.17351031
-45.030134489
-42.295018758
-44.12910716
-40.270722688
-39.349978195
-39.955598947
-33.2303631
-31.977223106
-32.496863568
-27.689880344
-34.53999343
-30.090755444
-32.216191344
-37.261587463
-38.331365768
-28.289874145
-30.524527556
-43.096360453
-36.118178295
-34.724485218
-35.509808728
-42.755793835
-46.0661674
-45.648715152
-45.339461784
-48.317590867
-48.895198242
-52.11696723
-47.618145451
-47.865736076
nan
-53.071620649
nan
-52.182690185
nan
-47.420032858
-45.177279873
-42.085481094
-40.773548324
-41.178495507
-50.44276003
nan
-48.979906053
-56.076835826
-53.182986006
-50.35636596
-52.815821622
-50.564797661
-46.54230565
-45.787386957
-41.897772236
-41.151431649
-44.724563273
-52.370731185
-51.393015223
-53.483624715
nan
-62.028169498
nan
-60.44043415
-63.675085231
nan
nan
nan
nan
nan
nan
-62.230621765
nan
nan
nan
nan
nan
-41.305205883
-40.913833493
-43.631282472
nan
nan
-39.237402206
-41.685941075
-37.174343996
-32.084141613
-36.270780647
-34.178411447
-34.631077331
-35.426803039
-31.87801854
-27.643797105
-36.21215584
-31.980870918
-25.504261289
-30.059830646
-35.131332645
-34.404158276
-28.99698898
-31.73741359
-35.399926305
-43.795905151
nan
-32.162153934
-28.446934661
-34.306336686
-37.50002411
-31.721558284
-36.142083984
-35.978861284
-31.309692521
-36.450745823
nan
-31.611102219
-35.450490484
-29.907480977
-32.049784614
-38.617536376
-36.886953578
nan
-33.205340879
-30.827138787
-33.607794383
-36.391097225
-37.50945947
-35.719267969
nan
-33.274273132
nan
-39.331871171
-34.622848007
-38.485590721
-45.728657442
-42.716185338
nan
nan
nan
nan
-39.856173805
-44.345963815
-40.291651905
-41.903119759
-43.489744011
-39.682790409
-34.032274176
-34.784274428
-34.265283198
-37.146098949
-44.823557173
-49.789386856
-40.23319123
-36.213652693
-37.706298722
-42.728577504
-41.608646019
-40.517702527
-39.227414994
-35.104011023
-37.705678576
-40.298793816
-39.135300069
-39.070151114
-38.394504093
nan
-37.071532947
-36.336397132
-34.934471373
-38.157667851
-39.368761227
-36.631676604
-37.182711092
-46.391187658
-42.167420875
-40.139226393
-39.813901745
-38.786102996
-35.12616774
-36.687232993
-40.862997236
-43.166155388
-44.51922692
-41.274790857
-41.98047758
-42.194461732
-48.459978249
-39.927869857
-39.843794659
-45.265372201
-44.255378873
-46.682795685
nan
nan
-47.710740851
-50.20614181
-50.711037666
-53.125022622
-56.96604417
-59.444785156
-54.531088439
-54.211375782
-54.992298436
-56.557608516
-60.572572969
-70.898300073
nan
nan
nan
nan
nan
nan
nan
nan
nan
nan
nan
nan
nan
nan
nan
nan
nan
nan
nan
nan
nan
nan
nan
nan
nan
nan
nan
nan
nan
nan
nan
nan
nan
nan
nan
nan
nan
nan
nan
nan
nan
nan
nan
nan
nan
nan
nan
nan
nan
nan
nan
nan
nan
nan
nan
nan
nan
nan
nan
nan
nan
nan
nan
nan
nan
nan
nan
nan
nan
nan
nan
nan
nan
nan
nan
nan
nan
nan
nan
nan
nan
nan
nan
nan
nan
nan
nan
nan
nan
nan
nan
nan
nan
nan
nan
nan
nan
nan
nan
nan
nan
nan
nan
nan
nan
nan
nan
nan
nan
nan
nan
nan
nan
nan
nan
nan
nan
nan
nan
nan
nan
nan
nan
nan
nan
nan
nan
nan
nan
nan
nan
nan
nan
nan
nan
nan
nan
nan
nan
nan
nan
nan
nan
nan
nan
nan
nan
nan
nan
nan
nan
nan
nan
nan
nan
nan
nan
nan
nan
nan
nan
nan
nan
nan
nan
nan
nan
nan
nan
nan
nan
nan
nan
nan
nan
nan
nan
nan
nan
nan
nan
nan
nan
nan
nan
nan
nan
nan
nan
nan
nan
nan
nan
nan
nan
nan
nan
nan
nan
nan
nan
nan
nan
nan
nan
nan
nan
nan
nan
nan
nan
nan
nan
nan
nan
nan
nan
nan
nan
nan
nan
nan
nan
nan
nan
nan
nan
nan
nan
