42701697
42702697
42703697
42704698
42705697
42706697
42707697
42708697
42709698
42710697
42711697
42712697
42713698
42714698
42715698
42716698
42717698
42718697
42719698
42720697
42721698
42722698
42723698
42724697
42725698
42726698
42727698
42728698
42729698
42730698
42731698
42732698
42733707
42734698
42735698
42736698
42737698
42738698
42739698
42740698
42741708
42742698
42743698
42744698
42745698
42746698
42747698
42748698
42749698
42750701
42751698
42752708
42753698
42754698
42755698
42756698
42757704
42758698
42759698
42760698
42761698
42762698
42763698
42764698
42765698
42766706
42767698
42768708
42769698
42770698
42771698
42772706
42773698
42774698
42775698
42776698
42777698
42778698
42779698
42780701
42781705
42782698
42783699
42784702
42785704
42786702
42787707
42788698
42789703
42790699
42791706
42792707
42793700
42794703
42795706
42796703
42797702
42798706
42799706
42800704
42801706
42802707
42803702
42804705
42805706
42806707
42807704
42808703
42809706
42810703
42811706
42812704
42813704
42814701
42815706
42816704
42817701
42818703
42819706
42820703
42821706
42822705
42823707
42824701
42825706
42826704
42827705
42828703
42829703
42830705
42831701
42832706
42833703
42834704
42835708
42836707
42837707
42838702
42839707
42840707
42841704
42842707
42843700
42844701
42845700
42846703
42847701
42848700
42849700
42850701
42851701
42852701
42853701
42854702
42855700
42856701
42857704
42858702
42859700
42860702
42861700
42862701
42863700
42864702
42865701
42866707
42867702
42868703
42869700
42870712
42871705
42872701
42873705
42874707
42875706
42876701
42877701
42878705
42879704
42880700
42881702
42882700
42883703
42884702
42885701
42886701
42887700
42888704
42889707
42890704
42891701
42892700
42893702
42894704
42895704
42896703
42897701
42898704
42899702
42900706
42901703
42902703
42903703
42904701
42905701
42906701
42907701
42908701
42909701
42910701
42911701
42912701
42913701
42914701
42915701
42916701
42917701
42918701
42919701
42920701
42921701
42922701
42923701
42924701
42925701
42926701
42927701
42928701
42929701
42930701
42931704
42932704
42933702
42934706
42935702
42936705
42937708
42938704
42939703
42940704
42941703
42942708
42943703
42944707
42945703
42946703
42947706
42948707
42949701
42950704
42951707
42952705
42953708
42954703
42955702
42956708
42957705
42958707
42959702
42960707
42961707
42962702
42963702
42964704
42965703
42966702
42967702
42968702
42969702
42970702
42971702
42972702
42973702
42974702
42975702
42976702
42977702
42978702
42979702
42980702
42981702
42982702
42983702
42984702
42985702
42986702
42987702
42988702
42989702
42990702
42991702
42992702
42993703
42994702
42995702
42996702
42997702
42998702
42999702
43000702
43001702
43002702
43003702
43004702
43005702
43006702
43007702
43008703
43009702
43010703
43011702
43012702
43013702
43014702
43015702
43016702
43017702
43018702
43019703
43020702
43021703
43022702
43023703
43024703
43025703
43026703
43027703
43028703
43029703
43030703
43031703
43032703
43033703
43034703
43035703
43036703
43037703
43038703
43039703
43040703
43041703
43042703
43043703
43044703
43045703
43046703
43047703
43048703
43049703
43050703
43051703
43052703
43053703
43054703
43055703
43056703
43057703
43058703
43059703
43060703
43061703
43062703
43063703
43064703
43065704
43066703
43067704
43068703
43069703
43070703
43071703
43072703
43073703
43074703
43075704
43076704
43077704
43078703
43079703
43080703
43081704
43082704
43083703
43084703
43085703
43086704
43087703
43088704
43089704
43090704
43091704
43092703
43093704
43094704
43095706
43096704
43097704
43098704
43099704
43100704
43101704
43102704
43103704
43104704
43105704
43106704
43107704
43108704
43109704
43110704
43111704
43112704
43113704
43114704
43115704
43116704
43117704
43118704
43119704
43120704
43121704
43122704
43123704
43124704
43125704
43126704
43127704
43128704
43129704
43130704
43131704
43132704
43133704
43134704
43135704
43136704
43137704
43138704
43139704
43140704
43141704
43142704
43143704
43144704
43145704
43146704
43147704
43148704
43149704
43150704
43151704
43152705
43153705
43154705
43155704
43156704
43157704
43158704
43159705
43160704
43161704
43162705
43163705
43164705
43165704
43166704
43167704
43168705
43169705
43170705
43171705
43172705
43173705
43174705
43175705
43176705
43177705
43178705
43179705
43180705
43181705
43182705
43183705
43184705
43185705
43186705
43187705
43188705
43189705
43190705
43191705
43192705
43193705
43194705
43195705
43196705
43197705
43198705
43199705
43200705
43201705
43202705
43203705
43204705
43205705
43206705
43207705
43208705
43209705
43210706
43211705
43212705
43213705
43214706
43215705
43216705
43217706
43218705
43219705
43220706
43221706
43222705
43223705
43224706
43225705
43226706
43227706
43228705
43229706
43230705
43231706
43232705
43233706
43234706
43235706
43236706
43237706
43238706
43239706
43240706
43241706
43242706
43243706
43244706
43245706
43246706
43247706
43248706
43249706
43250706
43251706
43252706
43253706
43254706
43255706
43256706
43257706
43258706
43259706
43260706
43261706
43262706
43263707
43264706
43265714
43266714
43267706
43268706
43269706
43270706
43271714
43272714
43273706
43274706
43275706
43276706
43277706
43278714
43279706
43280706
43281707
43282706
43283707
43284706
43285706
43286715
43287706
43288706
43289706
43290706
43291706
43292706
43293707
43294706
43295712
43296707
43297714
43298706
43299714
43300707
43301707
43302707
43303713
43304707
43305711
43306713
43307707
43308707
43309707
43310716
43311707
43312711
43313707
43314707
43315713
43316714
43317707
43318713
43319707
43320707
43321707
43322707
43323707
43324710
43325708
43326710
43327710
43328709
43329709
43330708
43331708
43332708
43333708
43334709
43335709
43336709
43337709
43338708
43339707
43340708
43341711
43342709
43343709
43344712
43345709
43346708
43347708
43348708
43349710
43350708
43351708
43352708
43353709
43354712
43355711
43356709
43357708
43358709
43359708
43360710
43361708
43362710
43363711
43364710
43365712
43366708
43367709
43368710
43369711
43370712
43371708
43372709
43373710
43374710
43375709
43376708
43377709
43378708
43379708
43380711
43381710
43382711
43383710
43384708
43385720
43386713
43387712
43388715
43389720
43390719
43391724
43392714
43393715
43394714
43395714
43396724
43397711
43398712
43399714
43400708
43401708
43402709
43403709
43404710
43405709
43406709
43407712
43408709
43409709
43410709
43411709
43412709
43413709
43414709
43415709
43416709
43417709
43418710
43419709
43420709
43421709
43422709
43423709
43424709
43425710
43426709
43427709
43428709
43429709
43430709
43431709
43432709
43433709
43434709
43435709
43436709
43437709
43438709
43439709
43440709
43441709
43442709
43443709
43444709
43445709
43446709
43447709
43448709
43449709
43450709
43451709
43452709
43453709
43454709
43455709
43456709
43457709
43458709
43459709
43460709
43461710
43462710
43463710
43464709
43465709
43466710
43467710
43468710
43469710
43470710
43471710
43472710
43473710
43474710
43475710
43476710
43477710
43478710
43479710
43480710
43481710
43482710
43483710
43484710
43485710
43486710
43487710
43488710
43489710
43490710
43491710
43492710
43493710
43494710
43495710
43496711
43497710
43498710
43499710
43500710
43501710
43502710
43503710
43504710
43505710
43506710
43507710
43508710
43509710
43510710
43511710
43512710
43513710
43514710
43515710
43516710
43517710
43518711
43519710
43520710
43521710
43522710
43523711
43524711
43525710
43526711
43527710
43528710
43529711
43530710
43531710
43532711
43533711
43534711
43535711
43536711
43537711
43538711
43539711
43540711
43541711
43542711
43543711
43544711
43545711
43546711
43547711
43548711
43549711
43550711
43551711
43552711
43553711
43554711
43555711
43556711
43557711
43558711
43559711
43560711
43561711
43562711
43563711
43564711
43565711
43566711
43567711
43568711
43569711
43570711
43571711
43572711
43573711
43574711
43575711
43576712
43577711
43578711
43579711
43580711
43581711
43582711
43583711
43584712
43585711
43586712
43587711
43588712
43589711
43590711
43591711
43592711
43593712
43594711
43595711
43596711
43597711
43598711
43599711
43600711
43601712
43602711
43603711
43604712
43605711
43606711
43607712
43608712
43609712
43610712
43611711
43612712
43613711
43614712
43615712
43616711
43617712
43618711
43619712
43620711
43621712
43622712
43623712
43624712
43625712
43626712
43627712
43628712
43629712
43630712
43631712
43632712
43633712
43634712
43635712
43636712
43637713
43638712
43639712
43640713
43641712
43642712
43643712
43644712
43645712
43646712
43647712
43648712
43649712
43650712
43651712
43652712
43653712
43654712
43655712
43656712
43657712
43658712
43659712
43660712
43661712
43662712
43663712
43664713
43665712
43666712
43667712
43668712
43669713
43670713
43671713
43672712
43673712
43674713
43675712
43676713
43677713
43678713
43679713
43680713
43681713
43682713
43683713
43684713
43685714
43686713
43687713
43688713
43689713
43690713
43691713
43692713
43693713
43694713
43695713
43696713
43697713
43698713
43699713
43700713
43701713
43702714
43703714
43704713
43705713
43706714
43707713
43708713
43709713
43710713
43711713
43712713
43713714
43714713
43715713
43716713
43717713
43718713
43719713
43720713
43721714
43722713
43723713
43724713
43725713
43726713
43727714
43728713
43729713
43730713
43731713
43732714
43733713
43734714
43735714
43736714
43737714
43738714
43739713
43740714
43741714
43742713
43743715
43744713
43745714
43746714
43747714
43748714
43749713
43750714
43751714
43752715
43753714
43754714
43755714
43756714
43757715
43758714
43759715
43760714
43761714
43762714
43763714
43764714
43765714
43766714
43767714
43768714
43769714
43770714
43771714
43772714
43773714
43774714
43775714
43776714
43777714
43778714
43779714
43780715
43781715
43782714
43783715
43784714
43785714
43786714
43787714
43788714
43789715
43790715
43791714
43792715
43793716
43794714
43795714
43796714
43797714
43798714
43799715
43800715
43801714
43802714
43803714
43804714
43805715
43806716
43807714
43808723
43809714
43810714
43811715
43812715
43813714
43814715
43815715
43816716
43817715
43818719
43819715
43820715
43821715
43822715
43823715
43824724
43825715
43826715
43827715
43828721
43829715
43830725
43831721
43832715
43833725
43834717
43835715
43836724
43837715
43838715
43839722
43840716
43841715
43842715
43843721
43844715
43845715
43846715
43847721
43848719
43849716
43850726
43851715
43852724
43853715
43854715
43855715
43856725
43857715
43858715
43859719
43860715
43861724
43862715
43863715
43864720
43865723
43866716
43867720
43868718
43869723
43870724
43871721
43872719
43873723
43874720
43875720
43876718
43877719
43878722
43879718
43880722
43881724
43882721
43883721
43884720
43885718
43886722
43887720
43888717
43889720
43890718
43891721
43892722
43893722
43894724
43895718
43896722
43897726
43898731
43899730
43900732
43901729
43902726
43903733
43904733
43905731
43906730
43907728
43908729
43909732
43910733
43911736
43912732
43913728
43914730
43915723
43916732
43917716
43918735
43919726
43920721
43921726
43922719
43923722
43924722
43925718
43926717
43927716
43928717
43929717
43930717
43931717
43932720
43933717
43934717
43935718
43936718
43937719
43938717
43939717
43940717
43941718
43942717
43943718
43944718
43945718
43946718
43947718
43948718
43949717
43950717
43951718
43952717
43953718
43954717
43955719
43956717
43957720
43958719
43959717
43960717
43961717
43962717
43963717
43964717
43965717
43966718
43967719
43968718
43969717
43970719
43971718
43972718
43973719
43974718
43975717
43976717
43977718
43978718
43979718
43980717
43981718
43982718
43983718
43984718
43985719
43986718
43987718
43988717
43989718
43990719
43991718
43992718
43993718
43994718
43995718
43996718
43997718
43998718
43999718
44000720
44001718
44002718
44003718
44004718
44005718
44006718
44007718
44008718
44009719
44010718
44011718
44012718
44013719
44014719
44015718
44016720
44017719
44018718
44019718
44020719
44021719
44022718
44023719
44024718
44025719
44026718
44027718
44028718
44029719
44030718
44031720
44032718
44033718
44034718
44035718
44036718
44037719
44038719
44039719
44040719
44041719
44042719
44043719
44044720
44045719
44046719
44047719
44048719
44049719
44050719
44051719
44052719
44053720
44054719
44055719
44056719
44057720
44058719
44059719
44060719
44061719
44062719
44063719
44064719
44065720
44066719
44067719
44068719
44069719
44070719
44071719
44072719
44073720
44074719
44075719
44076719
44077719
44078719
44079719
44080719
44081719
44082720
44083720
44084719
44085719
44086719
44087719
44088719
44089719
44090719
44091719
44092719
44093719
44094719
44095719
44096719
44097719
44098719
44099719
44100720
44101720
44102720
44103719
44104719
44105719
44106719
44107719
44108719
44109719
44110719
44111719
44112719
44113719
44114719
44115719
44116719
44117719
44118719
44119719
44120719
44121719
44122719
44123719
44124719
44125719
44126719
44127720
44128720
44129719
44130719
44131719
44132720
44133720
44134719
44135720
44136720
44137720
44138720
44139720
44140720
44141720
44142720
44143720
44144720
44145720
44146720
44147720
44148720
44149720
44150720
44151720
44152720
44153720
44154720
44155720
44156720
44157720
44158720
44159720
44160720
44161720
44162720
44163720
44164720
44165720
44166720
44167720
44168720
44169720
44170720
44171720
44172721
44173720
44174720
44175720
44176720
44177720
44178720
44179720
44180720
44181720
44182720
44183720
44184720
44185721
44186721
44187720
44188720
44189721
44190720
44191721
44192721
44193721
44194720
44195720
44196720
44197721
44198721
44199721
44200721
44201721
44202721
44203721
44204721
44205721
44206721
44207721
44208721
44209721
44210721
44211721
44212721
44213721
44214721
44215721
44216722
44217721
44218721
44219722
44220722
44221721
44222721
44223722
44224721
44225721
44226721
44227724
44228721
44229723
44230722
44231722
44232721
44233721
44234722
44235722
44236723
44237723
44238721
44239721
44240722
44241722
44242722
44243722
44244722
44245722
44246723
44247721
44248722
44249722
44250721
44251722
44252722
44253722
44254722
44255721
44256722
44257722
44258722
44259722
44260722
44261722
44262722
44263722
44264722
44265722
44266722
44267722
44268722
44269722
44270722
44271722
44272724
44273722
44274722
44275722
44276722
44277722
44278723
44279722
44280722
44281722
44282722
44283722
44284723
44285722
44286722
44287722
44288722
44289722
44290722
44291722
44292722
44293722
44294722
44295722
44296722
44297722
44298722
44299722
44300722
44301722
44302722
44303722
44304723
44305725
44306722
44307735
44308722
44309723
44310722
44311722
44312722
44313722
44314722
44315722
44316722
44317726
44318722
44319722
44320722
44321722
44322723
44323723
44324723
44325723
44326723
44327723
44328723
44329730
44330723
44331730
44332723
44333723
44334723
44335723
44336731
44337723
44338723
44339723
44340723
44341723
44342723
44343725
44344723
44345730
44346729
44347726
44348727
44349728
44350729
44351728
44352727
44353730
44354725
44355729
44356730
44357725
44358730
44359726
44360729
44361727
44362727
44363726
44364729
44365724
44366729
44367726
44368729
44369727
44370729
44371726
44372730
44373724
44374728
44375726
44376730
44377730
44378727
44379729
44380729
44381730
44382727
44383729
44384732
44385727
44386726
44387729
44388728
44389729
44390730
44391727
44392726
44393731
44394726
44395726
44396730
44397727
44398724
44399729
44400730
44401729
44402725
44403729
44404726
44405724
44406724
44407724
44408724
44409725
44410725
44411730
44412724
44413724
44414725
44415724
44416725
44417725
44418725
44419724
44420728
44421725
44422724
44423725
44424725
44425724
44426725
44427725
44428725
44429725
44430726
44431725
44432725
44433725
44434725
44435725
44436725
44437725
44438725
44439725
44440725
44441725
44442725
44443725
44444725
44445725
44446725
44447725
44448726
44449725
44450725
44451725
44452725
44453725
44454725
44455725
44456725
44457725
44458725
44459725
44460726
44461725
44462725
44463725
44464726
44465725
44466725
44467725
44468725
44469725
44470725
44471725
44472725
44473725
44474725
44475725
44476725
44477725
44478725
44479725
44480725
44481725
44482725
44483725
44484725
44485725
44486725
44487725
44488725
44489725
44490725
44491725
44492725
44493725
44494726
44495725
44496725
44497725
44498725
44499725
44500725
44501725
44502725
44503725
44504725
44505726
44506726
44507725
44508726
44509725
44510726
44511725
44512726
44513725
44514726
44515725
44516726
44517726
44518726
44519726
44520726
44521726
44522726
44523726
44524726
44525726
44526726
44527726
44528726
44529726
44530726
44531726
44532726
44533726
44534726
44535726
44536726
44537726
44538726
44539726
44540726
44541726
44542726
44543726
44544726
44545726
44546726
44547726
44548726
44549726
44550726
44551726
44552726
44553726
44554726
44555726
44556726
44557726
44558726
44559726
44560726
44561726
44562726
44563726
44564726
44565733
44566727
44567726
44568726
44569726
44570727
44571727
44572726
44573726
44574726
44575726
44576726
44577727
44578727
44579727
44580727
44581727
44582727
44583727
44584727
44585733
44586727
44587732
44588732
44589727
44590732
44591731
44592732
44593734
44594733
44595732
44596731
44597732
44598731
44599731
44600732
44601729
44602733
44603731
44604732
44605734
44606730
44607733
44608731
44609733
44610731
44611730
44612733
44613733
44614733
44615733
44616733
44617733
44618733
44619732
44620731
44621732
44622729
44623734
44624733
44625734
44626730
44627731
44628732
44629735
44630733
44631733
44632731
44633733
44634733
44635733
44636732
44637734
44638734
44639731
44640734
44641734
44642733
44643733
44644736
44645731
44646732
44647730
44648729
44649734
44650733
44651732
44652733
44653730
44654733
44655730
44656732
44657730
44658733
44659732
44660734
44661732
44662731
44663733
44664732
44665734
44666730
44667729
44668729
44669729
44670730
44671733
44672733
44673733
44674735
44675734
44676732
44677733
44678732
44679732
44680733
44681730
44682732
44683729
44684731
44685729
44686731
44687731
44688731
44689731
44690732
44691730
44692731
44693730
44694730
44695729
44696730
44697733
44698732
44699732
44700731
44701730
44702730
44703733
44704732
44705729
44706729
44707730
44708729
44709729
44710729
44711729
44712729
44713729
44714729
44715729
44716729
44717729
44718729
44719733
44720739
44721734
44722739
44723732
44724734
44725735
44726739
44727733
44728737
44729737
44730739
44731737
44732731
44733732
44734739
44735734
44736733
44737737
44738737
44739736
44740735
44741730
44742733
44743731
44744730
44745736
44746729
44747730
44748730
44749730
44750730
44751730
44752730
44753730
44754730
44755730
44756730
44757730
44758731
44759730
44760730
44761730
44762730
44763730
44764730
44765730
44766730
44767730
44768730
44769730
44770730
44771730
44772730
44773730
44774730
44775730
44776730
44777730
44778730
44779730
44780730
44781730
44782730
44783730
44784730
44785730
44786730
44787730
44788730
44789730
44790730
44791730
44792730
44793731
44794731
44795730
44796730
44797730
44798730
44799730
44800730
44801730
44802730
44803731
44804730
44805730
44806731
44807730
44808730
44809731
44810731
44811731
44812730
44813731
44814731
44815731
44816731
44817731
44818731
44819731
44820731
44821731
44822731
44823731
44824731
44825731
44826731
44827730
44828730
44829731
44830730
44831731
44832730
44833730
44834731
44835731
44836731
44837731
44838731
44839731
44840731
44841731
44842731
44843731
44844731
44845731
44846731
44847731
44848731
44849731
44850731
44851731
44852731
44853731
44854731
44855731
44856731
44857731
44858731
44859731
44860731
44861731
44862731
44863731
44864731
44865731
44866731
44867731
44868731
44869731
44870731
44871731
44872731
44873731
44874731
44875731
44876731
44877731
44878731
44879731
44880731
44881731
44882731
44883731
44884731
44885731
44886732
44887731
44888731
44889732
44890732
44891732
44892732
44893732
44894732
44895732
44896732
44897732
44898732
44899732
44900732
44901732
44902732
44903732
44904732
44905732
44906732
44907732
44908732
44909732
44910732
44911732
44912732
44913732
44914732
44915732
44916732
44917732
44918732
44919732
44920732
44921732
44922732
44923732
44924732
44925732
44926732
44927732
44928732
44929732
44930732
44931732
44932733
44933732
44934732
44935732
44936732
44937732
44938732
44939732
44940732
44941732
44942732
44943732
44944732
44945732
44946732
44947732
44948732
44949732
44950732
44951733
44952732
44953732
44954732
44955732
44956732
44957732
44958732
44959732
44960733
44961733
44962733
44963733
44964733
44965733
44966733
44967733
44968733
44969733
44970733
44971733
44972733
44973733
44974733
44975733
44976733
44977733
44978733
44979733
44980733
44981733
44982733
44983733
44984733
44985733
44986733
44987733
44988733
44989733
44990733
44991733
44992733
44993733
44994733
44995733
44996734
44997733
44998733
44999733
45000733
45001734
45002733
45003734
45004734
45005733
45006734
45007733
45008733
45009734
45010734
45011733
45012733
45013733
45014734
45015733
45016734
45017733
45018734
45019734
45020733
45021734
45022734
45023734
45024734
45025736
45026734
45027738
45028734
45029734
45030734
45031734
45032734
45033734
45034734
45035734
45036734
45037734
45038735
45039754
45040734
45041734
45042736
45043734
45044734
45045734
45046734
45047734
45048734
45049734
45050734
45051736
45052734
45053734
45054735
45055734
45056734
45057734
45058735
45059735
45060735
45061734
45062736
45063734
45064734
45065735
45066740
45067734
45068743
45069739
45070740
45071743
45072734
45073744
45074734
45075742
45076740
45077743
45078742
45079741
45080741
45081735
45082735
45083742
45084745
45085735
45086742
45087745
45088741
45089742
45090742
45091745
45092735
45093740
45094743
45095741
45096743
45097735
45098741
45099745
45100735
45101742
45102735
45103739
45104741
45105744
45106735
45107742
45108743
45109743
45110741
45111736
45112744
45113742
45114743
45115743
45116744
45117742
45118742
45119746
45120742
45121735
45122740
45123735
45124743
45125742
45126737
45127744
45128744
45129743
45130743
45131739
45132739
45133739
45134743
45135741
45136742
45137739
45138738
45139739
45140746
45141739
45142739
45143737
45144739
45145741
45146739
45147737
45148739
45149739
45150738
45151738
45152740
45153742
45154739
45155739
45156738
45157738
45158745
45159741
45160742
45161743
45162738
45163743
45164745
45165741
45166741
45167741
45168741
45169743
45170743
45171737
45172743
45173739
45174738
45175740
45176741
45177743
45178738
45179739
45180742
45181740
45182742
45183741
45184742
45185744
45186736
45187742
45188736
45189736
45190736
45191736
45192745
45193744
45194736
45195736
45196737
45197736
45198736
45199747
45200745
45201736
45202736
45203744
45204743
45205736
45206745
45207740
45208736
45209737
45210737
45211737
45212744
45213737
45214744
45215746
45216737
45217738
45218737
45219737
45220737
45221737
45222737
45223737
45224737
45225744
45226737
45227737
45228745
45229737
45230737
45231750
45232743
45233737
45234745
45235747
45236737
45237737
45238737
45239738
45240744
45241746
45242737
45243737
45244746
45245741
45246739
45247739
45248740
45249740
45250740
45251740
45252738
45253740
45254739
45255740
45256741
45257739
45258742
45259741
45260741
45261741
45262744
45263741
45264744
45265746
45266740
45267741
45268740
45269739
45270744
45271741
45272742
45273744
45274740
45275743
45276740
45277742
45278743
45279745
45280743
45281741
45282743
45283740
45284742
45285740
45286744
45287741
45288744
45289741
45290743
45291744
45292740
45293740
45294742
45295739
45296739
45297739
45298739
45299740
45300743
45301742
45302743
45303743
45304745
45305738
45306739
45307739
45308738
45309740
45310738
45311742
45312739
45313739
45314739
45315742
45316738
45317738
45318739
45319739
45320742
45321739
45322741
45323739
45324739
45325740
45326739
45327739
45328740
45329739
45330739
45331739
45332739
45333744
45334739
45335742
45336741
45337740
45338739
45339739
45340739
45341739
45342739
45343739
45344739
45345739
45346739
45347739
45348739
45349740
45350740
45351740
45352740
45353740
45354739
45355739
45356739
45357739
45358739
45359739
45360741
45361739
45362739
45363740
45364740
45365740
45366739
45367741
45368739
45369739
45370740
45371740
45372740
45373739
45374739
45375739
45376739
45377739
45378740
45379740
45380740
45381740
45382743
45383742
45384748
45385740
45386743
45387740
45388743
45389744
45390745
45391743
45392742
45393741
45394742
45395746
45396745
45397745
45398743
45399742
45400746
45401742
45402745
45403742
45404747
45405742
45406745
45407744
45408748
45409745
45410742
45411742
45412744
45413747
45414742
45415742
45416744
45417741
45418748
45419740
45420740
45421740
45422741
45423745
45424745
45425741
45426740
45427741
45428743
45429743
45430741
45431741
45432742
45433740
45434741
45435741
45436741
45437740
45438740
45439740
45440740
45441741
45442741
45443740
45444740
45445740
45446740
45447740
45448740
45449741
45450741
45451741
45452741
45453741
45454741
45455741
45456741
45457741
45458741
45459741
45460741
45461741
45462741
45463741
45464741
45465741
45466741
45467741
45468741
45469741
45470741
45471741
45472741
45473741
45474741
45475741
45476741
45477741
45478741
45479741
45480741
45481741
45482741
45483741
45484741
45485741
45486741
45487741
45488741
45489741
45490741
45491741
45492741
45493741
45494741
45495741
45496741
45497741
45498741
45499741
45500741
45501741
45502741
45503741
45504741
45505741
45506741
45507743
45508741
45509742
45510742
45511742
45512741
45513742
45514741
45515742
45516741
45517742
45518742
45519742
45520742
45521742
45522742
45523742
45524742
45525742
45526742
45527742
45528742
45529742
45530742
45531742
45532742
45533742
45534742
45535742
45536742
45537742
45538743
45539743
45540742
45541742
45542742
45543742
45544742
45545742
45546742
45547742
45548742
45549742
45550742
45551742
45552742
45553742
45554742
45555742
45556742
45557742
45558742
45559742
45560742
45561742
45562742
45563742
45564742
45565742
45566742
45567742
45568742
45569742
45570742
45571742
45572742
45573742
45574742
45575743
45576742
45577742
45578743
45579742
45580742
45581742
45582742
45583742
45584742
45585742
45586743
45587742
45588742
45589742
45590742
45591742
45592742
45593742
45594742
45595743
45596743
45597743
45598743
45599743
45600742
45601743
45602743
45603743
45604743
45605743
45606743
45607743
45608744
45609743
45610743
45611743
45612743
45613743
45614743
45615743
45616743
45617743
45618743
45619743
45620743
45621743
45622743
45623743
45624743
45625743
45626743
45627743
45628743
45629743
45630743
45631743
45632743
45633743
45634743
45635743
45636743
45637744
45638744
45639744
45640743
45641743
45642743
45643743
45644743
45645744
45646744
45647743
45648744
45649743
45650744
45651744
45652744
45653744
45654743
45655744
45656744
45657743
45658744
45659744
45660744
45661743
45662744
45663745
45664744
45665744
45666744
45667744
45668744
45669744
45670744
45671745
45672744
45673744
45674744
45675744
45676744
45677744
45678744
45679744
45680744
45681744
45682745
45683744
45684744
45685744
45686746
45687769
45688744
45689744
45690744
45691744
45692744
45693744
45694744
45695744
45696744
45697744
45698744
45699744
45700744
45701744
45702745
45703744
45704744
45705744
45706744
45707744
45708744
45709744
45710744
45711744
45712762
45713744
45714744
45715746
45716744
45717744
45718744
45719744
45720744
45721744
45722744
45723745
45724744
45725745
45726757
45727753
45728755
45729758
45730757
45731764
45732751
45733750
45734753
45735750
45736745
45737750
45738745
45739751
45740751
45741752
45742748
45743758
45744751
45745751
45746748
45747752
45748753
45749753
45750749
45751752
45752751
45753745
45754748
45755752
45756748
45757753
45758751
45759750
45760749
45761751
45762745
45763748
45764751
45765751
45766748
45767752
45768751
45769751
45770747
45771750
45772754
45773755
45774747
45775750
45776750
45777751
45778752
45779751
45780752
45781752
45782746
45783747
45784754
45785751
45786746
45787746
45788746
45789751
45790746
45791746
45792746
45793746
45794748
45795746
45796746
45797747
45798746
45799747
45800746
45801746
45802747
45803746
45804746
45805746
45806746
45807746
45808747
45809746
45810746
45811747
45812746
45813747
45814748
45815748
45816747
45817746
45818746
45819746
45820747
45821747
45822746
45823746
45824747
45825748
45826747
45827747
45828748
45829747
45830747
45831746
45832747
45833747
45834747
45835749
45836747
45837747
45838748
45839747
45840747
45841747
45842747
45843747
45844747
45845747
45846747
45847747
45848747
45849747
45850747
45851747
45852747
45853747
45854747
45855747
45856747
45857747
45858747
45859747
45860747
45861747
45862747
45863747
45864747
45865747
45866747
45867747
45868747
45869747
45870747
45871747
45872747
45873747
45874747
45875747
45876747
45877747
45878747
45879748
45880748
45881747
45882747
45883747
45884747
45885747
45886747
45887747
45888747
45889748
45890747
45891748
45892747
45893747
45894747
45895747
45896747
45897748
45898748
45899747
45900748
45901748
45902748
45903748
45904748
45905748
45906748
45907748
45908748
45909748
45910748
45911748
45912748
45913748
45914748
45915748
45916748
45917748
45918748
45919748
45920748
45921748
45922748
45923748
45924748
45925748
45926748
45927748
45928748
45929748
45930748
45931748
45932748
45933748
45934748
45935748
45936748
45937748
45938748
45939748
45940748
45941748
45942748
45943748
45944748
45945748
45946748
45947748
45948748
45949748
45950748
45951748
45952748
45953748
45954748
45955748
45956749
45957748
45958748
45959748
45960749
45961749
45962749
45963749
45964749
45965749
45966748
45967748
45968748
45969748
45970748
45971748
45972748
45973749
45974748
45975748
45976748
45977748
45978748
45979748
45980749
45981748
45982749
45983749
45984749
45985748
45986749
45987749
45988749
45989749
45990749
45991749
45992749
45993749
45994749
45995749
45996749
45997749
45998749
45999749
46000749
46001749
46002749
46003749
46004749
46005749
46006749
46007749
46008749
46009749
46010749
46011749
46012749
46013749
46014749
46015749
46016749
46017749
46018749
46019749
46020749
46021749
46022749
46023749
46024749
46025749
46026749
46027749
46028750
46029749
46030749
46031749
46032749
46033749
46034749
46035749
46036750
46037750
46038749
46039749
46040749
46041749
46042749
46043750
46044749
46045750
46046750
46047749
46048750
46049750
46050750
46051750
46052750
46053750
46054750
46055750
46056750
46057750
46058750
46059750
46060750
46061750
46062750
46063750
46064750
46065750
46066750
46067750
46068750
46069750
46070750
46071750
46072750
46073750
46074750
46075750
46076750
46077750
46078750
46079750
46080750
46081751
46082750
46083750
46084750
46085750
46086750
46087750
46088750
46089750
46090750
46091750
46092750
46093750
46094750
46095750
46096750
46097750
46098750
46099750
46100750
46101750
46102750
46103750
46104750
46105750
46106751
46107750
46108750
46109751
46110750
46111750
46112751
46113750
46114751
46115751
46116751
46117751
46118751
46119751
46120751
46121751
46122751
46123751
46124751
46125751
46126751
46127751
46128751
46129751
46130751
46131751
46132751
46133751
46134751
46135751
46136751
46137751
46138751
46139751
46140751
46141751
46142751
46143751
46144751
46145751
46146751
46147759
46148759
46149757
46150757
46151760
46152755
46153756
46154759
46155760
46156751
46157758
46158751
46159756
46160758
46161758
46162755
46163759
46164755
46165751
46166757
46167759
46168758
46169755
46170756
46171755
46172757
46173757
46174761
46175757
46176757
46177757
46178759
46179756
46180760
46181757
46182757
46183758
46184759
46185756
46186759
46187757
46188760
46189757
46190756
46191761
46192767
46193753
46194762
46195767
46196765
46197766
46198765
46199765
46200767
46201763
46202766
46203762
46204762
46205762
46206762
46207770
46208760
46209760
46210765
46211758
46212755
46213754
46214758
46215764
46216767
46217765
46218754
46219764
46220771
46221767
46222763
46223770
46224771
46225763
46226755
46227757
46228761
46229761
46230757
46231759
46232755
46233758
46234762
46235759
46236764
46237758
46238759
46239756
46240757
46241764
46242764
46243756
46244769
46245767
46246758
46247765
46248756
46249764
46250756
46251757
46252762
46253755
46254758
46255758
46256755
46257761
46258753
46259758
46260753
46261755
46262757
46263757
46264756
46265754
46266753
46267754
46268753
46269753
46270754
46271753
46272754
46273754
46274754
46275754
46276754
46277754
46278754
46279756
46280754
46281754
46282754
46283758
46284754
46285754
46286754
46287754
46288754
46289754
46290754
46291754
46292754
46293755
46294754
46295754
46296754
46297754
46298754
46299754
46300754
46301754
46302754
46303754
46304754
46305754
46306754
46307754
46308754
46309754
46310754
46311754
46312754
46313755
46314755
46315755
46316754
46317754
46318754
46319754
46320754
46321754
46322755
46323755
46324754
46325754
46326754
46327755
46328755
46329754
46330755
46331755
46332754
46333754
46334755
46335755
46336757
46337754
46338754
46339754
46340755
46341755
46342755
46343755
46344754
46345755
46346755
46347755
46348755
46349755
46350755
46351755
46352755
46353755
46354755
46355755
46356755
46357755
46358755
46359760
46360755
46361755
46362755
46363756
46364755
46365755
46366755
46367755
46368756
46369755
46370755
46371755
46372758
46373755
46374755
46375755
46376755
46377755
46378755
46379755
46380755
46381757
46382757
46383755
46384755
46385755
46386755
46387757
46388755
46389756
46390756
46391755
46392755
46393757
46394758
46395755
46396756
46397757
46398756
46399755
46400756
46401756
46402756
46403756
46404758
46405756
46406755
46407756
46408755
46409756
46410758
46411756
46412756
46413757
46414756
46415756
46416756
46417756
46418756
46419756
46420756
46421757
46422756
46423756
46424756
46425758
46426758
46427756
46428756
46429758
46430756
46431756
46432757
46433756
46434756
46435756
46436756
46437756
46438756
46439758
46440756
46441756
46442756
46443756
46444756
46445756
46446756
46447756
46448758
46449758
46450756
46451756
46452759
46453756
46454756
46455756
46456756
46457756
46458758
46459756
46460756
46461757
46462758
46463757
46464758
46465758
46466757
46467759
46468760
46469760
46470760
46471760
46472758
46473762
46474761
46475756
46476757
46477762
46478763
46479760
46480764
46481756
46482759
46483762
46484758
46485757
46486757
46487757
46488758
46489758
46490758
46491760
46492760
46493757
46494757
46495758
46496757
46497757
46498757
46499758
46500760
46501757
46502757
46503758
46504757
46505760
46506758
46507757
46508758
46509757
46510757
46511757
46512757
46513759
46514759
46515757
46516758
46517757
46518757
46519759
46520759
46521758
46522757
46523757
46524757
46525757
46526757
46527757
46528757
46529757
46530757
46531757
46532757
46533757
46534757
46535757
46536757
46537757
46538757
46539757
46540757
46541757
46542757
46543757
46544757
46545757
46546762
46547757
46548757
46549757
46550758
46551757
46552757
46553761
46554758
46555758
46556758
46557758
46558758
46559759
46560758
46561758
46562757
46563758
46564758
46565758
46566758
46567758
46568758
46569758
46570758
46571758
46572758
46573758
46574758
46575758
46576758
46577758
46578758
46579758
46580758
46581758
46582758
46583758
46584758
46585758
46586758
46587758
46588758
46589758
46590758
46591758
46592758
46593758
46594758
46595758
46596758
46597758
46598759
46599758
46600758
46601758
46602758
46603758
46604758
46605758
46606758
46607759
46608758
46609758
46610759
46611758
46612758
46613758
46614758
46615759
46616759
46617758
46618758
46619759
46620759
46621759
46622758
46623759
46624759
46625759
46626759
46627759
46628759
46629759
46630759
46631759
46632759
46633759
46634759
46635760
46636759
46637759
46638759
46639759
46640759
46641759
46642759
46643759
46644759
46645759
46646759
46647759
46648759
46649759
46650759
46651759
46652759
46653759
46654759
46655759
46656759
46657759
46658759
46659759
46660759
46661759
46662759
46663759
46664759
46665759
46666759
46667759
46668759
46669759
46670759
46671760
46672760
46673759
46674759
46675759
46676760
46677759
46678759
46679759
46680759
46681759
46682760
46683759
46684760
46685760
46686766
46687767
46688763
46689767
46690764
46691765
46692766
46693761
46694768
46695768
46696768
46697762
46698768
46699765
46700767
46701764
46702768
46703768
46704768
46705770
46706771
46707770
46708764
46709763
46710768
46711766
46712769
46713771
46714769
46715765
46716764
46717764
46718769
46719766
46720765
46721768
46722767
46723768
46724765
46725764
46726771
46727769
46728764
46729766
46730760
46731768
46732762
46733765
46734768
46735767
46736767
46737770
46738763
46739768
46740768
46741761
46742770
46743769
46744768
46745770
46746763
46747768
46748762
46749764
46750761
46751762
46752762
46753764
46754762
46755761
46756762
46757762
46758761
46759763
46760763
46761762
46762763
46763761
46764763
46765761
46766761
46767762
46768762
46769761
46770771
46771763
46772761
46773762
46774762
46775762
46776764
46777761
46778763
46779765
46780761
46781766
46782761
46783761
46784762
46785762
46786761
46787762
46788763
46789762
46790763
46791762
46792762
46793762
46794764
46795762
46796762
46797762
46798762
46799763
46800763
46801762
46802762
46803764
46804762
46805762
46806762
46807762
46808762
46809767
46810762
46811762
46812762
46813762
46814762
46815762
46816762
46817762
46818762
46819762
46820762
46821762
46822762
46823762
46824763
46825762
46826763
46827762
46828762
46829762
46830763
46831763
46832764
46833762
46834762
46835762
46836762
46837762
46838763
46839763
46840762
46841766
46842762
46843762
46844762
46845762
46846762
46847762
46848762
46849762
46850762
46851762
46852762
46853763
46854763
46855763
46856763
46857763
46858763
46859762
46860764
46861762
46862763
46863763
46864762
46865766
46866762
46867763
46868763
46869763
46870763
46871763
46872763
46873763
46874763
46875763
46876763
46877763
46878763
46879763
46880763
46881763
46882763
46883763
46884763
46885763
46886763
46887763
46888763
46889763
46890763
46891763
46892763
46893763
46894763
46895763
46896763
46897763
46898763
46899764
46900763
46901763
46902763
46903764
46904763
46905763
46906763
46907764
46908763
46909764
46910763
46911763
46912763
46913763
46914764
46915764
46916763
46917764
46918763
46919764
46920764
46921764
46922764
46923764
46924763
46925765
46926764
46927764
46928763
46929764
46930764
46931764
46932764
46933764
46934764
46935764
46936764
46937764
46938764
46939764
46940764
46941764
46942764
46943764
46944764
46945764
46946764
46947764
46948764
46949764
46950764
46951764
46952764
46953764
46954764
46955764
46956764
46957764
46958764
46959764
46960764
46961764
46962764
46963764
46964764
46965764
46966764
46967764
46968764
46969764
46970764
46971764
46972765
46973764
46974764
46975766
46976764
46977764
46978765
46979764
46980764
46981764
46982764
46983765
46984764
46985765
46986764
46987764
46988764
46989764
46990764
46991764
46992764
46993764
46994764
46995764
46996764
46997764
46998764
46999764
47000764
47001764
47002765
47003764
47004766
47005765
47006764
47007764
47008764
47009765
47010765
47011765
47012765
47013765
47014765
47015765
47016765
47017766
47018765
47019765
47020765
47021767
47022766
47023765
47024765
47025766
47026765
47027765
47028765
47029765
47030767
47031766
47032766
47033765
47034765
47035765
47036765
47037766
47038765
47039767
47040765
47041765
47042768
47043765
47044765
47045766
47046765
47047765
47048767
47049765
47050765
47051765
47052766
47053766
47054766
47055765
47056767
47057766
47058767
47059765
47060767
47061767
47062766
47063766
47064767
47065768
47066767
47067765
47068767
47069766
47070766
47071766
47072766
47073766
47074766
47075765
47076766
47077766
47078766
47079766
47080766
47081766
47082766
47083766
47084766
47085766
47086766
47087766
47088766
47089766
47090766
47091766
47092766
47093766
47094766
47095766
47096766
47097766
47098766
47099766
47100766
47101767
47102766
47103766
47104766
47105766
47106766
47107766
47108766
47109766
47110766
47111766
47112766
47113766
47114766
47115766
47116767
47117766
47118766
47119766
47120766
47121766
47122766
47123766
47124766
47125766
47126766
47127766
47128766
47129766
47130766
47131766
47132767
47133766
47134767
47135767
47136766
47137767
47138767
47139767
47140767
47141767
47142767
47143767
47144767
47145767
47146767
47147767
47148767
47149767
47150767
47151767
47152767
47153767
47154767
47155767
47156767
47157767
47158767
47159767
47160767
47161767
47162767
47163767
47164767
47165767
47166767
47167775
47168767
47169767
47170767
47171767
47172767
47173767
47174776
47175767
47176774
47177767
47178767
47179767
47180778
47181767
47182767
47183767
47184774
47185776
47186767
47187767
47188775
47189767
47190775
47191768
47192773
47193768
47194767
47195767
47196767
47197776
47198767
47199775
47200768
47201767
47202769
47203777
47204775
47205773
47206768
47207768
47208773
47209769
47210768
47211768
47212769
47213768
47214768
47215770
47216768
47217775
47218774
47219768
47220771
47221768
47222768
47223770
47224769
47225768
47226775
47227768
47228768
47229768
47230770
47231770
47232776
47233775
47234770
47235768
47236768
47237775
47238773
47239777
47240775
47241776
47242768
47243768
47244770
47245768
47246776
47247775
47248768
47249768
47250771
47251776
47252770
47253776
47254776
47255776
47256774
47257772
47258770
47259769
47260775
47261777
47262774
47263770
47264774
47265771
47266771
47267769
47268775
47269775
47270770
47271772
47272777
47273776
47274775
47275777
47276772
47277769
47278773
47279776
47280776
47281776
47282773
47283785
47284770
47285773
47286778
47287772
47288770
47289774
47290769
47291771
47292769
47293773
47294771
47295772
47296774
47297771
47298772
47299770
47300770
47301773
47302774
47303778
47304774
47305780
47306782
47307776
47308779
47309786
47310785
47311779
47312779
47313782
47314780
47315782
47316786
47317781
47318777
47319782
47320782
47321781
47322783
47323778
47324776
47325781
47326781
47327780
47328781
47329783
47330780
47331783
47332779
47333787
47334786
47335779
47336780
47337784
47338773
47339780
47340777
47341776
47342779
47343782
47344779
47345778
47346780
47347772
47348775
47349774
47350772
47351776
47352777
47353778
47354778
47355774
47356780
47357775
47358775
47359772
47360778
47361773
47362777
47363775
47364778
47365777
47366775
47367776
47368779
47369772
47370776
47371776
47372774
47373775
47374776
47375776
47376777
47377777
47378776
47379778
47380771
47381779
47382773
47383773
47384776
47385772
47386771
47387772
47388771
47389771
47390771
47391771
47392771
47393771
47394771
47395771
47396771
47397771
47398771
47399771
47400771
47401771
47402771
47403771
47404771
47405771
47406771
47407771
47408771
47409771
47410771
47411771
47412771
47413772
47414771
47415771
47416771
47417771
47418771
47419771
47420771
47421771
47422771
47423772
47424771
47425772
47426771
47427771
47428772
47429771
47430771
47431772
47432771
47433771
47434771
47435771
47436771
47437771
47438771
47439772
47440772
47441772
47442772
47443771
47444772
47445772
47446772
47447772
47448772
47449772
47450772
47451772
47452772
47453772
47454772
47455772
47456772
47457772
47458772
47459772
47460772
47461772
47462772
47463772
47464772
47465772
47466772
47467772
47468772
47469773
47470772
47471772
47472772
47473772
47474772
47475772
47476772
47477772
47478772
47479772
47480772
47481772
47482772
47483772
47484772
47485772
47486773
47487772
47488773
47489772
47490772
47491772
47492772
47493772
47494772
47495772
47496773
47497773
47498772
47499772
47500773
47501772
47502773
47503773
47504773
47505772
47506773
47507773
47508772
47509773
47510773
47511773
47512773
47513773
47514773
47515773
47516773
47517773
47518773
47519773
47520773
47521773
47522773
47523773
47524773
47525773
47526773
47527773
47528772
47529772
47530773
47531773
47532773
47533773
47534773
47535773
47536773
47537773
47538773
47539773
47540773
47541773
47542773
47543773
47544773
47545773
47546773
47547773
47548773
47549773
47550773
47551773
47552773
47553773
47554773
47555773
47556773
47557773
47558773
47559773
47560773
47561773
47562773
47563774
47564773
47565773
47566773
47567773
47568773
47569773
47570773
47571774
47572774
47573774
47574774
47575774
47576773
47577774
47578773
47579774
47580774
47581774
47582774
47583774
47584773
47585774
47586774
47587774
47588774
47589774
47590774
47591774
47592774
47593774
47594774
47595774
47596774
47597774
47598774
47599774
47600774
47601774
47602775
47603775
47604775
47605774
47606775
47607774
47608774
47609775
47610774
47611775
47612775
47613774
47614774
47615775
47616774
47617774
47618774
47619774
47620774
47621774
47622775
47623774
47624775
47625774
47626775
47627775
47628774
47629774
47630775
47631775
47632775
47633774
47634776
47635775
47636774
47637775
47638775
47639775
47640775
47641775
47642774
47643775
47644776
47645775
47646775
47647775
47648775
47649775
47650775
47651775
47652775
47653775
47654775
47655775
47656775
47657775
47658775
47659775
47660775
47661775
47662775
47663775
47664775
47665775
47666775
47667776
47668775
47669775
47670779
47671775
47672776
47673775
47674775
47675775
47676778
47677775
47678775
47679776
47680778
47681775
47682776
47683775
47684775
47685778
47686776
47687780
47688775
47689776
47690775
47691775
47692780
47693775
47694776
47695775
47696775
47697775
47698776
47699775
47700775
47701777
47702776
47703776
47704776
47705776
47706776
47707783
47708779
47709776
47710779
47711776
47712782
47713787
47714786
47715782
47716780
47717776
47718778
47719780
47720782
47721783
47722780
47723777
47724781
47725784
47726782
47727783
47728783
47729784
47730784
47731783
47732785
47733783
47734786
47735781
47736781
47737783
47738784
47739786
47740779
47741787
47742780
47743786
47744779
47745785
47746781
47747780
47748785
47749785
47750780
47751782
47752788
47753778
47754782
47755786
47756785
47757781
47758782
47759781
47760781
47761782
47762780
47763786
47764785
47765784
47766780
47767779
47768779
47769777
47770778
47771782
47772779
47773780
47774777
47775779
47776779
47777777
47778779
47779778
47780780
47781777
47782778
47783779
47784778
47785778
47786779
47787779
47788778
47789779
47790782
47791778
47792779
47793778
47794780
47795779
47796782
47797780
47798781
47799778
47800779
47801778
47802778
47803778
47804778
47805782
47806779
47807778
47808779
47809778
47810779
47811780
47812778
47813780
47814779
47815779
47816779
47817779
47818781
47819778
47820781
47821778
47822780
47823777
47824778
47825778
47826778
47827780
47828780
47829778
47830778
47831778
47832780
47833778
47834780
47835778
47836780
47837780
47838780
47839778
47840778
47841778
47842780
47843778
47844778
47845778
47846778
47847779
47848780
47849778
47850780
47851778
47852780
47853778
47854778
47855778
47856778
47857780
47858780
47859778
47860779
47861778
47862779
47863778
47864778
47865779
47866778
47867780
47868778
47869779
47870778
47871779
47872778
47873778
47874779
47875778
47876780
47877781
47878780
47879779
47880779
47881779
47882779
47883779
47884778
47885779
47886778
47887778
47888780
47889782
47890779
47891779
47892779
47893779
47894778
47895779
47896779
47897780
47898779
47899779
47900779
47901781
47902779
47903779
47904779
47905779
47906779
47907779
47908780
47909780
47910779
47911781
47912779
47913779
47914779
47915779
47916779
47917779
47918779
47919780
47920780
47921779
47922781
47923782
47924780
47925783
47926779
47927781
47928779
47929779
47930780
47931780
47932779
47933781
47934780
47935780
47936779
47937779
47938780
47939779
47940779
47941781
47942780
47943779
47944779
47945779
47946779
47947779
47948780
47949781
47950780
47951780
47952781
47953780
47954779
47955780
47956780
47957781
47958780
47959780
47960781
47961780
47962780
47963780
47964780
47965781
47966782
47967780
47968780
47969781
47970780
47971780
47972780
47973780
47974780
47975780
47976780
47977780
47978780
47979781
47980780
47981781
47982780
47983780
47984782
47985781
47986780
47987780
47988780
47989781
47990781
47991780
47992781
47993780
47994780
47995780
47996780
47997780
47998781
47999780
48000780
48001780
48002781
48003780
48004780
48005781
48006780
48007780
48008780
48009780
48010780
48011780
48012780
48013780
48014780
48015780
48016780
48017780
48018781
48019780
48020780
48021780
48022780
48023780
48024780
48025780
48026780
48027780
48028780
48029780
48030780
48031780
48032780
48033780
48034781
48035780
48036780
48037780
48038781
48039781
48040780
48041781
48042780
48043780
48044781
48045781
48046781
48047781
48048781
48049781
48050781
48051781
48052781
48053781
48054781
48055781
48056781
48057781
48058781
48059781
48060781
48061781
48062782
48063781
48064781
48065781
48066783
48067781
48068781
48069781
48070781
48071781
48072781
48073781
48074781
48075781
48076781
48077781
48078781
48079781
48080781
48081781
48082781
48083781
48084781
48085781
48086781
48087781
48088781
48089781
48090781
48091781
48092781
48093781
48094781
48095781
48096781
48097781
48098781
48099781
48100781
48101781
48102781
48103781
48104782
48105782
48106783
48107786
48108785
48109783
48110785
48111787
48112783
48113782
48114782
48115782
48116782
48117782
48118782
48119782
48120782
48121782
48122782
48123782
48124782
48125782
48126782
48127782
48128782
48129782
48130782
48131782
48132782
48133782
48134782
48135782
48136782
48137782
48138782
48139782
48140783
48141782
48142782
48143782
48144782
48145782
48146783
48147782
48148782
48149782
48150783
48151782
48152782
48153782
48154783
48155783
48156782
48157782
48158782
48159783
48160782
48161782
48162782
48163782
48164783
48165783
48166783
48167782
48168783
48169783
48170782
48171783
48172783
48173783
48174783
48175783
48176783
48177783
48178783
48179783
48180783
48181783
48182783
48183783
48184783
48185783
48186783
48187783
48188783
48189783
48190783
48191783
48192783
48193783
48194783
48195783
48196783
48197783
48198783
48199783
48200783
48201783
48202783
48203783
48204783
48205783
48206783
48207783
48208783
48209783
48210783
48211783
48212783
48213783
48214783
48215783
48216783
48217783
48218783
48219783
48220783
48221783
48222783
48223783
48224783
48225783
48226783
48227783
48228783
48229783
48230783
48231783
48232784
48233784
48234783
48235783
48236784
48237784
48238784
48239784
48240784
48241784
48242784
48243784
48244784
48245784
48246784
48247784
48248791
48249786
48250791
48251790
48252784
48253787
48254791
48255791
48256788
48257792
48258788
48259784
48260791
48261791
48262791
48263789
48264792
48265784
48266791
48267791
48268791
48269792
48270789
48271792
48272791
48273784
48274792
48275790
48276784
48277792
48278790
48279788
48280792
48281792
48282793
48283790
48284792
48285790
48286793
48287784
48288789
48289791
48290789
48291794
48292791
48293791
48294793
48295790
48296790
48297791
48298789
48299791
48300793
48301792
48302793
48303789
48304791
48305791
48306790
48307790
48308787
48309788
48310789
48311787
48312789
48313787
48314787
48315786
48316791
48317787
48318788
48319786
48320787
48321787
48322790
48323789
48324790
48325791
48326787
48327787
48328786
48329791
48330787
48331792
48332790
48333788
48334787
48335788
48336791
48337791
48338792
48339789
48340791
48341788
48342789
48343787
48344787
48345792
48346791
48347786
48348788
48349788
48350786
48351788
48352789
48353792
48354788
48355787
48356787
48357787
48358788
48359790
48360788
48361787
48362787
48363791
48364790
48365788
48366788
48367787
48368786
48369786
48370786
48371787
48372786
48373786
48374788
48375786
48376786
48377786
48378786
48379788
48380786
48381786
48382787
48383789
48384788
48385786
48386786
48387787
48388786
48389786
48390786
48391786
48392787
48393786
48394786
48395786
48396786
48397786
48398787
48399786
48400787
48401786
48402787
48403787
48404788
48405787
48406787
48407787
48408787
48409787
48410787
48411787
48412791
48413787
48414787
48415787
48416787
48417787
48418787
48419787
48420787
48421787
48422787
48423787
48424787
48425787
48426787
48427787
48428787
48429787
48430787
48431787
48432788
48433787
48434787
48435787
48436787
48437787
48438787
48439787
48440787
48441787
48442787
48443787
48444787
48445787
48446787
48447794
48448794
48449791
48450792
48451789
48452793
48453800
48454789
48455795
48456790
48457800
48458790
48459799
48460797
48461799
48462795
48463788
48464801
48465795
48466792
48467791
48468793
48469795
48470797
48471797
48472790
48473793
48474795
48475793
48476789
48477789
48478793
48479790
48480790
48481789
48482792
48483800
48484794
48485792
48486789
48487789
48488792
48489791
48490789
48491794
48492792
48493794
48494791
48495793
48496795
48497794
48498793
48499796
48500794
48501790
48502795
48503791
48504795
48505794
48506789
48507794
48508794
48509794
48510794
48511794
48512790
48513794
48514791
48515788
48516788
48517788
48518790
48519788
48520788
48521789
48522788
48523789
48524789
48525788
48526788
48527788
48528789
48529788
48530788
48531788
48532789
48533789
48534789
48535788
48536789
48537789
48538789
48539789
48540789
48541789
48542789
48543789
48544789
48545789
48546789
48547789
48548789
48549789
48550789
48551789
48552789
48553789
48554789
48555789
48556789
48557789
48558789
48559789
48560789
48561789
48562789
48563789
48564789
48565789
48566789
48567789
48568789
48569789
48570789
48571789
48572789
48573789
48574790
48575789
48576789
48577789
48578789
48579789
48580789
48581791
48582790
48583790
48584789
48585789
48586789
48587789
48588789
48589789
48590790
48591789
48592789
48593789
48594789
48595789
48596789
48597790
48598790
48599789
48600789
48601790
48602790
48603790
48604790
48605789
48606790
48607790
48608789
48609789
48610789
48611789
48612789
48613789
48614790
48615789
48616789
48617789
48618789
48619789
48620789
48621789
48622790
48623789
48624789
48625789
48626789
48627790
48628790
48629790
48630790
48631790
48632790
48633790
48634790
48635790
48636790
48637790
48638790
48639790
48640790
48641790
48642790
48643790
48644790
48645790
48646790
48647790
48648790
48649790
48650790
48651790
48652790
48653790
48654790
48655790
48656790
48657790
48658790
48659790
48660790
48661790
48662790
48663790
48664790
48665790
48666790
48667790
48668790
48669790
48670790
48671790
48672790
48673790
48674790
48675790
48676791
48677790
48678790
48679790
48680791
48681790
48682790
48683791
48684791
48685790
48686790
48687791
48688791
48689791
48690791
48691791
48692791
48693791
48694791
48695791
48696791
48697791
48698791
48699791
48700791
48701791
48702791
48703791
48704791
48705791
48706791
48707791
48708791
48709791
48710791
48711791
48712791
48713791
48714791
48715791
48716791
48717791
48718791
48719791
48720791
48721791
48722791
48723791
48724791
48725791
48726791
48727791
48728792
48729791
48730791
48731792
48732792
48733791
48734791
48735791
48736791
48737791
48738791
48739792
48740791
48741792
48742791
48743792
48744792
48745792
48746792
48747792
48748792
48749791
48750792
48751792
48752792
48753792
48754792
48755792
48756792
48757792
48758792
48759792
48760792
48761792
48762792
48763792
48764792
48765792
48766792
48767792
48768793
48769792
48770792
48771792
48772792
48773792
48774793
48775792
48776792
48777792
48778792
48779792
48780792
48781792
48782792
48783792
48784792
48785794
48786792
48787792
48788792
48789792
48790792
48791792
48792807
48793792
48794792
48795792
48796792
48797792
48798792
48799792
48800792
48801793
48802792
48803792
48804792
48805792
48806792
48807792
48808807
48809792
48810792
48811793
48812793
48813792
48814793
48815792
48816807
48817806
48818793
48819794
48820793
48821793
48822793
48823793
48824796
48825793
48826793
48827793
48828793
48829793
48830793
48831793
48832800
48833793
48834793
48835793
48836793
48837793
48838793
48839793
48840793
48841793
48842793
48843793
48844793
48845793
48846793
48847793
48848801
48849808
48850804
48851802
48852804
48853802
48854806
48855806
48856800
48857813
48858800
48859806
48860808
48861793
48862793
48863802
48864804
48865798
48866804
48867802
48868794
48869800
48870796
48871800
48872797
48873797
48874798
48875798
48876798
48877795
48878796
48879797
48880794
48881796
48882804
48883796
48884796
48885800
48886800
48887804
48888809
48889794
48890801
48891794
48892800
48893801
48894797
48895794
48896799
48897798
48898798
48899800
48900799
48901800
48902798
48903794
48904802
48905801
48906800
48907794
48908796
48909796
48910801
48911803
48912806
48913799
48914799
48915798
48916797
48917800
48918800
48919800
48920800
48921800
48922807
48923796
48924797
48925798
48926801
48927797
48928795
48929796
48930795
48931797
48932797
48933795
48934799
48935797
48936795
48937796
48938796
48939795
48940796
48941795
48942796
48943797
48944796
48945795
48946795
48947795
48948797
48949795
48950795
48951797
48952797
48953798
48954798
48955797
48956799
48957797
48958797
48959795
48960795
48961797
48962795
48963795
48964796
48965795
48966796
48967795
48968796
48969796
48970798
48971795
48972796
48973795
48974796
48975796
48976795
48977796
48978796
48979796
48980796
48981795
48982798
48983796
48984796
48985796
48986797
48987796
48988795
48989796
48990797
48991796
48992796
48993796
48994797
48995797
48996796
48997796
48998798
48999796
49000796
49001798
49002798
49003798
49004797
49005796
49006796
49007796
49008798
49009798
49010798
49011798
49012797
49013797
49014796
49015796
49016796
49017799
49018797
49019798
49020798
49021796
49022796
49023797
49024796
49025796
49026796
49027796
49028798
49029796
49030796
49031800
49032800
49033796
49034799
49035800
49036799
49037797
49038799
49039800
49040798
49041799
49042801
49043798
49044799
49045799
49046797
49047801
49048798
49049797
49050797
49051798
49052796
49053801
49054802
49055797
49056802
49057801
49058802
49059797
49060801
49061803
49062805
49063805
49064802
49065802
49066800
49067801
49068803
49069801
49070798
49071802
49072801
49073803
49074797
49075803
49076800
49077802
49078797
49079801
49080802
49081805
49082797
49083800
49084805
49085804
49086797
49087797
49088798
49089797
49090805
49091801
49092801
49093798
49094797
49095798
49096801
49097805
49098797
49099805
49100799
49101801
49102802
49103802
49104800
49105801
49106798
49107805
49108801
49109799
49110800
49111799
49112805
49113798
49114798
49115801
49116800
49117798
49118799
49119804
49120799
49121799
49122803
49123798
49124801
49125805
49126801
49127799
49128802
49129798
49130800
49131801
49132798
49133800
49134800
49135798
49136798
49137798
49138798
49139798
49140798
49141799
49142798
49143798
49144798
49145798
49146798
49147798
49148799
49149798
49150798
49151798
49152798
49153798
49154798
49155798
49156798
49157798
49158799
49159798
49160798
49161798
49162798
49163798
49164798
49165799
49166798
49167798
49168799
49169799
49170799
49171799
49172798
49173798
49174798
49175798
49176798
49177799
49178798
49179798
49180799
49181799
49182799
49183799
49184798
49185799
49186799
49187799
49188799
49189799
49190799
49191799
49192799
49193799
49194799
49195799
49196799
49197799
49198799
49199799
49200799
49201799
49202799
49203799
49204799
49205799
49206799
49207799
49208799
49209799
49210799
49211799
49212799
49213799
49214799
49215799
49216799
49217799
49218799
49219799
49220799
49221799
49222799
49223799
49224799
49225799
49226799
49227799
49228799
49229799
49230799
49231799
49232799
49233799
49234799
49235799
49236799
49237799
49238799
49239799
49240799
49241799
49242799
49243799
49244799
49245799
49246799
49247799
49248799
49249799
49250799
49251799
49252799
49253799
49254799
49255799
49256799
49257800
49258799
49259799
49260799
49261801
49262800
49263799
49264799
49265800
49266799
49267800
49268800
49269799
49270799
49271799
49272799
49273800
49274800
49275800
49276799
49277800
49278800
49279800
49280800
49281800
49282801
49283800
49284800
49285800
49286800
49287800
49288800
49289800
49290800
49291800
49292800
49293800
49294800
49295800
49296800
49297800
49298800
49299800
49300800
49301800
49302800
49303802
49304800
49305800
49306800
49307800
49308800
49309800
49310800
49311800
49312800
49313800
49314800
49315800
49316800
49317800
49318800
49319800
49320800
49321800
49322800
49323800
49324800
49325800
49326800
49327800
49328801
49329800
49330801
49331801
49332801
49333800
49334800
49335800
49336801
49337801
49338801
49339801
49340800
49341801
49342801
49343801
49344801
49345801
49346801
49347801
49348801
49349801
49350801
49351801
49352801
49353801
49354801
49355801
49356801
49357801
49358801
49359801
49360801
49361801
49362801
49363801
49364801
49365801
49366801
49367801
49368801
49369802
49370801
49371801
49372802
49373802
49374801
49375801
49376801
49377801
49378801
49379801
49380801
49381801
49382801
49383801
49384801
49385801
49386801
49387802
49388803
49389802
49390802
49391802
49392802
49393802
49394802
49395803
49396802
49397802
49398802
49399804
49400802
49401802
49402803
49403802
49404802
49405802
49406802
49407802
49408802
49409802
49410802
49411802
49412802
49413802
49414802
49415802
49416802
49417802
49418802
49419803
49420802
49421802
49422802
49423802
49424802
49425803
49426802
49427802
49428802
49429802
49430802
49431804
49432802
49433802
49434803
49435802
49436802
49437802
49438803
49439804
49440802
49441802
49442802
49443803
49444802
49445802
49446803
49447802
49448802
49449802
49450802
49451803
49452802
49453802
49454802
49455803
49456803
49457803
49458803
49459803
49460803
49461803
49462803
49463803
49464802
49465802
49466803
49467803
49468803
49469803
49470803
49471803
49472803
49473803
49474803
49475803
49476803
49477803
49478803
49479803
49480803
49481803
49482803
49483803
49484803
49485803
49486803
49487803
49488803
49489803
49490803
49491803
49492803
49493803
49494803
49495803
49496803
49497803
49498803
49499803
49500803
49501803
49502803
49503803
49504803
49505803
49506803
49507803
49508804
49509803
49510803
49511803
49512803
49513803
49514804
49515803
49516803
49517803
49518803
49519804
49520803
49521804
49522804
49523804
49524804
49525804
49526804
49527803
49528804
49529804
49530804
49531804
49532804
49533804
49534804
49535804
49536804
49537803
49538804
49539804
49540804
49541804
49542804
49543804
49544804
49545804
49546804
49547804
49548805
49549804
49550804
49551804
49552804
49553804
49554804
49555805
49556804
49557804
49558804
49559804
49560804
49561804
49562804
49563804
49564804
49565804
49566804
49567804
49568804
49569804
49570804
49571804
49572804
49573804
49574804
49575804
49576805
49577804
49578805
49579804
49580804
49581805
49582804
49583805
49584804
49585805
49586804
49587805
49588804
49589804
49590805
49591804
49592804
49593804
49594804
49595804
49596804
49597804
49598805
49599804
49600805
49601805
49602805
49603805
49604805
49605805
49606805
49607805
49608805
49609805
49610805
49611805
49612805
49613805
49614805
49615805
49616805
49617805
49618805
49619805
49620805
49621805
49622805
49623805
49624805
49625805
49626805
49627805
49628805
49629805
49630806
49631805
49632806
49633805
49634806
49635806
49636806
49637806
49638805
49639805
49640806
49641806
49642806
49643806
49644806
49645806
49646806
49647806
49648806
49649806
49650806
49651806
49652806
49653806
49654806
49655806
49656806
49657806
49658806
49659806
49660806
49661806
49662806
49663806
49664806
49665806
49666806
49667806
49668806
49669806
49670806
49671806
49672806
49673806
49674806
49675806
49676806
49677806
49678806
49679806
49680806
49681806
49682806
49683806
49684806
49685806
49686807
49687806
49688806
49689806
49690806
49691806
49692806
49693806
49694806
49695806
49696806
49697806
49698807
49699806
49700806
49701807
49702806
49703807
49704807
49705807
49706807
49707806
49708808
49709807
49710807
49711807
49712807
49713807
49714807
49715807
49716807
49717807
49718806
49719807
49720807
49721807
49722807
49723807
49724807
49725807
49726807
49727807
49728807
49729807
49730807
49731807
49732807
49733807
49734807
49735807
49736807
49737807
49738807
49739807
49740807
49741807
49742807
49743807
49744808
49745807
49746807
49747807
49748807
49749807
49750807
49751807
49752807
49753807
49754807
49755807
49756807
49757807
49758807
49759807
49760807
49761807
49762807
49763808
49764807
49765807
49766807
49767808
49768807
49769807
49770808
49771807
49772807
49773807
49774807
49775808
49776808
49777808
49778808
49779808
49780808
49781808
49782808
49783808
49784808
49785808
49786808
49787808
49788808
49789808
49790808
49791808
49792808
49793808
49794808
49795808
49796808
49797808
49798808
49799808
49800808
49801808
49802808
49803808
49804808
49805808
49806808
49807808
49808808
49809808
49810808
49811808
49812808
49813808
49814808
49815808
49816808
49817808
49818808
49819808
49820808
49821808
49822808
49823808
49824808
49825808
49826808
49827808
49828808
49829808
49830808
49831808
49832808
49833808
49834808
49835808
49836808
49837808
49838808
49839809
49840808
49841808
49842808
49843808
49844808
49845808
49846808
49847809
49848808
49849809
49850808
49851810
49852809
49853811
49854809
49855809
49856808
49857809
49858809
49859809
49860811
49861809
49862809
49863809
49864809
49865809
49866810
49867809
49868809
49869809
49870809
49871809
49872809
49873809
49874809
49875809
49876809
49877809
49878809
49879809
49880809
49881809
49882809
49883809
49884809
49885809
49886809
49887809
49888809
49889809
49890809
49891809
49892809
49893809
49894809
49895809
49896809
49897809
49898809
49899809
49900809
49901810
49902809
49903809
49904809
49905810
49906809
49907810
49908809
49909809
49910810
49911810
49912809
49913810
49914810
49915809
49916810
49917810
49918810
49919810
49920809
49921810
49922810
49923810
49924810
49925809
49926810
49927810
49928810
49929810
49930810
49931810
49932818
49933819
49934817
49935810
49936810
49937810
49938817
49939818
49940810
49941817
49942810
49943810
49944816
49945812
49946810
49947814
49948810
49949817
49950814
49951810
49952817
49953819
49954810
49955810
49956810
49957815
49958810
49959810
49960811
49961810
49962810
49963818
49964810
49965819
49966811
49967810
49968810
49969819
49970819
49971816
49972818
49973817
49974811
49975815
49976818
49977811
49978819
49979813
49980813
49981816
49982814
49983810
49984817
49985817
49986816
49987811
49988810
49989812
49990812
49991815
49992814
49993813
49994815
49995814
49996814
49997815
49998812
49999812
50000816
50001814
50002817
50003815
50004813
50005813
50006812
50007813
50008812
50009812
50010811
50011813
50012813
50013813
50014812
50015811
50016813
50017813
50018813
50019812
50020815
50021815
50022812
50023812
50024812
50025813
50026813
50027815
50028813
50029814
50030815
50031812
50032812
50033814
50034815
50035815
50036814
50037814
50038812
50039816
50040816
50041814
50042812
50043813
50044815
50045814
50046812
50047814
50048813
50049813
50050813
50051812
50052812
50053813
50054812
50055814
50056812
50057812
50058812
50059812
50060816
50061812
50062812
50063812
50064812
50065813
50066814
50067813
50068812
50069812
50070812
50071812
50072812
50073812
50074812
50075812
50076812
50077812
50078813
50079812
50080813
50081812
50082812
50083812
50084812
50085812
50086812
50087813
50088812
50089812
50090813
50091813
50092812
50093813
50094813
50095813
50096813
50097813
50098812
50099813
50100813
50101813
50102813
50103812
50104813
50105813
50106813
50107813
50108813
50109813
50110813
50111813
50112813
50113813
50114813
50115813
50116813
50117813
50118813
50119813
50120813
50121813
50122813
50123813
50124814
50125813
50126813
50127813
50128813
50129814
50130813
50131813
50132813
50133813
50134813
50135813
50136813
50137813
50138813
50139813
50140813
50141813
50142814
50143813
50144814
50145813
50146813
50147813
50148813
50149813
50150814
50151813
50152813
50153813
50154813
50155814
50156813
50157813
50158814
50159814
50160813
50161814
50162814
50163814
50164813
50165814
50166814
50167814
50168814
50169814
50170814
50171814
50172814
50173814
50174814
50175814
50176814
50177814
50178814
50179814
50180814
50181814
50182815
50183814
50184814
50185814
50186814
50187814
50188814
50189814
50190814
50191814
50192814
50193814
50194814
50195814
50196814
50197814
50198814
50199814
50200814
50201814
50202814
50203814
50204814
50205814
50206814
50207815
50208815
50209814
50210814
50211814
50212814
50213814
50214814
50215814
50216815
50217814
50218814
50219814
50220814
50221814
50222815
50223815
50224815
50225814
50226815
50227815
50228814
50229814
50230814
50231814
50232814
50233814
50234814
50235814
50236814
50237814
50238814
50239814
50240814
50241814
50242814
50243814
50244814
50245814
50246814
50247814
50248814
50249814
50250815
50251814
50252814
50253815
50254814
50255815
50256814
50257815
50258815
50259815
50260815
50261815
50262815
50263815
50264815
50265815
50266815
50267815
50268815
50269815
50270815
50271815
50272815
50273815
50274815
50275815
50276815
50277815
50278815
50279815
50280815
50281815
50282815
50283815
50284815
50285815
50286815
50287815
50288815
50289815
50290815
50291815
50292815
50293815
50294815
50295815
50296815
50297815
50298815
50299815
50300815
50301815
50302815
50303816
50304815
50305816
50306815
50307816
50308815
50309815
50310815
50311815
50312816
50313816
50314816
50315815
50316816
50317816
50318815
50319816
50320816
50321816
50322816
50323816
50324816
50325816
50326816
50327816
50328816
50329816
50330816
50331816
50332816
50333816
50334816
50335816
50336816
50337817
50338816
50339816
50340816
50341816
50342816
50343816
50344816
50345816
50346816
50347816
50348816
50349816
50350817
50351817
50352817
50353816
50354816
50355816
50356816
50357816
50358817
50359816
50360816
50361816
50362818
50363816
50364819
50365820
50366817
50367816
50368817
50369817
50370817
50371816
50372817
50373819
50374816
50375819
50376816
50377817
50378818
50379817
50380817
50381817
50382818
50383817
50384817
50385819
50386817
50387844
50388817
50389817
50390817
50391817
50392817
50393817
50394817
50395818
50396840
50397819
50398818
50399818
50400818
50401820
50402819
50403821
50404819
50405819
50406820
50407819
50408818
50409829
50410834
50411829
50412836
50413830
50414830
50415827
50416835
50417831
50418828
50419836
50420837
50421817
50422831
50423838
50424824
50425833
50426836
50427834
50428831
50429833
50430817
50431834
50432832
50433831
50434830
50435833
50436836
50437829
50438833
50439833
50440832
50441834
50442829
50443835
50444836
50445828
50446832
50447825
50448835
50449818
50450829
50451829
50452833
50453835
50454835
50455837
50456834
50457837
50458829
50459832
50460824
50461835
50462832
50463833
50464820
50465834
50466826
50467824
50468824
50469821
50470821
50471819
50472819
50473822
50474824
50475818
50476818
50477820
50478820
50479819
50480820
50481823
50482819
50483819
50484821
50485819
50486823
50487821
50488821
50489821
50490824
50491820
50492819
50493822
50494819
50495819
50496828
50497819
50498822
50499820
50500821
50501822
50502822
50503819
50504819
50505825
50506821
50507820
50508820
50509822
50510822
50511820
50512822
50513819
50514823
50515820
50516819
50517819
50518821
50519820
50520821
50521823
50522820
50523823
50524821
50525826
50526820
50527821
50528820
50529820
50530820
50531819
50532821
50533820
50534819
50535819
50536819
50537820
50538820
50539821
50540820
50541820
50542821
50543820
50544819
50545819
50546819
50547820
50548819
50549819
50550823
50551821
50552819
50553822
50554821
50555821
50556822
50557820
50558819
50559821
50560820
50561820
50562820
50563820
50564820
50565821
50566820
50567821
50568820
50569827
50570832
50571827
50572823
50573823
50574827
50575831
50576828
50577826
50578826
50579824
50580825
50581823
50582824
50583833
50584823
50585825
50586823
50587825
50588825
50589820
50590820
50591821
50592820
50593821
50594820
50595820
50596820
50597820
50598820
50599820
50600821
50601820
50602820
50603820
50604821
50605820
50606821
50607821
50608821
50609821
50610821
50611820
50612820
50613821
50614821
50615820
50616820
50617821
50618821
50619820
50620821
50621821
50622820
50623821
50624821
50625821
50626821
50627822
50628821
50629821
50630821
50631821
50632821
50633822
50634821
50635821
50636821
50637821
50638821
50639821
50640821
50641821
50642821
50643821
50644821
50645821
50646821
50647821
50648821
50649821
50650821
50651825
50652824
50653821
50654823
50655821
50656823
50657822
50658823
50659821
50660823
50661823
50662821
50663823
50664821
50665821
50666821
50667823
50668824
50669821
50670821
50671822
50672821
50673821
50674821
50675821
50676822
50677822
50678821
50679821
50680821
50681821
50682821
50683822
50684821
50685821
50686821
50687822
50688821
50689822
50690822
50691822
50692822
50693822
50694821
50695822
50696822
50697822
50698822
50699822
50700822
50701822
50702822
50703822
50704822
50705822
50706822
50707822
50708823
50709821
50710821
50711822
50712822
50713822
50714822
50715822
50716822
50717822
50718822
50719822
50720822
50721822
50722822
50723822
50724822
50725822
50726822
50727822
50728822
50729822
50730822
50731822
50732822
50733822
50734822
50735822
50736822
50737822
50738822
50739822
50740822
50741822
50742822
50743822
50744822
50745822
50746822
50747822
50748822
50749822
50750822
50751822
50752822
50753822
50754822
50755822
50756822
50757822
50758823
50759823
50760823
50761822
50762822
50763822
50764822
50765822
50766822
50767822
50768823
50769822
50770823
50771822
50772822
50773823
50774823
50775823
50776823
50777822
50778822
50779822
50780823
50781823
50782822
50783823
50784823
50785823
50786823
50787823
50788823
50789823
50790823
50791823
50792823
50793823
50794823
50795823
50796823
50797823
50798823
50799823
50800823
50801823
50802823
50803823
50804823
50805823
50806823
50807823
50808823
50809823
50810823
50811823
50812823
50813823
50814823
50815823
50816823
50817823
50818823
50819823
50820823
50821824
50822824
50823823
50824823
50825823
50826823
50827823
50828823
50829824
50830823
50831823
50832824
50833823
50834823
50835824
50836823
50837823
50838823
50839824
50840823
50841823
50842823
50843823
50844824
50845824
50846824
50847824
50848824
50849824
50850824
50851824
50852824
50853824
50854824
50855824
50856824
50857824
50858824
50859824
50860824
50861824
50862824
50863824
50864824
50865824
50866824
50867824
50868824
50869824
50870824
50871824
50872824
50873824
50874824
50875824
50876824
50877824
50878824
50879824
50880824
50881824
50882824
50883824
50884824
50885824
50886824
50887824
50888824
50889824
50890833
50891830
50892831
50893833
50894831
50895825
50896829
50897832
50898845
50899824
50900824
50901840
50902844
50903844
50904844
50905833
50906825
50907825
50908846
50909840
50910825
50911825
50912849
50913832
50914837
50915835
50916838
50917840
50918829
50919825
50920835
50921828
50922825
50923836
50924835
50925834
50926839
50927828
50928833
50929828
50930829
50931841
50932827
50933829
50934845
50935829
50936826
50937832
50938825
50939839
50940826
50941831
50942825
50943836
50944826
50945825
50946827
50947830
50948826
50949830
50950826
50951832
50952827
50953828
50954839
50955829
50956837
50957832
50958832
50959839
50960831
50961835
50962830
50963827
50964834
50965826
50966827
50967832
50968842
50969833
50970829
50971837
50972844
50973828
50974833
50975838
50976844
50977829
50978828
50979827
50980826
50981827
50982826
50983826
50984829
50985827
50986826
50987826
50988831
50989830
50990827
50991827
50992826
50993826
50994827
50995827
50996829
50997827
50998827
50999827
51000827
51001831
51002828
51003827
51004829
51005828
51006828
51007827
51008829
51009826
51010826
51011826
51012826
51013826
51014827
51015827
51016827
51017826
51018827
51019827
51020827
51021827
51022827
51023827
51024827
51025827
51026827
51027827
51028827
51029827
51030827
51031827
51032827
51033827
51034827
51035827
51036827
51037827
51038827
51039827
51040827
51041827
51042827
51043827
51044827
51045827
51046827
51047827
51048827
51049827
51050827
51051827
51052827
51053827
51054827
51055827
51056827
51057827
51058827
51059827
51060827
51061827
51062827
51063827
51064827
51065827
51066827
51067827
51068828
51069827
51070827
51071827
51072828
51073827
51074827
51075827
51076827
51077827
51078828
51079828
51080828
51081828
51082828
51083828
51084828
51085828
51086828
51087828
51088828
51089827
51090828
51091828
51092827
51093828
51094828
51095828
51096828
51097828
51098828
51099828
51100828
51101828
51102828
51103828
51104828
51105828
51106828
51107828
51108828
51109828
51110828
51111828
51112828
51113828
51114828
51115828
51116829
51117828
51118828
51119828
51120828
51121828
51122828
51123828
51124828
51125828
51126828
51127828
51128828
51129829
51130828
51131828
51132828
51133828
51134828
51135828
51136828
51137828
51138828
51139828
51140828
51141828
51142828
51143828
51144828
51145828
51146828
51147828
51148828
51149828
51150828
51151828
51152828
51153828
51154828
51155828
51156828
51157828
51158828
51159828
51160828
51161828
51162828
51163828
51164828
51165828
51166828
51167829
51168829
51169828
51170828
51171828
51172829
51173829
51174829
51175829
51176829
51177829
51178829
51179829
51180829
51181829
51182829
51183829
51184829
51185830
51186829
51187829
51188829
51189829
51190829
51191829
51192829
51193829
51194829
51195829
51196829
51197829
51198829
51199829
51200829
51201829
51202829
51203829
51204829
51205829
51206829
51207829
51208829
51209829
51210829
51211829
51212829
51213829
51214829
51215829
51216829
51217829
51218829
51219829
51220829
51221829
51222829
51223829
51224829
51225829
51226829
51227830
51228829
51229829
51230829
51231830
51232829
51233829
51234829
51235830
51236829
51237829
51238829
51239830
51240830
51241830
51242830
51243830
51244830
51245830
51246830
51247830
51248830
51249830
51250830
51251830
51252830
51253830
51254830
51255830
51256830
51257830
51258830
51259830
51260830
51261830
51262830
51263830
51264830
51265830
51266830
51267830
51268830
51269830
51270830
51271830
51272830
51273830
51274830
51275830
51276830
51277830
51278830
51279830
51280830
51281830
51282830
51283830
51284830
51285830
51286830
51287830
51288830
51289830
51290830
51291830
51292830
51293830
51294830
51295831
51296830
51297830
51298830
51299831
51300831
51301830
51302831
51303831
51304831
51305831
51306831
51307831
51308831
51309831
51310831
51311837
51312839
51313837
51314839
51315837
51316836
51317836
51318835
51319835
51320839
51321835
51322838
51323836
51324834
51325836
51326836
51327839
51328835
51329836
51330840
51331838
51332836
51333831
51334831
51335836
51336839
51337836
51338836
51339842
51340839
51341839
51342836
51343837
51344836
51345837
51346840
51347839
51348838
51349839
51350839
51351840
51352837
51353838
51354831
51355839
51356836
51357838
51358836
51359835
51360839
51361835
51362836
51363836
51364837
51365835
51366836
51367841
51368838
51369837
51370833
51371832
51372832
51373832
51374832
51375832
51376832
51377832
51378832
51379832
51380834
51381832
51382834
51383832
51384836
51385832
51386832
51387833
51388837
51389833
51390834
51391835
51392832
51393832
51394832
51395832
51396832
51397832
51398832
51399832
51400832
51401834
51402832
51403832
51404833
51405832
51406833
51407832
51408833
51409833
51410833
51411834
51412833
51413832
51414832
51415833
51416833
51417833
51418832
51419833
51420833
51421833
51422835
51423833
51424834
51425833
51426833
51427834
51428833
51429833
51430833
51431833
51432833
51433833
51434833
51435833
51436833
51437833
51438833
51439833
51440833
51441833
51442833
51443833
51444833
51445833
51446833
51447833
51448833
51449833
51450833
51451833
51452833
51453833
51454833
51455834
51456833
51457833
51458833
51459833
51460833
51461833
51462833
51463833
51464833
51465833
51466833
51467833
51468834
51469834
51470834
51471833
51472833
51473834
51474833
51475833
51476833
51477834
51478833
51479834
51480834
51481834
51482834
51483834
51484833
51485833
51486834
51487834
51488834
51489834
51490834
51491834
51492834
51493834
51494834
51495834
51496834
51497834
51498834
51499834
51500834
51501834
51502834
51503834
51504834
51505834
51506834
51507834
51508834
51509834
51510834
51511834
51512834
51513834
51514834
51515834
51516834
51517834
51518834
51519834
51520834
51521834
51522834
51523834
51524834
51525834
51526834
51527834
51528834
51529834
51530834
51531834
51532834
51533834
51534835
51535834
51536834
51537834
51538834
51539834
51540834
51541834
51542835
51543835
51544835
51545834
51546835
51547835
51548835
51549834
51550835
51551835
51552835
51553835
51554835
51555835
51556835
51557835
51558835
51559835
51560835
51561835
51562835
51563835
51564835
51565835
51566835
51567835
51568835
51569835
51570835
51571835
51572836
51573835
51574835
51575835
51576835
51577836
51578835
51579835
51580835
51581835
51582835
51583835
51584835
51585836
51586835
51587835
51588835
51589835
51590836
51591835
51592835
51593836
51594836
51595835
51596835
51597836
51598836
51599835
51600836
51601836
51602835
51603836
51604835
51605836
51606836
51607836
51608836
51609836
51610835
51611835
51612835
51613835
51614836
51615835
51616837
51617836
51618836
51619835
51620836
51621836
51622835
51623836
51624836
51625836
51626836
51627836
51628836
51629836
51630836
51631836
51632836
51633836
51634836
51635836
51636836
51637836
51638836
51639836
51640836
51641836
51642836
51643836
51644836
51645836
51646836
51647836
51648836
51649836
51650836
51651836
51652836
51653836
51654836
51655836
51656836
51657836
51658837
51659836
51660836
51661836
51662836
51663836
51664836
51665836
51666836
51667836
51668836
51669836
51670836
51671837
51672836
51673836
51674837
51675836
51676836
51677836
51678836
51679836
51680837
51681836
51682837
51683836
51684837
51685837
51686837
51687837
51688837
51689836
51690837
51691836
51692837
51693837
51694837
51695837
51696837
51697836
51698837
51699837
51700837
51701837
51702837
51703837
51704837
51705837
51706837
51707837
51708837
51709838
51710837
51711837
51712838
51713837
51714837
51715837
51716837
51717838
51718837
51719837
51720837
51721839
51722837
51723840
51724837
51725837
51726837
51727837
51728837
51729837
51730838
51731857
51732837
51733846
51734858
51735844
51736837
51737837
51738838
51739837
51740851
51741839
51742839
51743844
51744840
51745839
51746839
51747838
51748843
51749838
51750841
51751837
51752839
51753838
51754838
51755859
51756854
51757839
51758838
51759849
51760838
51761839
51762846
51763838
51764838
51765840
51766837
51767838
51768838
51769838
51770840
51771838
51772838
51773846
51774838
51775840
51776839
51777838
51778838
51779838
51780838
51781838
51782839
51783838
51784840
51785839
51786854
51787838
51788838
51789838
51790839
51791839
51792840
51793839
51794839
51795852
51796840
51797844
51798843
51799846
51800847
51801844
51802845
51803844
51804838
51805845
51806842
51807843
51808847
51809844
51810841
51811842
51812846
51813838
51814841
51815845
51816845
51817841
51818843
51819845
51820845
51821843
51822842
51823843
51824845
51825845
51826843
51827841
51828844
51829844
51830849
51831839
51832843
51833845
51834841
51835841
51836844
51837844
51838839
51839847
51840844
51841844
51842849
51843841
51844843
51845845
51846846
51847845
51848842
51849843
51850840
51851839
51852839
51853840
51854839
51855839
51856842
51857840
51858839
51859839
51860839
51861839
51862840
51863841
51864839
51865840
51866841
51867840
51868840
51869839
51870841
51871841
51872840
51873840
51874839
51875842
51876839
51877840
51878843
51879841
51880842
51881840
51882840
51883840
51884840
51885840
51886841
51887840
51888840
51889840
51890840
51891840
51892842
51893840
51894841
51895840
51896840
51897840
51898840
51899840
51900840
51901841
51902840
51903853
51904854
51905848
51906844
51907845
51908855
51909853
51910844
51911840
51912842
51913850
51914842
51915841
51916843
51917840
51918841
51919842
51920841
51921840
51922841
51923841
51924840
51925841
51926840
51927842
51928840
51929840
51930841
51931841
51932840
51933841
51934841
51935841
51936841
51937841
51938841
51939841
51940841
51941841
51942843
51943841
51944841
51945841
51946841
51947841
51948841
51949841
51950841
51951841
51952841
51953842
51954842
51955841
51956841
51957841
51958841
51959841
51960842
51961842
51962841
51963842
51964842
51965841
51966841
51967841
51968841
51969841
51970841
51971841
51972843
51973841
51974841
51975841
51976841
51977841
51978841
51979841
51980841
51981842
51982842
51983842
51984842
51985841
51986841
51987841
51988841
51989841
51990841
51991841
51992842
51993841
51994842
51995842
51996842
51997842
51998842
51999842
52000842
52001841
52002842
52003841
52004842
52005841
52006841
52007842
52008842
52009842
52010842
52011842
52012842
52013841
52014842
52015842
52016842
52017842
52018843
52019842
52020842
52021842
52022843
52023842
52024842
52025842
52026842
52027842
52028842
52029842
52030842
52031843
52032842
52033842
52034843
52035842
52036842
52037842
52038842
52039842
52040842
52041842
52042842
52043842
52044842
52045842
52046842
52047842
52048842
52049843
52050843
52051842
52052842
52053842
52054842
52055842
52056842
52057842
52058843
52059843
52060843
52061843
52062843
52063842
52064842
52065842
52066843
52067843
52068842
52069843
52070843
52071842
52072843
52073842
52074843
52075843
52076843
52077843
52078843
52079843
52080843
52081843
52082843
52083843
52084843
52085843
52086843
52087843
52088843
52089843
52090843
52091843
52092843
52093843
52094843
52095843
52096843
52097843
52098843
52099843
52100843
52101843
52102843
52103843
52104843
52105843
52106843
52107843
52108843
52109843
52110843
52111843
52112843
52113843
52114843
52115843
52116843
52117843
52118843
52119843
52120843
52121843
52122843
52123843
52124843
52125843
52126843
52127843
52128843
52129843
52130843
52131843
52132843
52133843
52134843
52135843
52136843
52137843
52138843
52139843
52140843
52141843
52142843
52143843
52144843
52145843
52146843
52147843
52148843
52149843
52150843
52151843
52152843
52153843
52154844
52155843
52156843
52157843
52158844
52159844
52160843
52161843
52162843
52163843
52164843
52165844
52166844
52167844
52168844
52169844
52170844
52171844
52172844
52173844
52174844
52175844
52176844
52177845
52178844
52179844
52180844
52181844
52182844
52183844
52184844
52185844
52186844
52187844
52188844
52189844
52190844
52191844
52192844
52193844
52194844
52195844
52196844
52197844
52198844
52199844
52200844
52201844
52202844
52203844
52204844
52205844
52206844
52207844
52208844
52209844
52210845
52211845
52212844
52213844
52214844
52215844
52216844
52217844
52218845
52219844
52220845
52221845
52222845
52223845
52224845
52225845
52226845
52227845
52228845
52229845
52230845
52231845
52232845
52233845
52234845
52235845
52236845
52237845
52238845
52239845
52240845
52241845
52242845
52243845
52244845
52245845
52246845
52247845
52248845
52249845
52250845
52251845
52252845
52253845
52254845
52255845
52256845
52257845
52258845
52259845
52260845
52261845
52262845
52263845
52264845
52265845
52266845
52267845
52268845
52269845
52270845
52271845
52272845
52273846
52274846
52275846
52276846
52277846
52278846
52279845
52280846
52281846
52282846
52283846
52284846
52285846
52286846
52287846
52288846
52289846
52290846
52291846
52292846
52293846
52294846
52295847
52296846
52297846
52298846
52299846
52300846
52301846
52302847
52303848
52304846
52305846
52306847
52307852
52308848
52309846
52310850
52311846
52312846
52313846
52314846
52315846
52316846
52317846
52318847
52319846
52320847
52321846
52322846
52323846
52324846
52325846
52326846
52327846
52328846
52329847
52330846
52331847
52332846
52333847
52334847
52335847
52336847
52337847
52338847
52339847
52340847
52341847
52342847
52343847
52344847
52345847
52346847
52347847
52348847
52349847
52350847
52351847
52352847
52353847
52354847
52355847
52356847
52357847
52358847
52359847
52360847
52361847
52362847
52363847
52364847
52365847
52366847
52367847
52368847
52369847
52370847
52371847
52372847
52373847
52374847
52375847
52376847
52377847
52378847
52379847
52380848
52381847
52382847
52383847
52384848
52385848
52386847
52387847
52388847
52389847
52390847
52391847
52392848
52393847
52394847
52395847
52396848
52397847
52398848
52399848
52400848
52401848
52402848
52403848
52404848
52405848
52406848
52407847
52408848
52409847
52410848
52411848
52412848
52413848
52414848
52415849
52416848
52417848
52418848
52419848
52420848
52421848
52422848
52423848
52424848
52425848
52426848
52427848
52428848
52429848
52430848
52431848
52432848
52433848
52434848
52435848
52436848
52437848
52438848
52439848
52440848
52441848
52442848
52443848
52444848
52445848
52446848
52447848
52448848
52449848
52450848
52451848
52452848
52453848
52454848
52455848
52456848
52457848
52458848
52459848
52460848
52461848
52462848
52463848
52464848
52465848
52466848
52467848
52468848
52469848
52470848
52471848
52472848
52473848
52474848
52475848
52476848
52477848
52478848
52479848
52480848
52481848
52482849
52483849
52484848
52485848
52486848
52487849
52488848
52489848
52490849
52491849
52492848
52493849
52494849
52495849
52496849
52497849
52498849
52499849
52500849
52501849
52502849
52503849
52504849
52505849
52506849
52507849
52508849
52509849
52510849
52511849
52512849
52513849
52514849
52515849
52516849
52517849
52518849
52519849
52520849
52521849
52522849
52523849
52524849
52525849
52526849
52527849
52528849
52529849
52530849
52531850
52532849
52533849
52534849
52535851
52536849
52537849
52538850
52539850
52540850
52541851
52542850
52543850
52544849
52545850
52546850
52547850
52548852
52549849
52550851
52551850
52552850
52553850
52554850
52555849
52556850
52557850
52558850
52559850
52560850
52561850
52562850
52563851
52564850
52565852
52566850
52567850
52568850
52569850
52570850
52571850
52572850
52573850
52574850
52575850
52576850
52577850
52578850
52579853
52580850
52581850
52582850
52583850
52584853
52585850
52586875
52587850
52588850
52589850
52590850
52591850
52592850
52593850
52594853
52595850
52596875
52597850
52598852
52599850
52600850
52601850
52602850
52603850
52604853
52605851
52606851
52607850
52608850
52609850
52610850
52611851
52612851
52613850
52614850
52615850
52616850
52617850
52618850
52619850
52620850
52621851
52622850
52623851
52624851
52625850
52626851
52627851
52628851
52629851
52630851
52631851
52632851
52633859
52634851
52635859
52636851
52637851
52638858
52639851
52640851
52641851
52642859
52643851
52644851
52645851
52646851
52647851
52648851
52649851
52650851
52651851
52652851
52653851
52654851
52655852
52656851
52657851
52658851
52659851
52660851
52661851
52662851
52663851
52664851
52665851
52666851
52667851
52668851
52669851
52670851
52671858
52672859
52673851
52674860
52675851
52676851
52677851
52678851
52679860
52680856
52681851
52682858
52683851
52684852
52685851
52686851
52687861
52688852
52689851
52690852
52691860
52692851
52693852
52694852
52695859
52696858
52697852
52698852
52699860
52700858
52701859
52702852
52703852
52704859
52705852
52706858
52707852
52708852
52709852
52710852
52711852
52712852
52713856
52714852
52715858
52716860
52717852
52718859
52719860
52720852
52721860
52722852
52723868
52724857
52725861
52726861
52727860
52728853
52729852
52730861
52731858
52732852
52733852
52734852
52735852
52736860
52737852
52738860
52739859
52740852
52741852
52742856
52743860
52744852
52745852
52746852
52747859
52748860
52749852
52750853
52751860
52752859
52753856
52754858
52755859
52756858
52757858
52758857
52759858
52760857
52761859
52762862
52763857
52764859
52765859
52766857
52767857
52768859
52769859
52770858
52771861
52772859
52773859
52774857
52775858
52776859
52777859
52778861
52779858
52780855
52781858
52782861
52783857
52784859
52785858
52786859
52787859
52788858
52789855
52790857
52791860
52792859
52793858
52794861
52795855
52796858
52797857
52798862
52799855
52800857
52801856
52802860
52803860
52804853
52805859
52806856
52807860
52808857
52809858
52810857
52811858
52812855
52813859
52814859
52815856
52816858
52817856
52818857
52819856
52820857
52821856
52822856
52823858
52824857
52825856
52826861
52827857
52828855
52829856
52830857
52831859
52832859
52833872
52834861
52835860
52836861
52837864
52838865
52839867
52840859
52841861
52842861
52843865
52844866
52845854
52846864
52847866
52848858
52849865
52850858
52851859
52852862
52853864
52854857
52855859
52856860
52857859
52858863
52859864
52860862
52861861
52862856
52863860
52864863
52865856
52866859
52867864
52868860
52869870
52870866
52871859
52872856
52873866
52874857
52875864
52876859
52877856
52878859
52879856
52880859
52881863
52882862
52883860
52884859
52885856
52886856
52887863
52888859
52889861
52890860
52891862
52892862
52893856
52894859
52895862
52896859
52897861
52898863
52899862
52900859
52901862
52902857
52903857
52904860
52905863
52906862
52907862
52908858
52909862
52910857
52911858
52912860
52913867
52914859
52915859
52916868
52917862
52918867
52919861
52920858
52921857
52922860
52923862
52924862
52925861
52926859
52927856
52928857
52929856
52930856
52931856
52932856
52933856
52934856
52935856
52936856
52937856
52938856
52939856
52940856
52941856
52942856
52943856
52944856
52945856
52946856
52947856
52948856
52949856
52950856
52951856
52952856
52953856
52954856
52955856
52956856
52957856
52958856
52959856
52960856
52961856
52962856
52963856
52964856
52965856
52966856
52967856
52968856
52969856
52970856
52971856
52972856
52973857
52974856
52975856
52976856
52977856
52978857
52979856
52980856
52981856
52982856
52983857
52984856
52985857
52986856
52987857
52988858
52989859
52990856
52991857
52992857
52993857
52994857
52995856
52996857
52997857
52998856
52999857
53000857
53001858
53002857
53003859
53004860
53005859
53006859
53007859
53008857
53009859
53010859
53011857
53012859
53013858
53014859
53015858
53016857
53017860
53018857
53019859
53020857
53021859
53022859
53023858
53024859
53025860
53026860
53027858
53028860
53029858
53030857
53031859
53032858
53033858
53034858
53035857
53036860
53037860
53038857
53039858
53040857
53041859
53042860
53043858
53044860
53045857
53046857
53047859
53048860
53049858
53050857
53051857
53052857
53053857
53054857
53055857
53056857
53057860
53058857
53059857
53060857
53061857
53062860
53063857
53064858
53065857
53066857
53067859
53068861
53069858
53070858
53071857
53072858
53073858
53074857
53075860
53076861
53077860
53078858
53079857
53080857
53081858
53082858
53083858
53084860
53085858
53086858
53087858
53088857
53089858
53090858
53091858
53092858
53093859
53094858
53095858
53096860
53097858
53098858
53099859
53100858
53101858
53102860
53103858
53104858
53105858
53106861
53107858
53108858
53109861
53110858
53111858
53112858
53113858
53114858
53115858
53116858
53117858
53118858
53119858
53120858
53121858
53122858
53123858
53124858
53125858
53126858
53127858
53128858
53129858
53130858
53131858
53132858
53133858
53134858
53135863
53136863
53137861
53138861
53139858
53140861
53141861
53142862
53143861
53144859
53145862
53146859
53147861
53148863
53149863
53150861
53151862
53152859
53153859
53154859
53155860
53156859
53157858
53158860
53159860
53160859
53161859
53162859
53163859
53164859
53165860
53166859
53167859
53168859
53169861
53170859
53171859
53172859
53173859
53174859
53175859
53176859
53177859
53178859
53179859
53180859
53181859
53182859
53183860
53184859
53185859
53186859
53187859
53188859
53189859
53190859
53191859
53192859
53193859
53194859
53195859
53196859
53197859
53198859
53199860
