0.1201
0.1352
0.1255
0.1398
0.1339
0.1253
0.1711
0.15
0.1673
0.1217
0.0892
0.1025
0.1182
0.0866
0.09
0.1001
0.1007
0.1401
0.1014
0.1167
0.1059
0.1351
0.1174
0.1245
0.1239
0.1169
0.1
0.1264
0.1132
0.1016
0.085
0.1001
0.0834
0.1038
0.1228
0.1228
0.109
0.105
0.0894
0.1024
0.0991
0.095
0.08
0.1001
0.135
0.0867
0.1151
0.1081
0.1469
0.1
0.1151
0.12
0.1094
0.1073
0.095
0.1091
0.1101
0.1101
0.1008
0.1536
0.1716
0.1404
0.1775
0.1567
0.1261
0.1015
0.125
0.14
0.135
0.1724
0.225
0.165
0.23
0.21
0.1613
0.1901
0.135
0.1163
0.085
0.0721
0.105
0.0709
0.1077
0.094
0.085
0.0716
0.0913
0.0836
0.1033
0.0769
0.0903
0.1
0.1147
0.1179
0.0954
0.1147
0.1086
0.145
0.15
0.1048
0.0897
0.0866
0.09
0.09
0.0927
0.085
0.0872
0.0888
0.0794
0.0806
0.0943
0.0751
0.0781
0.0986
0.124
0.0774
0.0846
0.0947
0.0904
0.0874
0.0858
0.08
0.0851
0.0817
0.0632
0.095
0.0714
0.075
0.0893
0.0801
0.0996
0.09
0.103
0.1301
0.0878
0.095
0.0801
0.1102
0.0908
0.1
0.0961
0.0977
0.1
0.2426
0.1756
0.09
0.0952
0.1023
0.097
0.1113
0.1203
0.0981
0.1431
0.1345
0.1139
0.1095
0.155
0.3223
0.145
0.17
0.2069
0.2449
0.4044
1.528
0.1788
0.2814
0.3902
0.3756
0.6801
0.2443
0.13
0.1451
0.1328
0.1414
0.1013
0.1238
0.09
0.0779
0.131
0.0986
0.111
0.1241
0.1472
0.1552
0.1827
0.1794
0.17
0.1784
0.1401
0.1545
0.1546
0.139
0.1137
0.1056
0.12
0.105
0.1299
0.105
0.1776
0.1191
0.1519
0.1301
0.1186
0.1082
0.1136
0.1099
0.0936
0.0922
0.0806
0.1173
0.1142
0.12
0.09
0.1251
0.096
0.1016
0.1
0.0984
0.0834
0.095
0.0851
0.085
0.1038
0.0827
0.085
0.0851
0.08
0.109
0.1032
0.075
0.085
0.0956
0.07
0.1001
0.095
0.09
0.0951
0.105
0.0851
0.1163
0.0934
0.1
0.0943
0.0936
0.1003
0.1101
0.085
0.1066
0.0999
0.085
0.0957
0.09
0.078
0.0914
0.0973
0.09
0.0781
0.095
0.1143
0.095
0.1101
0.0847
0.095
0.0987
0.1
0.1116
0.0931
0.115
0.0751
0.0793
0.0835
0.085
0.1161
0.11
0.0689
0.0733
0.1023
0.1244
0.105
0.1201
0.0864
0.0931
0.0867
0.0951
0.0981
0.0924
0.075
0.1048
0.0975
0.0986
0.11
0.1084
0.087
0.0917
0.0997
0.09
0.085
0.08
0.0883
0.1
0.1078
0.105
0.0926
0.1078
0.0968
0.106
0.095
0.0928
0.1201
0.1151
0.1096
0.0919
0.0768
0.1282
0.103
0.095
0.0883
0.1048
0.1177
0.0932
0.1052
0.11
0.1037
0.1023
0.0963
0.1051
0.1111
0.0742
0.0822
0.095
0.0966
0.0937
0.1001
0.0944
0.0869
0.11
0.0937
0.0702
0.081
0.0828
0.11
0.095
0.109
0.108
0.09
0.085
0.0801
0.0717
0.0851
0.106
0.1031
0.0949
0.0971
0.098
0.085
0.1021
0.0821
0.1096
0.1049
0.0723
0.095
0.0891
0.114
0.0923
0.1037
0.1144
0.0904
0.0881
0.0804
0.1136
0.1102
0.1051
0.1031
0.0963
0.1047
0.1127
0.0849
0.1012
0.1177
0.0936
0.0969
0.085
0.1051
0.0951
0.0992
0.1077
0.0901
0.0951
0.1167
0.1101
0.105
0.1016
0.075
0.0937
0.1357
0.1007
0.0951
0.09
0.1251
0.1
0.0993
0.1001
0.0921
0.0851
0.12
0.08
0.1077
0.07
0.0934
0.113
0.0813
0.085
0.095
0.0923
0.0866
0.0984
0.092
0.1043
0.085
0.1088
0.1239
0.09
0.105
0.1137
0.1
0.0918
0.1043
0.1111
0.1126
0.1159
0.105
0.1101
0.1107
0.0924
0.0893
0.0943
0.094
0.0984
0.085
0.105
0.105
0.1001
0.0828
0.1201
0.1091
0.0963
0.1013
0.105
0.1051
0.09
0.1037
0.1048
0.0967
0.085
0.0993
0.1
0.0918
0.0834
0.0985
0.0874
0.0672
0.085
0.0851
0.0781
0.0817
0.0909
0.0892
0.0773
0.09
0.085
0.075
0.085
0.0851
0.1021
0.0901
0.0901
0.0917
0.1
0.0901
0.0901
0.075
0.105
0.0933
0.075
0.0929
0.087
0.0913
0.095
0.11
0.0997
0.085
0.095
0.0944
0.08
0.1
0.08
0.0603
0.0858
0.0856
0.095
0.0873
0.0776
0.0901
0.086
0.0989
0.0847
0.0901
0.1041
0.0839
0.09
0.0821
0.1071
0.09
0.0851
0.0913
0.0964
0.0901
0.1037
0.1
0.0948
0.0881
0.1008
0.1108
0.0756
0.0862
0.1001
0.0901
0.0921
0.0898
0.0801
0.09
0.1138
0.0938
0.102
0.102
0.1
0.0941
0.0886
0.105
0.0832
0.09
0.0951
0.12
0.1151
0.1051
0.1151
0.1101
0.1316
0.1159
0.0964
0.105
0.1353
0.0931
0.0912
0.09
0.1249
0.0772
0.0778
0.09
0.0903
0.0908
0.098
0.0881
0.1152
0.1151
0.0882
0.1019
0.1233
0.095
0.1351
0.1112
0.114
0.1236
0.0851
0.1137
0.1314
0.095
0.115
0.1041
0.119
0.095
0.105
0.1075
0.0972
0.0882
0.1222
0.0843
0.1051
0.1151
0.1001
0.0852
0.1039
0.105
0.0992
0.0861
0.1139
0.11
0.1059
0.1098
0.12
0.105
0.0994
0.0917
0.09
0.104
0.1108
0.1302
0.1
0.1094
0.1099
0.1244
0.105
0.1101
0.114
0.12
0.1243
0.085
0.125
0.0997
0.117
0.0927
0.085
0.1172
0.1151
0.0951
0.0951
0.105
0.1023
0.0879
0.109
0.105
0.0953
0.0996
0.1101
0.105
0.09
0.0951
0.1
0.105
0.085
0.1209
0.1016
0.1097
0.1151
0.0901
0.1246
0.1071
0.115
0.1001
0.0937
0.0866
0.0927
0.1131
0.0801
0.0938
0.0927
0.096
0.1055
0.0753
0.0948
0.12
0.0959
0.12
0.1101
0.0988
0.14
0.1201
0.1216
0.1271
0.1301
0.1051
0.1108
0.1171
0.1022
0.1082
0.1112
0.12
0.1077
0.1028
0.0873
0.1041
0.1253
0.1501
0.1584
0.1247
0.1275
0.109
0.0989
0.1301
0.1141
0.1243
0.1204
0.1248
0.105
0.1223
0.1121
0.1072
0.1323
0.1203
0.1551
0.0996
0.0861
0.1098
0.1201
0.095
0.0907
0.1005
0.0952
0.1001
0.1101
0.1005
0.1051
0.1292
0.1228
0.12
0.1024
0.0952
0.0972
0.1324
0.1251
0.125
0.1137
0.1016
0.095
0.095
0.1064
0.095
0.1124
0.1
0.125
0.1248
0.1291
0.1041
0.1107
0.1037
0.1029
0.1101
0.1064
0.0923
0.1021
0.0979
0.0953
0.0951
0.1008
0.1113
0.0958
0.12
0.11
0.0972
0.1397
0.1
0.0867
0.1101
0.12
0.095
0.1201
0.16
0.155
0.15
0.135
0.1072
0.1274
0.1157
0.1197
0.13
0.1183
0.1301
0.1228
0.091
0.1224
0.108
0.125
0.1101
0.1201
0.14
0.0956
0.1254
0.0751
0.108
0.11
0.125
0.12
0.115
0.1242
0.0943
0.1051
0.1023
0.1022
0.1223
0.1302
0.1059
0.1176
0.13
0.0953
0.1004
0.1083
0.1268
0.1244
0.1091
0.1352
0.1354
0.1373
0.12
0.13
0.11
0.1189
0.1201
0.1279
0.125
0.0872
0.1051
0.1001
0.125
0.1133
0.105
0.1178
0.1076
0.115
0.08
0.1351
0.0907
0.1311
0.1386
0.1151
0.0914
0.089
0.0926
0.0942
0.1079
0.0851
0.1128
0.0861
0.1108
0.0952
0.106
0.0757
0.1058
0.108
0.094
0.1
0.121
0.0857
0.09
0.1008
0.0923
0.0753
0.0936
0.0904
0.0694
0.1001
0.1051
0.079
0.075
0.0951
0.0951
0.0873
0.0892
0.0712
0.0859
0.0701
0.1
0.0808
0.0951
0.096
0.0933
0.0851
0.0893
0.0811
0.0901
0.0797
0.0842
0.0819
0.09
0.0814
0.0631
0.0752
0.0687
0.0913
0.0713
0.0872
0.0734
0.1006
0.0777
0.0938
0.0626
0.0972
0.0712
0.0741
0.0817
0.0979
0.1006
0.08
0.08
0.091
0.0824
0.0874
0.0881
0.0822
0.0802
0.0751
0.0778
0.0889
0.0798
0.09
0.0807
0.1001
0.0772
0.0751
0.0806
0.0678
0.0826
0.08
0.09
0.0863
0.084
0.085
0.0801
0.0843
0.0938
0.0648
0.095
0.0757
0.0963
0.0899
0.08
0.08
0.08
0.1234
0.088
0.0751
0.0951
0.0877
0.0868
0.0832
0.099
0.0841
0.0951
0.0852
0.0797
0.088
0.0951
0.0872
0.0988
0.065
0.11
0.09
0.097
0.1046
0.1009
0.0938
0.07
0.1017
0.065
0.0868
0.1124
0.08
0.0944
0.0966
0.0892
0.1201
0.11
0.1019
0.1136
0.0851
0.0851
0.085
0.0901
0.1001
0.09
0.0729
0.0927
0.11
0.0996
0.0771
0.1097
0.1
0.0827
0.0893
0.1043
0.0817
0.09
0.0851
0.1
0.0926
0.085
0.1051
0.085
0.0801
0.0951
0.0979
0.09
0.0767
0.0851
0.085
0.0698
0.08
0.0857
0.0899
0.0879
0.0873
0.0853
0.09
0.1008
0.07
0.0971
0.1019
0.0782
0.0618
0.0701
0.1001
0.0701
0.0942
0.0881
0.0941
0.0876
0.0941
0.0943
0.103
0.1001
0.0836
0.0786
0.08
0.0761
0.1093
0.09
0.0889
0.0848
0.0756
0.0914
0.0816
0.0801
0.0901
0.1076
0.0951
0.0894
0.0897
0.1001
0.085
0.0968
0.0786
0.0874
0.09
0.1022
0.0756
0.0936
0.0916
0.077
0.1071
0.0679
0.0966
0.095
0.0701
0.0757
0.0951
0.1052
0.1006
0.0761
0.1001
0.085
0.09
0.0989
0.09
0.0894
0.1079
0.0901
0.0966
0.09
0.079
0.094
0.09
0.105
0.0972
0.0901
0.0851
0.0767
0.1001
0.1151
0.0651
0.09
0.0947
0.082
0.085
0.0734
0.0827
0.0916
0.0901
0.101
0.0784
0.0968
0.08
0.1
0.0959
0.0837
0.1
0.0929
0.0921
0.0953
0.0938
0.095
0.1151
0.095
0.1016
0.095
0.1021
0.0806
0.0873
0.0982
0.1059
0.0877
0.09
0.11
0.0951
0.1001
0.0866
0.1001
0.1168
0.11
0.11
0.075
0.1019
0.1007
0.124
0.0937
0.102
0.0914
0.09
0.0951
0.0796
0.09
0.0837
0.0951
0.1001
0.1076
0.085
0.105
0.092
0.0751
0.0951
0.0993
0.095
0.0939
0.0716
0.0901
0.0957
0.11
0.065
0.11
0.0851
0.0896
0.0951
0.097
0.1001
0.075
0.0782
0.095
0.11
0.1047
0.0868
0.1195
0.095
0.1301
0.1262
0.13
0.1993
0.2124
0.1229
0.1028
0.0752
0.0908
0.1346
0.1294
0.115
0.1021
0.1132
0.0951
0.12
0.0996
0.0939
0.0703
0.0908
0.0971
0.0729
0.0872
0.0901
0.1001
0.102
0.1424
0.1136
0.08
0.095
0.0933
0.0777
0.0763
0.0677
0.0827
0.0746
0.08
0.0904
0.0851
0.1001
0.0823
0.0951
0.08
0.07
0.08
0.062
0.065
0.0951
0.0791
0.1007
0.0789
0.088
0.0662
0.0951
0.0851
0.0843
0.0861
0.0784
0.0872
0.0702
0.0774
0.0801
0.0936
0.0814
0.085
0.0701
0.0786
0.09
0.0914
0.0834
0.09
0.0977
0.0814
0.0889
0.0842
0.105
0.08
0.095
0.1204
0.0801
0.1051
0.089
0.076
0.0769
0.0886
0.087
0.0784
0.0812
0.086
0.0768
0.075
0.0716
0.0792
0.0773
0.08
0.0713
0.0846
0.0888
0.1043
0.0854
0.1201
0.08
0.085
0.09
0.1
0.0873
0.0774
0.0763
0.0974
0.0959
0.0918
0.0858
0.0957
0.0797
0.0868
0.09
0.0901
0.0742
0.0999
0.09
0.0653
0.1
0.1051
0.0844
0.0753
0.0926
0.065
0.0751
0.0839
0.0913
0.0901
0.0986
0.1039
0.1151
0.09
0.0929
0.0949
0.1101
0.0836
0.072
0.1001
0.085
0.0821
0.0851
0.0681
0.1
0.095
0.1157
0.0857
0.1044
0.0866
0.077
0.0847
0.0951
0.096
0.1026
0.0808
0.0924
0.1062
0.1048
0.0851
0.0763
0.1034
0.0999
0.1061
0.08
0.1061
0.0861
0.0926
0.0983
0.0918
0.0742
0.0951
0.105
0.095
0.11
0.0993
0.095
0.0951
0.1224
0.1167
0.1234
0.115
0.13
0.1232
0.1101
0.1086
0.12
0.1049
0.1139
0.0998
0.125
0.1113
0.125
0.1091
0.108
0.1312
0.085
0.0859
0.0951
0.0999
0.0948
0.085
0.0853
0.1122
0.1099
0.0892
0.0836
0.0817
0.1001
0.08
0.095
0.09
0.1096
0.0732
0.0886
0.0927
0.085
0.0814
0.1
0.102
0.11
0.1001
0.1151
0.1077
0.0951
0.1
0.1149
0.1201
0.106
0.1262
0.115
0.1251
0.1061
0.1
0.134
0.1214
0.1
0.1234
0.1351
0.115
0.1401
0.1102
0.1402
0.1399
0.1249
0.1491
0.1151
0.1501
0.1233
0.1417
0.1261
0.0902
0.0851
0.115
0.1016
0.133
0.1056
0.11
0.0939
0.095
0.1012
0.086
0.0894
0.1038
0.1001
0.1001
0.0996
0.0884
0.1102
0.085
0.0851
0.0871
0.0963
0.09
0.095
0.1052
0.0932
0.105
0.0863
0.1
0.095
0.095
0.0998
0.0851
0.0779
0.0835
0.08
0.1007
0.0989
0.1016
0.1
0.1033
0.0851
0.0941
0.09
0.105
0.0851
0.1001
0.075
0.08
0.0888
0.105
0.1004
0.09
0.1036
0.11
0.105
0.1293
0.1301
0.1278
0.1001
0.105
0.0851
0.1
0.0996
0.108
0.09
0.085
0.0771
0.091
0.1
0.09
0.1
0.1017
0.1
0.0937
0.0966
0.085
0.074
0.0913
0.0702
0.0881
0.1108
0.1151
0.08
0.0887
0.0933
0.0836
0.0857
0.1089
0.0951
0.0901
0.095
0.06
0.0814
0.1051
0.0941
0.085
0.1104
0.1051
0.1392
0.0748
0.097
0.115
0.0951
0.0951
0.095
0.0938
0.1051
0.0901
0.1051
0.086
0.102
0.1024
0.0996
0.075
0.085
0.0923
0.0883
0.0853
0.0801
0.0877
0.0871
0.0756
0.0942
0.077
0.0892
0.1048
0.0736
0.0808
0.085
0.0702
0.0939
0.0801
0.0951
0.0781
0.085
0.0834
0.0801
0.075
0.1
0.075
0.0741
0.0894
0.0851
0.0701
0.0776
0.0882
0.0941
0.0883
0.0816
0.0774
0.0874
0.0774
0.0874
0.0863
0.0757
0.0808
0.0558
0.0704
0.0598
0.0932
0.0772
0.0828
0.0841
0.0906
0.0906
0.0879
0.0996
0.0801
0.0798
0.075
0.0949
0.0808
0.0949
0.0807
0.0888
0.0718
0.0867
0.0929
0.085
0.07
0.079
0.08
0.0651
0.0818
0.0748
0.0759
0.0753
0.0801
0.0659
0.0751
0.08
0.1001
0.0933
0.074
0.0801
0.0608
0.0902
0.0651
0.0822
0.0787
0.0771
0.0786
0.0924
0.0787
0.0837
0.08
0.0939
0.1092
0.0751
0.0921
0.1023
0.1001
0.0901
0.0617
0.0762
0.086
0.08
0.0951
0.085
0.08
0.0804
0.0513
0.085
0.085
0.0884
0.0797
0.075
0.0729
0.0787
0.0651
0.09
0.0693
0.0737
0.0793
0.095
0.075
0.0821
0.09
0.0801
0.1067
0.085
0.0937
0.0688
0.071
0.0884
0.075
0.0703
0.0752
0.07
0.0706
0.0941
0.0768
0.0908
0.0721
0.0851
0.0801
0.0652
0.0902
0.0851
0.1051
0.0971
0.09
0.0851
0.0902
0.0901
0.0787
0.0851
0.065
0.09
0.0944
0.0944
0.1189
0.1026
0.0999
0.0947
0.0963
0.0993
0.0803
0.0803
0.0651
0.0756
0.0901
0.06
0.0797
0.07
0.07
0.0881
0.0811
0.105
0.07
0.0701
0.0737
0.0889
0.0927
0.0901
0.0693
0.0792
0.0738
0.0807
0.0774
0.0959
0.075
0.0951
0.105
0.0961
0.0976
0.0893
0.0906
0.0951
0.0774
0.075
0.0926
0.075
0.074
0.0716
0.0764
0.0799
0.0727
0.1058
0.0906
0.0851
0.075
0.08
0.0788
0.0671
0.075
0.0834
0.0859
0.0752
0.0896
0.0764
0.0701
0.076
0.0776
0.075
0.0899
0.0828
0.0663
0.0641
0.0879
0.0851
0.0867
0.0751
0.0752
0.0959
0.0752
0.0806
0.0787
0.1001
0.09
0.0951
0.0827
0.1001
0.0751
0.0981
0.0915
0.0758
0.095
0.0868
0.0851
0.0731
0.0811
0.0883
0.0773
0.0883
0.097
0.079
0.0877
0.065
0.0801
0.0751
0.091
0.0852
0.0994
0.1048
0.0884
0.0938
0.0817
0.0821
0.0818
0.0751
0.0958
0.0996
0.0848
0.075
0.0674
0.095
0.08
0.067
0.08
0.085
0.08
0.0889
0.0762
0.0844
0.085
0.0801
0.082
0.0641
0.0947
0.0578
0.072
0.0851
0.075
0.0896
0.1021
0.07
0.0951
0.0965
0.1097
0.0701
0.08
0.0732
0.0829
0.08
0.0727
0.0947
0.085
0.0947
0.0832
0.0801
0.0818
0.09
0.0764
0.081
0.07
0.0551
0.085
0.0952
0.0628
0.0922
0.0812
0.085
0.0821
0.0798
0.061
0.0837
0.0839
0.0879
0.0709
0.0888
0.0939
0.0944
0.075
0.0846
0.06
0.0951
0.1012
0.1011
0.0997
0.0937
0.0961
0.0911
0.075
0.095
0.0709
0.085
0.0762
0.0858
0.0906
0.0752
0.08
0.1051
0.095
0.0932
0.1077
0.09
0.095
0.09
0.075
0.1223
0.1027
0.0854
0.0789
0.0951
0.085
0.11
0.0831
0.0938
0.1051
0.0816
0.0924
0.105
0.0894
0.11
0.105
0.0906
0.077
0.1
0.0902
0.1001
0.0823
0.0982
0.0962
0.0908
0.0702
0.107
0.1051
0.1133
0.1003
0.0702
0.0751
0.0724
0.085
0.08
0.0831
0.0964
0.0741
0.0779
0.0688
0.0799
0.07
0.087
0.0828
0.0781
0.065
0.0701
0.0689
0.085
0.0652
0.0644
0.0659
0.0839
0.0836
0.08
0.0652
0.073
0.0824
0.0719
0.085
0.0632
0.0737
0.0579
0.062
0.07
0.08
0.08
0.05
0.0604
0.067
0.0514
0.0563
0.08
0.0798
0.0846
0.0772
0.0713
0.084
0.0797
0.0773
0.075
0.0679
0.0621
0.0616
0.0727
0.0701
0.0693
0.1
0.09
0.0703
0.09
0.0661
0.0673
0.069
0.0759
0.0701
0.058
0.0769
0.06
0.0651
0.0656
0.07
0.0851
0.0609
0.0748
0.0851
0.0652
0.0613
0.0651
0.0638
0.0817
0.0723
0.0741
0.0701
0.085
0.0816
0.0632
0.07
0.0688
0.065
0.0652
0.0764
0.0741
0.0777
0.0701
0.0897
0.0766
0.0756
0.0796
0.0728
0.0814
0.0752
0.0762
0.0801
0.075
0.083
0.063
0.07
0.075
0.0674
0.062
0.0729
0.075
0.0821
0.0733
0.0748
0.0873
0.0819
0.0788
0.0834
0.0801
0.11
0.09
0.0851
0.0794
0.085
0.0817
0.1194
0.0951
0.0837
0.084
0.11
0.0852
0.1044
0.09
0.084
0.0751
0.0837
0.0829
0.0698
0.0897
0.0748
0.0701
0.0713
0.085
0.0701
0.082
0.1003
0.0773
0.0902
0.1029
0.1179
0.08
0.0907
0.0805
0.0999
0.1045
0.0963
0.0871
0.0764
0.0667
0.075
0.1096
0.09
0.09
0.0901
0.09
0.0843
0.0869
0.085
0.095
0.0989
0.0811
0.1101
0.0851
0.0952
0.1108
0.093
0.11
0.1261
0.105
0.1059
0.1036
0.0973
0.127
0.0901
0.113
0.11
0.1094
0.0901
0.095
0.091
0.1188
0.1023
0.08
0.0974
0.09
0.0767
0.0791
0.0876
0.08
0.0937
0.08
0.0906
0.0998
0.0867
0.111
0.0644
0.08
0.09
0.0878
0.0929
0.0844
0.0772
0.0889
0.0731
0.0803
0.0718
0.0628
0.068
0.06
0.0807
0.0879
0.1037
0.0794
0.0782
0.0752
0.0874
0.0877
0.0677
0.0727
0.08
0.0661
0.09
0.077
0.0704
0.0609
0.0701
0.0712
0.07
0.0791
0.0751
0.0606
0.0687
0.0798
0.0799
0.0749
0.0551
0.0683
0.0652
0.0551
0.0741
0.0831
0.0688
0.0702
0.0747
0.0822
0.0707
0.0816
0.0554
0.0586
0.0611
0.0825
0.0677
0.08
0.0631
0.0692
0.0857
0.1087
0.0938
0.1001
0.1103
0.0851
0.08
0.1119
0.096
0.0873
0.0851
0.06
0.0573
0.0769
0.0681
0.0666
0.0832
0.0863
0.075
0.093
0.0793
0.072
0.0619
0.0801
0.0851
0.0602
0.0761
0.065
0.065
0.0651
0.0702
0.06
0.0789
0.0721
0.0851
0.065
0.0751
0.0816
0.0679
0.0749
0.0563
0.0751
0.0676
0.0601
0.0621
0.0704
0.0671
0.0753
0.0751
0.07
0.0702
0.0584
0.0551
0.0653
0.0667
0.0633
0.0798
0.0741
0.0563
0.0729
0.0603
0.0823
0.0587
0.0653
0.0821
0.0821
0.0791
0.0832
0.075
0.0851
0.0911
0.0806
0.0951
0.09
0.0901
0.0582
0.0801
0.085
0.08
0.0742
0.0833
0.0736
0.0676
0.075
0.0689
0.0687
0.074
0.0662
0.08
0.0552
0.0842
0.0948
0.081
0.0763
0.0678
0.0572
0.07
0.0584
0.0746
0.076
0.0726
0.0669
0.0784
0.0851
0.0816
0.0804
0.0708
0.07
0.1064
0.0701
0.0554
0.0759
0.0903
0.0662
0.0801
0.0701
0.065
0.0502
0.0678
0.07
0.07
0.065
0.0581
0.0644
0.0665
0.0651
0.07
0.06
0.0702
0.075
0.069
0.078
0.0652
0.0563
0.0728
0.0707
0.0884
0.075
0.076
0.075
0.0678
0.0541
0.0667
0.0502
0.0668
0.0621
0.0796
0.0454
0.0701
0.0702
0.0771
0.06
0.0677
0.0747
0.0701
0.063
0.0849
0.085
0.0726
0.0879
0.0719
0.075
0.0751
0.0512
0.0701
0.0791
0.0664
0.0689
0.0644
0.0776
0.0703
0.0751
0.0846
0.0667
0.0764
0.0837
0.0669
0.0773
0.081
0.0707
0.0727
0.1001
0.0668
0.0607
0.084
0.0771
0.0602
0.08
0.0643
0.0813
0.0764
0.065
0.085
0.07
0.0797
0.0751
0.0889
0.0613
0.0731
0.0806
0.0567
0.0834
0.0719
0.0901
0.0901
0.0576
0.089
0.087
0.0776
0.0751
0.0613
0.0728
0.071
0.0737
0.06
0.0639
0.0833
0.0708
0.0756
0.0738
0.0677
0.0603
0.085
0.1062
0.103
0.07
0.0719
0.0802
0.0703
0.0753
0.06
0.0731
0.0621
0.07
0.0781
0.0656
0.0642
0.065
0.0732
0.0699
0.0766
0.07
0.0809
0.0716
0.0572
0.0576
0.0567
0.0733
0.0657
0.0688
0.0701
0.055
0.0707
0.0529
0.07
0.0746
0.0777
0.0751
0.073
0.0828
0.065
0.0678
0.0694
0.0737
0.07
0.065
0.0611
0.0601
0.0708
0.0784
0.0548
0.065
0.074
0.08
0.059
0.0636
0.0584
0.065
0.0602
0.0551
0.067
0.0678
0.0614
0.0731
0.0567
0.0697
0.065
0.0784
0.0562
0.0547
0.0662
0.0816
0.0613
0.0617
0.081
0.0839
0.071
0.0746
0.0696
0.0773
0.068
0.0604
0.0751
0.0703
0.0781
0.0801
0.085
0.069
0.07
0.046
0.0596
0.0673
0.0764
0.0758
0.0801
0.0618
0.0681
0.0614
0.075
0.075
0.0688
0.0732
0.0636
0.0914
0.0501
0.0727
0.0669
0.0679
0.0701
0.0551
0.0617
0.06
0.0652
0.0627
0.0792
0.074
0.0651
0.0629
0.0816
0.0636
0.0819
0.0761
0.0631
0.075
0.0712
0.0703
0.0709
0.0746
0.0758
0.0719
0.0752
0.0509
0.0544
0.0598
0.0651
0.0708
0.0553
0.0589
0.0698
0.0551
0.0701
0.0701
0.0724
0.08
0.0732
0.09
0.0524
0.07
0.0707
0.0796
0.07
0.0846
0.0671
0.0573
0.0701
0.0657
0.0729
0.0647
0.0701
0.0712
0.08
0.06
0.0562
0.0714
0.065
0.075
0.059
0.07
0.0797
0.0588
0.0649
0.085
0.0729
0.0762
0.0613
0.0557
0.065
0.0701
0.0601
0.0568
0.0558
0.0869
0.065
0.085
0.0619
0.0673
0.0762
0.0605
0.0701
0.0604
0.0701
0.065
0.0553
0.07
0.0762
0.0558
0.0699
0.0684
0.0812
0.0759
0.066
0.08
0.0733
0.0551
0.0701
0.0651
0.08
0.076
0.0751
0.0548
0.0679
0.0701
0.089
0.0722
0.0684
0.075
0.0634
0.065
0.0701
0.0838
0.0717
0.0682
0.0676
0.0794
0.065
0.0666
0.0603
0.0761
0.0751
0.0722
0.0814
0.0763
0.0699
0.0828
0.0751
0.0732
0.0571
0.0786
0.0783
0.0754
0.0652
0.0751
0.0801
0.08
0.0776
0.0701
0.09
0.0701
0.081
0.0954
0.0732
0.0733
0.0672
0.0601
0.0654
0.0751
0.0758
0.0874
0.072
0.0733
0.0848
0.0552
0.0851
0.0756
0.0758
0.075
0.0851
0.066
0.11
0.065
0.0816
0.1018
0.09
0.075
0.0856
0.11
0.0818
0.0751
0.0912
0.08
0.0869
0.0917
0.085
0.1017
0.08
0.0831
0.0776
0.0718
0.0759
0.0702
0.0723
0.0866
0.0612
0.0719
0.0876
0.0773
0.0701
0.0762
0.0901
0.065
0.06
0.056
0.0548
0.0851
0.08
0.0736
0.0847
0.0914
0.0601
0.0688
0.0779
0.075
0.085
0.1
0.0921
0.0937
0.0649
0.085
0.08
0.095
0.0707
0.0652
0.085
0.065
0.0872
0.0936
0.0803
0.0646
0.075
0.0744
0.0794
0.0889
0.07
0.0901
0.0725
0.0817
0.0824
0.0828
0.0644
0.0946
0.075
0.0801
0.095
0.0689
0.0751
0.0901
0.075
0.0793
0.085
0.0651
0.075
0.0751
0.085
0.0628
0.0752
0.0866
0.0774
0.0868
0.0751
0.0914
0.0849
0.0673
0.09
0.0797
0.0734
0.0812
0.075
0.0758
0.0736
0.0951
0.0801
0.0778
0.1
0.0806
0.0824
0.07
0.055
0.0723
0.0676
0.084
0.0784
0.0576
0.0558
0.0559
0.06
0.0686
0.0599
0.0912
0.0756
0.0751
0.0762
0.0627
0.0586
0.0504
0.0662
0.0448
0.0662
0.0663
0.09
0.0747
0.08
0.0536
0.075
0.0501
0.06
0.055
0.07
0.0576
0.0476
0.0704
0.0548
0.0501
0.0539
0.0546
0.0599
0.0553
0.0454
0.0524
0.051
0.0516
0.0609
0.0551
0.047
0.0506
0.0427
0.0844
0.0701
0.055
0.0501
0.0526
0.0418
0.0759
0.0612
0.0562
0.0584
0.0589
0.0501
0.06
0.0657
0.0502
0.0577
0.06
0.0486
0.0693
0.0596
0.0559
0.0424
0.0576
0.061
0.0492
0.048
0.0571
0.0632
0.0522
0.0549
0.0502
0.065
0.0621
0.0438
0.0527
0.0506
0.0567
0.0457
0.0536
0.053
0.06
0.072
0.0459
0.055
0.0521
0.0656
0.0671
0.0611
0.0571
0.0554
0.0951
0.0632
0.0613
0.0771
0.0808
0.0792
0.0667
0.0653
0.0642
0.06
0.07
0.0539
0.0727
0.0586
0.0639
0.0608
0.0619
0.055
0.0606
0.0568
0.0788
0.09
0.075
0.0873
0.0893
0.0901
0.0629
0.0776
0.1057
0.063
0.08
0.0841
0.0851
0.045
0.0462
0.0689
0.0651
0.075
0.07
0.0744
0.06
0.0689
0.079
0.0682
0.0731
0.0659
0.1
0.0569
0.0694
0.0683
0.071
0.0634
0.073
0.0713
0.0661
0.1066
0.0875
0.0686
0.0788
0.0504
0.0621
0.095
0.11
0.0728
0.095
0.0898
0.08
0.0821
0.0879
0.1
0.0662
0.084
0.0618
0.0799
0.0501
0.07
0.0729
0.0698
0.0908
0.09
0.0949
0.063
0.0734
0.1
0.0426
0.095
0.0817
0.0602
0.0908
0.0751
0.0929
0.0864
0.0822
0.0724
0.075
0.0701
0.0662
0.0604
0.1019
0.1038
0.1059
0.0708
0.1001
0.0856
0.0728
0.0762
0.0672
0.0668
0.0547
0.0643
0.0553
0.0638
0.053
0.0766
0.0518
0.0549
0.065
0.0623
0.065
0.0597
0.0502
0.063
0.0552
0.0668
0.077
0.0844
0.0684
0.0888
0.0552
0.0914
0.0522
0.0872
0.0746
0.057
0.0732
0.0593
0.0651
0.0401
0.065
0.0589
0.0601
0.0719
0.0593
0.0551
0.0578
0.0612
0.0748
0.055
0.0562
0.0632
0.0651
0.0814
0.0712
0.045
0.0801
0.0709
0.0646
0.05
0.0615
0.065
0.0729
0.0601
0.0636
0.0651
0.0533
0.05
0.0771
0.06
0.0601
0.0701
0.0672
0.057
0.0642
0.072
0.0523
0.0592
0.0496
0.0529
0.045
0.05
0.0579
0.0621
0.0477
0.0677
0.05
0.0537
0.055
0.0501
0.0646
0.0674
0.0736
0.0751
0.0566
0.071
0.0552
0.0601
0.0566
0.0687
0.07
0.0557
0.0601
0.0751
0.055
0.0551
0.066
0.0551
0.0718
0.0537
0.0551
0.0744
0.057
0.0608
0.0752
0.0811
0.0641
0.0769
0.0644
0.0519
0.0553
0.0651
0.0617
0.0672
0.0508
0.0523
0.0503
0.0473
0.0618
0.0663
0.0609
0.0527
0.0736
0.055
0.0702
0.0642
0.0451
0.055
0.0592
0.0677
0.0414
0.0504
0.0751
0.0751
0.0487
0.0474
0.0649
0.0622
0.0496
0.0584
0.0519
0.0451
0.0552
0.05
0.052
0.0651
0.0534
0.0572
0.0661
0.0551
0.06
0.0648
0.0488
0.0583
0.0462
0.0393
0.0601
0.0478
0.0644
0.0656
0.0489
0.0559
0.0554
0.0577
0.0678
0.0584
0.0503
0.05
0.054
0.0503
0.0646
0.0481
0.0417
0.0551
0.0684
0.0591
0.0722
0.0507
0.0502
0.065
0.06
0.0649
0.0477
0.0521
0.0501
0.0539
0.0494
0.0563
0.0412
0.0556
0.0514
0.054
0.05
0.0384
0.035
0.0374
0.036
0.0529
0.0624
0.05
0.0458
0.0452
0.0422
0.0477
0.0447
0.0629
0.0544
0.0403
0.0493
0.0579
0.042
0.0251
0.0434
0.0496
0.0507
0.0627
0.0413
0.0459
0.058
0.0552
0.0464
0.0397
0.0452
0.04
0.0432
0.0511
0.0431
0.0432
0.0502
0.0409
0.053
0.044
0.0471
0.0522
0.05
0.0499
0.0386
0.0336
0.0422
0.0439
0.047
0.0518
0.0402
0.038
0.0414
0.0439
0.0483
0.0522
0.0409
0.0534
0.0496
0.0427
0.0451
0.047
0.0382
0.0488
0.045
0.0598
0.0598
0.0466
0.0422
0.05
0.043
0.0457
0.052
0.07
0.0452
0.0501
0.051
0.0551
0.0488
0.0406
0.0468
0.0428
0.0466
0.0471
0.0482
0.0429
0.0496
0.0504
0.0552
0.0517
0.0528
0.05
0.0611
0.045
0.0403
0.0451
0.0429
0.045
0.0411
0.0453
0.0699
0.0561
0.0534
0.0449
0.0534
0.0473
0.052
0.0449
0.0598
0.0472
0.0578
0.0472
0.0502
0.0541
0.0606
0.0651
0.0641
0.0499
0.055
0.0601
0.0479
0.0419
0.0498
0.0522
0.0611
0.0531
0.0619
0.073
0.0638
0.0541
0.0487
0.065
0.0509
0.0437
0.0513
0.0602
0.0423
0.0712
0.0574
0.0504
0.0451
0.0594
0.0523
0.065
0.0679
0.0554
0.0676
0.0632
0.0732
0.0701
0.0603
0.0474
0.055
0.0588
0.051
0.06
0.063
0.071
0.0502
0.0651
0.074
0.0668
0.0652
0.0552
0.0552
0.0868
0.0652
0.062
0.0559
0.0558
0.0801
0.065
0.0596
0.0501
0.0582
0.0697
0.0613
0.0533
0.0409
0.052
0.0634
0.0591
0.0577
0.0533
0.0588
0.0577
0.0424
0.0566
0.0626
0.0373
0.053
0.0484
0.0529
0.0626
0.0461
0.06
0.0622
0.0502
0.0333
0.0459
0.05
0.0592
0.0573
0.0552
0.0518
0.0517
0.0519
0.0476
0.0538
0.0642
0.0354
0.04
0.0444
0.0451
0.0502
0.055
0.0409
0.0736
0.0468
0.0426
0.0513
0.0471
0.0422
0.0502
0.0428
0.0536
0.0641
0.0631
0.0582
0.0537
0.0462
0.0429
0.0483
0.0444
0.0471
0.061
0.0551
0.0568
0.0588
0.0583
0.0683
0.0516
0.0429
0.0668
0.045
0.05
0.0576
0.0752
0.0596
0.052
0.0544
0.0421
0.051
0.0501
0.0551
0.0449
0.0531
0.0621
0.0643
0.0604
0.0557
0.0492
0.0523
0.0601
0.0847
0.0651
0.0693
0.0516
0.0618
0.0453
0.054
0.051
0.0498
0.0639
0.053
0.0472
0.0436
0.0619
0.0627
0.063
0.0501
0.0621
0.0402
0.0513
0.07
0.0547
0.0651
0.06
0.0516
0.0599
0.065
0.056
0.051
0.055
0.085
0.0448
0.0547
0.0701
0.0527
0.0601
0.0482
0.0604
0.0654
0.0557
0.0571
0.0551
0.0633
0.0548
0.0619
0.0577
0.0652
0.0518
0.0689
0.0602
0.06
0.0704
0.05
0.0721
0.057
0.0506
0.07
0.0696
0.0636
0.0779
0.0834
0.0594
0.0569
0.062
0.0552
0.0451
0.0592
0.0604
0.0748
0.105
0.088
0.0751
0.0823
0.1032
0.0736
0.0873
0.0864
0.0593
0.0501
0.0554
0.0602
0.06
0.062
0.0738
0.06
0.0553
0.06
0.052
0.0701
0.0751
0.0799
0.083
0.0526
0.065
0.0421
0.0406
0.0541
0.059
0.0487
0.0432
0.0551
0.0471
0.0651
0.059
0.0541
0.0691
0.0577
0.0586
0.0588
0.067
0.0517
0.0621
0.065
0.0494
0.06
0.0478
0.0501
0.0452
0.07
0.0673
0.0452
0.0641
0.0578
0.0633
0.0552
0.0506
0.065
0.0421
0.0424
0.0361
0.0526
0.05
0.05
0.0519
0.0444
0.0402
0.0649
0.0517
0.0454
0.0501
0.05
0.0648
0.0439
0.0501
0.0649
0.0413
0.0601
0.045
0.0489
0.0616
0.0531
0.0634
0.0652
0.055
0.0651
0.0452
0.06
0.0607
0.065
0.0511
0.065
0.0546
0.0328
0.0479
0.0486
0.05
0.0631
0.064
0.0544
0.0557
0.0527
0.0502
0.0502
0.0551
0.063
0.0433
0.0553
0.0487
0.0563
0.0566
0.0636
0.0632
0.0587
0.056
0.0504
0.0544
0.0381
0.0401
0.0478
0.0434
0.0579
0.0586
0.05
0.0483
0.0501
0.0446
0.052
0.0452
0.0434
0.045
0.047
0.0572
0.0548
0.0423
0.052
0.0539
0.0579
0.055
0.0523
0.045
0.0541
0.0454
0.0552
0.0552
0.0598
0.06
0.0648
0.0507
0.0644
0.0796
0.048
0.064
0.0589
0.062
0.0417
0.05
0.046
0.0601
0.062
0.055
0.0621
0.0694
0.0556
0.075
0.0717
0.0694
0.0647
0.0666
0.0618
0.0681
0.0651
0.065
0.0601
0.0636
0.0642
0.0511
0.0686
0.0566
0.0601
0.0656
0.0518
0.0601
0.0459
0.0652
0.0638
0.0501
0.0516
0.0401
0.0542
0.0532
0.0551
0.0721
0.0523
0.0594
0.0477
0.0601
0.0508
0.0582
0.0546
0.0492
0.055
0.045
0.0486
0.065
0.0518
0.0451
0.0604
0.0478
0.0618
0.0468
0.0508
0.0412
0.055
0.0469
0.0521
0.0512
0.0522
0.0501
0.0423
0.0628
0.0501
0.0558
0.0613
0.0578
0.0597
0.0498
0.0614
0.0641
0.0601
0.0619
0.055
0.047
0.0503
0.0352
0.0429
0.0593
0.0594
0.055
0.0581
0.0373
0.0481
0.0547
0.059
0.0546
0.045
0.048
0.0552
0.0607
0.0562
0.0514
0.0449
0.044
0.0551
0.055
0.0559
0.0552
0.064
0.0557
0.0408
0.0407
0.0571
0.06
0.0491
0.0414
0.0552
0.0446
0.0563
0.0474
0.0589
0.045
0.0611
0.0501
0.0701
0.0504
0.0397
0.0587
0.0486
0.065
0.05
0.05
0.0552
0.0609
0.0551
0.0701
0.0501
0.0494
0.0598
0.0491
0.06
0.0462
0.0538
0.0478
0.0523
0.0562
0.0464
0.0521
0.0602
0.0601
0.053
0.0456
0.06
0.0458
0.05
0.0777
0.0652
0.0516
0.0551
0.0534
0.0523
0.0501
0.0601
0.0502
0.0639
0.0436
0.0602
0.0521
0.0421
0.0506
0.0566
0.06
0.062
0.0691
0.0553
0.0532
0.07
0.0577
0.049
0.0698
0.0841
0.0609
0.045
0.0501
0.0696
0.0603
0.0627
0.0634
0.0782
0.0452
0.0556
0.0797
0.0652
0.0566
0.0659
0.0586
0.06
0.065
0.0608
0.0547
0.04
0.0567
0.0614
0.0413
0.0561
0.0586
0.054
0.0551
0.0616
0.0532
0.0422
0.0403
0.0447
0.0523
0.0397
0.0534
0.0439
0.05
0.0471
0.0517
0.0496
0.0473
0.0453
0.0564
0.0463
0.0616
0.0512
0.055
0.0596
0.0501
0.0623
0.0498
0.0491
0.0486
0.0427
0.05
0.0402
0.0743
0.0452
0.0503
0.0638
0.0321
0.0536
0.0517
0.0602
0.0489
0.0413
0.0361
0.0684
0.055
0.0539
0.0456
0.0341
0.0426
0.0573
0.055
0.0579
0.0592
0.0601
0.0484
0.055
0.0504
0.05
0.0588
0.052
0.0521
0.045
0.0592
0.0424
0.0603
0.0451
0.0601
0.0738
0.0609
0.0402
0.0368
0.0474
0.0487
0.0521
0.055
0.0564
0.055
0.0427
0.0552
0.0403
0.0493
0.0642
0.0552
0.0541
0.0513
0.0567
0.0514
0.0606
0.057
0.0499
0.0451
0.055
0.042
0.057
0.0518
0.049
0.0451
0.0444
0.0501
0.045
0.0586
0.0411
0.046
0.0553
0.0524
0.05
0.065
0.0626
0.0573
0.0471
0.0479
0.0658
0.0598
0.0624
0.0502
0.0552
0.0714
0.0651
0.0692
0.0786
0.085
0.0697
0.0731
0.0651
0.0729
0.0633
0.0849
0.065
0.0839
0.0702
0.0692
0.0647
0.0659
0.0618
0.0651
0.0502
0.0542
0.0707
0.06
0.063
0.0762
0.05
0.0454
0.0557
0.0552
0.0452
0.0501
0.0609
0.0576
0.0511
0.0624
0.0536
0.0711
0.0501
0.0501
0.0539
0.0781
0.0732
0.0586
0.055
0.0429
0.0701
0.0411
0.0597
0.0596
0.0552
0.055
0.06
0.058
0.0497
0.0466
0.0504
0.0463
0.0452
0.0501
0.0452
0.058
0.0519
0.0588
0.0464
0.054
0.0551
0.0642
0.0542
0.0421
0.0601
0.0588
0.0562
0.0573
0.0552
0.0478
0.0469
0.053
0.0611
0.05
0.0517
0.0531
0.0532
0.0497
0.041
0.0527
0.0513
0.0452
0.0656
0.0493
0.053
0.0576
0.041
0.0603
0.0532
0.055
0.0529
0.0516
0.0502
0.0403
0.0463
0.0513
0.0458
0.055
0.0527
0.064
0.0446
0.0513
0.0496
0.0463
0.033
0.0618
0.0483
0.0463
0.0583
0.0561
0.0601
0.038
0.048
0.0441
0.0363
0.0501
0.0501
0.0628
0.0502
0.055
0.0552
0.047
0.065
0.058
0.035
0.0568
0.053
0.0612
0.0487
0.0453
0.0617
0.0533
0.0502
0.053
0.06
0.042
0.0552
0.0547
0.05
0.055
0.0502
0.065
0.06
0.049
0.0539
0.0496
0.0601
0.0566
0.055
0.0466
0.0407
0.0537
0.0567
0.0622
0.0534
0.055
0.0496
0.0591
0.0449
0.05
0.0483
0.05
0.05
0.06
0.0427
0.058
0.0604
0.0684
0.06
0.0421
0.055
0.0411
0.0699
0.0559
0.0507
0.0561
0.0556
0.0406
0.0552
0.045
0.05
0.0456
0.0507
0.0622
0.07
0.0553
0.065
0.0692
0.0596
0.0577
0.0596
0.07
0.055
0.0542
0.0598
0.0664
0.0451
0.0602
0.0616
0.0624
0.0591
0.0747
0.0642
0.0672
0.057
0.0601
0.0551
0.07
0.06
0.0689
0.0546
0.0457
0.0601
0.0619
0.0597
0.0551
0.0447
0.0643
0.046
0.0522
0.0527
0.0503
0.0601
0.048
0.0502
0.036
0.0539
0.07
0.0531
0.0559
0.0452
0.0517
0.0638
0.0609
0.0442
0.0432
0.0333
0.0451
0.0528
0.0518
0.0526
0.04
0.0482
0.0574
0.0509
0.0662
0.0464
0.0501
0.0603
0.0551
0.0479
0.0572
0.0521
0.0451
0.0541
0.0506
0.0588
0.0603
0.0451
0.0482
0.0551
0.0588
0.0542
0.0657
0.0576
0.0643
0.052
0.0431
0.0597
0.0452
0.0487
0.0443
0.0358
0.0426
0.0469
0.06
0.0468
0.0446
0.0596
0.0468
0.0502
0.0527
0.0414
0.0508
0.0586
0.0542
0.0418
0.0792
0.047
0.0501
0.047
0.0532
0.0427
0.0502
0.0647
0.0644
0.046
0.0528
0.0549
0.0451
0.0402
0.0452
0.0501
0.065
0.0601
0.0412
0.0502
0.0588
0.0646
0.0512
0.0578
0.0552
0.045
0.0738
0.0583
0.0516
0.065
0.0751
0.0502
0.0651
0.0772
0.0518
0.07
0.0723
0.0501
0.05
0.0717
0.0773
0.0651
0.0701
0.06
0.0606
0.055
0.061
0.0622
0.065
0.0699
0.0569
0.059
0.0801
0.0646
0.0662
0.0783
0.09
0.0731
0.0586
0.0701
0.0759
0.0668
0.0826
0.0681
0.0566
0.055
0.052
0.0708
0.0588
0.055
0.0709
0.0637
0.053
0.055
0.065
0.0551
0.0568
0.0524
0.053
0.0551
0.0414
0.0477
0.0562
0.0601
0.0578
0.0514
0.0367
0.056
0.0351
0.0551
0.0572
0.0533
0.0551
0.0472
0.05
0.0459
0.0461
0.0558
0.0413
0.07
0.0502
0.0616
0.049
0.0636
0.0467
0.0551
0.0563
0.0533
0.0536
0.0511
0.065
0.0452
0.0468
0.0502
0.055
0.0568
0.0559
0.065
0.065
0.0497
0.0473
0.0447
0.0507
0.0503
0.0451
0.05
0.0646
0.06
0.0611
0.0501
0.042
0.0316
0.0526
0.0419
0.0392
0.0598
0.0641
0.0601
0.0361
0.0532
0.0468
0.0542
0.0457
0.0601
0.0578
0.0636
0.0591
0.0498
0.05
0.0413
0.0477
0.0637
0.053
0.0641
0.0494
0.0537
0.0569
0.0532
0.045
0.0471
0.0552
0.0478
0.0502
0.0412
0.0713
0.0569
0.045
0.0536
0.05
0.0462
0.0466
0.0551
0.0478
0.0546
0.0518
0.0469
0.0451
0.045
0.0506
0.0502
0.05
0.0402
0.0438
0.0544
0.0562
0.0504
0.0426
0.0573
0.0543
0.0483
0.0508
0.0574
0.0652
0.0406
0.065
0.055
0.0574
0.0418
0.0596
0.05
0.055
0.0366
0.0501
0.0501
0.0607
0.0434
0.054
0.0542
0.0628
0.0501
0.0651
0.0712
0.0451
0.0497
0.066
0.068
0.0736
0.0689
0.0801
0.0551
0.0447
0.0799
0.0697
0.0536
0.07
0.0644
0.0509
0.055
0.06
0.0619
0.0566
0.0451
0.0454
0.0536
0.0453
0.0401
0.06
0.0451
0.041
0.0543
0.0595
0.0629
0.0449
0.0504
0.0468
0.0518
0.0551
0.0561
0.065
0.0441
0.0619
0.0471
0.0574
0.0489
0.04
0.0486
0.0522
0.0402
0.0477
0.0453
0.0417
0.0581
0.0526
0.0474
0.0551
0.0557
0.05
0.05
0.0529
0.0502
0.0659
0.0502
0.0563
0.0313
0.0561
0.0451
0.0497
0.05
0.0564
0.0468
0.0596
0.0518
0.0547
0.055
0.0526
0.0608
0.0474
0.041
0.0578
0.0597
0.054
0.0582
0.0432
0.0496
0.0603
0.0571
0.0474
0.05
0.0464
0.0463
0.045
0.0623
0.06
0.0441
0.0647
0.0451
0.0543
0.04
0.0594
0.0422
0.0478
0.06
0.0448
0.0713
0.0583
0.0437
0.0368
0.045
0.063
0.055
0.0439
0.0518
0.0643
0.055
0.0622
0.0402
0.0596
0.0383
0.0498
0.0464
0.0552
0.055
0.0471
0.0453
0.0542
0.04
0.0518
0.0504
0.047
0.0522
0.0536
0.0538
0.0454
0.047
0.03
0.0573
0.0471
0.0486
0.055
0.0553
0.0637
0.0451
0.056
0.055
0.0656
0.0433
0.0532
0.0583
0.0581
0.0531
0.0701
0.0539
0.0551
0.0701
0.081
0.0643
0.0564
0.0652
0.0606
0.07
0.0541
0.084
0.0652
0.0722
0.0499
0.0743
0.09
0.09
0.0851
0.085
0.0889
0.0628
0.0801
0.0951
0.1089
0.085
0.0921
0.0683
0.0839
0.1057
0.0722
0.0761
0.0802
0.0801
0.0801
0.0587
0.0701
0.0722
0.0768
0.0571
0.075
0.0729
0.085
0.0927
0.06
0.0847
0.0881
0.0984
0.0939
0.0664
0.0732
0.0807
0.0854
0.0819
0.0901
0.12
0.0702
0.0804
0.0951
0.09
0.105
0.0838
0.0967
0.0771
0.0802
0.0652
0.0601
0.0547
0.0418
0.097
0.0638
0.0824
0.07
0.0701
0.0783
0.0874
0.095
0.0671
0.08
0.0907
0.0767
0.0757
0.0918
0.0916
0.0716
0.0832
0.0701
0.0808
0.0734
0.0758
0.0883
0.0591
0.0703
0.0629
0.075
0.0793
0.1051
0.0901
0.0901
0.0552
0.0829
0.0791
0.0659
0.0551
0.0651
0.0652
0.0757
0.076
0.0801
0.0743
0.0634
0.0693
0.0502
0.0641
0.06
0.094
0.0634
0.0672
0.05
0.0713
0.0556
0.0584
0.0577
0.075
0.0751
0.0701
0.0711
0.0701
0.0851
0.0651
0.06
0.0786
0.0613
0.0502
0.0576
0.0527
0.0708
0.0666
0.055
0.0811
0.0629
0.0716
0.0701
0.065
0.0567
0.0607
0.0703
0.0728
0.0448
0.0629
0.0627
0.0651
0.0651
0.0651
0.058
0.065
0.0657
0.0601
0.0531
0.0718
0.065
0.094
0.0624
0.0581
0.0729
0.0591
0.0419
0.07
0.06
0.0713
0.055
0.0607
0.063
0.0551
0.052
0.0651
0.0679
0.0403
0.0751
0.0751
0.0801
0.0747
0.06
0.0747
0.0502
0.06
0.055
0.0619
0.0703
0.056
0.042
0.0602
0.0651
0.0637
0.0728
0.0657
0.0644
0.0601
0.0604
0.0678
0.0652
0.0635
0.061
0.0664
0.0671
0.05
0.0686
0.0602
0.0788
0.0543
0.0751
0.0752
0.0851
0.0649
0.063
0.065
0.0588
0.0701
0.0697
0.06
0.072
0.0623
0.0548
0.07
0.073
0.0851
0.0621
0.0624
0.0523
0.0668
0.066
0.0672
0.0629
0.0706
0.0459
0.0552
0.085
0.046
0.0713
0.068
0.0704
0.0799
0.0634
0.0638
0.0602
0.0651
0.0551
0.0526
0.0792
0.0786
0.065
0.0602
0.0619
0.06
0.075
0.0571
0.079
0.0602
0.0806
0.0576
0.06
0.0777
0.0638
0.0617
0.0647
0.075
0.0611
0.0567
0.0551
0.0621
0.0854
0.0593
0.0661
0.0713
0.0751
0.0601
0.0551
0.065
0.0601
0.068
0.0688
0.0652
0.058
0.0624
0.0628
0.0838
0.0741
0.0686
0.0882
0.0593
0.0583
0.0703
0.0553
0.0501
0.0756
0.0652
0.0769
0.0651
0.0663
0.08
0.075
0.0634
0.0651
0.0651
0.0779
0.0577
0.08
0.065
0.0618
0.07
0.0712
0.058
0.0784
0.0652
0.0561
0.0782
0.0652
0.0812
0.07
0.0602
0.0801
0.0549
0.0628
0.0608
0.0591
0.07
0.0622
0.0558
0.075
0.0603
0.0776
0.07
0.075
0.0613
0.0848
0.065
0.0851
0.09
0.05
0.0693
0.0891
0.0629
0.08
0.0751
0.0708
0.07
0.0864
0.0639
0.0652
0.066
0.0651
0.075
0.075
0.0526
0.0816
0.065
0.07
0.065
0.0507
0.085
0.06
0.0626
0.085
0.085
0.073
0.0817
0.06
0.0751
0.0673
0.075
0.085
0.0866
0.0707
0.0723
0.0801
0.0801
0.0894
0.0829
0.0759
0.0526
0.0799
0.0726
0.0769
0.075
0.0634
0.0701
0.0779
0.085
0.0863
0.0652
0.0844
0.09
0.084
0.0701
0.075
0.0627
0.0583
0.08
0.0524
0.0761
0.0574
0.0797
0.085
0.0851
0.0711
0.0874
0.061
0.095
0.0661
0.0701
0.075
0.0672
0.0749
0.0756
0.0703
0.08
0.0588
0.075
0.0701
0.0762
0.0952
0.0701
0.0651
0.0713
0.075
0.0674
0.066
0.0802
0.083
0.0753
0.0887
0.065
0.0864
0.0834
0.0712
0.0583
0.085
0.075
0.064
0.0672
0.0703
0.0751
0.0737
0.0706
0.073
0.0646
0.0666
0.075
0.0747
0.0728
0.0756
0.0702
0.0908
0.0901
0.0653
0.06
0.0951
0.0666
0.0862
0.0826
0.0622
0.07
0.0686
0.0841
0.08
0.0792
0.0747
0.1171
0.075
0.085
0.0747
0.089
0.08
0.0602
0.075
0.0751
0.075
0.0832
0.089
0.08
0.0801
0.0773
0.0646
0.0646
0.07
0.085
0.0762
0.0879
0.085
0.06
0.0701
0.0944
0.0691
0.0693
0.075
0.1046
0.0926
0.0756
0.0784
0.1051
0.0746
0.07
0.075
0.0656
0.0868
0.09
0.0751
0.0801
0.07
0.07
0.0901
0.0752
0.085
0.0703
0.0751
0.0893
0.0819
0.0801
0.07
0.0652
0.0867
0.0801
0.065
0.0603
0.0707
0.0652
0.071
0.0657
0.073
0.0817
0.065
0.0494
0.0748
0.0786
0.0592
0.0509
0.07
0.0622
0.0743
0.08
0.0857
0.075
0.0607
0.0701
0.055
0.0736
0.074
0.0674
0.0701
0.0651
0.0811
0.0766
0.0751
0.0848
0.0641
0.07
0.08
0.07
0.0721
0.0693
0.0701
0.0563
0.0659
0.0851
0.0701
0.0622
0.0581
0.0872
0.07
0.0798
0.0614
0.0614
0.0784
0.049
0.0601
0.0663
0.0808
0.0711
0.06
0.0651
0.0628
0.0722
0.0647
0.0751
0.0801
0.0705
0.0701
0.0704
0.063
0.0851
0.0614
0.0728
0.0724
0.0593
0.0751
0.0707
0.061
0.0851
0.0751
0.0662
0.0703
0.0847
0.0714
0.0694
0.0763
0.0629
0.061
0.08
0.079
0.0706
0.065
0.055
0.0751
0.0849
0.075
0.0951
0.095
0.0629
0.0846
0.0729
0.0651
0.0698
0.0627
0.0702
0.084
0.0789
0.0781
0.0688
0.0608
0.0798
0.0627
0.08
0.0644
0.0651
0.0649
0.0706
0.065
0.0673
0.0701
0.0664
0.075
0.0802
0.0801
0.07
0.095
0.0693
0.0672
0.093
0.0907
0.0711
0.0621
0.0498
0.0751
0.0751
0.0718
0.0637
0.0801
0.075
0.0758
0.0814
0.075
0.066
0.0651
0.0706
0.068
0.0697
0.065
0.0639
0.0669
0.0721
0.068
0.0734
0.0612
0.0567
0.0801
0.055
0.0637
0.07
0.0651
0.0753
0.0664
0.0701
0.0901
0.0614
0.0531
0.0723
0.0676
0.0514
0.0727
0.073
0.0893
0.07
0.0762
0.0818
0.0738
0.0713
0.06
0.0733
0.1
0.0851
0.0804
0.065
0.0654
0.0703
0.0664
0.0712
0.0671
0.0601
0.0834
0.051
0.0787
0.0701
0.0754
0.0644
0.075
0.0633
0.065
0.0608
0.0701
0.0608
0.07
0.065
0.0737
0.0651
0.075
0.082
0.0851
0.0723
0.0651
0.065
0.055
0.075
0.078
0.0701
0.055
0.0734
0.0784
0.085
0.099
0.08
0.0701
0.0727
0.0682
0.0701
0.0859
0.082
0.0734
0.0668
0.0661
0.0604
0.0787
0.0833
0.0624
0.0898
0.0601
0.0699
0.07
0.0902
0.0828
0.0944
0.0823
0.065
0.0588
0.0696
0.0701
0.066
0.075
0.0731
0.0746
0.0711
0.08
0.0568
0.085
0.0951
0.0848
0.0801
0.0744
0.0876
0.0701
0.0787
0.0828
0.0809
0.085
0.0857
0.0757
0.0809
0.07
0.0587
0.0604
0.0721
0.0751
0.07
0.0777
0.075
0.0711
0.08
0.065
0.0801
0.08
0.092
0.0742
0.075
0.066
0.0688
0.0688
0.0656
0.0737
0.08
0.0651
0.079
0.075
0.08
0.0881
0.0691
0.07
0.0756
0.0814
0.0892
0.095
0.0774
0.0684
0.0824
0.0802
0.0818
0.085
0.0568
0.0851
0.0658
0.0773
0.07
0.0743
0.0912
0.08
0.1101
0.0867
0.0779
0.0839
0.0983
0.0764
0.0791
0.0891
0.0951
0.063
0.0889
0.0867
0.0844
0.0776
0.0816
0.095
0.0717
0.0936
0.0787
0.0964
0.103
0.1001
0.0757
0.0701
0.09
0.0867
0.0878
0.1243
0.0901
0.0986
0.0801
0.105
0.11
0.095
0.115
0.0943
0.0952
0.085
0.1141
0.1102
0.0701
0.0947
0.09
0.0954
0.0753
0.1049
0.076
0.105
0.0814
0.0968
0.095
0.0901
0.085
0.1208
0.1047
0.1127
0.0832
0.11
0.1007
0.0992
0.1001
0.115
0.0972
0.0891
0.095
0.0951
0.0901
0.1123
0.0971
0.1119
0.1101
0.0926
0.0851
0.07
0.09
0.092
0.121
0.1024
0.0837
0.0892
0.0897
0.08
0.0847
0.09
0.1304
0.09
0.0912
0.1051
0.0951
0.0884
0.1
0.089
0.1
0.0879
0.095
0.09
0.1039
0.0901
0.0973
0.0983
0.0961
0.096
0.0939
0.0916
0.1253
0.0857
0.0779
0.1
0.1046
0.1047
0.1024
0.0822
0.0906
0.1101
0.0954
0.105
0.095
0.0961
0.085
0.1151
0.0894
0.0925
0.0888
0.1004
0.085
0.0964
0.0951
0.095
0.0704
0.0871
0.0956
0.1044
0.0894
0.075
0.0749
0.0801
0.075
0.0851
0.0922
0.1
0.0912
0.08
0.08
0.0818
0.0907
0.082
0.0818
0.085
0.08
0.0829
0.0764
0.0819
0.0901
0.0877
0.0851
0.0679
0.0953
0.0901
0.07
0.0754
0.0976
0.075
0.0744
0.0722
0.079
0.0844
0.0758
0.075
0.0926
0.07
0.0943
0.0568
0.075
0.0876
0.0728
0.0701
0.105
0.0774
0.0719
0.076
0.09
0.09
0.0784
0.092
0.075
0.0929
0.0801
0.1
0.0851
0.0801
0.0959
0.0797
0.0771
0.1
0.0902
0.0922
0.1023
0.0952
0.1
0.1067
0.0752
0.08
0.0822
0.0897
0.0832
0.0796
0.075
0.1001
0.0851
0.095
0.0864
0.0768
0.0766
0.0701
0.1112
0.0888
0.105
0.0698
0.0828
0.0834
0.0867
0.0846
0.0794
0.0984
0.085
0.085
0.0918
0.1
0.095
0.1084
0.1006
0.0866
0.0614
0.0981
0.1101
0.098
0.07
0.0927
0.0998
0.0967
0.0937
0.0966
0.0863
0.075
0.0901
0.0939
0.09
0.115
0.098
0.085
0.1001
0.105
0.0903
0.0781
0.1
0.0926
0.0801
0.0798
0.075
0.0651
0.0837
0.083
0.0899
0.09
0.068
0.0797
0.08
0.0951
0.075
0.0901
0.0776
0.086
0.0701
0.08
0.0551
0.0889
0.09
0.0802
0.1001
0.0746
0.07
0.0939
0.065
0.0791
0.0693
0.075
0.0672
0.0787
0.0852
0.086
0.0776
0.085
0.078
0.075
0.0711
0.0759
0.0804
0.074
0.1048
0.089
0.0858
0.0652
0.0843
0.0851
0.0748
0.11
0.0817
0.11
0.0941
0.085
0.0772
0.0801
0.0734
0.095
0.0813
0.085
0.065
0.09
0.095
0.0979
0.0801
0.0839
0.0792
0.0917
0.085
0.0766
0.0712
0.0898
0.0854
0.0801
0.0738
0.08
0.0797
0.0945
0.0829
0.0751
0.0863
0.1
0.0893
0.075
0.0666
0.085
0.0803
0.09
0.0841
0.0964
0.09
0.0701
0.0686
0.082
0.074
0.0853
0.0862
0.085
0.0751
0.075
0.0801
0.07
0.0632
0.0762
0.0759
0.0803
0.0619
0.0851
0.0801
0.0701
0.0651
0.0788
0.0858
0.0799
0.0679
0.085
0.0751
0.07
0.08
0.0751
0.07
0.0797
0.07
0.0848
0.0601
0.0703
0.0751
0.0933
0.0994
0.0797
0.0774
0.0752
0.0766
0.0706
0.085
0.07
0.0674
0.095
0.0986
0.0943
0.0651
0.0809
0.0671
0.0682
0.0793
0.0808
0.0914
0.0716
0.0733
0.0801
0.075
0.0942
0.0754
0.0913
0.0674
0.08
0.0853
0.0739
0.0788
0.0646
0.0859
0.0639
0.0788
0.1044
0.0731
0.0726
0.065
0.075
0.0849
0.0651
0.0601
0.0801
0.0717
0.085
0.0792
0.1037
0.071
0.0924
0.0876
0.0742
0.1001
0.08
0.0612
0.0723
0.1
0.0853
0.0822
0.0811
0.0741
0.0882
0.085
0.0684
0.0589
0.0886
0.063
0.075
0.0818
0.0753
0.075
0.07
0.0974
0.0933
0.0653
0.06
0.1
0.0752
0.0701
0.0801
0.07
0.075
0.08
0.08
0.0799
0.0768
0.0797
0.0849
0.0914
0.0861
0.0751
0.0814
0.0751
0.0961
0.0848
0.085
0.0901
0.0704
0.0818
0.0791
0.0951
0.0842
0.0751
0.0896
0.0927
0.0551
0.085
0.0904
0.0701
0.1001
0.095
0.096
0.0801
0.0776
0.0874
0.0999
0.0764
0.085
0.0917
0.0832
0.0927
0.0884
0.0729
0.079
0.0902
0.075
0.0747
0.0731
0.1
0.0847
0.0791
0.0907
0.0751
0.0855
0.07
0.0901
0.0762
0.0714
0.0821
0.0623
0.08
0.0851
0.0751
0.0851
0.1
0.0836
0.0797
0.0852
0.0802
0.0913
0.0944
0.0951
0.0986
0.0828
0.0827
0.09
0.085
0.0731
0.0804
0.0823
0.0897
0.085
0.0838
0.0779
0.0868
0.075
0.0947
0.0941
0.082
0.1
0.095
0.0691
0.09
0.0838
0.0609
0.0801
0.0751
0.0851
0.1046
0.0801
0.0702
0.085
0.0857
0.085
0.095
0.0877
0.0751
0.085
0.075
0.09
0.0951
0.0903
0.0881
0.07
0.0749
0.065
0.0601
0.0953
0.0751
0.0694
0.068
0.0653
0.0847
0.0801
0.065
0.095
0.0851
0.0689
0.0877
0.075
0.0868
0.0751
0.085
0.081
0.0754
0.1228
0.1009
0.075
0.0902
0.0874
0.085
0.095
0.075
0.093
0.09
0.0776
0.0871
0.0904
0.0627
0.0669
0.0804
0.0769
0.11
0.0649
0.0797
0.0847
0.0772
0.0703
0.0924
0.09
0.1001
0.0552
0.075
0.0851
0.065
0.0861
0.0664
0.0881
0.0844
0.0799
0.0801
0.0904
0.095
0.0751
0.0864
0.0841
0.0901
0.0792
0.075
0.09
0.0856
0.0684
0.0751
0.0849
0.0782
0.0818
0.0922
0.0796
0.0786
0.0713
0.07
0.0701
0.0777
0.0851
0.0769
0.1098
0.07
0.0954
0.0886
0.07
0.0782
0.0883
0.093
0.0901
0.091
0.1018
0.0752
0.0737
0.0701
0.0892
0.1071
0.0883
0.0728
0.0887
0.0701
0.0703
0.0751
0.0743
0.1
0.085
0.0788
0.085
0.0839
0.08
0.075
0.087
0.0731
0.0774
0.0764
0.0828
0.073
0.0861
0.0868
0.0802
0.0784
0.0666
0.075
0.0801
0.079
0.0708
0.0801
0.09
0.0899
0.0948
0.07
0.0787
0.0889
0.069
0.0659
0.0751
0.1039
0.085
0.0806
0.0799
0.0653
0.068
0.08
0.0718
0.0764
0.0751
0.08
0.0751
0.0679
0.0584
0.0822
0.0853
0.0861
0.07
0.0717
0.1
0.0797
0.08
0.0756
0.0754
0.0534
0.0869
0.0746
0.085
0.0801
0.075
0.0842
0.0621
0.09
0.0717
0.0674
0.0941
0.0949
0.075
0.0767
0.09
0.0851
0.09
0.1058
0.0969
0.0756
0.0939
0.0801
0.095
0.0908
0.085
0.0751
0.0752
0.09
0.073
0.101
0.1147
0.1001
0.0801
0.0816
0.08
0.0901
0.0701
0.0852
0.0728
0.0992
0.103
0.0889
0.0801
0.0801
0.0748
0.1072
0.105
0.0781
0.0739
0.0926
0.0701
0.0901
0.0724
0.0851
0.0951
0.0737
0.0852
0.0837
0.0986
0.0814
0.0838
0.0846
0.0951
0.0901
0.0906
0.07
0.0601
0.0824
0.1
0.0831
0.1
0.0807
0.0776
0.0726
0.0819
0.075
0.07
0.065
0.0821
0.081
0.1
0.0876
0.0703
0.1
0.078
0.086
0.08
0.0813
0.0851
0.0898
0.085
0.0936
0.0834
0.0981
0.0671
0.085
0.0814
0.0757
0.0733
0.07
0.0921
0.0884
0.0676
0.0889
0.0898
0.0801
0.0903
0.1132
0.1051
0.085
0.0956
0.1001
0.103
0.085
0.0859
0.08
0.075
0.1001
0.0796
0.085
0.0915
0.0616
0.09
0.08
0.1029
0.095
0.095
0.0851
0.08
0.0736
0.1082
0.08
0.0942
0.0701
0.0841
0.0779
0.0964
0.095
0.0903
0.0851
0.1097
0.0942
0.085
0.1051
0.0749
0.0656
0.0914
0.0923
0.0988
0.0953
0.0669
0.08
0.0941
0.085
0.0866
0.1043
0.0809
0.0783
0.0859
0.09
0.0914
0.0986
0.08
0.08
0.0973
0.1127
0.0957
0.1023
0.0801
0.0982
0.1001
0.0934
0.1093
0.0879
0.0821
0.095
0.0908
0.1032
0.0953
0.1027
0.0751
0.0751
0.0928
0.0919
0.0821
0.095
0.0945
0.075
0.0878
0.0832
0.1
0.0829
0.0622
0.0859
0.0979
0.073
0.0652
0.0851
0.0901
0.0834
0.102
0.0897
0.0953
0.0951
0.0966
0.0746
0.0971
0.0863
0.0827
0.1009
0.0849
0.0996
0.0694
0.085
0.085
0.0901
0.0862
0.0982
0.0951
0.1101
0.085
0.1198
0.11
0.1049
0.0854
0.0911
0.0922
0.0983
0.1
0.096
0.0928
0.0951
0.09
0.1129
0.0779
0.1005
0.0801
0.0987
0.0971
0.0882
0.095
0.085
0.092
0.0805
0.0941
0.0941
0.0726
0.0853
0.0697
0.08
0.0809
0.09
0.0762
0.095
0.0916
0.08
0.0951
0.0883
0.0697
0.0948
0.0901
0.0756
0.0763
0.0701
0.1149
0.1
0.0888
0.0993
0.0932
0.0777
0.0571
0.0882
0.1073
0.105
0.0938
0.0851
0.0989
0.08
0.0901
0.087
0.095
0.074
0.085
0.0932
0.0851
0.0661
0.1151
0.1002
0.0956
0.0713
0.0801
0.0851
0.085
0.1
0.1044
0.0871
0.1053
0.0741
0.0951
0.0777
0.0778
0.0652
0.0751
0.09
0.0947
0.0704
0.0881
0.0847
0.0787
0.0801
0.07
0.0909
0.0756
0.085
0.0958
0.0801
0.075
0.08
0.071
0.0832
0.1001
0.0836
0.075
0.0871
0.075
0.0711
0.0972
0.1006
0.0851
0.09
0.0801
0.095
0.0878
0.1032
0.0848
0.0816
0.0851
0.0828
0.102
0.077
0.0948
0.085
0.0814
0.0981
0.0801
0.07
0.08
0.0901
0.0901
0.0787
0.0702
0.0866
0.0846
0.0977
0.0851
0.1
0.0687
0.105
0.0647
0.0654
0.088
0.0863
0.055
0.0816
0.0956
0.0724
0.075
0.0751
0.0851
0.1051
0.0977
0.1038
0.0853
0.084
0.087
0.0651
0.085
0.1001
0.0773
0.0802
0.0877
0.08
0.0906
0.0751
0.1009
0.0961
0.0922
0.086
0.0906
0.0899
0.0934
0.1
0.1
0.09
0.075
0.0971
0.095
0.0618
0.1042
0.0884
0.08
0.0801
0.0822
0.0939
0.1001
0.085
0.0623
0.0608
0.0813
0.0958
0.0964
0.0929
0.0964
0.0787
0.0828
0.0851
0.0942
0.1
0.0887
0.091
0.0878
0.0901
0.0879
0.0901
0.0949
0.1027
0.0951
0.09
0.085
0.0807
0.0947
0.0886
0.0676
0.0911
0.0867
0.0793
0.09
0.088
0.112
0.1101
0.095
0.0951
0.095
0.0907
0.1113
0.1001
0.1
0.1051
0.1
0.0768
0.1
0.07
0.1
0.1001
0.08
0.092
0.095
0.0937
0.0944
0.0801
0.0938
0.1038
0.0962
0.081
0.08
0.09
0.1012
0.0814
0.0977
0.085
0.07
0.103
0.0913
0.0852
0.1001
0.0873
0.095
0.0843
0.0922
0.1
0.0901
0.1051
0.0922
0.0896
0.0927
0.095
0.085
0.09
0.0782
0.1001
0.0984
0.075
0.0908
0.0871
0.11
0.1111
0.0948
0.095
0.0803
0.08
0.0787
0.08
0.0701
0.0704
0.0744
0.095
0.0888
0.0808
0.0601
0.0819
0.0828
0.0764
0.0859
0.0859
0.084
0.084
0.0758
0.1009
0.0892
0.0851
0.0763
0.077
0.075
0.0736
0.0758
0.0754
0.0709
0.09
0.075
0.1001
0.073
0.0954
0.0782
0.06
0.055
0.0851
0.075
0.0702
0.0999
0.0651
0.0659
0.0827
0.0681
0.0901
0.0838
0.1056
0.083
0.0719
0.06
0.095
0.0947
0.085
0.0848
0.09
0.0751
0.0662
0.0893
0.0711
0.0653
0.1049
0.0801
0.095
0.065
0.1012
0.0709
0.08
0.07
0.0771
0.083
0.0804
0.0883
0.0801
0.0919
0.089
0.076
0.0807
0.0851
0.0949
0.0801
0.0801
0.095
0.0811
0.0789
0.0752
0.0801
0.07
0.0751
0.095
0.075
0.0876
0.0728
0.0704
0.0988
0.1089
0.085
0.096
0.07
0.0773
0.0901
0.0689
0.087
0.0759
0.0806
0.0873
0.095
0.085
0.0751
0.1
0.0801
0.0801
0.0812
0.0836
0.0958
0.095
0.095
0.0798
0.1
0.0801
0.065
0.09
0.0762
0.0957
0.0801
0.0662
0.085
0.1051
0.0851
0.0942
0.0948
0.0734
0.0827
0.0674
0.0863
0.0711
0.105
0.0651
0.1029
0.0985
0.0851
0.0877
0.0851
0.08
0.09
0.092
0.09
0.08
0.0854
0.075
0.0901
0.0957
0.09
0.0882
0.0953
0.085
0.0851
0.0807
0.08
0.0851
0.0794
0.104
0.08
0.0849
0.0851
0.0778
0.09
0.0958
0.0833
0.0754
0.095
0.1104
0.0793
0.0784
0.095
0.09
0.1001
0.0817
0.0981
0.085
0.0866
0.0951
0.1016
0.08
0.1
0.0858
0.0839
0.0947
0.088
0.0849
0.0828
0.0887
0.0851
0.0801
0.08
0.1006
0.0801
0.0901
0.0926
0.0886
0.0803
0.0952
0.0851
0.0692
0.0866
0.0787
0.0672
0.1001
0.0974
0.0653
0.0901
0.0977
0.0792
0.0808
0.085
0.0851
0.089
0.0901
0.0929
0.0736
0.075
0.08
0.086
0.0927
0.078
0.0842
0.09
0.0903
0.075
0.0817
0.08
0.0832
0.1021
0.0864
0.0884
0.0771
0.0759
0.0862
0.09
0.0724
0.0751
0.0701
0.0856
0.0973
0.075
0.1
0.0851
0.082
0.0774
0.085
0.1195
0.0778
0.079
0.095
0.115
0.0581
0.1014
0.0987
0.0871
0.09
0.0831
0.0738
0.0978
0.0789
0.0901
0.105
0.0848
0.09
0.1001
0.0843
0.0822
0.088
0.0837
0.0869
0.085
0.1
0.0856
0.0952
0.0801
0.0824
0.0741
0.0851
0.08
0.08
0.0841
0.1
0.0652
0.09
0.0908
0.0806
0.0951
0.0901
0.0687
0.0867
0.07
0.0702
0.0722
0.075
0.08
0.0591
0.0793
0.1
0.08
0.0851
0.0851
0.09
0.0849
0.0939
0.075
0.0856
0.0719
0.0768
0.085
0.0888
0.085
0.0751
0.0789
0.1107
0.0901
0.0891
0.084
0.0712
0.0751
0.08
0.0801
0.0769
0.0846
0.1001
0.09
0.0981
0.075
0.0888
0.0678
0.0882
0.0843
0.0974
0.0901
0.0826
0.0833
0.0989
0.0751
0.085
0.0951
0.0878
0.0801
0.0886
0.0784
0.0951
0.0944
0.1056
0.0931
0.1033
0.1097
0.11
0.0901
0.1039
0.0699
0.093
0.0857
0.095
0.0936
0.08
0.0786
0.0782
0.079
0.0776
0.08
0.0779
0.0851
0.0832
0.0873
0.0881
0.078
0.1051
0.0878
0.092
0.0869
0.0796
0.085
0.105
0.09
0.072
0.0888
0.0924
0.0812
0.06
0.095
0.08
0.0764
0.1056
0.1071
0.0988
0.1
0.1083
0.1366
0.1251
0.1186
0.099
0.0809
0.0751
0.0953
0.0691
0.0938
0.0754
0.0902
0.085
0.1031
0.0707
0.0826
0.0974
0.0962
0.1017
0.0937
0.0907
0.103
0.075
0.0651
0.09
0.076
0.0853
0.0851
0.098
0.0851
0.0951
0.0949
0.064
0.0787
0.08
0.0901
0.0801
0.0883
0.085
0.075
0.075
0.0951
0.0714
0.074
0.102
0.0879
0.1151
0.0862
0.11
0.085
0.0958
0.0816
0.0774
0.0963
0.0773
0.0932
0.0773
0.11
0.0956
0.08
0.0851
0.096
0.11
0.0922
0.0776
0.085
0.1001
0.09
0.0801
0.0756
0.0856
0.0743
0.095
0.0973
0.094
0.0851
0.0951
0.0951
0.0877
0.105
0.0843
0.0708
0.0912
0.095
0.0979
0.07
0.074
0.083
0.0996
0.0942
0.0801
0.084
0.1001
0.0726
0.0809
0.0912
0.0946
0.0804
0.0998
0.0862
0.0929
0.0882
0.0929
0.0784
0.094
0.1001
0.0851
0.0704
0.0714
0.071
0.0693
0.0814
0.0792
0.0883
0.1099
0.096
0.0714
0.1068
0.0673
0.0876
0.0816
0.085
0.0751
0.0851
0.0918
0.1051
0.0654
0.0989
0.0752
0.1
0.0706
0.08
0.0997
0.0751
0.0881
0.095
0.078
0.105
0.0751
0.0731
0.0763
0.0712
0.0809
0.0841
0.0826
0.0901
0.1089
0.0901
0.09
0.0902
0.115
0.0779
0.0781
0.0854
0.0854
0.0901
0.0951
0.0847
0.0852
0.076
0.095
0.085
0.0751
0.0651
0.1013
0.096
0.0853
0.1164
0.0838
0.0827
0.0951
0.0909
0.0806
0.072
0.085
0.12
0.0998
0.1134
0.1039
0.07
0.0951
0.09
0.0849
0.0872
0.0851
0.075
0.0889
0.09
0.0913
0.0751
0.0851
0.1001
0.095
0.0756
0.0796
0.1
0.0901
0.0751
0.0902
0.1096
0.077
0.075
0.1
0.0877
0.095
0.0902
0.1174
0.0884
0.08
0.0832
0.0939
0.0932
0.1
0.0871
0.09
0.0881
0.0973
0.0851
0.0823
0.1
0.09
0.1133
0.095
0.0851
0.08
0.0883
0.0947
0.1061
0.0747
0.095
0.0998
0.0901
0.0814
0.116
0.0832
0.0797
0.092
0.0982
0.095
0.0983
0.0891
0.0673
0.0813
0.0839
0.09
0.09
0.0912
0.0851
0.1051
0.0876
0.0834
0.0901
0.0801
0.115
0.085
0.0924
0.0836
0.0908
0.09
0.1
0.085
0.0996
0.098
0.09
0.1168
0.0989
0.1009
0.1
0.0802
0.095
0.0951
0.095
0.0856
0.0964
0.095
0.0637
0.1136
0.0883
0.0707
0.1006
0.0834
0.085
0.0751
0.0807
0.0901
0.0833
0.1006
0.0794
0.0733
0.0731
0.0801
0.0706
0.0858
0.0799
0.0648
0.083
0.0951
0.095
0.1024
0.1046
0.09
0.09
0.0804
0.075
0.1051
0.075
0.0801
0.0804
0.0901
0.0992
0.0899
0.09
0.0872
0.0801
0.0851
0.0801
0.0801
0.0767
0.094
0.0988
0.0726
0.0739
0.0767
0.0701
0.09
0.0851
0.0989
0.0759
0.0833
0.1
0.0988
0.0896
0.085
0.0856
0.09
0.0961
0.0751
0.0851
0.0792
0.09
0.0779
0.0964
0.085
0.085
0.0986
0.09
0.0946
0.0799
0.0802
0.0691
0.0706
0.0801
0.08
0.08
0.0752
0.0961
0.0706
0.1056
0.0751
0.095
0.0772
0.0704
0.0768
0.0847
0.074
0.0774
0.1042
0.094
0.0901
0.0851
0.0805
0.0949
0.0958
0.0952
0.0817
0.067
0.0874
0.0944
0.0848
0.0897
0.115
0.0841
0.0951
0.095
0.0958
0.0801
0.1003
0.0811
0.0946
0.08
0.095
0.09
0.1132
0.0757
0.0999
0.0806
0.0823
0.1029
0.0808
0.0842
0.09
0.1128
0.08
0.0577
0.0859
0.0851
0.085
0.095
0.095
0.08
0.087
0.0726
0.0949
0.0783
0.0951
0.0951
0.0908
0.0833
0.0919
0.09
0.0854
0.0851
0.0813
0.0908
0.0878
0.1094
0.102
0.0996
0.1
0.0926
0.1
0.0901
0.0801
0.0689
0.0818
0.1001
0.0851
0.1151
0.0751
0.0932
0.1051
0.0858
0.0969
0.0864
0.09
0.0787
0.09
0.0951
0.0851
0.0883
0.0814
0.1103
0.0666
0.1
0.08
0.1027
0.0958
0.09
0.0937
0.0988
0.085
0.0901
0.105
0.0946
0.0933
0.0858
0.1007
0.091
0.0932
0.0981
0.1169
0.07
0.0831
0.0917
0.0828
0.1001
0.0801
0.0983
0.095
0.11
0.1039
0.1101
0.115
0.0966
0.115
0.0858
0.075
0.0962
0.1053
0.1068
0.0951
0.0842
0.0931
0.0932
0.0951
0.1029
0.0993
0.0927
0.0902
0.088
0.0851
0.1092
0.0926
0.0913
0.0962
0.0788
0.0878
0.095
0.0968
0.0951
0.0824
0.0722
0.085
0.0801
0.095
0.09
0.1201
0.0901
0.1086
0.0868
0.0917
0.115
0.0989
0.0801
0.0901
0.0986
0.0751
0.08
0.0851
0.095
0.12
0.0943
0.101
0.1001
0.101
0.105
0.0993
0.0851
0.1022
0.1123
0.0923
0.12
0.11
0.1019
0.1041
0.1031
0.085
0.09
0.1052
0.0766
0.1
0.0954
0.0813
0.0917
0.085
0.0902
0.0939
0.086
0.0971
0.0913
0.0914
0.0951
0.0951
0.1051
0.0718
0.0934
0.1011
0.0963
0.08
0.0813
0.1053
0.0948
0.09
0.09
0.0836
0.1084
0.0919
0.0812
0.0789
0.0851
0.0812
0.0839
0.1056
0.075
0.1029
0.0926
0.0999
0.0762
0.1019
0.085
0.1019
0.0881
0.09
0.08
0.0854
0.1166
0.0836
0.0941
0.0826
0.095
0.0801
0.0836
0.0877
0.0751
0.095
0.0951
0.0801
0.0893
0.0779
0.0871
0.0982
0.0801
0.0853
0.0792
0.085
0.096
0.0854
0.0901
0.095
0.1028
0.08
0.0806
0.0701
0.0861
0.0776
0.0843
0.0836
0.1088
0.0797
0.0701
0.0801
0.0793
0.0851
0.0976
0.0774
0.0713
0.085
0.09
0.0901
0.0919
0.0944
0.088
0.0972
0.0888
0.0903
0.0843
0.095
0.0704
0.102
0.075
0.1038
0.0948
0.0787
0.0741
0.0891
0.1031
0.1023
0.082
0.0866
0.0899
0.0793
0.0843
0.0917
0.0861
0.0821
0.0869
0.08
0.0843
0.08
0.0903
0.0801
0.0732
0.0762
0.0856
0.1034
0.1086
0.08
0.086
0.0763
0.0852
0.085
0.0901
0.0863
0.1107
0.1077
0.1296
0.1051
0.1133
0.1194
0.11
0.1113
0.1101
0.105
0.0663
0.085
0.08
0.0901
0.0978
0.0938
0.1
0.0951
0.0752
0.0851
0.0711
0.0806
0.0717
0.1201
0.1051
0.11
0.1051
0.0994
0.1167
0.1006
0.1343
0.0853
0.095
0.0799
0.0913
0.0931
0.0987
0.0762
0.0966
0.0614
0.0884
0.0758
0.105
0.085
0.0763
0.065
0.0784
0.0754
0.1001
0.0773
0.0967
0.09
0.0903
0.0661
0.109
0.0998
0.0819
0.0861
0.0841
0.0807
0.0801
0.085
0.08
0.0977
0.085
0.0941
0.0953
0.102
0.0854
0.1064
0.1062
0.078
0.095
0.0804
0.1049
0.09
0.1253
0.0861
0.113
0.1008
0.085
0.0939
0.105
0.0988
0.0851
0.085
0.1229
0.09
0.1078
0.0951
0.1097
0.1106
0.0852
0.0996
0.075
0.115
0.0851
0.0976
0.1051
0.0814
0.0778
0.103
0.0901
0.1081
0.11
0.115
0.1143
0.0992
0.11
0.095
0.1358
0.1283
0.13
0.1177
0.095
0.0951
0.11
0.1079
0.1043
0.1119
0.12
0.105
0.1
0.1019
0.0833
0.1008
0.1106
0.085
0.0933
0.0991
0.09
0.0848
0.11
0.1032
0.1138
0.0991
0.088
0.095
0.1201
0.0908
0.0857
0.086
0.0851
0.0868
0.101
0.08
0.0937
0.0993
0.0882
0.095
0.0969
0.0984
0.0951
0.0996
0.1101
0.0937
0.105
0.08
0.1001
0.1067
0.0896
0.0901
0.0854
0.0881
0.085
0.1037
0.1051
0.0859
0.1001
0.0851
0.1001
0.1012
0.1151
0.1011
0.0777
0.1101
0.095
0.085
0.0938
0.095
0.0924
0.0758
0.0898
0.0939
0.12
0.0876
0.1131
0.0951
0.1044
0.0951
0.0998
0.1
0.11
0.0928
0.105
0.0668
0.1014
0.1001
0.1051
0.075
0.091
0.115
0.097
0.0897
0.0879
0.0867
0.1008
0.095
0.1119
0.09
0.09
0.1066
0.1011
0.1006
0.11
0.0969
0.0993
0.0939
0.0922
0.0937
0.1
0.115
0.1
0.119
0.0919
0.085
0.1
0.0959
0.1101
0.0901
0.121
0.095
0.085
0.0944
0.105
0.106
0.11
0.0753
0.1069
0.0962
0.125
0.1301
0.105
0.085
0.0701
0.1072
0.0989
0.095
0.0806
0.1024
0.1
0.114
0.0999
0.11
0.0926
0.0913
0.0936
0.0918
0.085
0.1002
0.1051
0.085
0.0979
0.095
0.086
0.0997
0.0951
0.0722
0.0901
0.1001
0.0884
0.0758
0.0963
0.0909
0.095
0.0945
0.0802
0.0848
0.0947
0.0916
0.085
0.0964
0.112
0.1049
0.0946
0.0927
0.0777
0.1
0.0903
0.0926
0.0846
0.0801
0.0931
0.0972
0.088
0.0804
0.1091
0.0851
0.0903
0.0967
0.085
0.1
0.0801
0.1054
0.1001
0.0778
0.0752
0.093
0.09
0.1201
0.1001
0.1029
0.1024
0.0856
0.0816
0.0902
0.09
0.1087
0.0836
0.09
0.0936
0.1093
0.08
0.075
0.1051
0.095
0.1101
0.0773
0.0906
0.0812
0.0951
0.0901
0.0851
0.1117
0.0828
0.0851
0.0927
0.0772
0.1267
0.1009
0.0858
0.0938
0.0782
0.088
0.0853
0.0888
0.115
0.0907
0.0718
0.105
0.1044
0.0932
0.1004
0.1001
0.0859
0.0835
0.0951
0.0703
0.0704
0.0749
0.0889
0.0788
0.0767
0.0851
0.11
0.09
0.0751
0.0923
0.093
0.103
0.08
0.1103
0.085
0.0979
0.091
0.0777
0.0869
0.0811
0.075
0.075
0.075
0.0923
0.0884
0.0903
0.0884
0.09
0.09
0.083
0.0882
0.0801
0.093
0.0601
0.0979
0.0761
0.0761
0.0862
0.0886
0.0968
0.1033
0.0672
0.1121
0.089
0.0817
0.08
0.1
0.0933
0.09
0.0937
0.0801
0.0942
0.0851
0.08
0.1004
0.095
0.0642
0.095
0.115
0.1049
0.099
0.0948
0.085
0.0884
0.0841
0.0786
0.115
0.07
0.1044
0.07
0.085
0.081
0.0788
0.0872
0.1001
0.0781
0.1
0.08
0.0733
0.0778
0.08
0.085
0.081
0.088
0.0993
0.0951
0.0814
0.0837
0.08
0.0882
0.0851
0.08
0.0843
0.07
0.0727
0.0676
0.0839
0.0793
0.1037
0.0947
0.0751
0.0826
0.0783
0.0802
0.085
0.0913
0.0793
0.0932
0.0682
0.1
0.0801
0.0807
0.095
0.0854
0.095
0.0889
0.089
0.1
0.0819
0.0901
0.0982
0.0927
0.0896
0.11
0.0832
0.115
0.0761
0.09
0.0951
0.085
0.0999
0.1099
0.0817
0.0973
0.0868
0.0777
0.0753
0.0861
0.0884
0.0806
0.0951
0.0772
0.0773
0.0926
0.115
0.1
0.1091
0.0906
0.1
0.075
0.1108
0.095
0.099
0.0913
0.0751
0.0901
0.0901
0.105
0.115
0.125
0.0754
0.115
0.0747
0.1097
0.0906
0.1
0.0701
0.0781
0.0851
0.09
0.0986
0.1276
0.0846
0.105
0.1001
0.0932
0.0769
0.0803
0.105
0.087
0.0901
0.095
0.107
0.092
0.0962
0.0942
0.0988
0.0901
0.0793
0.0959
0.11
0.0979
0.115
0.0871
0.0771
0.1151
0.125
0.1014
0.1073
0.0901
0.098
0.09
0.1007
0.0753
0.09
0.105
0.0951
0.1041
0.0933
0.095
0.0801
0.0951
0.0851
0.0946
0.115
0.1101
0.0954
0.095
0.0959
0.11
0.0847
0.105
0.0866
0.0816
0.09
0.099
0.0901
0.1
0.0846
0.112
0.08
0.092
0.095
0.0893
0.0866
0.0874
0.0889
0.07
0.0939
0.085
0.1003
0.0729
0.0851
0.105
0.0981
0.0964
0.0937
0.1098
0.072
0.1007
0.0899
0.1214
0.1099
0.0893
0.105
0.1182
0.1151
0.085
0.1
0.119
0.0851
0.0953
0.1
0.1074
0.1163
0.0774
0.1068
0.085
0.1
0.115
0.0717
0.1051
0.0702
0.0927
0.095
0.0679
0.0819
0.0607
0.095
0.0873
0.082
0.0801
0.1001
0.0982
0.084
0.08
0.1001
0.1029
0.0951
0.0923
0.0968
0.0702
0.0801
0.095
0.0946
0.0951
0.0887
0.0929
0.085
0.0609
0.0951
0.0812
0.0804
0.0744
0.0781
0.0858
0.0739
0.0976
0.07
0.07
0.1051
0.095
0.0806
0.0831
0.0768
0.0892
0.09
0.0951
0.08
0.0965
0.0951
0.0904
0.0938
0.1057
0.08
0.105
0.088
0.0799
0.0682
0.085
0.08
0.0711
0.0854
0.0879
0.0792
0.0801
0.0643
0.0778
0.085
0.0938
0.075
0.0712
0.0799
0.085
0.0901
0.1123
0.0767
0.095
0.0769
0.0839
0.0801
0.0956
0.103
0.0787
0.105
0.1001
0.1143
0.0969
0.1551
0.115
0.1346
0.1119
0.1207
0.1492
0.1396
0.12
0.1158
0.0951
0.085
0.0834
0.0709
0.0812
0.0823
0.0953
0.105
0.0923
0.0746
0.1211
0.1348
0.1062
0.105
0.125
0.11
0.1262
0.13
0.125
0.131
0.1292
0.146
0.12
0.1248
0.1194
0.125
0.1111
0.13
0.1351
0.1473
0.1324
0.1335
0.1251
0.1351
0.1128
0.11
0.1201
0.1398
0.14
0.1349
0.12
0.1201
0.12
0.09
0.0958
0.1036
0.1001
0.13
0.11
0.1051
0.085
0.0912
0.125
0.1027
0.1112
0.1166
0.1251
0.098
0.1162
0.095
0.095
0.095
0.09
0.1151
0.1218
0.1123
0.0984
0.16
0.108
0.13
0.1108
0.1123
0.1201
0.1108
0.1251
0.1207
0.108
0.0942
0.1179
0.122
0.1201
0.1322
0.1098
0.0941
0.0832
0.0906
0.0883
0.1014
0.1
0.095
0.095
0.0951
0.1078
0.1101
0.1162
0.0951
0.0951
0.0973
0.0828
0.1033
0.1286
0.1018
0.1116
0.1151
0.1001
0.1013
0.0737
0.1047
0.0904
0.085
0.0827
0.085
0.0873
0.1099
0.0957
0.0991
0.1101
0.0951
0.14
0.09
0.115
0.1177
0.1152
0.1102
0.1051
0.0986
0.1114
0.115
0.1001
0.1251
0.12
0.1051
0.0824
0.0882
0.1043
0.0901
0.0876
0.105
0.0972
0.1148
0.105
0.085
0.0801
0.1051
0.0968
0.1174
0.1321
0.1251
0.136
0.1547
0.14
0.1751
0.1802
0.1551
0.185
0.1344
0.1507
0.18
0.1257
0.1003
0.1009
0.1039
0.1069
0.115
0.0826
0.0807
0.12
0.085
0.1151
0.07
0.0888
0.0941
0.08
0.095
0.109
0.127
0.1001
0.0797
0.1156
0.075
0.102
0.1204
0.1458
0.1367
0.1318
0.135
0.11
0.0971
0.109
0.0951
0.0879
0.0942
0.089
0.0968
0.0961
0.095
0.1
0.1006
0.1002
0.105
0.105
0.1164
0.0951
0.1199
0.0898
0.0819
0.1
0.0946
0.085
0.105
0.0952
0.0959
0.11
0.0976
0.1001
0.1031
0.1084
0.1251
0.125
0.135
0.1118
0.1023
0.1022
0.0736
0.0873
0.1001
0.086
0.1063
0.11
0.1
0.1201
0.0811
0.0974
0.0947
0.1
0.095
0.0956
0.0783
0.1
0.1287
0.0938
0.1082
0.0982
0.0957
0.0712
0.0719
0.0901
0.0928
0.085
0.1046
0.0766
0.1098
0.0951
0.0758
0.0809
0.1226
0.0987
0.095
0.0901
0.0993
0.0792
0.0948
0.09
0.0878
0.0878
0.085
0.0851
0.115
0.1097
0.1081
0.1054
0.105
0.0941
0.0982
0.0893
0.0989
0.0907
0.095
0.0912
0.0861
0.094
0.0854
0.105
0.0901
0.1283
0.0851
0.0989
0.085
0.0824
0.0981
0.0867
0.085
0.095
0.1051
0.0851
0.07
0.09
0.1018
0.1001
0.1001
0.1131
0.1047
0.0851
0.0866
0.0904
0.0784
0.0941
0.0853
0.0933
0.0966
0.0847
0.1001
0.065
0.0907
0.1026
0.0901
0.0821
0.0983
0.095
0.1018
0.1051
0.0833
0.0752
0.0801
0.086
0.0917
0.0808
0.0611
0.1006
0.0951
0.085
0.1046
0.0851
0.1062
0.095
0.0947
0.1151
0.0908
0.0751
0.0874
0.0722
0.0831
0.09
0.0721
0.067
0.09
0.085
0.0932
0.0987
0.1
0.121
0.0901
0.0879
0.0807
0.1101
0.1101
0.0716
0.092
0.0851
0.0891
0.0707
0.0918
0.0851
0.09
0.09
0.0981
0.095
0.1051
0.0853
0.0952
0.0897
0.095
0.0787
0.09
0.0901
0.0751
0.0921
0.0952
0.08
0.0701
0.0856
0.095
0.0854
0.0949
0.0861
0.0994
0.1051
0.1
0.0901
0.1082
0.12
0.1081
0.1036
0.1181
0.0993
0.1049
0.095
0.0752
0.1001
0.085
0.0916
0.0944
0.0807
0.0973
0.075
0.065
0.1017
0.0899
0.1
0.1112
0.0934
0.0907
0.0934
0.0973
0.1076
0.1014
0.115
0.1063
0.0993
0.1
0.1014
0.0936
0.1001
0.09
0.1068
0.0981
0.1
0.11
0.1049
0.0974
0.1004
0.085
0.125
0.1006
0.0851
0.1309
0.09
0.0901
0.0924
0.0863
0.095
0.1042
0.06
0.095
0.0989
0.065
0.0759
0.0862
0.098
0.0901
0.1103
0.0928
0.0805
0.095
0.0866
0.0757
0.0851
0.09
0.1044
0.1001
0.1
0.085
0.085
0.08
0.0943
0.1013
0.0951
0.0952
0.0794
0.1049
0.1201
0.0977
0.1038
0.105
0.1151
0.1026
0.1096
0.0896
0.0789
0.08
0.1012
0.0951
0.0834
0.0803
0.0781
0.0801
0.0789
0.09
0.0858
0.0851
0.0851
0.105
0.0967
0.0753
0.0851
0.0963
0.09
0.0876
0.0862
0.1
0.0776
0.0829
0.0853
0.079
0.076
0.0997
0.0769
0.0942
0.0806
0.0686
0.0801
0.093
0.1036
0.0801
0.0977
0.0826
0.0823
0.0923
0.0831
0.0851
0.0879
0.0851
0.1
0.1226
0.0849
0.1072
0.075
0.0988
0.0718
0.115
0.0901
0.0851
0.0942
0.0794
0.0829
0.1012
0.105
0.1051
0.0701
0.0894
0.0852
0.0776
0.085
0.0826
0.0901
0.0833
0.0812
0.084
0.095
0.0901
0.0901
0.0847
0.0889
0.0786
0.0951
0.0859
0.0941
0.0996
0.095
0.0858
0.08
0.085
0.0899
0.0907
0.0901
0.075
0.0882
0.0861
0.0851
0.1037
0.096
0.0871
0.0859
0.1106
0.113
0.0924
0.1151
0.0939
0.1051
0.0879
0.1113
0.0877
0.08
0.1016
0.095
0.0811
0.0916
0.0851
0.0758
0.105
0.0849
0.0934
0.0973
0.0932
0.1
0.09
0.1291
0.1267
0.1201
0.1351
0.1101
0.1314
0.1071
0.115
0.1154
0.0878
0.111
0.1177
0.0899
0.0749
0.0701
0.09
0.0703
0.08
0.1138
0.0948
0.0874
0.0937
0.105
0.0907
0.0844
0.0893
0.0851
0.09
0.0958
0.1
0.0803
0.1048
0.105
0.0884
0.1278
0.1144
0.1476
0.1377
0.1292
0.1003
0.0891
0.1459
0.1651
0.2034
0.205
0.1851
0.165
0.1431
0.1051
0.1022
0.1001
0.0977
0.1011
0.1126
0.0759
0.0908
0.1051
0.0886
0.1032
0.1216
0.1099
0.0779
0.0851
0.0902
0.0967
0.0899
0.0771
0.0791
0.1032
0.1026
0.097
0.0981
0.105
0.0991
0.1
0.085
0.0937
0.089
0.082
0.0999
0.1033
0.0964
0.1323
0.11
0.1143
0.0901
0.0921
0.1
0.1047
0.08
0.0719
0.0794
0.08
0.1052
0.1
0.0786
0.0851
0.0851
0.09
0.1024
0.0896
0.0951
0.0929
0.0894
0.1066
0.1001
0.1286
0.093
0.0953
0.1026
0.0912
0.095
0.0814
0.085
0.0848
0.0843
0.075
0.0751
0.0812
0.1059
0.1201
0.0937
0.113
0.0801
0.1082
0.0951
0.0882
0.0893
0.09
0.1052
0.0806
0.0897
0.095
0.095
0.1051
0.09
0.0951
0.081
0.0801
0.0887
0.0747
0.08
0.0977
0.0986
0.0969
0.11
0.1148
0.105
0.0904
0.1001
0.0839
0.1051
0.1112
0.1139
0.0906
0.1167
0.1027
0.1151
0.0996
0.084
0.0896
0.0851
0.0901
0.1
0.1081
0.08
0.085
0.0912
0.0906
0.0977
0.0899
0.085
0.0709
0.0851
0.0851
0.0732
0.0807
0.0821
0.1049
0.099
0.0853
0.0894
0.1011
0.09
0.0844
0.0912
0.0894
0.066
0.0886
0.07
0.091
0.0801
0.0942
0.08
0.0851
0.0821
0.105
0.1021
0.0854
0.0703
0.0866
0.0743
0.08
0.0968
0.08
0.1132
0.0876
0.085
0.082
0.0751
0.0881
0.085
0.073
0.0777
0.0901
0.08
0.1097
0.0879
0.07
0.0567
0.074
0.0728
0.0955
0.0881
0.0707
0.0839
0.0867
0.0901
0.0809
0.0851
0.0799
0.1023
0.0851
0.0979
0.1014
0.09
0.1169
0.0901
0.086
0.0948
0.1101
0.091
0.09
0.0903
0.1014
0.0851
0.093
0.0951
0.0912
0.1
0.1074
0.0796
0.1001
0.115
0.0879
0.1131
0.0914
0.1124
0.0799
0.095
0.11
0.1
0.0983
0.0839
0.1307
0.0796
0.1058
0.1
0.09
0.0912
0.109
0.085
0.1
0.0872
0.1078
0.11
0.1071
0.1008
0.115
0.0951
0.0901
0.0944
0.1011
0.08
0.0861
0.12
0.088
0.0951
0.0769
0.0851
0.0921
0.095
0.1001
0.075
0.0794
0.1101
0.1069
0.0951
0.1051
0.0994
0.0886
0.0848
0.0811
0.0801
0.0937
0.105
0.095
0.0773
0.0948
0.0929
0.0901
0.0976
0.085
0.0816
0.095
0.1004
0.105
0.0817
0.1117
0.0978
0.093
0.0731
0.095
0.0762
0.09
0.0801
0.0876
0.1103
0.0937
0.0681
0.0808
0.1014
0.0906
0.0858
0.0821
0.095
0.0891
0.09
0.0943
0.0793
0.0806
0.0818
0.0841
0.0919
0.111
0.0889
0.0673
0.1101
0.085
0.0899
0.0961
0.1051
0.085
0.0964
0.0891
0.1022
0.104
0.08
0.0801
0.075
0.0992
0.0666
0.0883
0.0901
0.078
0.0924
0.1003
0.12
0.1103
0.1001
0.075
0.0811
0.0851
0.1052
0.0822
0.0863
0.0901
0.0929
0.0781
0.0761
0.085
0.0949
0.1029
0.0823
0.092
0.1119
0.0714
0.09
0.1014
0.0899
0.095
0.0882
0.0843
0.0811
0.1033
0.0803
0.0851
0.095
0.1018
0.075
0.0939
0.0943
0.1057
0.1024
0.09
0.095
0.118
0.1032
0.0651
0.0778
0.0869
0.1026
0.0946
0.1061
0.0874
0.0876
0.0653
0.0983
0.105
0.1092
0.0836
0.09
0.1
0.0997
0.11
0.0813
0.0958
0.0807
0.1149
0.085
0.1019
0.11
0.09
0.0778
0.1003
0.0901
0.1101
0.088
0.0946
0.091
0.095
0.1
0.0821
0.0906
0.0982
0.0983
0.0851
0.0979
0.1033
0.0969
0.0926
0.099
0.0851
0.0901
0.0951
0.0956
0.087
0.0951
0.1
0.0987
0.0964
0.0901
0.0859
0.105
0.1073
0.0934
0.0801
0.09
0.0905
0.115
0.1051
0.0951
0.1081
0.0869
0.1151
0.1006
0.0988
0.0819
0.095
0.1106
0.1071
0.078
0.0863
0.0884
0.095
0.0809
0.1
0.095
0.0879
0.0859
0.0931
0.0752
0.0874
0.0976
0.0752
0.0928
0.1001
0.0773
0.0934
0.0963
0.115
0.1068
0.105
0.1084
0.0934
0.1051
0.1188
0.105
0.0727
0.0828
0.0951
0.0995
0.0795
0.0801
0.0789
0.0893
0.0856
0.0989
0.09
0.0701
0.0856
0.0892
0.095
0.084
0.0901
0.0768
0.0892
0.084
0.0837
0.085
0.0902
0.095
0.0855
0.0972
0.0851
0.1
0.0956
0.0751
0.0891
0.1082
0.0774
0.0922
0.0901
0.0701
0.099
0.0867
0.1151
0.0852
0.0906
0.0868
0.0749
0.0901
0.065
0.1
0.0757
0.0792
0.085
0.0792
0.0951
0.0935
0.0941
0.0951
0.0867
0.1119
0.095
0.0766
0.0901
0.0818
0.0933
0.095
0.0773
0.1001
0.0722
0.08
0.0953
0.0951
0.0883
0.0913
0.1086
0.0962
0.1
0.09
0.0704
0.0818
0.0982
0.0909
0.0828
0.0824
0.0801
0.0877
0.095
0.0819
0.0951
0.0833
0.0948
0.0843
0.0917
0.0901
0.09
0.1151
0.1072
0.0851
0.1193
0.1196
0.1128
0.0951
0.0701
0.105
0.0957
0.0918
0.085
0.1091
0.0896
0.0881
0.0923
0.0901
0.085
0.1014
0.12
0.0944
0.085
0.0997
0.09
0.0951
0.0699
0.085
0.1106
0.1001
0.0949
0.1001
0.1081
0.1067
0.09
0.115
0.0923
0.0947
0.1104
0.1101
0.0896
0.0836
0.085
0.1048
0.1048
0.09
0.1117
0.1031
0.0871
0.0897
0.095
0.1101
0.0789
0.095
0.0881
0.1021
0.1083
0.115
0.092
0.0898
0.08
0.0879
0.0993
0.0823
0.0916
0.0951
0.1001
0.0801
0.1006
0.1012
0.1
0.1151
0.0888
0.0901
0.082
0.1042
0.1011
0.0851
0.0823
0.0872
0.09
0.0958
0.075
0.11
0.088
0.0991
0.1147
0.0942
0.1
0.0844
0.1052
0.0917
0.1157
0.12
0.0931
0.0977
0.0967
0.1061
0.095
0.0958
0.1182
0.1262
0.115
0.1251
0.1227
0.0862
0.0988
0.125
0.1207
0.118
0.115
0.11
0.1202
0.1137
0.1001
0.125
0.125
0.1242
0.0937
0.0814
0.1232
0.0928
0.1301
0.125
0.1281
0.12
0.1241
0.1231
0.114
0.1302
0.1038
0.105
0.1351
0.1348
0.0904
0.0867
0.0986
0.1423
0.115
0.0941
0.11
0.08
0.1066
0.1184
0.0977
0.1033
0.085
0.1027
0.125
0.115
0.0961
0.0957
0.09
0.109
0.103
0.11
0.1
0.09
0.0969
0.1022
0.0894
0.085
0.11
0.095
0.0946
0.08
0.1051
0.105
0.111
0.095
0.105
0.0918
0.1251
0.0951
0.095
0.0952
0.095
0.0726
0.0995
0.0901
0.055
0.1036
0.0791
0.1
0.0974
0.0817
0.1001
0.0851
0.1027
0.085
0.0901
0.115
0.0999
0.09
0.0954
0.085
0.085
0.1153
0.0951
0.1051
0.1
0.0644
0.0778
0.0901
0.09
0.0954
0.102
0.0851
0.1343
0.1379
0.1101
0.138
0.11
0.1203
0.1161
0.103
0.0941
0.1148
0.0807
0.1001
0.1214
0.0837
0.125
0.1151
0.1214
0.1113
0.1217
0.1201
0.155
0.0993
0.1217
0.1151
0.1324
0.1224
0.1247
0.0796
0.1167
0.1451
0.0888
0.12
0.1352
0.1301
0.1192
0.13
0.085
0.115
0.1277
0.1022
0.1051
0.1051
0.1034
0.0801
0.1064
0.0751
0.0859
0.085
0.087
0.0976
0.0801
0.0801
0.0901
0.0901
0.0751
0.0933
0.095
0.0823
0.1098
0.08
0.1
0.085
0.1036
0.11
0.0874
0.1198
0.07
0.1042
0.0808
0.1051
0.085
0.0822
0.0703
0.0858
0.0851
0.0801
0.0781
0.0874
0.0853
0.085
0.0851
0.0927
0.0859
0.08
0.0928
0.07
0.0791
0.0752
0.07
0.0928
0.0801
0.1057
0.0747
0.0782
0.0969
0.0931
0.091
0.0961
0.07
0.0701
0.09
0.0951
0.1019
0.08
0.0737
0.0801
0.0832
0.109
0.0616
0.1024
0.0901
0.1051
0.0801
0.0703
0.085
0.0782
0.1001
0.0841
0.0701
0.0922
0.0851
0.08
0.0849
0.0686
0.0922
0.0732
0.0729
0.0658
0.0902
0.0701
0.0721
0.0799
0.0799
0.0847
0.0852
0.085
0.0742
0.0767
0.0892
0.06
0.0644
0.0851
0.0801
0.0732
0.079
0.0723
0.0969
0.095
0.1
0.0866
0.0737
0.084
0.0806
0.08
0.0617
0.0801
0.0706
0.1019
0.0729
0.081
0.09
0.1
0.0819
0.0851
0.09
0.085
0.0714
0.0751
0.0864
0.07
0.0751
0.0829
0.0847
0.0801
0.0658
0.0801
0.0927
0.1027
0.0864
0.1
0.0893
0.0676
0.085
0.0851
0.079
0.0602
0.0801
0.075
0.0851
0.0789
0.0733
0.07
0.1
0.1003
0.09
0.09
0.075
0.09
0.0808
0.0707
0.0749
0.0769
0.083
0.0861
0.0812
0.0901
0.0824
0.0763
0.0801
0.082
0.0801
0.0854
0.0943
0.0789
0.085
0.0803
0.0801
0.0701
0.0851
0.105
0.0751
0.0671
0.075
0.1099
0.1036
0.0857
0.0686
0.09
0.0872
0.0731
0.065
0.0754
0.0751
0.105
0.0862
0.0796
0.0881
0.0703
0.0711
0.0894
0.0734
0.095
0.0719
0.0713
0.0993
0.08
0.0896
0.0781
0.0891
0.0882
0.07
0.079
0.085
0.095
0.0598
0.0707
0.0754
0.0801
0.065
0.0912
0.0904
0.0751
0.0716
0.0751
0.09
0.077
0.0933
0.0792
0.082
0.0752
0.0931
0.095
0.0741
0.08
0.0777
0.0936
0.0919
0.085
0.105
0.0751
0.0876
0.0992
0.0851
0.0835
0.095
0.0977
0.069
0.0801
0.0868
0.08
0.0716
0.0553
0.075
0.0828
0.0844
0.0602
0.0701
0.0801
0.0812
0.085
0.0757
0.1001
0.0919
0.0766
0.0737
0.0963
0.0971
0.0677
0.0859
0.0926
0.0802
0.1
0.095
0.0699
0.0801
0.0972
0.0847
0.0764
0.085
0.085
0.0882
0.0907
0.1034
0.0813
0.0778
0.0707
0.0801
0.0901
0.0778
0.07
0.0652
0.0786
0.0916
0.0969
0.0808
0.0758
0.0951
0.0901
0.0929
0.0959
0.075
0.0869
0.085
0.0986
0.1063
0.09
0.07
0.0947
0.0893
0.0751
0.1082
0.0974
0.0902
0.092
0.074
0.0751
0.0651
0.075
0.0976
0.09
0.0732
0.0989
0.0751
0.0897
0.0797
0.0766
0.0763
0.0706
0.0801
0.0948
0.0803
0.0686
0.1073
0.0801
0.08
0.085
0.0806
0.0919
0.0694
0.0799
0.0899
0.075
0.077
0.0882
0.0854
0.0682
0.0848
0.07
0.0908
0.0744
0.0699
0.0898
0.0701
0.085
0.0813
0.0877
0.0746
0.0744
0.0977
0.09
0.0701
0.0883
0.0757
0.0786
0.0713
0.0951
0.0901
0.087
0.0907
0.09
0.0629
0.09
0.0968
0.1069
0.0702
0.0884
0.0851
0.0851
0.0911
0.08
0.0747
0.0608
0.0893
0.076
0.08
0.0801
0.075
0.0747
0.0988
0.08
0.08
0.1101
0.09
0.0737
0.085
0.1024
0.0723
0.0855
0.086
0.0851
0.1
0.0887
0.0653
0.0701
0.085
0.0872
0.0864
0.0761
0.08
0.0832
0.0664
0.0844
0.0899
0.0984
0.0926
0.0942
0.09
0.087
0.08
0.0951
0.0966
0.0879
0.085
0.0859
0.0803
0.0827
0.0749
0.0946
0.0751
0.0846
0.085
0.0661
0.0796
0.0703
0.0813
0.09
0.0837
0.075
0.0748
0.0859
0.0701
0.0651
0.0688
0.0856
0.075
0.0851
0.0854
0.105
0.085
0.075
0.0649
0.0503
0.0901
0.06
0.0777
0.0906
0.0602
0.071
0.0914
0.07
0.0738
0.0713
0.075
0.1003
0.0717
0.0882
0.0784
0.075
0.0756
0.0943
0.0882
0.0832
0.061
0.078
0.0874
0.0901
0.093
0.0756
0.066
0.0746
0.0883
0.075
0.0776
0.07
0.0793
0.0744
0.083
0.0976
0.0876
0.083
0.075
0.0752
0.0711
0.0779
0.07
0.095
0.0656
0.1046
0.0741
0.0751
0.082
0.0774
0.09
0.08
0.0901
0.0747
0.0726
0.0734
0.085
0.0772
0.0907
0.0751
0.0651
0.0838
0.0946
0.0719
0.0712
0.08
0.08
0.105
0.0901
0.0818
0.08
0.0851
0.0708
0.0801
0.1151
0.1136
0.0853
0.0751
0.0729
0.085
0.0882
0.0839
0.1244
0.1062
0.0952
0.1035
0.0886
0.0807
0.0958
0.115
0.1
0.07
0.09
0.0993
0.0922
0.1014
0.1063
0.0951
0.0836
0.072
0.1024
0.08
0.095
0.0918
0.0907
0.0973
0.08
0.09
0.09
0.0761
0.0751
0.075
0.09
0.081
0.085
0.0893
0.095
0.0864
0.085
0.0953
0.0914
0.0916
0.0891
0.088
0.0726
0.0851
0.09
0.1001
0.0947
0.1038
0.0901
0.105
0.0951
0.0867
0.095
0.115
0.1152
0.0996
0.0953
0.1
0.0754
0.0901
0.11
0.085
0.0801
0.1103
0.125
0.12
0.11
0.1051
0.095
0.0862
0.11
0.0994
0.0799
0.095
0.1194
0.0851
0.0861
0.1014
0.1001
0.0808
0.1151
0.0756
0.0811
0.0929
0.0993
0.1
0.0912
0.1
0.0851
0.0939
0.0701
0.0881
0.091
0.0855
0.0844
0.0909
0.0811
0.1069
0.0949
0.1152
0.1059
0.09
0.0972
0.0824
0.096
0.1
0.0989
0.09
0.0909
0.1022
0.0852
0.1029
0.09
0.09
0.1033
0.1097
0.0982
0.095
0.1186
0.1007
0.0909
0.0947
0.0931
0.0878
0.1041
0.105
0.0851
0.0792
0.105
0.0951
0.0906
0.105
0.1101
0.1036
0.1002
0.1314
0.115
0.1612
0.1266
0.169
0.1275
0.165
0.137
0.1433
0.1335
0.1551
0.115
0.1251
0.1051
0.1051
0.13
0.12
0.1172
0.1209
0.135
0.1765
0.1593
0.1692
0.1901
0.1243
0.175
0.1643
0.12
0.1163
0.1334
0.1572
0.1226
0.12
0.1
0.0901
0.135
0.1029
0.0955
0.0851
0.105
0.1009
0.105
0.1116
0.111
0.1211
0.1062
0.11
0.1051
0.14
0.1386
0.135
0.15
0.13
0.1304
0.1295
0.1196
0.0992
0.095
0.12
0.1366
0.1301
0.0951
0.0951
0.14
0.165
0.1176
0.1409
0.11
0.1
0.0895
0.0938
0.0962
0.1082
0.095
0.0972
0.1179
0.0751
0.1051
0.0801
0.08
0.105
0.0902
0.0937
0.1101
0.12
0.1237
0.105
0.0921
0.1351
0.125
0.0936
0.177
0.1059
0.1466
0.15
0.1978
0.17
0.205
0.1201
0.1209
0.135
0.115
0.1163
0.0851
0.138
0.095
0.1148
0.1016
0.105
0.1093
0.115
0.1003
0.1
0.11
0.086
0.1151
0.1223
0.1209
0.1184
0.14
0.1576
0.145
0.155
0.1601
0.1507
0.14
0.1667
0.1502
0.1324
0.155
0.1301
0.13
0.115
0.1305
0.1511
0.1416
0.1874
0.16
0.1959
0.14
0.155
0.185
0.1408
0.1301
0.1493
0.1231
0.14
0.1387
0.1188
0.11
0.1219
0.125
0.1569
0.175
0.1614
0.1733
0.1703
0.1945
0.215
0.2004
0.185
0.155
0.1029
0.1001
0.117
0.1001
0.0951
0.0936
0.1121
0.0958
0.1168
0.1251
0.0851
0.1151
0.1508
0.1071
0.1172
0.1152
0.1144
0.145
0.1116
0.1101
0.12
0.14
0.119
0.1244
0.1294
0.1351
0.1201
0.1203
0.114
0.1351
0.105
0.1142
0.1333
0.1001
0.145
0.135
0.13
0.1527
0.1186
0.165
0.145
0.1574
0.1531
0.14
0.165
0.12
0.1794
0.195
0.1982
0.21
0.175
0.2104
0.1406
0.1537
0.1643
0.1876
0.185
0.1657
0.185
0.1822
0.2681
0.1436
0.1811
0.1921
0.21
0.185
0.165
0.1582
0.177
0.2344
0.2109
0.2019
0.1423
0.1981
0.1651
0.1242
0.1251
0.1101
0.1363
0.1292
0.1261
0.1
0.1138
0.095
0.1176
0.12
0.1526
0.115
0.1201
0.1609
0.1216
0.145
0.1264
0.1474
0.1503
0.141
0.11
0.095
0.1097
0.1167
0.105
0.125
0.0993
0.1101
0.0849
0.1027
0.1
0.08
0.0801
0.0887
0.1137
0.121
0.1075
0.1866
0.185
0.225
0.2776
0.275
0.285
0.3
0.2419
0.2451
0.1727
0.1601
0.177
0.1202
0.13
0.145
0.1189
0.15
0.1601
0.1356
0.1201
0.1333
0.175
0.205
0.176
0.1553
0.17
0.1991
0.165
0.175
0.1952
0.168
0.1762
0.1978
0.135
0.2492
0.148
0.1668
0.154
0.1474
0.1442
0.1317
0.1394
0.1054
0.1462
0.155
0.1297
0.1049
0.1
0.1099
0.1093
0.1155
0.1095
0.125
0.1328
0.1675
0.1704
0.2
0.1738
0.1615
0.1709
0.1875
0.2024
0.1648
0.14
0.1586
0.1301
0.0947
0.09
0.0953
0.1
0.105
0.1302
0.1524
0.1091
0.1172
0.0893
0.14
0.1174
0.1152
0.1292
0.1393
0.1386
0.1502
0.13
0.1285
0.155
0.1468
0.1322
0.0986
0.1408
0.1022
0.0954
0.0896
0.0914
0.1155
0.0941
0.1099
0.12
0.1089
0.095
0.1022
0.097
0.09
0.1239
0.0964
0.11
0.1086
0.0837
0.1021
0.1163
0.1149
0.1123
0.0951
0.0937
0.0987
0.105
0.1141
0.0947
0.1179
0.078
0.1137
0.1006
0.1049
0.1091
0.1151
0.0851
0.0964
0.121
0.1129
0.11
0.115
0.1145
0.1251
0.0991
0.115
0.106
0.1078
0.1093
0.1215
0.11
0.1
0.1249
0.1165
0.1047
0.1107
0.1295
0.1049
0.1092
0.1152
0.0962
0.1148
0.1181
0.0851
0.0779
0.1251
0.0892
0.1226
0.11
0.1135
0.11
0.0861
0.1041
0.0795
0.0966
0.0896
0.1134
0.0951
0.112
0.1127
0.1643
0.125
0.1228
0.093
0.1201
0.1099
0.125
0.1217
0.0796
0.0701
0.103
0.0979
0.0951
0.0905
0.1127
0.094
0.0827
0.1118
0.0965
0.1151
0.1167
0.1207
0.0985
0.1064
0.1102
0.0889
0.115
0.1195
0.095
0.0965
0.0893
0.0821
0.1007
0.0941
0.1029
0.1262
0.1051
0.0881
0.1149
0.0922
0.1117
0.0926
0.1
0.1119
0.1145
0.1174
0.1103
0.0901
0.11
0.094
0.1024
0.1149
0.1455
0.1244
0.105
0.1249
0.1494
0.1336
0.0992
0.1201
0.11
0.1067
0.1001
0.095
0.1333
0.1166
0.1195
0.106
0.15
0.1484
0.1131
0.1338
0.1466
0.1446
0.1265
0.1178
0.1038
0.118
0.124
0.105
0.1029
0.1333
0.0961
0.1433
0.115
0.1134
0.1005
0.105
0.0993
0.0988
0.1
0.107
0.1047
0.0924
0.1082
0.1042
0.0819
0.1083
0.095
0.1
0.0996
0.0955
0.095
0.1138
0.0911
0.0811
0.0901
0.1092
0.1047
0.09
0.0881
0.1
0.1201
0.115
0.0856
0.1192
0.1029
0.09
0.095
0.1056
0.075
0.113
0.0867
0.075
0.0917
0.1011
0.115
0.1242
0.08
0.0864
0.0827
0.1093
0.1028
0.0844
0.115
0.0953
0.1115
0.086
0.0957
0.1143
0.1272
0.103
0.1293
0.1201
0.1084
0.11
0.0989
0.1023
0.1079
0.1174
0.1103
0.1134
0.09
0.1224
0.1021
0.105
0.09
0.0851
0.0842
0.0763
0.075
0.085
0.088
0.0902
0.0993
0.0963
0.0969
0.0807
0.0928
0.0975
0.1051
0.11
0.0909
0.113
0.0854
0.0898
0.0887
0.125
0.1017
0.0988
0.1201
0.0902
0.065
0.111
0.0901
0.1047
0.0961
0.0901
0.1003
0.1041
0.0955
0.0979
0.085
0.065
0.0898
0.072
0.1079
0.0888
0.0836
0.1013
0.1001
0.0861
0.0949
0.103
0.0963
0.0901
0.0893
0.114
0.1282
0.0879
0.0943
0.1097
0.0851
0.085
0.0932
0.1
0.0913
0.1002
0.0913
0.105
0.1151
0.106
0.1298
0.1235
0.0884
0.0993
0.0982
0.0911
0.119
0.1104
0.1147
0.1096
0.106
0.0983
0.072
0.0904
0.075
0.0947
0.0801
0.1001
0.1042
0.082
0.1098
0.1319
0.1009
0.1292
0.0803
0.1153
0.0965
0.1148
0.1056
0.1001
0.1061
0.1004
0.1052
0.1253
0.1041
0.1093
0.0901
0.0863
0.1001
0.1101
0.1004
0.12
0.11
0.135
0.0858
0.1128
0.1151
0.1009
0.1151
0.15
0.11
0.1107
0.1113
0.1016
0.123
0.105
0.1088
0.1197
0.1202
0.1544
0.1322
0.099
0.0991
0.143
0.096
0.1064
0.096
0.0866
0.091
0.125
0.0893
0.1018
0.0837
0.096
0.0899
0.101
0.105
0.1089
0.1351
0.1355
0.0839
0.1051
0.1162
0.093
0.11
0.11
0.125
0.0993
0.1016
0.1148
0.113
0.105
0.0851
0.1131
0.1363
0.1024
0.1153
0.114
0.0931
0.1051
0.1
0.1119
0.1106
0.13
0.1113
0.1153
0.1087
0.115
0.14
0.1154
0.125
0.1127
0.1129
0.1443
0.1492
0.1351
0.1321
0.125
0.095
0.1053
0.1138
0.1141
0.1137
0.0701
0.0937
0.0851
0.1
0.08
0.0801
0.0851
0.0913
0.07
0.117
0.1024
0.105
0.0933
0.085
0.1201
0.097
0.1211
0.11
0.1247
0.1087
0.1451
0.1387
0.1133
0.12
0.12
0.11
0.0951
0.1019
0.1
0.1044
0.1106
0.09
0.0984
0.095
0.0784
0.0912
0.1153
0.0901
0.1083
0.09
0.0948
0.115
0.0893
0.0929
0.0847
0.085
0.1026
0.0909
0.105
0.1112
0.099
0.0951
0.1
0.1
0.1111
0.0801
0.1221
0.0851
0.11
0.0931
0.082
0.0991
0.0998
0.1
0.1009
0.0978
0.085
0.11
0.0958
0.1183
0.0751
0.1151
0.105
0.0951
0.1027
0.1
0.1074
0.095
0.1032
0.097
0.1004
0.1089
0.09
0.0878
0.0851
0.1048
0.0958
0.1161
0.09
0.094
0.1096
0.1137
0.0828
0.0939
0.0851
0.11
0.0751
0.0847
0.085
0.0816
0.085
0.09
0.1
0.1071
0.08
0.09
0.0842
0.0972
0.095
0.1153
0.1022
0.0854
0.1
0.1101
0.0887
0.1101
0.1151
0.0938
0.0882
0.115
0.105
0.084
0.0989
0.095
0.0938
0.085
0.1279
0.11
0.0927
0.1228
0.1012
0.0939
0.114
0.1167
0.12
0.095
0.1098
0.111
0.11
0.075
0.09
0.1051
0.0773
0.1082
0.0769
0.0954
0.0852
0.0751
0.08
0.0983
0.0877
0.0994
0.0701
0.0988
0.0951
0.1007
0.0846
0.0901
0.0801
0.09
0.1006
0.0881
0.08
0.088
0.0844
0.0856
0.0901
0.0901
0.0801
0.091
0.09
0.0751
0.0756
0.1
0.085
0.0971
0.09
0.1002
0.0874
0.0921
0.1239
0.0801
0.1087
0.1034
0.0851
0.0902
0.0754
0.1051
0.1041
0.0907
0.0812
0.08
0.0848
0.085
0.0908
0.0693
0.0919
0.11
0.0901
0.0774
0.0961
0.1037
0.0951
0.0851
0.0654
0.0751
0.1048
0.0954
0.1149
0.09
0.1139
0.0999
0.08
0.1073
0.1008
0.0783
0.1152
0.0954
0.0949
0.0793
0.0762
0.0898
0.0968
0.0851
0.1
0.11
0.1237
0.1058
0.076
0.085
0.0989
0.1068
0.0887
0.09
0.115
0.1201
0.0979
0.1033
0.1222
0.1009
0.1
0.0956
0.0851
0.1018
0.104
0.116
0.1136
0.0894
0.0947
0.1
0.105
0.1151
0.0901
0.098
0.094
0.0952
0.1049
0.105
0.095
0.0991
0.0901
0.1099
0.0872
0.1027
0.09
0.0917
0.1137
0.0996
0.0987
0.1102
0.0979
0.1001
0.1101
0.0836
0.0981
0.1101
0.1181
0.0989
0.1248
0.0888
0.1047
0.1087
0.1004
0.124
0.0836
0.1106
0.1131
0.0801
0.1072
0.1012
0.115
0.0854
0.095
0.09
0.09
0.085
0.0984
0.0901
0.0961
0.0839
0.0901
0.0922
0.0926
0.0832
0.1002
0.0941
0.0953
0.1053
0.0923
0.095
0.08
0.0964
0.0874
0.0901
0.105
0.1038
0.095
0.1324
0.11
0.1168
0.11
0.1062
0.1151
0.1102
0.1254
0.0832
0.0962
0.1022
0.0919
0.1082
0.11
0.124
0.1253
0.0879
0.12
0.1301
0.1143
0.0868
0.155
0.102
0.1038
0.1307
0.0901
0.1306
0.1114
0.1176
0.1113
0.0964
0.1232
0.1323
0.117
0.0778
0.11
0.1001
0.1001
0.105
0.0886
0.1109
0.1181
0.116
0.1151
0.0927
0.0861
0.1001
0.0929
0.1092
0.1231
0.0868
0.105
0.0928
0.1213
0.095
0.1049
0.1058
0.1304
0.12
0.125
0.1003
0.1069
0.0911
0.07
0.11
0.1051
0.095
0.1104
0.1196
0.115
0.11
0.1079
0.0997
0.1187
0.11
0.11
0.1194
0.1174
0.1248
0.1341
0.115
0.1099
0.13
0.1018
0.14
0.1496
0.13
0.1448
0.1301
0.135
0.1104
0.1208
0.1403
0.1388
0.1014
0.11
0.115
0.115
0.105
0.0992
0.1292
0.1211
0.1201
0.1073
0.145
0.1001
0.115
0.1131
0.12
0.1284
0.1401
0.1301
0.095
0.1303
0.1472
0.1104
0.1182
0.1596
0.1445
0.1419
0.125
0.1207
0.1449
0.1559
0.16
0.1474
0.145
0.1281
0.1586
0.1242
0.1303
0.155
0.155
0.12
0.165
0.1425
0.155
0.1715
0.155
0.1632
0.1513
0.1473
0.19
0.134
0.1591
0.1557
0.1807
0.16
0.15
0.185
0.1468
0.1304
0.1102
0.145
0.12
0.1402
0.1006
0.105
0.1288
0.1101
0.1126
0.1103
0.115
0.13
0.126
0.13
0.1451
0.1425
0.15
0.1263
0.1123
0.1452
0.152
0.1348
0.1169
0.1407
0.1403
0.1761
0.1401
0.1444
0.1289
0.1371
0.1744
0.1416
0.13
0.1314
0.174
0.1451
0.1799
0.14
0.1382
0.1549
0.16
0.17
0.1389
0.1573
0.15
0.1342
0.1459
0.1361
0.15
0.115
0.105
0.1159
0.1177
0.1226
0.0937
0.13
0.1414
0.1188
0.1001
0.1297
0.13
0.1597
0.1468
0.135
0.1289
0.16
0.155
0.114
0.1199
0.14
0.1096
0.1
0.1506
0.1297
0.1351
0.145
0.1133
0.123
0.1007
0.1296
0.1344
0.1163
0.1117
0.1287
0.1116
0.1058
0.1287
0.165
0.1352
0.1524
0.1511
0.1151
0.145
0.1354
0.155
0.1551
0.15
0.1401
0.1686
0.155
0.1778
0.1346
0.1633
0.1376
0.155
0.1206
0.128
0.125
0.1113
0.1423
0.0851
0.0951
0.1134
0.115
0.1251
0.1104
0.1146
0.0851
0.11
0.1051
0.09
