807.85
808.235
808.66
809.115
809.5
809.96
810.61
811.05
811.515
812.04
812.34
812.665
812.81
812.9
812.85
812.81
812.76
812.45
812.11
811.81
811.43
810.995
810.68
810.4
810.03
809.68
809.435
809.325
809.27
809.35
809.48
809.57
809.67
809.71
809.65
809.595
809.5
809.415
809.34
809.255
809.17
809.175
809.12
808.985
808.65
808.35
808.1
807.77
807.37
807.11
806.78
806.46
806.25
806.125
806.03
806.095
806.14
806.255
806.6
806.94
807.48
807.96
808.55
809.1
809.45
809.705
809.71
809.59
809.09
808.48
807.66
806.86
806.085
805.28
804.5
803.95
803.425
803.065
802.835
802.72
802.63
802.54
802.465
802.45
802.38
802.31
802.265
802.325
802.345
802.38
802.44
802.46
802.375
802.19
801.99
801.74
801.4
800.895
800.365
800.13
800.06
800.135
800.15
800.095
800
799.965
799.885
799.86
799.91
799.995
800.095
800.19
800.29
800.435
800.525
800.565
800.61
800.715
800.72
800.69
800.665
800.61
800.535
800.37
800.305
800.27
800.26
800.15
800.07
799.94
799.84
799.81
799.72
799.7
799.62
799.59
799.49
799.43
799.14
799
798.855
798.92
799.095
799.39
799.33
798.975
799.025
799.05
799.07
799.08
799.07
799.1
799.18
799.3
799.35
799.59
799.8
801.155
800.32
800.885
801.57
802.33
807.19
807.47
803.7
804.485
805.57
807.25
808.825
810.125
810.71
811.245
811.8
812.18
812.47
812.75
812.91
812.94
812.97
812.84
812.63
812.385
812.03
811.56
810.94
810.225
809.485
808.86
808.175
807.505
807.03
806.55
806.135
805.9
805.555
805.255
804.86
804.535
804.105
803.66
803.26
802.84
802.66
802.515
802.325
802.085
801.93
801.885
801.75
801.495
801.36
801.24
801.02
800.865
800.65
800.46
800.355
800.15
800.06
800.005
799.895
799.86
799.815
799.78
799.73
799.635
799.63
799.585
799.595
799.535
799.45
799.375
799.285
799.16
798.99
798.85
798.695
798.62
798.505
798.39
798.35
798.28
798.23
798.145
798.04
798.06
798.08
798.14
798.215
798.24
798.3
798.3
798.345
798.39
798.4
798.445
798.47
798.51
798.525
798.64
798.605
798.67
798.725
798.675
798.73
798.74
798.78
798.84
798.86
798.9
798.89
798.88
798.92
798.925
798.93
798.925
798.81
798.735
798.7
798.655
798.46
798.39
798.24
798.175
797.99
797.79
797.605
797.505
797.45
797.4
797.345
797.295
797.27
797.31
797.38
797.465
797.52
797.61
797.68
797.79
797.85
797.93
797.985
798.07
798.1
798.15
798.145
797.995
797.75
797.49
797.215
796.96
796.63
796.44
796.275
796.14
796.1
796.055
795.97
795.96
795.95
795.91
795.99
796.035
796.035
796.12
796.14
796.15
796.145
796.035
795.99
795.94
795.87
795.855
795.79
795.66
795.585
795.52
795.47
795.43
795.32
795.325
795.305
795.285
795.27
795.27
795.27
795.28
795.34
795.38
795.395
795.485
795.42
795.47
795.455
795.44
795.35
795.21
795.16
795.15
795.1
795.115
795.1
795.04
795.005
794.97
794.99
794.99
795.05
795.07
795.075
795.135
795.185
795.24
795.29
795.34
795.35
795.33
795.27
795.34
795.38
795.375
795.35
795.365
795.3
795.275
795.195
795.13
795.04
794.95
794.95
794.94
794.86
794.84
794.85
794.825
794.82
794.775
794.745
794.655
794.645
794.595
794.5
794.33
794.095
793.96
793.92
793.84
793.8
793.73
793.71
793.715
793.775
793.905
794.08
794.235
794.33
794.31
794.22
794.105
793.995
793.81
793.685
793.46
793.235
792.96
792.62
792.31
791.99
791.645
791.365
791.14
790.885
790.605
790.39
790.22
790.04
789.915
789.73
789.62
789.53
789.425
789.29
789.2
789.09
789.02
788.935
788.745
788.55
788.34
788.235
788.14
787.99
787.875
787.83
787.77
787.765
787.77
787.75
787.71
787.61
787.6
787.62
787.58
787.53
787.52
787.46
787.405
787.29
787.17
787.075
786.98
786.92
786.88
786.825
786.715
786.665
786.56
786.46
786.4
786.35
786.34
786.33
786.28
786.225
786.17
786.09
785.905
785.78
785.65
785.49
785.335
785.27
785.22
785.11
785
784.83
784.69
784.63
784.535
784.425
784.33
784.23
784.095
784.015
783.92
783.83
783.77
783.69
783.55
783.39
783.13
782.93
782.75
782.51
782.37
782.22
782.06
781.93
781.735
781.595
781.55
781.475
781.4
781.37
781.34
781.29
781.27
781.29
781.175
781.17
781.045
780.94
780.83
780.62
780.42
780.29
780.09
779.855
779.62
779.36
779.06
778.79
778.52
778.185
777.84
777.5
777.19
776.77
776.46
776.275
775.905
775.665
775.445
775.28
775.115
774.9
774.785
774.715
774.57
774.41
774.165
773.92
773.66
773.41
773.2
772.93
772.67
772.45
772.275
771.97
771.735
771.52
771.26
770.925
770.635
770.4
770.26
769.94
769.735
769.59
769.375
769.21
769.03
768.815
768.63
768.435
768.26
768.04
767.895
767.76
767.58
767.41
767.32
767.27
767.12
766.98
766.795
766.59
766.455
766.27
766.11
765.99
765.92
765.81
765.66
765.465
765.27
765.04
764.9
764.755
764.625
764.42
764.195
764.04
763.83
763.635
763.5
763.27
763.08
762.79
762.57
762.33
762.075
761.865
761.72
761.49
761.325
761.17
760.93
760.67
760.39
760.22
760.125
759.935
759.805
759.65
759.5
759.295
759.17
759.115
759.07
758.96
758.93
758.83
758.695
758.555
758.41
758.25
758.135
758.07
757.97
757.76
757.525
757.31
757.08
756.9
756.675
756.5
756.36
756.21
756.04
755.86
755.56
755.33
755.04
754.74
754.505
754.22
753.915
753.57
753.315
753.065
752.785
752.585
752.32
752.04
751.755
751.53
751.35
751.13
750.795
750.55
750.045
749.75
749.42
749.04
748.705
748.39
747.995
747.61
747.175
746.76
746.4
746.06
745.64
745.275
744.905
744.605
744.21
743.86
743.7
743.44
743.11
742.915
742.64
742.4
742.235
742.01
741.815
741.415
741.06
740.83
740.565
740.29
739.92
739.755
739.46
739.215
738.875
738.67
738.4
738.155
737.905
737.69
737.52
737.37
737.21
736.96
736.76
736.49
736.22
735.89
735.575
735.28
735.11
734.845
734.63
734.34
734.105
733.865
733.64
733.42
733.235
733.07
732.87
732.67
732.42
732.13
731.87
731.52
731.475
731.19
730.865
730.53
730.16
729.615
729.14
728.66
728.2
727.88
727.63
727.32
727.085
726.795
726.595
726.405
726.08
725.84
725.665
725.48
725.27
724.96
724.585
724.265
724.04
723.85
723.62
723.395
723.12
722.875
722.59
722.255
721.96
721.82
721.85
721.72
721.55
721.35
721.06
720.845
720.58
720.175
719.8
719.395
719.01
718.585
718.08
717.62
717.07
716.62
716.265
715.82
715.45
715.2
714.91
714.505
714.19
713.945
713.67
713.465
713.275
713.105
712.945
712.81
712.575
712.38
712.61
712.77
712.7
712.27
711.925
711.44
711.35
711.63
711.79
711.93
712.06
712.23
712.305
712.39
712.48
712.585
712.67
712.695
712.69
712.625
712.45
712.37
712.22
712.045
711.88
711.775
711.715
711.71
711.725
711.77
711.845
711.86
711.85
711.895
711.92
711.91
711.855
711.835
711.905
711.915
711.995
712.045
712.09
712.085
711.97
711.99
711.96
711.98
712.02
711.965
711.975
711.98
711.975
711.96
711.97
711.98
712.01
712.07
712.06
712.09
712.095
712.07
712.05
712.06
712.005
711.985
712.005
712.065
712.025
712.02
712.04
711.955
711.93
711.95
711.92
711.93
711.925
711.925
711.855
711.88
711.945
711.97
711.94
711.955
711.96
711.88
711.865
711.91
711.91
711.87
711.8
711.785
711.8
711.725
711.72
711.645
711.615
711.535
711.625
711.54
711.545
711.52
711.59
711.63
711.665
711.68
711.72
711.755
711.76
711.805
711.795
711.865
711.86
711.91
711.955
711.98
712.04
712.1
712.13
712.12
712.17
712.17
712.16
712.15
712.16
712.205
712.26
712.29
712.315
712.385
712.46
712.51
712.535
712.55
712.575
712.665
712.75
712.865
712.98
713.1
713.215
713.38
713.555
713.67
713.815
714
714.1
714.25
714.34
714.5
714.635
714.695
714.795
714.915
715
715.02
715.145
715.3
715.39
715.49
715.56
715.665
715.73
715.825
715.85
715.94
716.01
716.085
716.14
716.18
716.225
716.23
716.155
716.21
716.19
716.23
716.22
716.21
716.28
716.24
716.24
716.2
716.17
716.165
716.15
716.13
716.12
716.03
716.01
716.065
716.07
716.035
716.02
716.02
715.97
715.88
715.87
715.88
715.84
715.83
715.725
715.63
715.67
715.57
715.58
715.59
715.58
715.59
715.57
715.625
715.64
715.69
715.67
715.67
715.71
715.73
715.75
715.87
715.935
715.975
716.035
716.11
716.12
716.15
716.18
716.2
716.23
716.265
716.33
716.43
716.59
716.68
716.73
716.805
716.86
716.95
717.08
717.16
717.23
717.31
717.4
717.515
717.59
717.63
717.72
717.71
717.79
717.87
717.93
717.93
718
718.09
718.215
718.31
718.32
718.36
718.44
718.515
718.58
718.63
718.69
718.68
718.68
718.715
718.77
718.835
718.89
718.975
719.07
719.13
719.16
719.28
719.35
719.47
719.515
719.65
719.685
719.8
719.885
719.93
720.025
720.08
720.26
720.42
720.505
720.605
720.715
720.765
720.8
720.865
720.955
721.045
721.17
721.33
721.52
721.735
721.92
722.08
722.31
722.59
722.95
723.24
723.42
723.685
723.835
723.93
724.01
724.08
724.19
724.21
724.225
724.125
724.03
723.96
723.85
723.84
723.775
723.705
723.74
723.755
723.76
723.75
723.73
723.705
723.72
723.775
723.8
723.745
723.69
723.6
723.585
723.51
723.49
723.49
723.46
723.41
723.32
723.25
723.21
723.165
723.11
723.12
723.195
723.42
723.84
724.17
724.895
725.46
726.055
726.47
726.695
726.64
726.37
725.915
725.64
725.275
724.91
724.55
724.32
724.21
724.13
724.11
724.155
724.19
724.185
724.145
723.98
723.825
723.575
723.285
722.935
722.63
722.47
722.25
722.145
722.15
722.145
722.19
722.235
722.21
722.125
722.05
721.855
721.62
721.56
721.525
721.51
721.525
721.53
721.55
721.575
721.58
721.625
721.62
721.595
721.51
721.445
721.43
721.33
721.36
721.29
721.29
721.29
721.23
721.25
721.23
721.21
721.29
721.31
721.31
721.41
721.535
721.59
721.71
721.785
721.83
721.845
721.81
721.65
721.43
721.32
721.13
720.81
720.69
720.57
720.5
720.455
720.465
720.45
720.46
720.46
720.405
720.33
720.29
720.28
720.26
720.24
720.24
720.3
720.33
720.44
720.58
720.715
720.87
720.96
721.05
721.07
720.99
720.84
720.755
720.69
720.525
720.355
720.17
719.99
719.895
719.715
719.585
719.46
719.445
719.34
719.26
719.17
719.115
719.07
719.07
719.105
719.04
719
718.9
718.83
718.8
718.72
718.66
718.59
718.465
718.27
718.155
717.96
717.91
717.825
717.695
717.55
717.355
717.18
717.09
717.02
716.94
716.81
716.645
716.38
716.1
715.95
715.725
715.63
715.4
715.28
715.205
715.21
715.17
715.195
715.185
715.17
715.225
715.255
715.36
715.39
715.515
715.57
715.625
715.695
715.77
715.785
715.84
715.78
715.7
715.545
715.365
715.11
714.9
714.69
714.42
714.07
713.795
713.495
713.09
712.665
712.275
711.83
711.42
711.045
710.775
710.475
710.15
709.85
709.615
709.365
709.035
708.7
708.435
708.18
707.975
707.78
707.58
707.47
707.33
707.24
707.085
706.97
706.89
706.865
706.86
706.875
706.83
706.84
706.81
706.775
706.74
706.675
706.61
706.545
706.415
706.295
706.15
705.93
705.685
705.565
705.33
705.11
704.86
704.655
704.44
704.225
703.955
703.66
703.32
702.97
702.58
702.245
701.93
701.51
701.07
700.605
700.29
699.95
699.54
699.06
698.605
698.14
697.76
697.36
696.815
696.44
696
695.64
695.28
694.975
694.65
694.315
693.99
693.71
693.41
693.16
692.98
692.815
692.615
692.41
692.23
692.065
691.82
691.635
691.405
691.24
691.045
690.89
690.685
690.45
690.235
690.05
689.835
689.63
689.43
689.305
689.145
688.995
688.925
688.78
688.66
688.5
688.415
688.285
688.125
687.99
687.83
687.795
687.59
687.485
687.435
687.37
687.265
687.175
687.12
687.095
686.98
686.86
686.665
686.47
686.2
685.985
685.73
685.495
685.16
684.81
684.405
684.07
683.735
683.57
683.39
683.17
682.94
682.7
682.47
682.27
682.13
682
681.88
681.7
681.44
681.32
681.16
680.97
680.825
680.655
680.51
680.42
680.205
680.05
679.865
679.755
679.565
679.325
679.28
679.09
679.01
678.93
678.9
678.71
678.57
678.49
678.24
677.95
677.65
677.29
676.965
676.57
676.255
676.08
675.895
675.62
675.395
675.22
674.97
674.73
674.56
674.38
674.13
673.92
673.64
673.375
673.18
673.04
672.93
672.745
672.52
672.29
672.18
671.98
671.93
671.84
671.66
671.575
671.5
671.39
671.24
671.15
671.035
670.89
670.81
670.8
670.71
670.58
670.48
670.345
670.25
670.13
670.015
669.89
669.76
669.585
669.36
669.17
668.92
668.73
668.565
668.43
668.27
668.145
668.06
668.025
667.88
667.75
667.61
667.46
667.41
667.345
667.305
667.22
667.075
666.91
666.75
666.535
666.31
666.115
665.955
665.82
665.7
665.565
665.43
665.28
665.12
664.975
664.85
664.695
664.59
664.45
664.31
664.16
664.07
663.95
663.805
663.725
663.655
663.63
663.57
663.49
663.4
663.28
663.11
662.99
662.83
662.675
662.515
662.34
662.18
662.04
661.915
661.795
661.62
661.45
661.22
661.085
660.86
660.61
660.39
660.25
660.08
659.78
659.54
659.35
659.23
659.015
658.795
658.585
658.42
658.22
658.07
657.91
657.74
657.615
657.44
657.34
657.14
656.99
656.87
656.72
656.57
656.46
656.38
656.36
656.295
656.13
656.07
655.97
655.885
655.895
655.775
655.5
655.515
655.53
655.545
655.51
655.59
655.585
655.545
655.58
655.61
655.625
655.62
655.515
655.44
655.43
655.43
655.505
655.52
655.635
655.8
655.95
656.09
656.245
656.405
656.535
656.69
656.85
657.01
657.265
657.43
657.625
657.865
658.125
658.33
658.58
658.74
658.855
658.935
658.97
658.98
658.94
658.755
658.72
658.62
658.585
658.54
658.42
658.315
658.105
657.885
657.77
657.7
657.695
657.69
657.695
657.65
657.725
657.77
657.75
657.81
657.955
658.07
658.235
658.32
658.45
658.57
658.74
658.85
658.915
658.99
659.01
659.035
659.105
659.19
659.24
659.305
659.31
659.25
659.19
659.11
659.065
659.045
658.99
658.99
658.97
658.97
659.05
659.105
659.19
659.19
659.21
659.23
659.27
659.35
659.37
659.37
659.425
659.45
659.45
659.42
659.44
659.425
659.39
659.365
659.29
659.26
659.15
659.02
658.95
658.885
658.71
658.46
658.36
658.15
657.955
657.75
657.6
657.38
657.2
657.04
656.91
656.77
656.73
656.76
656.75
656.7
656.655
656.585
656.54
656.61
656.605
656.55
656.415
656.24
656.055
655.91
655.765
655.685
655.54
655.36
655.17
655.045
654.805
654.595
654.49
654.39
654.26
654.24
654.15
654.08
653.93
653.89
653.77
653.725
653.67
653.66
653.69
653.69
653.7
653.67
653.59
653.575
653.59
653.5
653.425
653.38
653.245
653.13
652.985
652.815
652.665
652.485
652.345
652.26
652.14
652.04
651.88
651.68
651.475
651.28
651.11
650.925
650.725
650.6
650.49
650.32
650.22
650.1
650.07
650
649.93
649.96
649.98
649.975
649.95
649.98
649.965
649.88
649.8
649.68
649.455
649.245
648.98
648.725
648.575
648.44
648.23
647.95
647.625
647.37
647.12
646.89
646.71
646.47
646.22
646.01
645.84
645.7
645.49
645.34
645.13
644.955
644.745
644.51
644.32
644.075
643.885
643.72
643.54
643.31
642.995
642.72
642.435
642.26
642.065
641.84
641.575
641.31
641.06
640.79
640.45
640.16
639.89
639.58
639.35
639.045
638.82
638.585
638.335
638.105
637.835
637.53
637.305
636.995
636.705
636.52
636.275
636.01
635.705
635.425
635.2
635.01
634.87
634.605
634.45
634.285
634.11
633.98
633.815
633.6
633.48
633.285
633.155
632.98
632.85
632.72
632.625
632.51
632.38
632.31
632.27
632.22
632.12
632.05
631.95
631.86
631.8
631.85
631.82
631.835
631.83
631.82
631.82
631.8
631.74
631.685
631.62
631.58
631.62
631.64
631.59
631.55
631.52
631.48
631.53
631.545
631.6
631.62
631.63
631.605
631.605
631.595
631.58
631.57
631.535
631.47
631.43
631.345
631.255
631.07
630.92
630.92
630.97
631.02
631.02
630.92
630.96
631
630.99
631
630.99
631.07
631.07
631.09
631.05
631.075
631.16
631.17
631.14
631.095
631.015
630.92
630.82
630.71
630.655
630.6
630.62
630.55
630.56
630.5
630.435
630.335
630.255
630.19
630.17
630.19
630.165
630.145
630.09
630.025
629.975
629.93
629.85
629.815
629.76
629.86
629.845
629.905
629.935
629.93
629.9
629.85
629.86
629.845
629.815
629.74
629.69
629.66
629.57
629.39
629.265
629.025
628.785
628.54
628.29
628.08
627.815
627.54
627.24
626.94
626.71
626.45
626.155
625.895
625.615
625.46
625.335
625.21
625.09
625.01
624.92
624.88
624.83
624.75
624.585
624.41
624.235
624.06
623.84
623.6
623.32
623.08
622.775
622.54
622.26
622.035
621.81
621.58
621.355
621.2
621.07
620.9
620.73
620.55
620.33
620.14
619.96
619.725
619.515
619.28
619.075
618.82
618.515
618.17
617.87
617.505
617.15
616.75
616.35
615.985
615.61
615.265
614.915
614.57
614.19
613.855
613.625
613.245
612.95
612.675
612.42
612.15
611.86
611.575
611.335
611.02
610.775
610.545
610.29
610.05
609.805
609.56
609.32
609.08
608.845
608.565
608.37
608.1
607.92
607.7
607.515
607.3
607.07
606.86
606.68
606.525
606.39
606.21
606.05
605.9
605.755
605.585
605.48
605.25
605.05
604.89
604.76
604.55
604.375
604.18
604.07
603.945
603.82
603.69
603.565
603.5
603.43
603.34
603.235
603.16
603.08
603.04
602.99
602.98
602.97
602.905
602.89
602.92
602.955
602.97
603.02
603.005
603.02
603.015
603.01
603.01
602.97
602.98
603.025
603.08
603.105
603.12
603.18
603.12
603.07
603.01
602.94
602.73
602.45
602.195
601.86
601.43
601.1
600.78
600.43
600.11
599.82
599.555
599.36
599.26
599.175
599.11
598.92
598.695
598.535
598.385
598.2
598.065
597.85
597.71
597.69
597.55
597.44
597.29
597.145
597.02
596.845
596.7
596.565
596.45
596.25
596.085
595.925
595.76
595.645
595.55
595.385
595.22
595.03
594.89
594.78
594.725
594.66
594.565
594.46
594.32
594.205
594.09
594.05
593.96
593.92
593.87
593.81
593.71
593.625
593.54
593.42
593.26
593.06
592.87
592.765
592.66
592.47
592.24
591.96
591.785
591.61
591.29
591.035
590.8
590.54
590.275
590.065
589.86
589.61
589.44
589.26
589.07
588.89
588.73
588.625
588.465
588.31
588.175
588.05
587.97
587.83
587.71
587.615
587.475
587.31
587.28
587.25
587.15
587.065
586.95
586.86
586.795
586.74
586.64
586.53
586.39
586.26
586.165
586.07
585.86
585.695
585.58
585.41
585.27
585.125
585.02
584.955
584.88
584.84
584.8
584.76
584.715
584.665
584.565
584.56
584.48
584.42
584.42
584.42
584.37
584.4
584.4
584.42
584.42
584.44
584.4
584.395
584.34
584.28
584.265
584.275
584.18
584.15
584.15
584.09
583.985
583.93
583.85
583.78
583.725
583.655
583.58
583.46
583.365
583.205
582.99
582.87
582.75
582.62
582.51
582.35
582.245
582.105
581.96
581.88
581.8
581.73
581.7
581.66
581.63
581.61
581.64
581.63
581.73
581.73
581.79
581.79
581.81
581.83
581.815
581.81
581.745
581.65
581.5
581.42
581.285
581.16
581.02
580.9
580.75
580.63
580.53
580.5
580.4
580.3
580.2
580.13
580.04
579.98
579.885
579.78
579.655
579.53
579.43
579.305
579.08
578.89
578.755
578.56
578.4
578.23
578.09
578.02
577.93
577.91
577.89
577.82
577.77
577.715
577.64
577.58
577.43
577.3
577.17
576.925
576.62
576.335
576.115
575.97
575.84
575.67
575.59
575.55
575.53
575.57
575.51
575.48
575.37
575.32
575.25
575.24
575.16
575.05
574.9
574.78
574.69
574.705
574.65
574.59
574.55
574.455
574.35
574.28
574.245
574.25
574.19
574.14
574.085
574.04
573.86
573.72
573.68
573.61
573.76
573.81
573.83
573.78
573.73
573.735
573.765
573.76
573.8
573.83
573.945
574.01
574.04
574.02
574.025
574.04
574.025
573.94
573.91
573.98
573.97
573.94
573.94
574
574.09
574.185
574.23
574.3
574.375
574.42
574.55
574.63
574.67
574.81
574.875
575.005
575.11
575.17
575.19
575.175
575.28
575.34
575.335
575.47
575.48
575.465
575.475
575.47
575.56
575.595
575.6
575.63
575.625
575.78
575.9
575.91
575.92
575.995
576.05
576.1
576.09
576.15
576.25
576.31
576.335
576.31
576.41
576.47
576.5
576.525
576.55
576.59
576.67
576.69
576.685
576.69
576.75
576.78
576.8
576.85
576.85
576.815
576.86
576.99
577.085
577.135
577.18
577.225
577.29
577.37
577.38
577.37
577.38
577.34
577.3
577.29
577.28
577.22
577.2
577.075
577.09
577.08
577.035
576.93
576.84
576.76
576.76
576.71
576.69
576.645
576.62
576.535
576.45
576.4
576.365
576.26
576.31
576.28
576.19
576.15
576.08
576.045
576.09
576.13
576.09
576.06
576.035
576.01
575.98
575.96
575.915
575.9
575.84
575.78
575.76
575.74
575.75
575.7
575.7
575.64
575.57
575.54
575.535
575.495
575.43
575.38
575.305
575.23
575.17
575.115
575.08
575.02
574.95
574.87
574.79
574.72
574.58
574.455
574.345
574.17
574.15
574.055
573.895
573.75
573.6
573.44
573.295
573.08
572.93
572.8
572.66
572.55
572.43
572.38
572.33
572.3
572.225
572.13
572.05
571.97
571.955
572
572.015
571.965
571.89
571.74
571.585
571.45
571.3
571.22
571.1
570.99
570.885
570.785
570.695
570.63
570.55
570.45
570.305
570.13
569.98
569.84
569.74
569.585
569.41
569.27
569.17
569.06
568.955
568.86
568.8
568.7
568.7
568.645
568.6
568.51
568.435
568.35
568.26
568.14
568.07
567.92
567.775
567.69
567.605
567.49
567.33
567.115
566.91
566.66
566.415
566.165
565.92
565.63
565.36
565.055
564.805
564.54
564.265
564.06
563.81
563.62
563.44
563.25
562.99
562.84
562.69
562.565
562.49
562.35
562.28
562.17
562.07
561.965
561.91
561.81
561.675
561.605
561.55
561.44
561.37
561.24
561.08
560.91
560.76
560.57
560.42
560.285
560.15
559.98
559.76
559.6
559.435
559.26
559.155
559
558.91
558.77
558.66
558.6
558.5
558.335
558.24
558.165
558.025
557.92
557.735
557.58
557.385
557.18
556.965
556.8
556.61
556.4
556.195
556.03
555.87
555.7
555.64
555.55
555.39
555.28
555.25
555.185
555.02
554.895
554.77
554.73
554.595
554.45
554.31
554.23
554.17
554
553.905
553.78
553.62
553.41
553.235
553.09
552.945
552.81
552.59
552.48
552.32
552.16
551.99
551.855
551.685
551.555
551.43
551.225
551.055
550.96
550.86
550.7
550.62
550.47
550.285
550.24
550.2
550.04
549.91
549.79
549.71
549.555
549.44
549.31
549.19
549.01
548.82
548.7
548.65
548.5
548.42
548.3
548.165
547.99
547.88
547.64
547.48
547.32
547.24
547.16
547.04
546.88
546.8
546.67
546.56
546.46
546.355
546.23
546.15
546.1
545.98
545.825
545.675
545.58
545.53
545.53
545.42
545.34
545.255
545.105
544.97
544.96
544.93
544.86
544.76
544.63
544.495
544.37
544.34
544.24
544.19
544.1
544.02
543.91
543.79
543.775
543.71
543.59
543.45
543.4
543.39
543.31
543.265
543.23
543.16
543.03
542.94
542.865
542.8
542.725
542.625
542.56
542.51
542.455
542.38
542.285
542.22
542.16
542.07
542
541.87
541.725
541.65
541.56
541.41
541.24
541.075
540.89
540.71
540.4
540.215
540.03
539.79
539.55
539.31
539.1
538.875
538.605
538.4
538.25
538.08
537.93
537.745
537.55
537.44
537.28
537.12
536.955
536.79
536.605
536.325
536.09
535.81
535.53
535.195
534.96
534.68
534.455
534.17
533.95
533.75
533.51
533.335
533.09
532.94
532.71
532.61
532.44
532.22
531.99
531.83
531.69
531.53
531.405
531.135
530.99
530.76
530.58
530.465
530.26
530.145
530.05
529.9
529.78
529.51
529.31
529.13
529.05
528.905
528.79
528.6
528.43
528.29
528.125
527.95
527.69
527.51
527.265
527.02
526.81
526.575
526.4
526.14
525.885
525.67
525.385
525.14
524.93
524.635
524.4
524.17
523.93
523.67
523.47
523.28
523.045
522.91
522.71
522.57
522.365
522.145
521.88
521.66
521.4
521.16
520.89
520.68
520.46
520.13
519.835
519.585
519.365
519.11
518.81
518.58
518.355
518.135
517.94
517.71
517.52
517.38
517.21
516.98
516.78
516.585
516.46
516.26
516.07
515.87
515.685
515.475
515.28
515.08
514.89
514.65
514.365
514.04
513.84
513.585
513.355
513.15
512.93
512.73
512.51
512.295
512.09
511.88
511.69
511.515
511.33
511.13
510.955
510.76
510.6
510.42
510.18
509.95
509.81
509.58
509.37
509.135
508.9
508.645
508.445
508.21
508.02
507.835
507.66
507.515
507.32
507.12
506.99
506.83
506.67
506.465
506.29
505.96
505.79
505.62
505.465
505.295
505.13
504.985
504.8
504.63
504.48
504.3
504.14
504.02
503.905
503.76
503.59
503.46
503.29
503.17
502.965
502.79
502.605
502.455
502.22
502.05
501.84
501.67
501.44
501.3
501.1
500.97
500.78
500.62
500.44
500.29
500.1
499.91
499.72
499.53
499.39
499.16
499
498.82
498.61
498.44
498.285
498.07
497.87
497.71
497.53
497.38
497.2
496.98
496.78
496.58
496.365
496.19
496.01
495.89
495.68
495.53
495.385
495.225
495.09
494.92
494.725
494.58
494.5
494.4
494.255
494.12
494.01
493.875
493.68
493.5
493.33
493.28
493.23
493.095
492.95
492.825
492.72
492.55
492.44
492.325
492.22
492.135
492.02
491.94
491.83
491.73
491.69
491.69
491.61
491.515
491.45
491.38
491.31
491.27
491.175
491.155
491.15
491.12
491.06
491.06
491
490.93
490.9
490.87
490.745
490.725
490.61
490.51
490.41
490.35
490.27
490.18
490.11
490.035
489.93
489.87
489.87
489.86
489.78
489.76
489.78
489.76
489.72
489.72
489.68
489.615
489.53
489.485
489.47
489.45
489.36
489.3
489.23
489.17
489.135
489.105
489
488.925
488.89
488.87
488.87
488.83
488.83
488.81
488.81
488.79
488.75
488.75
488.715
488.68
488.65
488.575
488.51
488.5
488.48
488.42
488.34
488.305
488.3
488.275
488.26
488.23
488.27
488.235
488.19
488.18
488.105
488.03
488.02
487.94
487.94
487.895
487.84
487.775
487.7
487.63
487.6
487.56
487.53
487.46
487.495
487.43
487.38
487.41
487.38
487.37
487.31
487.305
487.39
487.43
487.41
487.43
487.39
487.38
487.46
487.51
487.56
487.6
487.59
487.62
487.71
487.78
487.815
487.84
487.895
487.98
488
488.075
488.11
488.15
488.19
488.25
488.27
488.305
488.34
488.44
488.55
488.61
488.68
488.73
488.73
488.81
488.84
488.9
488.95
489.05
489.135
489.155
489.23
489.3
489.38
489.41
489.465
489.5
489.56
489.655
489.7
489.78
489.85
489.92
489.98
490.06
490.09
490.205
490.3
490.35
490.38
490.49
490.51
490.61
490.73
490.81
490.92
490.985
491.1
491.17
491.26
491.375
491.47
491.575
491.7
491.72
491.835
491.995
492.13
492.215
492.35
492.46
492.53
492.63
492.73
492.865
492.955
493.06
493.235
493.42
493.45
493.59
493.66
493.76
493.81
493.94
494
494.12
494.18
494.3
494.515
494.55
494.61
494.725
494.83
494.95
495.06
495.18
495.295
495.39
495.48
495.56
495.69
495.86
496
496.03
496.13
496.29
496.45
496.56
496.64
496.72
496.85
496.93
497.1
497.195
497.325
497.4
497.46
497.53
497.705
497.87
497.965
498.065
498.19
498.26
498.425
498.54
498.7
498.79
498.88
498.985
499.05
499.17
499.27
499.42
499.59
499.71
499.82
499.92
500.03
500.205
500.33
500.43
500.525
500.59
500.66
500.835
500.97
501.055
501.18
501.29
501.42
501.55
501.62
501.765
501.88
502
502.1
502.195
502.32
502.47
502.55
502.65
502.8
502.95
503.1
503.22
503.395
503.54
503.64
503.725
503.87
504.005
504.085
504.19
504.345
504.5
504.61
504.78
504.93
505.08
505.16
505.22
505.34
505.55
505.655
505.73
505.855
505.965
506.13
506.315
506.45
506.56
506.68
506.805
506.96
507.1
507.28
507.45
507.59
507.73
507.86
507.97
508.1
508.28
508.47
508.63
508.75
508.905
509.07
509.19
509.37
509.53
509.7
509.81
509.955
510.1
510.27
510.435
510.57
510.72
510.91
511.12
511.26
511.41
511.58
511.8
511.88
512.04
512.18
512.35
512.48
512.63
512.76
512.87
513.07
513.19
513.36
513.545
513.66
513.8
514.01
514.12
514.31
514.5
514.65
514.79
514.97
515.16
515.36
515.495
515.63
515.78
515.935
516.09
516.3
516.49
516.715
516.85
517.06
517.22
517.31
517.47
517.63
517.76
517.97
518.12
518.285
518.465
518.645
518.87
519.035
519.21
519.32
519.48
519.66
519.82
520.02
520.17
520.37
520.51
520.62
520.81
520.955
521.13
521.29
521.465
521.625
521.82
521.98
522.12
522.26
522.4
522.535
522.65
522.74
522.895
523.03
523.185
523.29
523.48
523.63
523.72
523.84
523.985
524.12
524.29
524.44
524.59
524.71
524.84
524.95
525.09
525.2
525.4
525.52
525.65
525.74
525.85
526.055
526.165
526.31
526.425
526.54
526.63
526.735
526.84
526.98
527.1
527.225
527.34
527.44
527.57
527.63
527.7
527.76
527.94
528.07
528.165
528.28
528.47
528.575
528.7
528.81
528.895
529.01
529.09
529.215
529.36
529.55
529.65
529.735
529.87
530.01
530.125
530.24
530.34
530.42
530.51
530.58
530.63
530.735
530.88
530.97
531.045
531.065
531.08
531.22
531.3
531.33
531.435
531.5
531.57
531.66
531.75
531.8
531.9
531.96
532.06
532.11
532.21
532.28
532.325
532.385
532.42
532.5
532.56
532.625
532.665
532.72
532.78
532.82
532.86
532.91
532.97
533.06
533.11
533.13
533.21
533.27
533.31
533.35
533.35
533.36
533.45
533.45
533.49
533.45
533.47
533.49
533.51
533.56
533.53
533.565
533.59
533.605
533.61
533.64
533.695
533.74
533.82
533.79
533.78
533.81
533.89
533.91
534
534.05
534.1
534.24
534.33
534.33
534.41
534.5
534.56
534.595
534.71
534.67
534.74
534.805
534.87
534.88
534.89
534.94
535.02
535.055
535.12
535.17
535.235
535.27
535.4
535.47
535.51
535.58
535.68
535.72
535.84
535.91
535.96
536.08
536.11
536.2
536.27
536.32
536.42
536.505
536.54
536.57
536.63
536.7
536.785
536.82
536.9
537.01
537.1
537.12
537.14
537.17
537.28
537.365
537.42
537.47
537.545
537.585
537.67
537.75
537.83
537.935
538.085
538.19
538.27
538.34
538.465
538.525
538.58
538.66
538.68
538.76
538.81
538.83
538.905
538.97
539.02
539.08
539.11
539.1
539.1
539.16
539.16
539.24
539.28
539.31
539.415
539.48
539.525
539.6
539.65
539.72
539.83
539.9
539.96
539.98
540.085
540.17
540.27
540.31
540.395
540.535
540.61
540.72
540.86
540.86
540.96
541.06
541.16
541.225
541.28
541.38
541.475
541.56
541.61
541.66
541.78
541.87
541.93
541.99
542.09
542.245
542.35
542.44
542.54
542.635
542.695
542.82
542.9
543.005
543.11
543.215
543.33
543.42
543.52
543.63
543.71
543.77
543.92
544.02
544.165
544.295
544.42
544.53
544.63
544.72
544.81
544.935
545.1
545.25
545.36
545.49
545.61
545.71
545.79
545.88
545.99
546.14
546.32
546.44
546.53
546.68
546.84
546.96
547.115
547.21
547.41
547.65
547.77
547.905
547.99
548.115
548.28
548.42
548.58
548.74
548.88
549.01
549.14
549.225
549.26
549.36
549.42
549.435
549.49
549.53
549.575
549.61
549.695
549.77
549.82
549.89
549.96
550.02
550.13
550.21
550.28
550.32
550.42
550.48
550.54
550.62
550.655
550.675
550.79
550.84
550.9
550.91
551.05
551.08
551.09
551.22
551.245
551.29
551.32
551.4
551.47
551.53
551.6
551.64
551.64
551.685
551.73
551.85
551.95
552.01
552.055
552.16
552.23
552.265
552.3
552.335
552.4
552.44
552.5
552.54
552.62
552.63
552.67
552.72
552.77
552.85
552.91
552.99
553.03
553.03
553.04
553.09
553.14
553.225
553.25
553.27
553.29
553.35
553.355
553.39
553.47
553.51
553.57
553.575
553.64
553.66
553.695
553.72
553.765
553.82
553.87
553.89
553.91
553.96
554.02
554.08
554.07
554.12
554.135
554.2
554.28
554.26
554.26
554.315
554.41
554.47
554.495
554.585
554.63
554.64
554.66
554.67
554.7
554.77
554.87
554.95
554.97
555.01
555.07
555.11
555.15
555.15
555.24
555.335
555.365
555.4
555.4
555.44
555.46
555.555
555.555
555.61
555.615
555.76
555.785
555.86
555.915
555.92
555.935
556.03
556.11
556.11
556.19
556.24
556.22
556.25
556.27
556.32
556.43
556.51
556.51
556.555
556.55
556.62
556.68
556.72
556.76
556.77
556.79
556.8
556.82
556.81
556.835
556.84
556.84
556.85
556.83
556.77
556.75
556.67
556.67
556.67
556.6
556.52
556.445
556.395
556.34
556.305
556.26
556.18
556.14
556.05
556.04
555.97
555.9
555.84
555.805
555.765
555.73
555.64
555.585
555.51
555.44
555.35
555.31
555.19
555.12
555.07
555.045
554.97
554.91
554.87
554.805
554.805
554.79
554.73
554.73
554.71
554.66
554.65
554.64
554.63
554.63
554.58
554.54
554.5
554.47
554.405
554.37
554.31
554.28
554.22
554.165
554.12
554.08
554
553.91
553.915
553.86
553.77
553.8
553.72
553.61
553.59
553.57
553.51
553.425
553.33
553.3
553.25
553.21
553.17
553.11
553.055
553.04
552.99
552.95
552.96
552.92
552.86
552.81
552.77
552.75
552.72
552.685
552.65
552.62
552.5
552.46
552.395
552.32
552.295
552.22
552.14
552.06
551.995
552
551.91
551.81
551.77
551.735
551.625
551.57
551.57
551.53
551.45
551.35
551.31
551.23
551.135
551.12
551.07
551.02
550.94
550.845
550.78
550.74
550.635
550.54
550.46
550.4
550.33
550.215
550.21
550.13
550.075
550.02
549.94
549.9
549.86
549.81
549.71
549.71
549.71
549.65
549.57
549.51
549.47
549.43
549.325
549.28
549.255
549.2
549.14
549.12
549.085
549.06
549.04
548.955
548.87
548.82
548.675
548.705
548.695
548.63
548.575
548.48
548.4
548.335
548.315
548.22
548.2
548.18
548.135
548.11
548.02
548.01
548.04
548.03
547.995
547.965
547.94
547.91
547.86
547.82
547.78
547.78
547.67
547.71
547.7
547.675
547.6
547.56
547.5
547.48
547.445
547.38
547.37
547.31
547.21
547.14
547.11
547.09
547.035
546.96
546.89
546.865
546.83
546.79
546.73
546.67
546.61
546.61
546.575
546.56
546.52
546.52
546.51
546.51
546.47
546.44
546.455
546.505
546.52
546.48
546.45
546.41
546.35
546.37
546.405
546.41
546.35
546.31
546.29
546.19
546.08
546.01
545.95
545.93
545.92
545.84
545.74
545.68
545.62
545.66
545.7
545.7
545.68
545.68
545.68
545.66
545.6
545.68
545.715
545.76
545.76
545.76
545.76
545.75
545.78
545.74
545.68
545.68
545.68
545.68
545.575
545.455
545.44
545.42
545.4
545.36
545.34
545.36
545.34
545.3
545.38
545.44
545.44
545.48
545.47
545.56
545.6
545.6
545.62
545.74
545.78
545.785
545.905
545.9
545.985
546.03
546.055
546.06
546.14
546.18
546.245
546.3
546.375
546.43
546.51
546.58
546.63
546.64
546.67
546.67
546.69
546.79
546.9
546.89
547.02
547.05
547.115
547.18
547.285
547.285
547.28
547.325
547.38
547.445
547.46
547.54
547.535
547.57
547.62
547.61
547.63
547.63
547.615
547.71
547.83
547.805
547.885
547.93
548.07
548.13
548.14
548.17
548.275
548.32
548.29
548.34
548.31
548.36
548.465
548.52
548.58
548.535
548.62
548.705
548.755
548.8
548.83
548.83
548.89
548.9
548.91
548.97
548.96
548.975
549.04
549.06
548.995
548.98
548.98
548.97
548.985
549
548.98
548.97
548.925
548.99
549
549.06
549.12
549.06
549.095
549.16
549.19
549.19
549.25
549.27
549.3
549.3
549.36
549.4
549.46
549.455
549.44
549.405
549.46
549.49
549.56
549.64
549.655
549.69
549.73
549.76
549.71
549.77
549.84
549.88
549.94
549.97
549.97
550.03
550.03
550.03
550.03
550.1
550.23
550.29
550.35
550.43
550.47
550.55
550.59
550.7
550.7
550.74
550.745
550.77
550.81
550.81
550.81
550.8
550.76
550.78
550.705
550.59
550.59
550.57
550.52
550.475
550.43
550.43
550.415
550.42
550.37
550.415
550.37
550.395
550.42
550.46
550.43
550.45
550.49
550.485
550.51
550.53
550.535
550.59
550.59
550.59
550.55
550.53
550.45
550.37
550.275
550.21
550.13
550.03
549.99
549.96
549.88
549.885
549.88
549.86
549.88
549.84
549.835
549.82
549.89
549.97
550
549.96
549.97
549.99
550.03
550.045
550.09
550.045
550.07
550.105
550.145
550.14
550.14
550.11
550.25
550.2
550.29
550.315
550.35
550.38
550.405
550.39
550.4
550.44
550.47
550.49
550.49
550.6
550.6
550.625
550.675
550.69
550.69
550.73
550.79
550.855
550.9
550.96
551.02
551.025
551.145
551.17
551.2
551.27
551.34
551.37
551.4
551.44
551.46
551.55
551.57
551.63
551.675
551.75
551.82
551.86
551.92
551.98
552.03
552.12
552.155
552.18
552.26
552.335
552.41
552.47
552.51
552.59
552.6
552.63
552.73
552.75
552.81
552.87
552.91
552.99
553.04
553.05
553.12
553.19
553.27
553.35
553.38
553.42
553.46
553.52
553.605
553.67
553.7
553.745
553.765
553.8
553.88
553.9
553.94
553.975
553.98
553.98
554.04
554.065
554.085
554.095
554.11
554.13
554.13
554.15
554.18
554.245
554.26
554.24
554.32
554.35
554.375
554.32
554.36
554.43
554.49
554.53
554.59
554.65
554.65
554.66
554.69
554.75
554.79
554.81
554.85
554.89
554.93
555.01
555.04
555.07
555.1
555.12
555.14
555.13
555.16
555.2
555.22
555.24
555.22
555.225
555.22
555.22
555.31
555.37
555.365
555.4
555.52
555.55
555.56
555.67
555.78
555.825
555.96
556.06
556.165
556.34
556.405
556.53
556.68
556.83
556.97
557.15
557.36
557.52
557.68
557.92
558.1
558.35
558.525
558.73
558.97
559.2
559.445
559.705
560.005
560.27
560.515
560.795
561.095
561.4
561.655
561.95
562.215
562.46
562.69
562.91
563.175
563.45
563.66
563.895
564.135
564.45
564.7
564.97
565.28
565.515
565.84
566.15
566.44
566.715
566.98
567.285
567.61
567.96
568.295
568.59
568.915
569.23
569.59
569.89
570.18
570.425
570.715
570.94
571.13
571.275
571.49
571.68
571.905
572.18
572.395
572.585
572.81
573.075
573.315
573.58
573.82
574.16
574.44
574.7
574.96
575.11
575.44
575.67
575.99
576.25
576.51
576.74
576.965
577.175
577.39
577.62
577.86
578.155
578.435
578.675
578.95
579.19
579.47
579.765
579.98
580.205
580.45
580.71
580.845
581.09
581.34
581.55
581.8
581.99
582.195
582.45
582.53
582.755
583.05
583.26
583.56
583.72
583.925
584.105
584.34
584.53
584.78
585.015
585.23
585.52
585.7
585.925
586.15
586.395
586.635
586.84
587.04
587.295
587.52
587.69
587.92
588.19
588.4
588.59
588.79
588.995
589.2
589.36
589.56
589.765
589.92
590.08
590.25
590.39
590.52
590.71
590.865
591.06
591.25
591.42
591.645
591.87
592.06
592.275
592.55
592.8
593.03
593.23
593.4
593.57
593.73
593.94
594.11
594.26
594.35
594.5
594.68
594.855
594.945
595.06
595.24
595.335
595.48
595.57
595.75
595.905
596.02
596.09
596.15
596.32
596.43
596.53
596.65
596.76
596.87
597.02
597.18
597.18
597.26
597.375
597.46
597.57
597.66
597.73
597.8
597.87
597.95
598.05
598.11
598.19
598.28
598.35
598.43
598.52
598.63
598.715
598.8
598.86
598.96
599
599.11
599.2
599.26
599.275
599.41
599.47
599.54
599.535
599.625
599.7
599.75
599.79
599.85
599.91
599.93
600.01
600.06
600.14
600.2
600.275
600.38
600.42
600.48
600.555
600.62
600.69
600.765
600.86
600.94
600.98
601.035
601.11
601.17
601.25
601.27
601.35
601.5
601.625
601.74
601.78
601.855
601.93
602.005
602.08
602.16
602.285
602.37
602.43
602.53
602.6
602.63
602.69
602.8
602.85
602.9
603
603.02
603.1
603.24
603.28
603.34
603.41
603.445
603.5
603.59
603.67
603.74
603.775
603.87
603.93
604
604.115
604.215
604.235
604.335
604.4
604.47
604.485
604.61
604.7
604.8
604.895
604.97
605.085
605.16
605.23
605.29
605.445
605.48
605.565
605.64
605.7
605.78
605.835
605.89
605.93
605.98
606.01
606.1
606.205
606.32
606.39
606.5
606.565
606.65
606.74
606.81
606.855
606.9
607.005
607.1
607.155
607.255
607.4
607.49
607.65
607.76
607.845
607.97
608.095
608.26
608.41
608.515
608.68
608.82
608.93
609.035
609.15
609.24
609.29
609.41
609.44
609.555
609.61
609.685
609.73
609.75
609.85
610.02
610.2
610.31
610.385
610.52
610.71
610.78
610.92
611.11
611.27
611.445
611.57
611.755
611.945
612.09
612.25
612.43
612.54
612.665
612.855
613.06
613.215
613.375
613.55
613.645
613.765
613.955
614.12
614.29
614.45
614.615
614.77
614.985
615.14
615.29
615.4
615.595
615.775
615.915
616.1
616.165
616.35
616.52
616.67
616.815
616.965
617.14
617.31
617.49
617.64
617.75
617.95
618.17
618.33
618.52
618.72
618.87
619.02
619.195
619.345
619.48
619.64
619.8
619.9
620.09
620.305
620.5
620.64
620.74
620.85
621.03
621.22
621.34
621.495
621.65
621.775
621.895
622.12
622.3
622.385
622.59
622.705
622.84
622.975
623.09
623.26
623.4
623.57
623.73
623.85
624.005
624.18
624.38
624.53
624.655
624.82
624.96
625.15
625.38
625.505
625.66
625.805
625.96
626.16
626.345
626.49
626.625
626.77
626.86
627.04
627.205
627.335
627.5
627.6
627.755
627.99
628.06
628.275
628.45
628.605
628.77
628.9
629.15
629.29
629.44
629.585
629.745
629.9
630.035
630.18
630.36
630.5
630.61
630.775
630.88
631.055
631.23
631.43
631.55
631.645
631.78
631.945
632.15
632.31
632.45
632.6
632.73
632.91
633.005
633.11
633.3
633.455
633.57
633.69
633.88
634.05
634.21
634.35
634.48
634.56
634.72
634.94
635.11
635.215
635.38
635.54
635.66
635.78
635.83
635.905
635.91
635.93
635.955
635.91
635.91
635.915
635.9
635.92
635.915
635.86
635.86
635.86
635.88
635.86
635.88
635.92
635.95
635.93
635.965
636.02
636.05
636.06
636.125
636.15
636.2
636.2
636.27
636.32
636.35
636.41
636.41
636.51
636.55
636.605
636.65
636.69
636.7
636.74
636.695
636.71
636.73
636.75
636.7
636.71
636.71
636.71
636.74
636.77
636.76
636.73
636.77
636.88
636.89
636.895
636.94
636.97
637.075
637.15
637.2
637.235
637.26
637.305
637.355
637.38
637.36
637.4
637.365
637.34
637.32
637.32
637.37
637.33
637.34
637.4
637.41
637.42
637.38
637.4
637.44
637.44
637.495
637.52
637.55
637.61
637.61
637.66
637.76
637.84
637.82
637.86
637.95
638.05
638.15
638.25
638.305
638.4
638.56
638.66
638.8
638.965
639.185
639.37
639.48
639.64
639.715
639.77
639.875
639.9
639.96
639.98
639.97
639.97
639.995
640.04
640.085
640.175
640.24
640.34
640.385
640.48
640.61
640.655
640.71
640.765
640.85
640.895
640.915
641.01
641.08
641.13
641.19
641.295
641.36
641.455
641.56
641.65
641.76
641.88
641.99
642.07
642.18
642.25
642.305
642.36
642.41
642.45
642.51
642.55
642.605
642.66
642.73
642.74
642.79
642.85
642.93
642.995
643.09
643.215
643.315
643.34
643.445
643.5
643.6
643.72
643.83
643.94
644.1
644.2
644.34
644.485
644.605
644.69
644.725
644.8
644.88
644.905
644.94
644.97
644.94
644.935
644.9
644.955
644.95
644.99
645.01
644.985
644.96
644.935
644.9
644.91
644.94
644.925
644.92
644.965
645.01
644.98
644.99
645.03
645.045
645.055
645.13
645.19
645.26
645.34
645.36
645.38
645.43
645.53
645.59
645.615
645.695
645.765
645.765
645.81
645.875
645.95
645.915
645.99
646.05
646.03
646.07
646.07
646.14
646.21
646.29
646.3
646.4
646.455
646.49
646.51
646.57
646.695
646.76
646.8
646.84
646.945
646.97
647.065
647.11
647.22
647.29
647.33
647.37
647.4
647.545
647.56
647.635
647.64
647.71
647.69
647.76
647.81
647.82
647.87
647.86
647.9
648.025
648.11
648.14
648.2
648.225
648.29
648.35
648.385
648.455
648.48
648.55
648.64
648.635
648.715
648.745
648.79
648.805
648.815
648.915
648.935
649.01
649.055
649.125
649.2
649.225
649.24
649.37
649.46
649.46
649.53
649.55
649.59
649.66
649.735
649.86
649.965
650.04
650.15
650.29
650.4
650.53
650.605
650.71
650.85
650.99
651.14
651.26
651.41
651.515
651.65
651.87
651.975
652.165
652.38
652.56
652.7
652.875
653.085
653.23
653.415
653.605
653.83
654.005
654.18
654.425
654.56
654.77
654.935
655.14
655.295
655.425
655.625
655.79
655.995
656.195
656.365
656.57
656.75
656.97
657.28
657.54
657.775
657.995
658.2
658.54
658.785
659.015
659.29
659.57
659.81
660.01
660.285
660.51
660.76
661.07
661.315
661.55
661.85
661.99
662.235
662.435
662.68
662.935
663.135
663.28
663.535
663.81
664.025
664.27
664.49
664.75
664.965
665.225
665.5
665.74
665.975
666.26
666.525
666.83
667.07
667.27
667.565
667.83
668.055
668.27
668.47
668.705
668.92
669.19
669.51
669.76
669.95
670.2
670.495
670.725
671
671.31
671.54
671.78
672.025
672.31
672.62
672.87
673.12
673.35
673.6
673.83
674.115
674.37
674.67
674.88
675.09
675.35
675.58
675.81
676.075
676.34
676.565
676.86
677.1
677.385
677.62
677.87
678.16
678.415
678.665
678.96
679.265
679.505
679.77
680.01
680.24
680.465
680.715
680.91
681.09
681.27
681.33
681.45
681.585
681.66
681.78
681.95
682.08
682.285
682.42
682.54
682.7
682.875
682.99
683.125
683.24
683.4
683.55
683.655
683.74
683.905
684.055
684.115
684.15
684.25
684.325
684.38
684.495
684.545
684.57
684.51
684.52
684.52
684.58
684.56
684.58
684.61
684.64
684.64
684.7
684.74
684.77
684.82
684.8
684.885
684.86
684.93
684.96
684.985
685.01
685.065
685.08
685.065
685.04
685.01
685.01
684.97
684.865
684.76
684.595
684.42
684.295
684.13
683.96
683.79
683.62
683.475
683.305
683.16
683.025
682.915
682.8
682.62
682.54
682.365
682.17
681.975
681.835
681.705
681.565
681.38
681.19
681.03
680.81
680.575
680.335
680.22
680.1
679.89
679.725
679.635
679.37
679.23
679.095
678.97
678.825
678.695
678.64
678.53
678.38
678.32
678.215
678.08
677.875
677.68
677.58
677.345
677.115
676.935
676.775
676.5
676.25
676.125
675.89
675.66
675.545
675.34
675.16
675.015
674.92
674.68
674.44
674.285
674.075
673.81
673.515
673.25
673.015
672.72
672.565
672.42
672.23
672.1
671.96
671.855
671.87
671.85
671.8
671.66
671.66
671.57
671.455
671.385
671.295
671.19
671.125
671.12
671.14
671.18
671.17
671.19
671.23
671.32
671.405
671.45
671.54
671.58
671.62
671.6
671.6
671.595
671.52
671.46
671.4
671.29
671.27
671.18
671.11
671.04
670.98
670.93
670.89
670.76
670.685
670.65
670.55
670.47
670.43
670.37
670.28
670.17
670.13
670.055
669.92
669.825
669.8
669.815
669.72
669.695
669.64
669.635
669.59
669.55
669.63
669.58
669.62
669.685
669.75
669.81
669.85
669.885
669.92
669.925
669.945
669.96
669.94
669.825
669.78
669.72
669.63
669.595
669.49
669.39
669.27
669.165
669.1
668.995
668.94
668.85
668.775
668.74
668.745
668.66
668.68
668.7
668.69
668.71
668.68
668.7
668.68
668.695
668.6
668.605
668.66
668.66
668.66
668.7
668.645
668.58
668.565
668.58
668.64
668.585
668.565
668.62
668.635
668.63
668.58
668.56
668.6
668.61
668.54
668.56
668.61
668.61
668.585
668.535
668.5
668.54
668.54
668.52
668.51
668.48
668.45
668.44
668.385
668.4
668.33
668.33
668.315
668.265
668.26
668.215
668.21
668.13
668.13
668.155
668.16
668.13
668.06
668.055
668.08
668.05
667.98
667.95
667.945
667.915
667.84
667.83
667.89
667.8
667.79
667.73
667.695
667.675
667.655
667.615
667.6
667.625
667.63
667.605
667.645
667.65
667.72
667.8
667.86
667.91
667.98
668.065
668.15
668.15
668.275
668.37
668.46
668.62
668.67
668.775
668.86
669.01
669.1
669.165
669.26
669.335
669.355
669.4
669.465
669.495
669.525
669.465
669.52
669.52
669.545
669.545
669.56
669.63
669.68
669.75
669.85
669.88
670.03
670.16
670.32
670.425
670.49
670.535
670.55
670.59
670.635
670.66
670.68
670.685
670.77
670.78
670.79
670.88
670.95
671.025
671.09
671.17
671.29
671.355
671.43
671.495
671.55
671.64
671.68
671.68
671.67
671.76
671.755
671.72
671.77
671.84
671.855
671.86
671.91
671.97
672.015
672.095
672.155
672.255
672.31
672.36
672.385
672.39
672.445
672.41
672.42
672.4
672.4
672.36
672.32
672.195
672.13
672.115
671.97
671.88
671.85
671.76
671.8
671.73
671.7
671.74
671.675
671.625
671.67
671.73
671.785
671.86
671.88
671.97
671.99
672.075
672.16
672.235
672.255
672.285
672.36
672.42
672.42
672.385
672.45
672.465
672.5
672.51
672.495
672.495
672.47
672.54
672.57
672.595
672.62
672.645
672.675
672.65
672.705
672.7
672.78
672.76
672.675
672.72
672.635
672.66
672.7
672.625
672.7
672.725
672.68
672.665
672.7
672.615
672.62
672.7
672.68
672.705
672.68
672.75
672.735
672.775
672.84
672.86
672.915
673
673.06
673.14
673.16
673.23
673.33
673.37
673.44
673.43
673.5
673.58
673.65
673.76
673.81
673.905
673.99
674.085
674.14
674.235
674.32
674.425
674.54
674.58
674.64
674.645
674.745
674.83
674.87
674.88
674.95
674.945
674.99
675.05
675.07
675.13
675.17
675.265
675.285
675.28
675.39
675.46
675.505
675.57
675.57
675.53
675.615
675.64
675.68
675.8
675.8
675.88
676.035
676.155
676.31
676.39
676.465
676.535
676.65
676.78
676.83
676.865
676.92
676.97
677.04
677.085
677.14
677.21
677.29
677.3
677.425
677.48
677.57
677.68
677.79
677.875
677.96
678.11
678.19
678.31
678.38
678.41
678.48
678.61
678.72
678.81
678.945
679.06
679.12
679.26
679.44
679.47
679.535
679.67
679.755
679.815
679.96
680
680.1
680.16
680.255
680.425
680.515
680.58
680.69
680.795
680.89
681.05
681.165
681.24
681.33
681.44
681.525
681.605
681.72
681.81
681.88
681.98
682.04
682.16
682.29
682.37
682.475
682.64
682.715
682.84
682.96
683.04
683.115
683.28
683.4
683.52
683.62
683.72
683.83
683.93
684.04
684.15
684.155
684.29
684.355
684.47
684.47
684.49
684.535
684.63
684.665
684.72
684.69
684.72
684.77
684.825
684.87
684.86
684.89
684.93
685.05
685.12
685.17
685.27
685.275
685.39
685.48
685.525
685.67
685.765
685.84
686.005
686.12
686.22
686.35
686.48
686.655
686.805
686.955
687.075
687.245
687.425
687.57
687.67
687.805
688.02
688.15
688.295
688.49
688.65
688.775
688.9
688.97
689.075
689.15
689.22
689.23
689.17
689.18
689.14
689.095
689
688.96
688.885
688.775
688.76
688.71
688.65
688.72
688.77
688.865
688.93
689.065
689.235
689.395
689.59
689.7
689.875
689.96
690.045
690.1
690.175
690.175
690.18
690.185
690.145
690.105
690.09
690.155
690.22
690.27
690.31
690.34
690.43
690.54
690.65
690.74
690.74
690.92
690.995
691.03
691.105
691.18
691.19
691.26
691.3
691.285
691.22
691.13
691.1
691.16
691.115
691.085
691.095
691.145
691.17
691.2
691.34
691.415
691.48
691.51
691.64
691.82
691.95
692.1
692.29
692.435
692.57
692.67
692.815
692.94
693.075
693.145
693.305
693.44
693.51
693.555
693.61
693.685
693.74
693.78
693.845
693.89
693.93
693.925
693.93
693.96
694.02
694.08
694.1
694.155
694.245
694.335
694.49
694.615
694.705
694.83
694.915
695.06
695.195
695.335
695.435
695.54
695.62
695.72
695.79
695.89
696.01
696.18
696.29
696.355
696.48
696.53
696.65
696.835
696.94
697.07
697.21
697.37
697.495
697.645
697.74
697.84
698.08
698.17
698.295
698.49
698.68
698.8
698.95
699.14
699.26
699.46
699.645
699.805
699.985
700.23
700.38
700.565
700.74
700.905
701.08
701.25
701.415
701.59
701.72
701.84
701.99
702.05
702.18
702.315
702.36
702.57
702.75
702.83
702.95
703.17
703.275
703.39
703.53
703.655
703.815
703.975
704.08
704.18
704.3
704.54
704.69
704.915
705.1
705.24
705.365
705.58
705.82
706.05
706.2
706.44
706.58
706.77
707.04
707.295
707.555
707.71
707.925
708.19
708.38
708.57
708.76
708.985
709.17
709.43
709.64
709.8
709.99
710.19
710.27
710.39
710.49
710.595
710.75
710.88
711.02
711.19
711.18
711.25
711.445
711.62
711.685
711.795
711.91
712.06
712.21
712.38
712.55
712.67
712.86
713.05
713.09
713.2
713.33
713.515
713.645
713.87
713.99
714.155
714.355
714.55
714.7
714.87
714.965
715.24
715.455
715.655
715.875
716.055
716.225
716.37
716.575
716.795
716.985
717.235
717.435
717.68
717.88
718.025
718.29
718.44
718.58
718.71
718.83
719
719.2
719.29
719.455
719.59
719.67
719.76
719.905
719.985
720.04
720.16
720.23
720.355
720.38
720.395
720.395
720.42
720.5
720.54
720.69
720.77
720.76
720.765
720.83
720.84
720.81
720.77
720.77
720.75
720.765
720.81
720.87
720.885
720.9
720.93
721.08
721.175
721.255
721.29
721.38
721.525
721.6
721.59
721.68
721.7
721.78
721.87
721.97
722.07
722.15
722.19
722.215
722.26
722.29
722.345
722.37
722.345
722.36
722.28
722.12
722.01
721.82
721.75
721.575
721.455
721.42
721.265
721.19
721.08
721.02
720.955
720.915
720.89
720.88
720.865
720.83
720.795
720.775
720.72
720.71
720.635
720.645
720.6
720.58
720.58
720.56
720.59
720.54
720.515
720.44
720.41
720.33
720.15
719.935
719.8
719.56
719.42
719.19
718.97
718.88
718.68
718.505
718.4
718.32
718.2
718.13
718.015
717.95
717.955
717.895
717.87
717.85
717.87
717.89
717.975
718.005
718.02
717.955
717.89
717.885
717.86
717.855
717.78
717.735
717.785
717.7
717.695
717.6
717.52
717.41
717.31
717.25
717.165
717.045
716.98
716.96
716.895
716.85
716.77
716.695
716.605
716.545
716.53
716.54
716.5
716.48
716.39
716.36
716.295
716.185
716.08
716
715.885
715.83
715.75
715.69
715.565
715.5
715.4
715.27
715.21
715.16
715.11
715.05
715.02
714.99
714.94
714.95
714.94
714.92
714.905
714.9
714.85
714.75
714.65
714.565
714.49
714.4
714.295
714.21
714.08
713.985
713.885
713.67
713.615
713.59
713.41
713.285
713.21
713.09
713.105
713.005
712.885
712.815
712.69
712.56
712.5
712.395
712.34
712.22
712.12
711.95
711.83
711.63
711.44
711.36
711.295
711.22
711.12
711.02
710.99
710.91
710.895
710.93
710.98
710.97
711.075
711.14
711.15
711.155
711.22
711.3
711.325
711.31
711.33
711.43
711.455
711.475
711.41
711.44
711.315
711.24
711.16
711.04
710.9
710.84
710.73
710.665
710.575
710.47
710.43
710.4
710.37
710.355
710.36
710.35
710.33
710.29
710.29
710.31
710.24
710.34
710.295
710.255
710.23
710.24
710.2
710.13
710.12
710.095
710.045
709.995
709.945
709.85
709.8
709.745
709.65
709.595
709.525
709.53
709.54
709.57
709.55
709.565
709.52
709.475
709.515
709.5
709.475
709.475
709.395
709.37
709.36
709.31
709.315
709.305
709.29
709.21
709.225
709.22
709.185
709.16
709.09
709.11
709.11
709.06
709
708.995
709.005
708.925
708.945
708.98
708.97
708.995
708.91
708.875
708.985
709.03
709.03
709.07
709.03
708.94
708.92
708.99
708.955
708.95
708.99
708.965
708.94
708.945
709.05
709.11
709.15
709.22
709.3
709.32
709.34
709.435
709.49
709.55
709.595
709.64
709.65
709.77
709.815
709.96
710.085
710.18
710.33
710.35
710.44
710.54
710.69
710.78
710.85
710.97
711.01
711.02
711.015
710.995
710.94
710.87
710.77
710.74
710.645
710.555
710.57
710.58
710.61
710.615
710.76
710.8
710.82
710.85
710.875
710.97
711.055
711.13
711.175
711.25
711.315
711.25
711.32
711.435
711.51
711.565
711.655
711.765
711.87
712.02
712.15
712.205
712.33
712.49
712.575
712.69
712.76
712.9
712.995
713.125
713.16
713.15
713.21
713.23
713.32
713.41
713.49
713.62
713.72
713.88
714.005
714.185
714.26
714.33
714.38
714.46
714.51
714.51
714.57
714.575
714.52
714.59
714.55
714.575
714.57
714.57
714.595
714.61
714.655
714.755
714.9
715
715.09
715.135
715.125
715.11
715.195
715.25
715.265
715.3
715.305
715.38
715.46
715.53
715.59
715.67
715.74
715.81
715.92
715.98
716.13
716.25
716.27
716.33
716.395
716.435
716.47
716.475
716.45
716.425
716.455
716.42
716.39
716.39
716.32
716.27
716.19
716.175
716.13
716.1
715.955
715.94
715.89
715.815
715.735
715.695
715.66
715.57
715.55
715.4
715.37
715.355
715.3
715.2
715.15
715.095
715.105
715.1
715.09
715.09
715.07
715.04
715.035
715.08
715.04
715.03
715
714.965
715
715.06
715.1
715.145
715.17
715.29
715.31
715.335
715.33
715.34
715.32
715.3
715.325
715.32
715.375
715.38
715.395
715.365
715.29
715.35
715.3
715.33
715.245
715.2
715.21
715.215
715.205
715.22
715.27
715.32
715.355
715.355
715.38
715.435
715.47
715.46
715.525
715.52
715.575
715.54
715.525
715.54
715.48
715.43
715.45
715.46
715.52
715.52
715.53
715.575
715.66
715.73
715.88
715.975
716.105
716.27
716.41
716.51
716.56
716.64
716.75
716.815
716.87
716.735
716.6
716.41
716.2
716.02
715.78
715.465
715.195
714.94
714.7
714.595
714.45
714.25
714.1
713.915
713.725
713.595
713.49
713.375
713.17
713
712.84
712.66
712.56
712.395
712.22
712.075
711.945
711.79
711.67
711.57
711.41
711.285
711.25
711.09
711.075
710.99
710.95
710.935
710.865
710.76
710.71
710.595
710.5
710.35
710.09
709.83
709.57
709.35
709.08
708.81
708.595
708.41
708.275
708.13
708
707.99
707.865
707.835
707.74
707.64
707.53
707.405
707.33
707.205
707.02
706.91
706.84
706.675
706.58
706.425
706.3
706.19
706.12
706
705.805
705.73
705.65
705.63
705.515
705.405
705.36
705.305
705.31
705.23
705.195
705.12
705.085
705.07
705.11
705.1
705.125
705.16
705.18
705.33
705.34
705.42
705.53
705.69
705.725
705.71
705.765
705.78
705.76
705.68
705.62
705.44
705.275
705.075
704.87
704.71
704.58
704.5
704.45
704.46
704.44
704.34
704.36
704.375
704.415
704.395
704.415
704.395
704.365
704.3
704.3
704.24
704.24
704.26
704.31
704.225
704.24
704.215
704.24
704.19
704.17
704.16
704.075
704.03
704.01
703.875
703.83
703.76
703.75
703.73
703.745
703.78
703.815
703.815
703.88
703.875
703.825
703.76
703.595
703.48
703.44
703.43
703.34
703.24
703.21
703.2
703.11
703.1
703.16
703.14
703.125
703.12
703.13
703.18
703.3
703.38
703.39
703.46
703.58
703.67
703.73
703.78
703.865
703.925
703.96
704.05
704.17
704.195
704.25
704.27
704.12
704
703.91
703.83
703.8
703.825
703.795
703.83
703.78
703.8
703.845
703.915
703.92
703.99
704.095
704.22
704.275
704.32
704.35
704.41
704.54
704.63
704.68
704.79
704.865
705.005
705.1
705.16
705.245
705.355
705.38
705.45
705.48
705.51
705.55
705.495
705.45
705.395
705.37
705.3
705.245
705.22
705.19
705.175
705.13
705.1
705.06
705.09
705.075
705.08
705.06
705.07
705.15
705.21
705.25
705.305
705.38
705.405
705.475
705.515
705.57
705.58
705.635
705.62
705.66
705.73
705.77
705.88
705.885
705.81
705.87
705.8
705.77
705.845
705.87
705.835
705.905
705.93
706
706.08
706.14
706.23
706.275
706.41
706.5
706.635
706.775
706.845
706.97
707.08
707.2
707.295
707.435
707.615
707.82
707.94
708.07
708.235
708.36
708.445
708.52
708.64
708.775
708.875
708.935
709.02
709.08
709.25
709.285
709.38
709.48
709.66
709.795
709.96
710.145
710.24
710.44
710.61
710.75
710.875
711.095
711.3
711.51
711.695
711.88
712.08
712.325
712.49
712.715
712.885
713.08
713.29
713.46
713.59
713.715
713.77
713.895
714.07
714.18
714.33
714.51
714.64
714.765
714.95
715.1
715.27
715.45
715.585
715.77
715.93
716.115
716.225
716.43
716.68
716.835
716.93
717.075
717.2
717.31
717.445
717.65
717.76
717.93
718.12
718.255
718.365
718.435
718.575
718.75
718.87
718.99
719.045
719.125
719.26
719.28
719.36
719.45
719.45
719.475
719.46
719.42
719.4
719.445
719.52
719.625
719.695
719.805
719.88
720.07
720.255
720.33
720.43
720.57
720.685
720.76
720.84
720.87
720.92
721.02
721.06
721.06
721.06
721.1
721.075
721.015
720.94
720.945
720.79
720.76
720.81
720.775
720.825
720.86
720.865
720.915
720.945
720.98
721.05
721.095
721.125
721.16
721.245
721.265
721.35
721.38
721.435
721.44
721.5
721.51
721.485
721.5
721.475
721.45
721.39
721.435
721.44
721.44
721.45
721.44
721.45
721.495
721.535
721.53
721.525
721.575
721.595
721.6
721.64
721.75
721.86
721.915
721.985
722.11
722.255
722.385
722.5
722.595
722.665
722.845
722.975
723.025
723.055
723.11
723.19
723.215
723.21
723.18
723.245
723.36
723.36
723.38
723.415
723.5
723.51
723.52
723.51
723.51
723.52
723.53
723.53
723.6
723.63
723.73
723.79
723.795
723.88
723.94
724.015
724.11
724.245
724.305
724.38
724.5
724.525
724.575
724.69
724.73
724.79
724.75
724.76
724.875
724.95
724.93
724.95
724.93
724.91
724.955
724.89
724.865
724.9
724.93
724.92
724.915
724.905
724.94
724.965
724.96
725
724.99
725.03
725.085
725.08
725.095
725.1
725.18
725.31
725.285
725.355
725.455
725.495
725.57
725.625
725.685
725.76
725.82
725.935
726.005
726.12
726.265
726.355
726.42
726.575
726.68
726.79
726.9
726.95
727.13
727.355
727.525
727.645
727.79
727.89
728.05
728.12
728.22
728.28
728.37
728.42
728.51
728.6
728.71
728.82
728.88
728.97
729.015
729.11
729.21
729.325
729.43
729.42
729.38
729.425
729.41
729.46
729.445
729.43
729.47
729.5
729.5
729.47
729.52
729.565
729.62
729.74
729.82
729.855
729.93
730.01
730.135
730.23
730.335
730.485
730.61
730.82
731.05
731.27
731.47
731.61
731.81
732.065
732.25
732.48
732.68
732.87
733.02
733.14
733.315
733.455
733.61
733.67
733.71
733.73
733.73
733.73
733.71
733.74
733.69
733.575
733.6
733.435
733.37
733.395
733.37
733.325
733.31
733.295
733.325
733.36
733.31
733.3
733.4
733.445
733.45
733.43
733.465
733.53
733.625
733.67
733.735
733.815
733.87
733.9
733.89
733.95
733.94
733.935
733.92
733.905
733.87
733.82
733.78
733.785
733.64
733.52
733.4
733.25
733.14
733.01
732.895
732.72
732.645
732.575
732.47
732.5
732.52
732.505
732.49
732.45
732.415
732.38
732.395
732.38
732.37
732.43
732.55
732.61
732.61
732.63
732.69
732.775
732.78
732.82
732.89
732.91
732.93
732.93
732.91
732.92
732.87
732.82
732.73
732.72
732.71
732.59
732.53
732.54
732.5
732.485
732.435
732.49
732.54
732.6
732.67
732.74
732.83
732.985
733.05
733.14
733.23
733.29
733.365
733.42
733.475
733.525
733.635
733.71
733.855
734.005
734.11
734.1
734.07
734.05
734.11
734.16
734.145
734.19
734.2
734.275
734.3
734.25
734.125
734.02
733.96
733.845
733.87
733.82
733.83
733.855
733.845
733.99
734.05
734.15
734.25
734.325
734.445
734.57
734.765
734.975
735.255
735.53
735.935
736.275
736.56
736.86
737.07
737.21
737.35
737.35
737.24
737.19
737.005
736.87
736.72
736.685
736.67
736.74
736.78
736.89
737.03
737.165
737.38
737.71
738.085
738.34
738.69
738.98
739.3
739.55
739.785
739.94
740.05
740.11
740.17
740.18
740.165
740.085
740
739.975
740.01
739.97
739.96
740.02
740.11
740.19
740.225
740.31
740.325
740.38
740.41
740.52
740.565
740.75
740.9
740.95
740.95
741.02
741.04
741.08
741.095
740.94
740.86
740.835
740.81
740.815
740.805
740.825
740.85
740.97
741.09
741.21
741.37
741.49
741.68
741.73
741.855
742.06
742.18
742.225
742.3
742.43
742.53
742.61
742.79
742.91
742.98
743.12
743.245
743.45
743.61
743.755
743.925
744.05
744.21
744.255
744.305
744.53
744.64
744.785
744.98
745.1
745.35
745.695
745.95
746.205
746.465
746.69
746.92
747.18
747.5
747.795
748.07
748.305
748.535
748.845
749.165
749.43
749.725
750.095
750.32
750.57
750.79
750.98
751.15
751.365
751.49
751.615
751.795
751.83
751.9
751.96
751.99
752.09
752.12
752.15
752.19
752.29
752.36
752.41
752.45
752.445
752.47
752.425
752.43
752.395
752.26
752.165
752.115
751.96
751.845
751.705
751.55
751.385
751.15
751.055
750.905
750.79
750.73
750.655
750.605
750.555
750.47
750.49
750.425
750.39
750.345
750.275
750.19
750.175
750.115
750.065
750.01
749.915
749.87
749.79
749.68
749.62
749.565
749.48
749.42
749.355
749.24
749.095
748.99
748.93
748.895
748.79
748.665
748.635
748.605
748.485
748.455
748.4
748.355
748.19
748.09
748.085
748
747.91
747.87
747.805
747.76
747.68
747.64
747.6
747.51
747.38
747.23
747.17
746.98
746.78
746.54
746.395
746.21
746.115
745.915
745.75
745.58
745.41
745.2
745.045
744.88
744.65
744.47
744.27
744.05
743.89
743.605
743.29
743.105
742.9
742.63
742.37
742.125
741.865
741.595
741.34
741.08
740.85
740.6
740.37
740.17
739.94
739.74
739.59
739.44
739.285
739.165
739
738.875
738.755
738.565
738.465
738.355
738.225
738.16
738.005
737.915
737.805
737.745
737.67
737.63
737.54
737.455
737.38
737.33
737.31
737.22
737.12
737.06
737.03
736.96
736.85
736.86
736.775
736.69
736.63
736.52
736.385
736.255
736.06
735.87
735.73
735.585
735.47
735.31
735.09
734.835
734.58
734.4
734.165
733.95
733.74
733.55
733.4
733.19
733.05
732.925
732.75
732.64
732.47
732.285
732.15
732.04
731.87
731.62
731.375
731.16
730.97
730.805
730.73
730.59
730.54
730.45
730.42
730.385
730.36
730.375
730.26
730.21
730.11
730.11
730.14
730.15
730.11
730.045
730.035
729.99
729.885
729.75
729.655
729.395
729.17
728.89
728.615
728.395
728.15
727.94
727.715
727.535
727.345
727.14
726.975
726.715
726.455
726.31
726.12
725.955
725.775
725.6
725.43
725.18
725.055
724.96
724.82
724.665
724.55
724.445
724.4
724.295
724.17
724.055
723.95
723.87
723.665
723.625
723.54
723.38
723.23
723.14
723.04
722.94
722.895
722.82
722.81
722.76
722.66
722.685
722.73
722.72
722.78
722.845
722.82
722.835
722.885
722.85
722.785
722.795
722.745
722.7
722.62
722.525
722.4
722.26
722.155
722.075
721.96
721.83
721.69
721.595
721.51
721.425
721.34
721.24
721.12
721.07
721.005
721.02
721.04
721.025
720.97
720.925
720.94
720.895
720.86
720.815
720.7
720.67
720.62
720.44
720.36
720.22
720.11
719.945
719.87
719.755
719.67
719.635
719.58
719.49
719.45
719.41
719.36
719.27
719.245
719.2
719.17
719.145
719.04
718.95
718.83
718.835
718.79
718.75
718.74
718.735
718.765
718.72
718.705
718.76
718.75
718.71
718.72
718.75
718.725
718.77
718.76
718.79
718.815
718.77
718.74
718.83
718.825
718.73
718.66
718.675
718.715
718.72
718.69
718.655
718.595
718.565
718.585
718.635
718.585
718.66
718.735
718.76
718.84
718.95
719.065
719.215
719.36
719.45
719.585
719.655
719.82
719.995
720.105
720.17
720.29
720.31
720.31
720.345
720.41
720.45
720.445
720.51
720.43
720.365
720.27
720.2
720.145
720.195
720.12
720.09
720.06
720.005
719.965
719.84
719.69
719.69
719.54
719.27
719.11
718.94
718.75
718.61
718.455
718.265
718.125
718.01
718.02
718.025
718.095
718.15
718.265
718.36
718.4
718.475
718.5
718.52
718.56
718.525
718.52
718.53
718.525
718.5
718.51
718.5
718.375
718.29
718.14
718.03
717.895
717.655
717.49
717.23
717.06
716.99
716.85
716.68
716.6
716.56
716.525
716.42
716.395
716.315
716.3
716.37
716.355
716.36
716.3
716.215
716.11
716.015
715.93
715.87
715.725
715.585
715.38
715.2
715.125
714.95
714.785
714.625
714.375
714.205
714.15
714.095
713.97
713.825
713.715
713.665
713.61
713.575
713.49
713.525
713.555
713.54
713.53
713.51
713.52
713.555
713.49
713.415
713.345
713.29
713.18
713.075
712.925
712.69
712.52
712.335
712.185
711.945
711.7
711.405
711.085
710.91
710.59
710.34
710.125
710.02
709.8
709.66
709.58
709.5
709.37
709.175
708.965
708.92
708.74
708.52
708.36
708.235
708.065
707.88
707.76
707.64
707.46
707.365
707.25
707.115
706.99
706.87
706.735
706.64
706.5
706.31
706.26
706.09
705.87
705.74
705.61
705.48
705.3
705.205
705.21
705.11
705.045
704.95
704.84
704.78
704.68
704.635
704.605
704.585
704.61
704.65
704.71
704.74
704.89
704.98
705.1
705.23
705.42
705.65
705.815
705.97
706.065
706.16
706.215
706.205
706.33
706.435
706.53
706.52
706.59
706.7
706.87
707.075
707.21
707.32
707.295
707.28
707.15
707.08
707.015
707
706.835
706.7
706.61
706.645
706.8
706.93
707.01
707.08
707.165
707.34
707.52
707.78
707.93
708.075
708.29
708.42
708.535
708.715
708.9
709.095
709.33
709.675
709.955
710.365
710.76
711.14
711.645
712.09
712.545
713.015
713.385
713.695
713.95
714.13
714.3
714.36
714.39
714.42
714.54
714.71
714.93
715.1
715.365
715.705
716.1
716.45
716.88
717.29
717.705
718
718.46
718.875
719.32
719.76
720.14
720.52
720.89
721.305
721.69
722.075
722.545
722.95
723.425
723.93
724.425
724.9
725.295
725.69
726.03
726.47
726.845
727.32
727.76
728.09
728.39
728.74
729.105
729.425
729.715
729.97
730.27
730.505
730.695
730.92
731.15
731.445
731.67
731.985
732.29
732.62
732.89
733.125
733.38
733.55
733.88
734.1
734.39
734.755
735.1
735.485
735.855
736.28
736.79
737.21
737.62
737.955
738.375
738.66
738.925
739.185
739.51
739.84
740.19
740.49
740.77
740.97
741.22
741.3
741.37
741.52
741.75
741.94
742.04
742.25
742.41
742.665
742.91
743.13
743.305
743.425
743.55
743.775
743.9
744
744.075
744.27
744.42
744.53
744.61
744.71
744.765
744.74
744.805
744.865
744.925
745.03
745.13
745.265
745.405
745.55
745.79
746.095
746.32
746.6
746.92
747.24
747.54
747.825
748.15
748.41
748.715
748.975
749.25
749.47
749.63
749.765
749.86
749.965
750.025
749.995
750.01
749.98
749.92
749.9
750.01
750.11
750.305
750.595
750.985
751.355
751.8
752.255
752.885
753.37
754.005
754.74
755.405
755.96
756.39
756.92
757.31
757.635
757.83
757.87
757.99
757.87
757.84
757.84
757.785
757.64
757.595
757.47
757.505
757.57
757.63
757.78
757.99
758.32
758.52
758.705
758.795
758.85
758.68
758.465
758.135
757.75
757.32
756.885
756.455
756.035
755.675
755.45
755.2
755.03
754.905
754.865
754.845
754.885
754.89
754.88
754.93
755.03
755.05
755.15
755.24
755.355
755.36
755.45
755.46
755.55
755.67
755.81
755.87
755.995
756.18
756.4
756.55
756.84
757.165
757.39
757.725
757.985
758.29
758.47
758.64
758.69
758.755
758.66
758.56
758.375
758.02
757.77
757.635
757.43
757.29
757.15
757.11
757.06
757.135
757.235
757.4
757.49
757.705
757.79
757.91
758.06
758.205
758.28
758.325
758.39
758.395
758.425
758.37
758.305
758.26
758.18
758.155
758.115
758.145
758.135
758.08
758.09
758.08
758.065
757.955
757.91
757.835
757.77
757.71
757.59
757.43
757.28
757.225
757.125
757.015
756.88
756.84
756.715
756.59
756.48
756.38
756.21
756.04
755.86
755.62
755.575
755.34
755.15
754.98
754.855
754.71
754.535
754.385
754.285
754.28
754.29
754.225
754.19
754.145
754.05
753.905
753.79
753.67
753.49
753.405
753.25
753.115
753.085
752.985
752.865
752.75
752.72
752.725
752.66
752.59
752.59
752.6
752.565
752.58
752.595
752.565
752.56
752.635
752.64
752.605
752.63
752.71
752.72
752.74
752.75
752.84
752.86
752.87
752.895
752.97
753.03
753.09
753.12
753.23
753.28
753.31
753.34
753.34
753.18
753.14
753.01
752.84
752.62
752.4
752.25
752.09
751.85
751.61
751.505
751.44
751.33
751.225
751.16
751.125
751.07
750.925
750.91
750.89
750.93
750.88
750.88
750.9
750.855
750.79
750.8
750.85
750.76
750.71
750.655
750.62
750.51
750.47
750.33
750.27
750.19
750.14
750.065
750.06
750.04
749.88
749.87
749.83
749.835
749.91
749.9
749.88
749.855
749.94
749.98
750.05
750.07
750.09
750.12
750.125
750.11
750.15
750.15
750.205
750.26
750.24
750.22
750.23
750.24
750.165
750.16
750.035
749.88
749.775
749.7
749.64
749.51
749.42
749.3
749.05
748.855
748.68
748.48
748.18
747.955
747.64
747.4
747.24
747.03
746.865
746.615
746.4
746.3
746.095
745.82
745.57
745.245
745.09
745.01
744.86
744.65
744.45
744.4
744.31
744.26
744.23
744.22
744.155
744.14
744.165
744.195
744.19
744.195
744.18
744.17
744.12
744.13
744.025
743.95
743.89
743.835
743.67
743.51
743.325
743.275
743.17
743.005
742.84
742.56
742.38
742.145
741.91
741.565
741.215
741.015
740.775
740.525
740.23
740.005
739.785
739.6
739.47
739.37
739.225
739.105
738.95
738.855
738.73
738.655
738.5
738.325
738.2
738.08
737.96
737.87
737.675
737.63
737.52
737.44
737.35
737.25
737.175
737.06
736.865
736.77
736.735
736.66
736.53
736.435
736.275
736.115
736.05
736.03
736
735.885
735.915
735.83
735.845
735.925
736.02
735.97
735.94
735.795
735.6
735.425
735.27
734.995
734.75
734.51
734.42
734.305
734.22
734.11
733.98
733.94
733.97
733.935
733.99
733.95
733.83
733.765
733.63
733.57
733.465
733.42
733.34
733.2
733.04
732.96
732.855
732.86
732.805
732.78
732.78
732.87
732.93
732.93
733.14
733.255
733.31
733.34
733.415
733.49
733.56
733.59
733.55
733.49
733.41
733.31
733.35
733.26
733.27
733.1
733.03
732.88
732.7
732.545
732.3
732.2
732.01
731.705
731.525
731.28
731.09
730.88
730.76
730.73
730.76
730.82
730.89
730.98
731.12
731.25
731.42
731.605
731.78
731.905
731.81
731.68
731.43
731.11
730.76
730.345
729.985
729.64
729.34
729.08
728.825
728.67
728.57
728.46
728.35
728.21
728.185
728.145
728.105
728.085
728.13
728.18
728.23
728.145
727.975
727.805
727.66
727.495
727.51
727.51
727.55
727.565
727.585
727.62
727.68
727.745
727.99
728.34
728.67
729.12
729.54
729.695
729.46
729.075
728.555
727.83
726.98
726.21
725.62
725.07
724.71
724.52
724.295
724.08
723.785
723.56
723.23
723.035
722.83
722.59
722.53
722.35
722.26
722.16
722.135
722.17
722.19
722.17
722.17
722.175
722.16
722.15
722.115
722.09
721.97
721.96
721.955
721.91
721.91
721.76
721.695
721.58
721.445
721.21
720.94
720.655
720.475
720.235
720.02
719.855
719.755
719.695
719.635
719.66
719.68
719.73
719.815
719.895
719.95
720.035
719.98
720
719.955
719.95
719.865
719.7
719.48
719.2
718.975
718.79
718.62
718.505
718.37
718.215
718.15
718.055
718.05
717.995
718.01
718.005
717.985
717.81
717.61
717.335
717.095
716.795
716.695
716.605
716.48
716.36
716.31
716.18
716.17
716.125
716.03
716.035
715.97
715.955
715.93
716
716.05
716.205
716.315
716.37
716.42
716.61
716.75
716.995
717.335
717.635
717.75
717.855
717.85
717.695
717.375
716.98
716.705
716.47
716.13
715.775
715.52
715.32
715.27
715.25
715.275
715.305
715.36
715.41
715.39
715.34
715.21
714.99
714.885
714.885
714.845
714.88
714.845
714.86
714.82
714.73
714.575
714.525
714.43
714.325
714.23
714.125
714.07
714.095
714.05
714.07
714.12
714.14
714.14
714.03
714.015
713.955
713.83
713.79
713.75
713.71
713.8
713.81
713.865
713.765
713.7
713.63
713.545
713.4
713.265
713.285
713.22
713.14
713.1
713.05
713.055
713.04
712.97
712.99
713.03
713.02
713.03
713.03
713.06
713.12
713.15
713.2
713.245
713.325
713.48
713.59
713.6
713.665
713.66
713.625
713.485
713.4
713.4
713.31
713.29
713.31
713.425
713.48
713.525
713.6
713.79
713.88
713.975
714.08
714.28
714.435
714.465
714.62
714.76
714.85
714.965
715.1
715.29
715.44
715.605
715.745
715.9
716.075
716.18
716.41
716.56
716.685
716.815
716.895
716.845
716.805
716.82
716.83
716.885
716.975
717.01
717.06
717.27
717.46
717.645
717.84
718.03
718.22
718.46
718.605
718.81
718.925
719.04
719.16
719.14
719.06
718.99
718.95
718.85
718.785
718.73
718.77
718.815
718.89
718.99
719.115
719.22
719.36
719.435
719.585
719.625
719.67
719.715
719.78
719.82
719.88
719.915
720.14
720.29
720.44
720.645
720.77
720.91
721.13
721.365
721.55
721.73
721.87
721.995
722.09
722.15
722.16
722.23
722.345
722.465
722.6
722.67
722.735
722.805
722.94
723.18
723.395
723.585
723.775
724.01
724.1
724.205
724.28
724.33
724.395
724.455
724.5
724.62
724.68
724.63
724.665
724.65
724.69
724.65
724.69
724.885
725.145
725.38
725.605
725.82
725.95
726.07
726.15
726.31
726.43
726.56
726.72
726.905
727.09
727.33
727.585
727.685
727.775
727.84
727.92
728.11
728.23
728.37
728.485
728.54
728.675
728.815
728.89
728.955
729.06
729.125
729.25
729.315
729.34
729.44
729.46
729.42
729.41
729.48
729.575
729.56
729.59
729.69
729.77
729.79
729.91
730.02
730.165
730.3
730.355
730.44
730.655
730.755
730.78
730.75
730.825
730.9
730.925
731
731.095
731.24
731.32
731.385
731.49
731.67
731.815
732.01
732.25
732.46
732.62
732.74
732.86
732.99
733.11
733.19
733.255
733.26
733.22
733.095
732.97
732.89
732.92
732.895
732.85
732.88
732.86
732.82
732.775
732.775
732.735
732.7
732.73
732.73
732.72
732.715
732.71
732.61
732.385
732.3
732.175
731.97
731.83
731.72
731.59
731.46
731.37
731.24
731.07
730.915
730.83
730.73
730.725
730.64
730.505
730.305
730.12
729.875
729.56
729.215
728.86
728.575
728.29
728.055
727.865
727.685
727.58
727.6
727.555
727.545
727.52
727.48
727.52
727.61
727.64
727.7
727.72
727.695
727.72
727.79
727.86
727.845
727.81
727.68
727.58
727.34
727.18
727.07
726.81
726.545
726.275
726
725.74
725.45
725.265
725.165
724.97
724.875
724.795
724.61
724.59
724.52
724.49
724.42
724.33
724.17
724.19
724.195
724.17
724.135
724.125
724.24
724.19
724.2
724.22
724.19
724.14
724.07
724.1
724.015
723.975
723.96
723.92
723.92
723.93
723.95
724.08
724.23
724.39
724.535
724.645
724.7
724.875
724.92
724.945
724.95
724.91
724.85
724.74
724.66
724.59
724.555
724.43
724.37
724.25
724.315
724.3
724.395
724.51
724.695
724.83
724.94
725.105
725.28
725.43
725.55
725.615
725.605
725.69
725.8
725.76
725.68
725.695
725.77
725.82
725.77
725.755
725.64
725.6
725.6
725.615
725.63
725.62
725.635
725.665
725.81
725.85
725.9
725.98
726.015
726.035
726.145
726.155
726.235
726.3
726.335
726.475
726.59
726.81
727.07
727.34
727.49
727.79
728.02
728.245
728.32
728.55
728.72
728.85
728.915
728.88
728.895
728.76
728.735
728.645
728.53
728.43
728.355
728.22
728.12
728.005
727.88
727.785
727.78
727.78
727.655
727.64
727.725
727.895
728.045
728.185
728.35
728.545
728.765
729.01
729.3
729.48
729.645
729.905
730.02
730.045
730.01
729.975
729.92
729.93
729.82
729.75
729.65
729.57
729.605
729.58
729.52
729.475
729.455
729.5
729.46
729.54
729.57
729.64
729.68
729.75
729.88
729.95
729.92
729.925
729.92
729.83
729.71
729.59
729.53
729.5
729.4
729.34
729.29
729.13
729.025
728.91
728.88
728.725
728.66
728.485
728.27
728.2
728.1
727.98
727.8
727.67
727.51
727.32
727.155
726.97
726.7
726.53
726.25
725.93
725.68
725.4
725.14
724.83
724.445
724.11
723.81
723.43
723.155
722.82
722.49
722.145
721.845
721.52
721.245
720.95
720.68
720.375
720.055
719.58
719.235
719
718.69
718.36
717.95
717.63
717.36
716.93
716.52
716.15
715.78
715.31
714.955
714.61
714.185
713.85
713.535
713.23
712.97
712.67
712.425
712.12
711.88
711.635
711.37
711.11
710.82
710.52
710.2
709.975
709.705
709.4
709.09
708.84
708.61
708.38
708.14
707.91
707.68
707.52
707.31
707.09
706.94
706.78
706.54
706.31
706.09
705.945
705.725
705.515
705.25
705.06
704.785
704.595
704.33
704.15
703.93
703.635
703.47
703.36
703.23
703.05
702.86
702.795
702.7
702.525
702.305
702.21
702.07
701.92
701.765
701.53
701.46
701.25
701.18
701.05
701.04
700.99
700.83
700.815
700.84
700.725
700.565
700.49
700.44
700.38
700.135
699.86
699.6
699.31
698.97
698.715
698.37
698.06
697.71
697.435
697.18
696.93
696.7
696.51
696.26
696.12
695.905
695.725
695.53
695.115
694.86
694.52
694.175
693.765
693.4
692.955
692.625
692.29
691.97
691.595
691.19
690.96
690.67
690.345
689.995
689.7
689.36
689.05
688.665
688.39
688.08
687.77
687.48
687.255
687.01
686.745
686.55
686.31
686.13
685.95
685.87
685.85
685.815
685.885
685.93
685.89
686.08
686.185
686.27
686.375
686.51
686.645
686.67
686.71
686.635
686.495
686.23
685.91
685.71
685.45
685.17
685.01
684.785
684.63
684.65
684.57
684.56
684.555
684.55
684.47
684.46
684.465
684.465
684.37
684.38
684.43
684.415
684.44
684.44
684.455
684.44
684.39
684.37
684.365
684.36
684.31
684.245
684.21
684.13
683.99
683.79
683.665
683.505
683.365
683.22
683.025
682.79
682.685
682.64
682.495
682.295
682.055
681.98
681.9
681.73
681.645
681.51
681.38
681.36
681.225
681.09
680.905
680.745
680.71
680.575
680.565
680.505
680.415
680.295
680.17
680.14
680.07
679.98
679.9
679.86
679.7
679.72
679.68
679.62
679.62
679.62
679.61
679.63
679.62
679.64
679.66
679.72
679.82
679.93
679.96
680.105
680.24
680.315
680.35
680.43
680.45
680.395
680.33
680.31
680.29
680.24
680.125
680.02
680.01
679.93
679.94
679.84
679.77
679.71
679.7
679.775
679.825
679.75
679.75
679.63
679.5
679.29
679.12
678.955
678.73
678.58
678.42
678.325
678.195
678.12
678.175
678.17
678.125
678.21
678.18
678.16
678.21
678.28
678.4
678.51
678.55
678.66
678.81
679.05
679.185
679.3
679.26
679.255
679.18
679.09
679.06
679.01
678.985
678.95
678.96
679.04
679.09
679.11
679.14
679.16
679.29
679.44
679.6
679.705
679.79
679.885
679.96
680.04
680.2
680.365
680.44
680.55
680.605
680.63
680.62
680.56
680.59
680.61
680.625
680.61
680.625
680.64
680.615
680.605
680.6
680.56
680.55
680.535
680.48
680.45
680.32
680.17
680.09
679.96
679.85
679.72
679.62
679.58
679.445
679.39
679.38
679.3
679.225
679.19
679.175
679.195
679.145
679.13
679.16
679.14
679.2
679.18
679.15
679.125
679.085
679.04
679.035
679.065
679.01
678.97
678.95
678.92
678.835
678.7
678.555
678.48
678.36
678.235
678.14
678.05
677.94
677.865
677.81
677.63
677.6
677.54
677.48
677.425
677.31
677.19
677.18
677.09
677.01
676.99
676.93
676.86
676.77
676.795
676.815
676.82
676.815
676.815
676.83
676.87
676.91
676.95
676.965
677.035
677.19
677.315
677.42
677.405
677.455
677.42
677.415
677.39
677.3
677.17
677.02
676.98
676.895
676.8
676.685
676.57
676.48
676.325
676.25
676.15
676.17
676.11
676.05
676.045
676.02
676.03
676.03
676.12
676.075
675.99
676.01
676.06
676.05
676.025
676.01
675.965
675.96
675.94
675.935
675.865
675.8
675.805
675.82
675.87
675.84
675.86
675.9
675.96
675.975
676.09
676.19
676.245
676.245
676.285
676.3
676.34
676.355
676.39
676.395
676.41
676.425
676.36
676.37
676.32
676.27
676.35
676.45
676.47
676.545
676.57
676.54
676.58
676.675
676.66
676.645
676.71
676.71
676.73
676.65
676.59
676.55
676.57
676.595
676.55
676.53
676.58
676.62
676.67
676.82
676.89
676.9
676.96
677.01
677.1
677.145
677.175
677.27
677.335
677.37
677.395
677.5
677.545
677.58
677.66
677.75
677.885
677.85
677.86
677.795
677.79
677.795
677.86
677.9
677.895
677.95
678.02
678.035
678.11
678.115
678.13
678.185
678.255
678.37
678.48
678.55
678.57
678.63
678.66
678.73
678.82
678.855
678.955
679.005
679.045
679.1
679.11
679.125
679.23
679.33
679.425
679.46
679.46
679.49
679.54
679.58
679.63
679.69
679.73
679.71
679.705
679.815
679.79
679.76
679.81
679.83
679.81
679.76
679.745
679.77
679.74
679.74
679.705
679.68
679.6
679.59
679.67
679.63
679.62
679.62
679.6
679.64
679.655
679.66
679.66
679.65
679.68
679.69
679.68
679.69
679.74
679.78
679.8
679.82
679.93
679.97
680.06
680.13
680.17
680.22
680.215
680.23
680.26
680.31
680.38
680.425
680.545
680.62
680.69
680.75
680.785
680.9
680.965
681.01
680.99
681.035
681.14
681.29
681.42
681.49
681.535
681.58
681.66
681.755
681.815
681.87
681.93
681.97
681.97
681.99
681.985
682.02
682.05
682.075
682.14
682.21
682.31
682.415
682.41
682.46
682.57
682.64
682.77
682.82
682.845
683.02
683.115
683.08
683.045
683.085
683.16
683.23
683.23
683.2
683.22
683.27
683.36
683.34
683.36
683.35
683.52
683.75
683.945
684.09
684.25
684.45
684.61
684.81
685.075
685.435
685.61
685.755
685.905
686.05
686.19
686.31
686.43
686.65
686.845
687.015
687.155
687.355
687.475
687.68
687.875
687.99
688.165
688.32
688.46
688.54
688.79
689.06
689.3
689.46
689.655
689.82
689.935
690.085
690.28
690.495
690.69
690.755
690.88
690.945
691.015
691.065
691.27
691.4
691.465
691.53
691.64
691.74
691.725
691.75
691.82
691.885
691.97
692.14
692.31
692.41
692.47
692.465
692.72
692.915
693.13
693.36
693.62
693.81
694.03
694.265
694.455
694.73
694.955
695.115
695.45
695.685
695.975
696.295
696.545
696.785
697.11
697.47
697.87
698.16
698.49
698.67
698.84
698.96
699.08
699.16
699.21
699.16
699.045
698.975
698.76
698.565
698.41
698.195
698.075
697.935
697.78
697.59
697.47
697.385
697.32
697.27
697.29
697.225
697.18
697.305
697.37
697.44
697.55
697.605
697.77
698.015
698.22
698.38
698.65
698.895
699.12
699.38
699.585
699.86
700.105
700.31
700.53
700.695
700.97
701.135
701.325
701.525
701.715
701.86
702.035
702.33
702.47
702.62
702.85
703.01
703.245
703.425
703.59
703.81
703.97
704.19
704.38
704.675
704.94
705.19
705.49
705.755
706.175
706.62
707.05
707.61
708.085
708.52
709.09
709.56
710.015
710.5
710.845
711.165
711.415
711.695
711.98
712.35
712.7
713.075
713.48
714.055
714.75
715.33
715.915
716.495
717.045
717.67
718.14
718.57
719
719.49
719.855
720.21
720.54
720.83
721.175
721.38
721.625
721.82
722.075
722.27
722.505
722.735
723.045
723.35
723.625
723.915
724.28
724.75
725.26
725.64
726.195
726.74
727.2
727.715
728.155
728.59
728.92
729.305
729.73
730.15
730.42
730.81
731.08
731.57
732.105
732.495
732.82
733.07
733.325
733.57
733.705
733.835
733.85
733.885
733.91
733.96
734.07
734.12
734.225
734.435
734.545
734.78
734.885
735.18
735.515
735.85
736.2
736.515
736.87
737.28
737.675
738.15
738.685
739.375
739.96
740.67
741.325
741.97
742.39
742.92
743.275
743.625
743.87
744.21
744.51
744.935
745.225
745.52
745.9
746.2
746.55
746.84
747.13
747.41
747.715
748.065
748.49
748.84
749.255
749.73
750.235
750.695
751.265
751.86
752.405
752.925
753.39
753.91
754.36
754.855
755.34
755.78
756.3
756.89
757.435
757.96
758.64
759.31
759.97
760.595
761.205
761.76
762.27
762.75
763.135
763.52
764.015
764.41
764.6
764.905
765.32
765.78
766.28
766.895
767.525
768.26
768.94
769.635
770.435
771.08
771.72
771.975
772.06
772.175
771.96
771.82
771.715
771.82
771.9
772.12
772.26
772.5
772.8
773.3
773.85
774.36
774.735
775.145
775.47
775.81
776.045
776.295
776.665
776.97
777.235
777.61
777.925
778.27
778.695
778.99
779.375
779.655
779.77
780.08
780.38
780.765
781.07
781.595
782.015
782.46
782.91
783.35
783.95
784.54
785.26
785.805
786.35
786.83
787.505
788.22
789.025
789.785
790.555
791.19
791.67
792.17
792.735
793.43
794.1
794.885
795.67
796.52
797.305
797.91
798.58
799.305
800.11
800.815
801.565
802.245
803.09
803.84
804.68
805.23
805.865
806.495
807.035
807.445
807.715
807.995
808.45
808.945
809.225
809.62
809.92
810.19
810.595
810.91
811.285
811.78
812.215
812.665
813.145
813.555
813.95
814.39
814.71
814.97
815.155
815.11
815.12
815.13
815.04
815.18
815.28
815.31
815.105
814.895
814.595
814.45
814.34
814.405
814.515
814.79
815.31
816.005
816.805
817.66
818.825
820.085
821.265
822.395
823.385
824.29
825.015
825.61
825.98
826.31
826.71
827.135
827.53
827.975
828.42
828.82
829.255
829.66
830.37
830.97
831.665
832.4
833.08
833.83
834.595
835.385
836.07
836.69
837.38
837.855
838.59
839.16
839.785
840.36
841.06
841.55
842.07
842.545
842.96
843.425
843.94
844.405
844.73
844.845
845.04
845.25
845.525
845.72
846.085
846.5
847.05
847.68
848.28
848.98
849.64
850.18
850.865
851.52
852.2
852.8
853.32
853.95
854.41
854.69
854.88
854.905
854.825
854.65
854.21
853.83
853.45
853.18
853.1
853.14
853.325
853.64
853.94
854.34
854.68
855.065
855.41
855.885
856.29
856.69
857.08
857.37
857.66
857.82
857.98
858.14
858.25
858.37
858.41
858.425
858.51
858.57
858.73
858.83
858.885
858.97
859.11
859.17
859.34
859.4
859.41
859.47
859.45
859.4
859.39
859.23
859.04
858.85
858.69
858.53
858.34
858.17
858.06
857.92
857.79
857.665
857.54
857.465
857.405
857.29
857.16
857.105
856.945
856.81
856.7
856.54
856.35
856.17
855.99
855.805
855.62
855.41
855.245
855.085
854.91
854.78
854.62
854.43
854.28
854.07
853.895
853.715
853.58
853.41
853.27
853.14
852.97
852.74
852.64
852.42
852.23
852.08
851.92
851.755
851.64
851.45
851.3
851.1
851.03
850.84
850.7
850.45
850.19
849.91
849.65
849.46
849.195
849.05
848.82
848.71
848.515
848.4
848.23
848.04
847.82
847.68
847.44
847.33
847.22
847
846.97
846.74
846.59
846.39
846.285
846.2
846.1
845.91
845.83
845.775
845.76
845.63
845.595
845.47
845.28
845.09
844.92
844.81
844.695
844.59
844.46
844.31
844.18
844.13
843.98
843.74
843.65
843.435
843.215
843.02
842.81
842.49
842.205
841.895
841.51
841.25
840.95
840.64
840.25
839.95
839.665
839.39
839.15
838.81
838.62
838.26
837.93
837.53
837.17
836.795
836.39
835.94
835.57
835.105
834.73
834.24
833.92
833.54
833.195
832.78
832.385
832.03
831.67
831.36
831.04
830.845
830.54
830.33
830.095
829.95
829.69
829.48
829.39
829.24
829.125
829.06
828.96
828.91
828.81
828.79
828.765
828.72
828.73
828.63
828.48
828.55
828.49
828.48
828.47
828.33
828.24
828.21
828.05
827.97
827.87
827.76
827.57
827.41
827.28
827.185
827.08
826.97
826.88
826.72
826.65
826.57
826.42
826.34
826.285
826.27
826.175
826.16
826.01
825.9
825.84
825.615
825.43
825.23
824.98
824.82
824.535
824.36
824.08
823.88
823.67
823.56
823.445
823.35
823.2
823.015
822.83
822.72
822.55
822.415
822.32
822.19
822.095
822.05
822.045
822.12
822.09
821.98
822.04
821.97
821.97
821.97
821.99
821.985
822.04
822.09
822.17
822.19
822.38
822.49
822.66
822.81
822.97
823.23
823.445
823.65
823.85
824.06
824.27
824.54
824.66
824.84
824.95
825.07
825.22
825.325
825.4
825.45
825.58
825.63
825.635
825.62
825.74
825.76
825.83
825.89
825.9
825.855
825.875
825.93
826.01
825.99
826.045
826.1
826.07
826.17
826.19
826.26
826.29
826.31
826.31
826.29
826.2
826.15
825.965
825.85
825.675
825.48
825.1
824.745
824.46
824.21
823.94
823.65
823.405
823.21
822.96
822.76
822.58
822.395
822.28
822.15
821.99
821.925
821.86
821.705
821.66
821.545
821.4
821.21
820.97
820.71
820.42
820.16
819.925
819.66
819.37
819.16
819.015
818.77
818.565
818.325
818.18
817.92
817.71
817.54
817.345
817.07
816.87
816.67
816.465
816.31
816.085
815.86
815.7
815.435
815.18
814.94
814.63
814.225
813.91
813.63
813.325
813.01
812.705
812.395
812.01
811.695
811.325
810.99
810.69
810.4
810.13
809.905
809.655
809.505
809.3
809.105
808.87
808.75
808.57
808.33
808.12
807.88
807.65
807.365
807.17
806.855
806.61
806.29
806.14
805.84
805.61
805.38
805.07
804.865
804.55
804.325
804.02
803.84
803.52
803.315
803.05
802.73
802.485
802.23
801.95
801.665
801.38
801.1
800.805
800.49
800.135
799.86
799.54
799.215
798.85
798.445
798.075
797.745
797.28
796.89
796.45
796.055
795.64
795.25
795.01
794.67
794.495
794.29
794.035
793.905
793.8
793.65
793.58
793.495
793.43
793.445
793.41
793.4
793.41
793.42
793.43
793.51
793.38
793.29
793.23
792.97
792.675
792.435
792.07
791.7
791.33
790.955
790.54
790.115
789.805
789.58
789.25
789.025
788.765
788.585
788.34
788.15
787.99
787.75
787.52
787.295
787.05
786.94
786.735
786.61
786.495
786.375
786.31
786.12
786.02
785.87
785.65
785.55
785.42
785.22
785.045
784.9
784.74
784.48
784.25
784.01
783.815
783.6
783.345
783.23
783.1
782.89
782.73
782.56
782.43
782.26
782.14
781.88
781.745
781.61
781.51
781.435
781.285
781.145
781.07
780.935
780.79
780.65
780.505
780.46
780.325
780.22
780.115
780.095
780.06
780.05
779.98
779.97
779.94
779.89
779.9
779.78
779.81
779.83
779.82
779.82
779.8
779.81
779.79
779.775
779.76
779.795
779.775
779.775
779.75
779.64
779.61
779.54
779.495
779.405
779.26
779.155
779.04
778.84
778.67
778.575
778.42
778.27
778.14
777.995
777.765
777.72
777.66
777.6
777.515
777.385
777.195
777.025
776.72
776.495
776.21
775.98
775.635
775.365
775.03
774.76
774.565
774.24
774.03
773.79
773.65
773.46
773.32
773.24
773.1
773.015
772.96
772.83
772.73
772.625
772.545
772.51
772.54
772.53
772.56
772.56
772.57
772.65
772.62
772.68
772.69
772.76
772.805
772.8
772.755
772.745
772.725
772.755
772.77
772.815
772.835
772.79
772.79
772.75
772.755
772.77
772.765
772.77
772.73
772.76
772.725
772.72
772.815
772.84
772.87
772.95
773.04
772.995
772.93
773
773.11
773.19
773.19
773.25
773.37
773.43
773.53
773.56
773.62
773.6
773.645
773.66
773.68
773.725
773.72
773.67
773.585
773.56
773.54
773.46
773.315
773.235
773.105
773.06
772.975
772.89
772.815
772.75
772.71
772.64
772.585
772.53
772.51
772.5
772.44
772.38
772.32
772.22
772.15
772.01
772.01
771.935
771.84
771.72
771.67
771.635
771.505
771.44
771.285
771.19
771.04
770.83
770.63
770.39
770.265
770.06
769.795
769.57
769.4
769.26
769.2
769.11
768.98
768.84
768.75
768.69
768.505
768.28
768.19
768.015
767.86
767.685
767.53
767.28
767.13
766.885
766.755
766.69
766.575
766.48
766.34
766.26
766.11
765.99
765.95
765.79
765.685
765.56
765.405
765.235
765
764.82
764.65
764.405
764.19
763.985
763.775
763.57
763.345
763.1
762.81
762.63
762.45
762.27
762.095
761.9
761.81
761.62
761.54
761.42
761.35
761.23
761.13
761.045
760.935
760.915
760.76
760.6
760.485
760.36
760.21
759.99
759.76
759.505
759.345
759.095
758.79
758.485
758.095
757.795
757.475
757.135
756.87
756.555
756.245
755.935
755.625
755.385
755.12
754.885
754.54
754.195
753.97
753.675
753.46
753.19
752.97
752.74
752.46
752.085
751.82
751.525
751.215
750.91
750.585
750.27
749.915
749.615
749.305
748.875
748.485
748.105
747.825
747.575
747.235
746.87
746.565
746.295
745.915
745.585
745.275
744.975
744.71
744.375
744.09
743.795
743.495
743.23
742.92
742.54
742.16
741.83
741.54
741.185
740.81
740.52
740.17
739.83
739.47
739.155
738.78
738.49
738.125
737.79
737.495
737.155
736.795
736.395
736.09
735.725
735.385
735.04
734.675
734.35
733.845
733.365
732.975
732.57
732.13
731.7
731.28
730.88
730.425
729.92
729.48
729.01
728.535
728.105
727.71
727.26
726.865
726.52
726.2
725.85
725.475
725.14
724.82
724.51
724.2
723.895
723.5
723.11
722.72
722.305
721.835
721.41
721
720.57
720.105
719.63
719.2
718.745
718.28
717.825
717.455
716.95
716.525
716.07
715.605
715.105
714.67
714.13
713.6
713.17
712.645
712.11
711.57
711.09
710.54
709.98
709.51
709.01
708.445
707.855
707.21
706.67
706.085
705.49
704.845
704.255
703.675
703.08
702.495
701.9
701.25
700.73
700.2
699.61
699.11
698.64
698.17
697.665
697.185
696.75
696.295
695.86
695.46
695.13
694.72
694.29
693.92
693.52
693.05
692.585
692.1
691.585
691.01
690.55
690.01
689.51
688.985
688.48
687.99
687.515
687.05
686.515
685.97
685.49
685.01
684.46
683.95
683.425
682.9
682.325
681.87
681.26
680.695
680.13
679.59
679.045
678.365
677.77
677.24
676.78
676.305
675.825
675.38
674.955
674.52
674.04
673.6
673.175
672.775
672.33
671.94
671.525
671.125
670.7
670.245
669.775
669.26
668.775
668.3
667.83
667.305
666.775
666.31
665.86
665.365
664.9
664.435
664.04
663.525
663.1
662.65
662.22
661.76
661.37
660.95
660.525
660.085
659.75
659.35
658.89
658.525
658.095
657.63
657.13
656.7
656.1
655.64
655.21
654.725
654.195
653.66
653.04
652.465
651.915
651.305
650.755
650.255
649.71
649.205
648.73
648.16
647.75
647.275
646.805
646.365
645.97
645.635
645.3
644.94
644.625
644.285
643.975
643.68
643.445
643.13
642.89
