807.84
808.23
808.69
809.1
809.52
809.96
810.6
811.06
811.56
812.02
812.34
812.67
812.81
812.91
812.87
812.84
812.74
812.47
812.14
811.8
811.44
811.01
810.69
810.41
810.04
809.72
809.44
809.32
809.28
809.37
809.5
809.57
809.68
809.73
809.65
809.61
809.52
809.42
809.34
809.24
809.2
809.17
809.12
808.99
808.67
808.36
808.1
807.77
807.39
807.13
806.81
806.48
806.26
806.14
806.04
806.09
806.15
806.27
806.6
806.96
807.48
808.01
808.56
809.11
809.46
809.72
809.72
809.56
809.08
808.48
807.67
806.88
806.08
805.27
804.51
803.96
803.43
803.08
802.85
802.74
802.63
802.54
802.48
802.44
802.39
802.33
802.29
802.34
802.37
802.39
802.43
802.47
802.37
802.2
801.99
801.76
801.41
800.9
800.39
800.1
800.07
800.14
800.16
800.08
800.01
799.98
799.89
799.86
799.92
800
800.1
800.21
800.31
800.43
800.54
800.59
800.61
800.71
800.72
800.7
800.66
800.62
800.54
800.4
800.31
800.29
800.26
800.17
800.07
799.96
799.85
799.8
799.73
799.7
799.63
799.59
799.48
799.42
799.14
798.99
798.85
798.94
799.1
799.36
799.32
798.99
799.06
799.05
799.07
799.1
799.08
799.13
799.2
799.3
799.37
799.56
799.79
800.97
800.34
800.88
801.54
802.37
806.96
806.17
803.7
804.45
805.66
807.28
808.8
810.1
810.71
811.26
811.79
812.19
812.48
812.74
812.92
812.95
812.98
812.84
812.64
812.38
812.02
811.56
810.93
810.22
809.5
808.85
808.17
807.54
807.02
806.53
806.15
805.9
805.54
805.24
804.85
804.51
804.12
803.66
803.26
802.85
802.67
802.53
802.33
802.11
801.92
801.88
801.75
801.5
801.36
801.24
801.02
800.85
800.64
800.48
800.34
800.18
800.07
800.01
799.91
799.87
799.84
799.78
799.75
799.66
799.65
799.6
799.6
799.53
799.46
799.39
799.27
799.16
798.99
798.86
798.7
798.62
798.52
798.41
798.35
798.31
798.24
798.15
798.07
798.07
798.07
798.18
798.22
798.27
798.31
798.3
798.35
798.39
798.42
798.44
798.46
798.55
798.52
798.62
798.62
798.69
798.75
798.7
798.73
798.77
798.78
798.86
798.87
798.9
798.89
798.89
798.91
798.93
798.93
798.92
798.83
798.75
798.7
798.64
798.48
798.39
798.26
798.19
798
797.8
797.61
797.51
797.43
797.4
797.35
797.32
797.29
797.34
797.38
797.45
797.53
797.61
797.69
797.78
797.86
797.94
798
798.1
798.12
798.17
798.15
798.01
797.77
797.49
797.22
796.96
796.63
796.46
796.29
796.13
796.1
796.08
795.99
795.96
795.97
795.92
795.99
796.03
796.05
796.11
796.16
796.14
796.14
796.05
796.01
795.97
795.87
795.87
795.81
795.67
795.58
795.52
795.48
795.45
795.35
795.34
795.3
795.29
795.28
795.27
795.27
795.28
795.34
795.38
795.4
795.48
795.45
795.48
795.48
795.46
795.36
795.23
795.17
795.15
795.12
795.11
795.1
795.05
795.03
794.99
794.99
795
795.05
795.09
795.09
795.14
795.21
795.24
795.28
795.34
795.35
795.33
795.3
795.35
795.4
795.39
795.37
795.36
795.32
795.28
795.21
795.12
795.07
794.97
794.95
794.94
794.88
794.86
794.86
794.84
794.82
794.78
794.76
794.68
794.66
794.6
794.5
794.32
794.07
793.97
793.92
793.84
793.81
793.76
793.73
793.72
793.77
793.93
794.1
794.22
794.35
794.31
794.22
794.13
793.99
793.82
793.7
793.46
793.25
792.97
792.62
792.32
792
791.65
791.39
791.14
790.89
790.61
790.41
790.23
790.04
789.92
789.75
789.65
789.52
789.43
789.27
789.22
789.1
789.02
788.92
788.75
788.56
788.35
788.25
788.15
788.01
787.88
787.84
787.78
787.79
787.76
787.74
787.71
787.63
787.6
787.6
787.58
787.54
787.51
787.47
787.41
787.3
787.18
787.07
786.97
786.94
786.89
786.81
786.72
786.68
786.57
786.47
786.42
786.34
786.33
786.34
786.28
786.24
786.18
786.09
785.92
785.79
785.66
785.49
785.35
785.28
785.22
785.12
785
784.83
784.7
784.65
784.55
784.43
784.33
784.22
784.09
784.02
783.93
783.86
783.78
783.69
783.56
783.37
783.15
782.93
782.75
782.52
782.35
782.22
782.07
781.92
781.72
781.6
781.55
781.49
781.41
781.38
781.35
781.32
781.27
781.3
781.19
781.18
781.06
780.95
780.82
780.62
780.42
780.28
780.09
779.86
779.63
779.37
779.07
778.8
778.54
778.19
777.85
777.51
777.16
776.77
776.47
776.27
775.91
775.68
775.47
775.3
775.1
774.91
774.8
774.71
774.58
774.4
774.16
773.94
773.69
773.43
773.21
772.92
772.68
772.45
772.27
772
771.76
771.51
771.27
770.94
770.63
770.43
770.26
769.96
769.75
769.59
769.38
769.19
769.04
768.83
768.65
768.44
768.28
768.05
767.88
767.76
767.58
767.42
767.34
767.28
767.13
766.99
766.8
766.6
766.48
766.29
766.11
765.98
765.93
765.81
765.67
765.47
765.28
765.06
764.9
764.77
764.63
764.43
764.23
764.04
763.83
763.64
763.48
763.29
763.08
762.8
762.58
762.33
762.09
761.88
761.73
761.52
761.34
761.16
760.94
760.66
760.4
760.22
760.12
759.94
759.82
759.67
759.5
759.3
759.19
759.13
759.07
758.98
758.93
758.83
758.72
758.56
758.42
758.27
758.13
758.07
757.97
757.75
757.53
757.31
757.09
756.89
756.7
756.51
756.38
756.23
756.04
755.85
755.58
755.36
755.03
754.76
754.49
754.22
753.91
753.58
753.31
753.07
752.81
752.59
752.31
752.06
751.77
751.54
751.35
751.13
750.81
750.55
750.06
749.75
749.43
749.06
748.7
748.38
747.99
747.61
747.17
746.77
746.4
746.06
745.64
745.28
744.92
744.62
744.23
743.87
743.71
743.44
743.13
742.91
742.67
742.4
742.23
742.03
741.81
741.42
741.08
740.81
740.55
740.28
739.93
739.75
739.48
739.21
738.87
738.65
738.38
738.15
737.92
737.71
737.54
737.39
737.2
737
736.78
736.51
736.23
735.88
735.57
735.3
735.11
734.85
734.61
734.35
734.11
733.85
733.66
733.43
733.24
733.08
732.87
732.66
732.41
732.15
731.84
731.56
731.48
731.21
730.88
730.54
730.17
729.64
729.13
728.66
728.2
727.89
727.61
727.34
727.08
726.8
726.59
726.38
726.09
725.84
725.68
725.49
725.26
724.97
724.62
724.28
724.05
723.84
723.61
723.4
723.13
722.88
722.57
722.29
721.99
721.83
721.85
721.72
721.56
721.35
721.07
720.85
720.57
720.19
719.81
719.4
719
718.56
718.09
717.59
717.07
716.62
716.27
715.84
715.48
715.22
714.89
714.51
714.2
713.94
713.67
713.47
713.27
713.1
712.94
712.81
712.57
712.39
712.61
712.78
712.65
712.28
711.93
711.43
711.35
711.61
711.79
711.95
712.06
712.2
712.33
712.4
712.49
712.59
712.66
712.7
712.69
712.61
712.48
712.38
712.24
712.06
711.9
711.79
711.72
711.72
711.74
711.78
711.86
711.86
711.88
711.9
711.93
711.91
711.86
711.85
711.91
711.94
711.99
712.05
712.11
712.1
711.97
711.99
711.99
711.99
712.01
711.98
711.98
711.98
711.98
711.98
711.98
712
712.04
712.07
712.07
712.11
712.11
712.08
712.08
712.05
712.01
712
712.02
712.07
712.04
712.03
712.03
711.97
711.94
711.95
711.92
711.93
711.94
711.93
711.88
711.9
711.94
711.96
711.94
711.97
711.95
711.88
711.88
711.92
711.93
711.88
711.8
711.79
711.82
711.73
711.72
711.66
711.61
711.53
711.62
711.54
711.57
711.54
711.6
711.62
711.66
711.67
711.73
711.76
711.78
711.81
711.8
711.86
711.86
711.9
711.95
711.96
712.04
712.11
712.13
712.13
712.17
712.18
712.16
712.15
712.16
712.21
712.25
712.28
712.32
712.39
712.46
712.51
712.54
712.54
712.57
712.67
712.79
712.88
712.98
713.09
713.22
713.39
713.57
713.69
713.83
714
714.12
714.26
714.35
714.49
714.63
714.71
714.81
714.91
715
715.02
715.14
715.31
715.39
715.5
715.55
715.68
715.76
715.81
715.86
715.93
716.02
716.09
716.14
716.19
716.22
716.23
716.18
716.2
716.2
716.23
716.22
716.22
716.27
716.24
716.24
716.22
716.17
716.17
716.16
716.14
716.12
716.04
716.03
716.06
716.08
716.04
716.01
716.01
715.98
715.88
715.87
715.88
715.85
715.83
715.73
715.63
715.67
715.57
715.58
715.6
715.59
715.59
715.56
715.63
715.66
715.69
715.67
715.68
715.72
715.74
715.76
715.86
715.94
715.98
716.05
716.11
716.13
716.16
716.18
716.21
716.21
716.26
716.33
716.43
716.59
716.69
716.74
716.81
716.86
716.94
717.09
717.16
717.24
717.3
717.4
717.51
717.6
717.65
717.71
717.73
717.78
717.88
717.93
717.95
718
718.1
718.22
718.31
718.31
718.36
718.43
718.52
718.57
718.64
718.7
718.68
718.68
718.73
718.77
718.84
718.9
718.99
719.08
719.13
719.17
719.28
719.35
719.46
719.53
719.64
719.7
719.8
719.89
719.95
720.03
720.1
720.25
720.41
720.51
720.62
720.71
720.76
720.81
720.87
720.95
721.05
721.18
721.33
721.52
721.73
721.89
722.09
722.29
722.62
722.96
723.23
723.43
723.69
723.86
723.94
724.02
724.1
724.18
724.23
724.23
724.12
724.02
723.96
723.87
723.84
723.79
723.7
723.74
723.74
723.78
723.77
723.75
723.73
723.73
723.78
723.8
723.75
723.69
723.62
723.58
723.53
723.49
723.47
723.47
723.42
723.34
723.25
723.2
723.17
723.13
723.15
723.19
723.44
723.85
724.21
724.84
725.5
726.07
726.48
726.68
726.61
726.37
725.94
725.64
725.27
724.9
724.56
724.33
724.23
724.13
724.1
724.14
724.2
724.19
724.16
724.01
723.84
723.57
723.31
722.95
722.65
722.46
722.27
722.13
722.15
722.17
722.21
722.23
722.22
722.13
722.05
721.87
721.65
721.55
721.52
721.5
721.54
721.54
721.56
721.58
721.6
721.64
721.62
721.6
721.52
721.45
721.41
721.35
721.34
721.3
721.31
721.29
721.25
721.24
721.23
721.23
721.29
721.32
721.32
721.43
721.53
721.6
721.74
721.81
721.82
721.85
721.81
721.65
721.43
721.32
721.11
720.83
720.69
720.58
720.51
720.46
720.47
720.45
720.48
720.47
720.4
720.32
720.3
720.29
720.27
720.24
720.26
720.31
720.34
720.46
720.58
720.74
720.85
720.98
721.07
721.08
720.99
720.86
720.75
720.67
720.53
720.37
720.18
720
719.87
719.73
719.6
719.47
719.42
719.36
719.27
719.18
719.11
719.06
719.09
719.1
719.06
719
718.91
718.85
718.81
718.72
718.65
718.59
718.46
718.28
718.16
717.98
717.91
717.84
717.7
717.55
717.37
717.19
717.09
717.03
716.94
716.81
716.64
716.37
716.12
715.97
715.75
715.62
715.42
715.28
715.22
715.2
715.18
715.18
715.18
715.16
715.23
715.26
715.34
715.38
715.5
715.58
715.64
715.72
715.77
715.83
715.84
715.79
715.71
715.54
715.35
715.1
714.91
714.68
714.43
714.1
713.79
713.49
713.1
712.67
712.25
711.86
711.43
711.07
710.78
710.48
710.17
709.86
709.61
709.35
709.04
708.72
708.45
708.18
707.98
707.78
707.59
707.47
707.35
707.23
707.09
706.99
706.92
706.88
706.87
706.87
706.85
706.85
706.81
706.77
706.74
706.67
706.62
706.55
706.42
706.3
706.14
705.93
705.7
705.55
705.33
705.13
704.87
704.66
704.45
704.23
703.95
703.66
703.32
702.98
702.6
702.24
701.93
701.51
701.08
700.62
700.29
699.95
699.54
699.07
698.61
698.16
697.75
697.35
696.81
696.43
695.99
695.64
695.28
694.97
694.64
694.32
694
693.7
693.41
693.17
693
692.81
692.63
692.42
692.26
692.07
691.82
691.63
691.4
691.23
691.06
690.88
690.69
690.47
690.25
690.04
689.84
689.63
689.44
689.31
689.14
689.01
688.92
688.77
688.66
688.52
688.43
688.28
688.15
687.98
687.83
687.79
687.58
687.5
687.44
687.38
687.27
687.17
687.11
687.1
687
686.86
686.67
686.45
686.21
685.99
685.75
685.5
685.16
684.81
684.41
684.05
683.77
683.56
683.39
683.16
682.93
682.69
682.47
682.27
682.11
681.99
681.88
681.7
681.45
681.33
681.18
680.98
680.82
680.66
680.5
680.41
680.22
680.06
679.87
679.74
679.56
679.35
679.27
679.1
679
678.96
678.91
678.71
678.57
678.48
678.23
677.97
677.65
677.29
676.97
676.59
676.25
676.1
675.88
675.63
675.4
675.23
674.97
674.74
674.55
674.37
674.15
673.91
673.64
673.37
673.2
673.04
672.93
672.75
672.54
672.3
672.18
671.99
671.91
671.84
671.67
671.58
671.5
671.4
671.25
671.17
671.03
670.88
670.8
670.79
670.71
670.6
670.47
670.35
670.24
670.12
670.02
669.9
669.75
669.58
669.37
669.17
668.94
668.75
668.59
668.43
668.29
668.15
668.07
668.04
667.89
667.74
667.61
667.47
667.41
667.35
667.32
667.22
667.08
666.91
666.75
666.55
666.33
666.12
665.97
665.82
665.72
665.58
665.44
665.28
665.13
664.98
664.84
664.69
664.59
664.45
664.31
664.18
664.07
663.95
663.81
663.74
663.67
663.65
663.56
663.49
663.4
663.28
663.12
662.99
662.83
662.68
662.53
662.35
662.18
662.06
661.92
661.79
661.63
661.46
661.25
661.08
660.86
660.63
660.4
660.24
660.07
659.79
659.54
659.37
659.24
659.02
658.78
658.59
658.41
658.23
658.08
657.91
657.75
657.61
657.47
657.33
657.15
657
656.88
656.74
656.57
656.47
656.39
656.37
656.29
656.16
656.06
655.97
655.89
655.9
655.78
655.51
655.53
655.54
655.55
655.53
655.59
655.61
655.55
655.58
655.62
655.62
655.6
655.52
655.46
655.43
655.44
655.51
655.52
655.63
655.79
655.95
656.11
656.25
656.41
656.56
656.7
656.84
657.02
657.26
657.43
657.64
657.87
658.12
658.33
658.57
658.75
658.88
658.95
658.98
659
658.94
658.78
658.71
658.64
658.59
658.53
658.43
658.33
658.12
657.88
657.77
657.7
657.7
657.71
657.71
657.66
657.72
657.78
657.75
657.82
657.96
658.07
658.23
658.32
658.45
658.59
658.74
658.87
658.93
659.02
659.02
659.05
659.11
659.19
659.26
659.31
659.31
659.25
659.2
659.13
659.06
659.05
659.01
658.99
658.98
658.97
659.04
659.11
659.19
659.21
659.23
659.24
659.27
659.36
659.38
659.37
659.43
659.46
659.46
659.43
659.46
659.45
659.39
659.38
659.31
659.24
659.16
659.03
658.95
658.88
658.71
658.47
658.36
658.14
657.96
657.75
657.59
657.39
657.2
657.04
656.89
656.77
656.74
656.75
656.75
656.7
656.66
656.6
656.55
656.61
656.61
656.53
656.4
656.24
656.07
655.91
655.77
655.69
655.55
655.37
655.17
655.05
654.8
654.61
654.5
654.38
654.28
654.24
654.15
654.08
653.96
653.89
653.78
653.72
653.68
653.67
653.68
653.71
653.71
653.66
653.62
653.58
653.58
653.5
653.44
653.37
653.23
653.13
652.98
652.83
652.68
652.51
652.35
652.27
652.14
652.04
651.88
651.69
651.48
651.27
651.11
650.93
650.73
650.62
650.48
650.33
650.22
650.11
650.06
650
649.95
649.96
649.97
649.99
649.98
649.99
649.97
649.89
649.79
649.68
649.48
649.25
648.99
648.73
648.58
648.44
648.24
647.95
647.62
647.37
647.12
646.91
646.7
646.48
646.25
646.03
645.83
645.7
645.49
645.34
645.14
644.97
644.73
644.51
644.32
644.08
643.91
643.72
643.54
643.31
643.01
642.71
642.44
642.27
642.08
641.83
641.58
641.31
641.06
640.79
640.46
640.18
639.91
639.6
639.35
639.05
638.81
638.58
638.34
638.1
637.84
637.54
637.29
636.99
636.71
636.55
636.28
636.01
635.73
635.43
635.21
635.02
634.85
634.61
634.46
634.3
634.11
633.98
633.82
633.6
633.49
633.3
633.16
633.01
632.86
632.71
632.62
632.52
632.4
632.32
632.26
632.22
632.13
632.05
631.96
631.87
631.81
631.84
631.83
631.85
631.84
631.83
631.83
631.8
631.75
631.69
631.63
631.59
631.64
631.66
631.6
631.56
631.53
631.5
631.54
631.55
631.6
631.63
631.64
631.63
631.61
631.61
631.59
631.59
631.54
631.48
631.44
631.35
631.25
631.09
630.92
630.94
630.98
631.04
631.02
630.92
630.97
630.99
630.99
631.02
631.01
631.07
631.09
631.09
631.06
631.08
631.15
631.17
631.15
631.11
631.01
630.94
630.83
630.72
630.66
630.63
630.63
630.56
630.55
630.5
630.44
630.35
630.26
630.19
630.19
630.19
630.17
630.16
630.1
630.04
629.98
629.94
629.86
629.82
629.78
629.85
629.84
629.9
629.94
629.93
629.9
629.87
629.87
629.85
629.81
629.74
629.7
629.66
629.58
629.4
629.27
629.04
628.8
628.55
628.29
628.08
627.81
627.53
627.24
626.96
626.73
626.43
626.17
625.9
625.62
625.47
625.35
625.22
625.11
625.01
624.95
624.89
624.83
624.76
624.6
624.41
624.24
624.06
623.85
623.61
623.34
623.07
622.78
622.53
622.28
622.04
621.82
621.57
621.35
621.19
621.08
620.91
620.74
620.56
620.34
620.16
619.97
619.74
619.52
619.3
619.08
618.83
618.53
618.19
617.87
617.5
617.15
616.73
616.37
615.99
615.62
615.25
614.9
614.57
614.21
613.86
613.61
613.26
612.95
612.67
612.43
612.16
611.87
611.59
611.32
611.04
610.78
610.55
610.31
610.06
609.8
609.58
609.32
609.09
608.85
608.58
608.36
608.1
607.9
607.71
607.53
607.31
607.08
606.86
606.69
606.52
606.38
606.22
606.07
605.91
605.75
605.61
605.47
605.25
605.05
604.9
604.76
604.59
604.39
604.2
604.08
603.96
603.82
603.72
603.57
603.5
603.43
603.35
603.25
603.17
603.1
603.04
602.99
602.99
602.99
602.93
602.92
602.93
602.95
602.99
603.02
603.02
603.02
603.03
603.02
603.02
602.97
602.99
603.04
603.07
603.12
603.14
603.19
603.13
603.09
603.02
602.95
602.72
602.44
602.19
601.86
601.44
601.11
600.79
600.43
600.13
599.81
599.56
599.36
599.26
599.21
599.11
598.93
598.7
598.53
598.4
598.23
598.07
597.86
597.73
597.7
597.58
597.44
597.3
597.16
597.03
596.86
596.71
596.57
596.45
596.25
596.09
595.94
595.77
595.66
595.55
595.39
595.24
595.04
594.89
594.78
594.74
594.67
594.58
594.46
594.33
594.22
594.08
594.06
593.98
593.94
593.87
593.82
593.72
593.63
593.56
593.43
593.28
593.07
592.88
592.79
592.68
592.49
592.24
591.98
591.81
591.61
591.32
591.05
590.8
590.55
590.29
590.07
589.88
589.63
589.45
589.28
589.08
588.91
588.76
588.62
588.47
588.31
588.17
588.06
587.98
587.84
587.72
587.61
587.47
587.33
587.3
587.26
587.15
587.07
586.96
586.88
586.81
586.75
586.67
586.55
586.4
586.27
586.19
586.06
585.87
585.72
585.58
585.42
585.29
585.14
585.03
584.95
584.89
584.85
584.81
584.76
584.72
584.67
584.58
584.55
584.5
584.43
584.41
584.42
584.39
584.41
584.41
584.43
584.43
584.45
584.41
584.4
584.35
584.3
584.29
584.28
584.2
584.16
584.16
584.1
584
583.93
583.87
583.81
583.75
583.66
583.6
583.48
583.36
583.22
583.01
582.87
582.76
582.62
582.51
582.37
582.25
582.11
581.98
581.89
581.8
581.75
581.72
581.67
581.64
581.63
581.66
581.65
581.73
581.74
581.81
581.82
581.83
581.84
581.84
581.82
581.75
581.65
581.52
581.44
581.3
581.17
581.04
580.91
580.77
580.64
580.56
580.51
580.42
580.32
580.21
580.15
580.06
579.98
579.89
579.79
579.67
579.53
579.44
579.3
579.09
578.92
578.76
578.57
578.42
578.25
578.1
578.04
577.95
577.93
577.9
577.83
577.78
577.73
577.66
577.6
577.45
577.31
577.2
576.94
576.62
576.35
576.13
575.97
575.85
575.69
575.6
575.56
575.55
575.59
575.53
575.48
575.38
575.33
575.25
575.25
575.17
575.07
574.92
574.78
574.72
574.71
574.67
574.6
574.57
574.49
574.36
574.29
574.26
574.25
574.2
574.15
574.1
574.04
573.88
573.73
573.69
573.63
573.77
573.83
573.83
573.8
573.75
573.74
573.76
573.76
573.81
573.84
573.97
574.02
574.06
574.02
574.03
574.06
574.04
573.96
573.94
574
573.97
573.96
573.96
574.01
574.11
574.19
574.25
574.31
574.37
574.44
574.56
574.64
574.68
574.84
574.9
575.01
575.12
575.18
575.19
575.2
575.3
575.35
575.35
575.48
575.48
575.47
575.47
575.47
575.57
575.62
575.61
575.64
575.63
575.8
575.91
575.93
575.93
576.01
576.06
576.11
576.11
576.18
576.27
576.33
576.35
576.33
576.41
576.49
576.51
576.53
576.57
576.6
576.69
576.7
576.68
576.71
576.76
576.79
576.81
576.86
576.86
576.84
576.88
577
577.09
577.16
577.2
577.24
577.3
577.39
577.39
577.38
577.4
577.36
577.32
577.3
577.29
577.25
577.18
577.08
577.1
577.1
577.05
576.94
576.85
576.77
576.77
576.73
576.7
576.67
576.62
576.55
576.48
576.4
576.36
576.28
576.32
576.29
576.21
576.15
576.09
576.07
576.09
576.15
576.1
576.08
576.03
576.02
575.99
575.96
575.93
575.92
575.86
575.81
575.77
575.75
575.75
575.72
575.71
575.67
575.59
575.55
575.54
575.48
575.45
575.38
575.31
575.23
575.18
575.12
575.08
575.03
574.96
574.88
574.81
574.73
574.6
574.47
574.34
574.19
574.16
574.07
573.92
573.75
573.6
573.46
573.31
573.09
572.95
572.82
572.67
572.55
572.44
572.4
572.35
572.3
572.23
572.13
572.05
571.98
571.97
572.02
572.02
571.98
571.89
571.74
571.61
571.46
571.31
571.23
571.11
571.01
570.9
570.79
570.69
570.63
570.57
570.47
570.31
570.14
569.99
569.87
569.75
569.6
569.42
569.29
569.19
569.05
568.96
568.89
568.81
568.72
568.7
568.67
568.61
568.53
568.45
568.35
568.28
568.16
568.07
567.93
567.79
567.68
567.62
567.5
567.35
567.12
566.91
566.67
566.42
566.19
565.93
565.65
565.37
565.08
564.81
564.55
564.28
564.06
563.83
563.63
563.46
563.25
563
562.84
562.72
562.59
562.5
562.37
562.29
562.2
562.09
561.97
561.91
561.84
561.69
561.62
561.56
561.44
561.38
561.25
561.09
560.93
560.75
560.56
560.43
560.3
560.17
559.99
559.76
559.61
559.44
559.27
559.15
559.01
558.9
558.78
558.67
558.6
558.5
558.35
558.26
558.17
558.06
557.93
557.74
557.57
557.4
557.2
556.97
556.81
556.61
556.4
556.21
556.04
555.88
555.74
555.67
555.55
555.42
555.31
555.27
555.19
555.04
554.91
554.79
554.74
554.62
554.46
554.34
554.25
554.18
554.03
553.91
553.79
553.62
553.42
553.24
553.1
552.96
552.81
552.61
552.49
552.33
552.17
552
551.87
551.71
551.57
551.42
551.24
551.08
550.98
550.87
550.72
550.62
550.47
550.32
550.24
550.18
550.02
549.92
549.8
549.7
549.56
549.46
549.32
549.18
548.99
548.83
548.71
548.65
548.49
548.41
548.3
548.18
548.01
547.87
547.64
547.48
547.33
547.24
547.16
547.03
546.89
546.79
546.68
546.56
546.46
546.36
546.23
546.16
546.09
545.98
545.82
545.67
545.58
545.52
545.52
545.42
545.35
545.25
545.11
544.98
544.95
544.93
544.86
544.77
544.64
544.5
544.37
544.33
544.25
544.18
544.1
544.01
543.92
543.78
543.77
543.7
543.59
543.46
543.41
543.39
543.32
543.26
543.23
543.14
543.02
542.93
542.86
542.81
542.73
542.64
542.56
542.5
542.45
542.38
542.28
542.22
542.16
542.08
542
541.86
541.72
541.65
541.56
541.41
541.24
541.06
540.89
540.71
540.4
540.22
540.02
539.8
539.55
539.34
539.1
538.86
538.61
538.4
538.23
538.07
537.94
537.73
537.56
537.43
537.27
537.13
536.95
536.79
536.6
536.33
536.09
535.81
535.53
535.21
534.96
534.68
534.44
534.17
533.95
533.76
533.51
533.34
533.1
532.93
532.73
532.59
532.44
532.22
531.99
531.83
531.68
531.53
531.39
531.14
531
530.77
530.59
530.46
530.28
530.13
530.03
529.89
529.77
529.54
529.31
529.13
529.05
528.89
528.78
528.6
528.42
528.28
528.13
527.95
527.69
527.49
527.25
527.02
526.81
526.57
526.4
526.15
525.88
525.66
525.39
525.15
524.92
524.62
524.4
524.19
523.94
523.66
523.47
523.26
523.05
522.91
522.72
522.55
522.35
522.14
521.89
521.66
521.42
521.15
520.9
520.68
520.44
520.14
519.86
519.58
519.35
519.11
518.81
518.58
518.34
518.16
517.95
517.71
517.52
517.38
517.2
516.98
516.77
516.59
516.45
516.25
516.07
515.87
515.7
515.47
515.28
515.07
514.88
514.64
514.36
514.05
513.85
513.59
513.37
513.15
512.94
512.72
512.52
512.3
512.08
511.89
511.71
511.52
511.33
511.13
510.95
510.77
510.6
510.42
510.17
509.96
509.79
509.57
509.38
509.14
508.89
508.65
508.43
508.2
508.02
507.84
507.66
507.51
507.31
507.13
506.98
506.81
506.66
506.48
506.29
505.98
505.78
505.61
505.46
505.29
505.13
504.99
504.8
504.63
504.47
504.29
504.15
504.03
503.9
503.75
503.59
503.45
503.3
503.16
502.96
502.78
502.6
502.44
502.23
502.04
501.84
501.67
501.44
501.29
501.11
500.96
500.78
500.63
500.44
500.28
500.09
499.92
499.72
499.54
499.37
499.18
499
498.83
498.62
498.44
498.3
498.08
497.87
497.71
497.54
497.38
497.19
496.97
496.78
496.59
496.36
496.19
496.02
495.88
495.69
495.53
495.38
495.22
495.09
494.92
494.73
494.58
494.51
494.4
494.26
494.13
494
493.87
493.68
493.5
493.35
493.28
493.23
493.09
492.96
492.82
492.71
492.56
492.44
492.33
492.22
492.13
492.02
491.94
491.81
491.73
491.69
491.69
491.6
491.52
491.46
491.37
491.32
491.26
491.19
491.16
491.15
491.12
491.06
491.06
490.99
490.94
490.89
490.87
490.75
490.72
490.62
490.5
490.41
490.35
490.27
490.19
490.12
490.04
489.92
489.88
489.87
489.86
489.77
489.77
489.76
489.76
489.73
489.72
489.68
489.62
489.52
489.48
489.48
489.44
489.36
489.29
489.23
489.18
489.13
489.11
489
488.92
488.89
488.88
488.88
488.83
488.82
488.8
488.8
488.77
488.75
488.74
488.71
488.68
488.65
488.57
488.51
488.49
488.46
488.41
488.35
488.3
488.3
488.28
488.26
488.22
488.25
488.23
488.2
488.18
488.11
488.04
488.01
487.95
487.94
487.89
487.84
487.78
487.71
487.64
487.59
487.57
487.53
487.47
487.49
487.43
487.38
487.4
487.39
487.36
487.32
487.31
487.39
487.43
487.41
487.43
487.39
487.39
487.46
487.51
487.56
487.58
487.58
487.63
487.72
487.78
487.81
487.84
487.9
487.96
488
488.06
488.11
488.14
488.2
488.24
488.27
488.31
488.35
488.45
488.54
488.62
488.68
488.73
488.74
488.8
488.84
488.9
488.96
489.06
489.13
489.16
489.23
489.3
489.38
489.42
489.47
489.5
489.57
489.66
489.7
489.77
489.86
489.93
489.98
490.07
490.08
490.2
490.3
490.35
490.37
490.47
490.5
490.61
490.74
490.81
490.92
490.99
491.1
491.18
491.27
491.37
491.47
491.58
491.69
491.72
491.83
492
492.12
492.21
492.34
492.44
492.54
492.62
492.74
492.86
492.95
493.07
493.24
493.4
493.45
493.61
493.67
493.77
493.81
493.94
493.99
494.13
494.18
494.29
494.51
494.55
494.62
494.71
494.82
494.94
495.06
495.19
495.3
495.39
495.47
495.56
495.71
495.86
496
496.04
496.13
496.29
496.46
496.56
496.65
496.72
496.85
496.93
497.11
497.2
497.31
497.39
497.46
497.54
497.71
497.86
497.96
498.08
498.2
498.26
498.42
498.53
498.69
498.8
498.88
498.97
499.06
499.17
499.26
499.42
499.58
499.71
499.83
499.92
500.03
500.19
500.33
500.43
500.53
500.59
500.68
500.83
500.98
501.06
501.18
501.29
501.42
501.55
501.61
501.77
501.88
501.99
502.08
502.19
502.32
502.47
502.55
502.65
502.8
502.95
503.09
503.24
503.39
503.54
503.64
503.74
503.86
504
504.08
504.2
504.33
504.49
504.61
504.78
504.93
505.07
505.15
505.22
505.35
505.54
505.65
505.71
505.85
505.95
506.12
506.32
506.45
506.55
506.67
506.81
506.96
507.11
507.28
507.45
507.59
507.73
507.87
507.99
508.11
508.28
508.45
508.63
508.76
508.91
509.07
509.2
509.38
509.53
509.69
509.82
509.95
510.11
510.27
510.43
510.57
510.73
510.91
511.11
511.27
511.41
511.59
511.78
511.89
512.03
512.17
512.35
512.49
512.63
512.76
512.89
513.06
513.21
513.37
513.55
513.66
513.8
514
514.13
514.32
514.51
514.66
514.8
514.96
515.15
515.36
515.49
515.63
515.78
515.93
516.07
516.28
516.49
516.7
516.86
517.05
517.2
517.3
517.47
517.64
517.76
517.98
518.12
518.28
518.46
518.63
518.85
519.05
519.21
519.32
519.49
519.65
519.82
520.01
520.16
520.36
520.51
520.64
520.81
520.94
521.12
521.29
521.46
521.64
521.8
521.98
522.12
522.25
522.39
522.54
522.65
522.76
522.9
523.04
523.18
523.29
523.48
523.62
523.72
523.83
523.99
524.13
524.29
524.45
524.58
524.71
524.84
524.96
525.1
525.21
525.41
525.52
525.65
525.73
525.87
526.04
526.17
526.3
526.43
526.53
526.63
526.74
526.83
526.97
527.1
527.23
527.34
527.44
527.56
527.62
527.7
527.76
527.93
528.07
528.16
528.29
528.47
528.58
528.7
528.82
528.9
529.01
529.1
529.21
529.37
529.55
529.66
529.75
529.87
530
530.12
530.24
530.35
530.41
530.51
530.58
530.63
530.74
530.89
530.98
531.05
531.07
531.09
531.21
531.29
531.33
531.43
531.5
531.58
531.67
531.75
531.81
531.9
531.97
532.05
532.11
532.21
532.29
532.34
532.39
532.42
532.5
532.58
532.62
532.67
532.73
532.78
532.83
532.86
532.9
532.98
533.06
533.11
533.12
533.21
533.27
533.3
533.35
533.35
533.36
533.46
533.46
533.5
533.46
533.46
533.49
533.5
533.55
533.53
533.55
533.6
533.6
533.62
533.64
533.7
533.74
533.82
533.8
533.78
533.82
533.88
533.93
534
534.05
534.12
534.24
534.32
534.33
534.41
534.5
534.56
534.59
534.7
534.67
534.75
534.8
534.86
534.87
534.88
534.94
535.03
535.05
535.12
535.19
535.23
535.28
535.4
535.46
535.51
535.57
535.68
535.73
535.84
535.92
535.96
536.07
536.1
536.2
536.28
536.3
536.41
536.5
536.54
536.58
536.64
536.71
536.78
536.83
536.9
537.01
537.1
537.12
537.14
537.17
537.28
537.37
537.42
537.48
537.53
537.59
537.67
537.75
537.83
537.94
538.08
538.19
538.27
538.34
538.47
538.52
538.58
538.66
538.67
538.76
538.8
538.84
538.9
538.97
539.03
539.09
539.1
539.11
539.11
539.16
539.17
539.23
539.29
539.32
539.41
539.48
539.53
539.6
539.65
539.72
539.82
539.9
539.96
539.99
540.09
540.17
540.27
540.32
540.4
540.54
540.61
540.73
540.84
540.88
540.96
541.06
541.16
541.22
541.28
541.39
541.49
541.57
541.62
541.66
541.78
541.87
541.92
541.99
542.1
542.25
542.35
542.46
542.54
542.62
542.7
542.81
542.91
543.01
543.11
543.21
543.32
543.42
543.52
543.65
543.71
543.76
543.92
544.03
544.17
544.29
544.42
544.53
544.63
544.73
544.81
544.94
545.09
545.25
545.36
545.48
545.61
545.71
545.79
545.88
546
546.15
546.31
546.44
546.53
546.67
546.83
546.97
547.12
547.22
547.43
547.64
547.77
547.91
547.99
548.11
548.28
548.42
548.58
548.73
548.87
549
549.14
549.22
549.27
549.37
549.42
549.43
549.5
549.54
549.57
549.61
549.71
549.77
549.83
549.89
549.96
550.02
550.13
550.21
550.28
550.33
550.42
550.47
550.55
550.62
550.64
550.68
550.79
550.85
550.89
550.91
551.04
551.08
551.11
551.21
551.25
551.29
551.33
551.41
551.46
551.53
551.6
551.64
551.64
551.68
551.74
551.85
551.95
552
552.06
552.15
552.23
552.26
552.3
552.34
552.39
552.44
552.5
552.53
552.61
552.64
552.68
552.72
552.79
552.85
552.91
552.99
553.03
553.02
553.04
553.08
553.14
553.23
553.25
553.28
553.3
553.34
553.37
553.39
553.47
553.52
553.57
553.59
553.63
553.65
553.7
553.72
553.77
553.81
553.88
553.9
553.92
553.95
554.02
554.08
554.07
554.11
554.13
554.21
554.27
554.26
554.26
554.32
554.41
554.47
554.51
554.58
554.62
554.64
554.66
554.67
554.7
554.78
554.87
554.93
554.97
555.01
555.08
555.11
555.16
555.15
555.25
555.33
555.36
555.41
555.41
555.43
555.48
555.56
555.56
555.6
555.62
555.76
555.79
555.85
555.91
555.92
555.93
556.02
556.1
556.11
556.19
556.22
556.22
556.24
556.27
556.31
556.42
556.5
556.51
556.55
556.56
556.61
556.68
556.72
556.76
556.77
556.79
556.81
556.8
556.81
556.84
556.84
556.85
556.86
556.83
556.79
556.75
556.67
556.66
556.66
556.6
556.51
556.45
556.38
556.35
556.31
556.26
556.2
556.14
556.06
556.05
555.97
555.91
555.83
555.81
555.77
555.73
555.65
555.58
555.51
555.44
555.34
555.3
555.19
555.12
555.07
555.03
554.97
554.91
554.87
554.81
554.81
554.79
554.73
554.72
554.7
554.65
554.64
554.64
554.61
554.61
554.59
554.54
554.51
554.47
554.41
554.36
554.32
554.28
554.21
554.17
554.12
554.08
554
553.91
553.92
553.86
553.78
553.8
553.71
553.62
553.6
553.57
553.52
553.41
553.33
553.3
553.26
553.21
553.18
553.12
553.06
553.04
552.99
552.94
552.95
552.92
552.86
552.81
552.78
552.76
552.72
552.68
552.66
552.62
552.5
552.47
552.39
552.34
552.3
552.22
552.15
552.06
552
552.01
551.91
551.8
551.77
551.74
551.61
551.58
551.59
551.52
551.44
551.36
551.3
551.2
551.14
551.12
551.06
551.02
550.93
550.84
550.79
550.73
550.63
550.54
550.46
550.4
550.32
550.23
550.2
550.13
550.07
550.03
549.94
549.9
549.86
549.81
549.71
549.71
549.71
549.64
549.57
549.51
549.48
549.43
549.32
549.28
549.26
549.2
549.15
549.13
549.09
549.06
549.04
548.96
548.87
548.82
548.67
548.71
548.7
548.62
548.58
548.48
548.41
548.33
548.31
548.21
548.2
548.18
548.14
548.11
548.02
548.01
548.03
548.03
547.99
547.95
547.93
547.9
547.85
547.82
547.78
547.77
547.67
547.71
547.7
547.68
547.6
547.56
547.5
547.48
547.45
547.39
547.37
547.31
547.21
547.14
547.12
547.08
547.03
546.95
546.89
546.87
546.84
546.78
546.73
546.66
546.61
546.61
546.58
546.55
546.52
546.52
546.51
546.51
546.48
546.45
546.46
546.5
546.52
546.48
546.45
546.41
546.36
546.37
546.4
546.41
546.36
546.32
546.27
546.2
546.08
546.01
545.95
545.93
545.92
545.84
545.76
545.68
545.64
545.66
545.68
545.71
545.69
545.66
545.68
545.65
545.61
545.68
545.71
545.78
545.76
545.77
545.75
545.75
545.78
545.75
545.67
545.67
545.7
545.68
545.57
545.47
545.44
545.42
545.4
545.37
545.34
545.38
545.34
545.31
545.37
545.43
545.44
545.48
545.48
545.56
545.59
545.6
545.63
545.74
545.79
545.81
545.9
545.9
545.99
546.02
546.05
546.07
546.15
546.19
546.24
546.3
546.39
546.44
546.52
546.57
546.63
546.64
546.67
546.67
546.71
546.78
546.9
546.9
547.01
547.05
547.09
547.18
547.27
547.27
547.28
547.31
547.38
547.44
547.47
547.54
547.54
547.58
547.61
547.6
547.63
547.62
547.61
547.7
547.82
547.81
547.87
547.93
548.07
548.13
548.14
548.16
548.27
548.33
548.29
548.35
548.3
548.37
548.46
548.51
548.58
548.54
548.61
548.7
548.77
548.81
548.84
548.83
548.89
548.89
548.9
548.97
548.96
548.98
549.03
549.06
549
549
548.97
548.96
548.99
549.01
548.97
548.95
548.93
548.98
549
549.05
549.11
549.07
549.1
549.17
549.19
549.2
549.24
549.27
549.29
549.31
549.35
549.39
549.46
549.45
549.43
549.43
549.45
549.5
549.57
549.64
549.65
549.69
549.74
549.76
549.71
549.77
549.84
549.88
549.93
549.97
549.98
550.02
550.03
550.02
550.03
550.09
550.23
550.29
550.35
550.42
550.47
550.56
550.59
550.69
550.71
550.73
550.75
550.76
550.81
550.81
550.82
550.8
550.77
550.77
550.72
550.6
550.59
550.56
550.52
550.48
550.44
550.42
550.43
550.42
550.36
550.4
550.37
550.4
550.42
550.46
550.44
550.46
550.49
550.49
550.52
550.53
550.55
550.59
550.59
550.58
550.56
550.54
550.45
550.37
550.29
550.22
550.15
550.03
549.99
549.95
549.88
549.89
549.88
549.87
549.89
549.85
549.82
549.83
549.9
549.97
550.01
549.96
549.96
549.99
550.04
550.06
550.08
550.04
550.06
550.1
550.14
550.13
550.14
550.12
550.24
550.2
550.3
550.32
550.35
550.38
550.39
550.38
550.4
550.44
550.48
550.5
550.51
550.6
550.6
550.64
550.68
550.68
550.68
550.74
550.8
550.86
550.9
550.97
551.01
551.03
551.14
551.17
551.2
551.27
551.33
551.37
551.39
551.44
551.48
551.55
551.57
551.63
551.69
551.74
551.83
551.86
551.92
551.97
552.03
552.11
552.15
552.19
552.27
552.34
552.4
552.47
552.52
552.59
552.6
552.64
552.72
552.75
552.82
552.86
552.9
552.99
553.03
553.05
553.12
553.2
553.28
553.34
553.38
553.42
553.47
553.53
553.62
553.67
553.71
553.75
553.77
553.81
553.86
553.9
553.96
553.97
553.98
553.99
554.04
554.06
554.07
554.09
554.11
554.13
554.12
554.13
554.18
554.24
554.26
554.24
554.31
554.34
554.37
554.31
554.37
554.43
554.51
554.53
554.59
554.64
554.64
554.66
554.69
554.76
554.78
554.82
554.85
554.88
554.94
555.01
555.04
555.07
555.09
555.11
555.15
555.13
555.16
555.19
555.21
555.24
555.21
555.23
555.23
555.22
555.3
555.37
555.36
555.4
555.52
555.56
555.57
555.67
555.77
555.84
555.96
556.08
556.17
556.34
556.4
556.52
556.67
556.83
556.99
557.16
557.36
557.53
557.69
557.9
558.1
558.33
558.51
558.75
558.97
559.2
559.44
559.71
559.99
560.26
560.52
560.81
561.09
561.39
561.68
561.95
562.22
562.48
562.69
562.92
563.16
563.44
563.66
563.9
564.14
564.44
564.7
564.97
565.26
565.53
565.84
566.14
566.45
566.71
566.99
567.28
567.61
567.95
568.3
568.6
568.91
569.23
569.58
569.91
570.18
570.42
570.71
570.94
571.12
571.3
571.5
571.68
571.92
572.18
572.4
572.59
572.81
573.07
573.3
573.58
573.84
574.16
574.45
574.71
574.96
575.12
575.43
575.69
576
576.25
576.51
576.75
576.97
577.16
577.41
577.61
577.86
578.14
578.41
578.68
578.94
579.18
579.46
579.75
579.97
580.2
580.45
580.71
580.85
581.08
581.34
581.55
581.79
582
582.2
582.44
582.53
582.75
583.05
583.26
583.54
583.72
583.93
584.1
584.33
584.54
584.77
585.01
585.25
585.51
585.71
585.93
586.16
586.39
586.63
586.83
587.04
587.28
587.51
587.69
587.93
588.18
588.39
588.59
588.79
589.01
589.2
589.38
589.57
589.77
589.92
590.07
590.25
590.39
590.52
590.69
590.88
591.06
591.25
591.43
591.65
591.87
592.06
592.28
592.54
592.79
593.02
593.24
593.41
593.58
593.74
593.93
594.11
594.26
594.35
594.49
594.67
594.85
594.94
595.07
595.23
595.35
595.47
595.57
595.76
595.91
596.01
596.08
596.16
596.33
596.42
596.53
596.66
596.75
596.87
597.02
597.18
597.19
597.27
597.38
597.48
597.58
597.68
597.74
597.8
597.88
597.97
598.06
598.13
598.2
598.29
598.36
598.45
598.54
598.64
598.71
598.81
598.88
598.97
599.01
599.11
599.21
599.27
599.3
599.43
599.48
599.56
599.54
599.64
599.72
599.76
599.8
599.84
599.92
599.94
600.02
600.08
600.16
600.22
600.29
600.39
600.43
600.49
600.55
600.63
600.69
600.78
600.88
600.95
600.99
601.05
601.12
601.19
601.26
601.29
601.35
601.51
601.62
601.74
601.8
601.87
601.96
602.02
602.1
602.18
602.3
602.37
602.43
602.53
602.61
602.63
602.7
602.81
602.87
602.92
602.99
603.02
603.1
603.24
603.3
603.36
603.4
603.45
603.51
603.6
603.68
603.75
603.79
603.88
603.94
604
604.12
604.22
604.26
604.35
604.42
604.47
604.5
604.61
604.72
604.81
604.89
604.99
605.09
605.17
605.24
605.31
605.43
605.49
605.56
605.66
605.71
605.8
605.87
605.9
605.95
606
606.02
606.12
606.22
606.32
606.4
606.51
606.56
606.66
606.74
606.82
606.87
606.92
607.02
607.1
607.16
607.24
607.42
607.52
607.64
607.78
607.87
607.97
608.11
608.27
608.4
608.53
608.69
608.82
608.94
609.05
609.16
609.26
609.3
609.41
609.47
609.57
609.62
609.69
609.76
609.76
609.87
610.04
610.2
610.31
610.41
610.53
610.72
610.8
610.93
611.14
611.28
611.45
611.58
611.76
611.96
612.11
612.26
612.46
612.55
612.67
612.86
613.04
613.22
613.38
613.55
613.64
613.78
613.96
614.12
614.3
614.48
614.62
614.81
615
615.16
615.31
615.42
615.61
615.78
615.93
616.1
616.18
616.36
616.54
616.67
616.83
616.98
617.15
617.32
617.5
617.65
617.78
617.97
618.18
618.35
618.53
618.73
618.86
619.02
619.19
619.34
619.5
619.65
619.8
619.91
620.09
620.33
620.52
620.64
620.74
620.87
621.05
621.23
621.35
621.5
621.66
621.78
621.9
622.12
622.29
622.39
622.59
622.72
622.83
622.98
623.09
623.26
623.41
623.58
623.74
623.86
624.01
624.19
624.37
624.52
624.65
624.83
624.98
625.16
625.37
625.53
625.67
625.83
625.98
626.15
626.34
626.51
626.62
626.79
626.87
627.05
627.21
627.33
627.48
627.61
627.77
627.97
628.07
628.28
628.45
628.62
628.77
628.92
629.16
629.31
629.45
629.6
629.76
629.91
630.05
630.2
630.36
630.5
630.63
630.78
630.89
631.05
631.25
631.43
631.55
631.66
631.8
631.97
632.14
632.31
632.47
632.6
632.73
632.91
633.01
633.12
633.3
633.45
633.57
633.71
633.88
634.06
634.21
634.36
634.5
634.57
634.74
634.95
635.11
635.24
635.39
635.54
635.67
635.78
635.85
635.92
635.93
635.93
635.97
635.94
635.92
635.93
635.92
635.93
635.93
635.87
635.88
635.88
635.87
635.87
635.88
635.93
635.96
635.94
635.96
636.03
636.04
636.06
636.13
636.14
636.2
636.2
636.27
636.33
636.37
636.39
636.42
636.51
636.55
636.61
636.65
636.69
636.69
636.74
636.71
636.72
636.73
636.75
636.71
636.73
636.73
636.71
636.75
636.76
636.76
636.75
636.77
636.88
636.9
636.91
636.93
636.98
637.07
637.16
637.21
637.24
637.26
637.33
637.37
637.39
637.38
637.39
637.37
637.35
637.32
637.33
637.37
637.33
637.35
637.4
637.41
637.41
637.38
637.41
637.46
637.45
637.5
637.52
637.56
637.61
637.62
637.67
637.75
637.85
637.82
637.86
637.95
638.06
638.15
638.23
638.32
638.41
638.54
638.66
638.8
638.97
639.18
639.36
639.49
639.64
639.74
639.79
639.89
639.9
639.96
639.99
639.98
639.97
640
640.03
640.1
640.17
640.25
640.34
640.39
640.49
640.6
640.67
640.72
640.78
640.86
640.9
640.92
641.02
641.09
641.14
641.19
641.31
641.38
641.46
641.57
641.66
641.75
641.88
642
642.08
642.18
642.25
642.32
642.37
642.41
642.45
642.52
642.55
642.62
642.66
642.73
642.74
642.79
642.86
642.95
642.99
643.1
643.22
643.31
643.35
643.44
643.52
643.6
643.74
643.83
643.96
644.11
644.2
644.35
644.49
644.6
644.7
644.74
644.81
644.87
644.94
644.94
644.99
644.95
644.94
644.91
644.95
644.97
645.01
645.01
644.99
644.96
644.94
644.91
644.91
644.94
644.92
644.93
644.98
645.01
645
645
645.04
645.06
645.07
645.14
645.2
645.27
645.34
645.36
645.39
645.45
645.53
645.59
645.63
645.7
645.76
645.79
645.83
645.88
645.96
645.93
646
646.05
646.04
646.07
646.08
646.14
646.2
646.29
646.33
646.42
646.46
646.5
646.52
646.59
646.7
646.76
646.82
646.85
646.94
646.98
647.08
647.14
647.22
647.3
647.34
647.38
647.4
647.55
647.56
647.64
647.66
647.71
647.68
647.75
647.81
647.83
647.88
647.87
647.92
648.04
648.13
648.15
648.21
648.24
648.29
648.35
648.38
648.45
648.48
648.56
648.64
648.64
648.71
648.75
648.79
648.8
648.81
648.92
648.95
649.01
649.06
649.12
649.21
649.23
649.26
649.38
649.46
649.45
649.53
649.56
649.61
649.68
649.76
649.87
649.97
650.05
650.16
650.29
650.4
650.53
650.6
650.7
650.85
651
651.14
651.28
651.41
651.53
651.67
651.86
651.99
652.18
652.38
652.56
652.71
652.89
653.09
653.23
653.43
653.63
653.83
654.01
654.17
654.41
654.58
654.77
654.96
655.14
655.29
655.42
655.63
655.8
656
656.2
656.37
656.58
656.75
656.98
657.26
657.55
657.79
658.01
658.2
658.54
658.79
659.03
659.28
659.57
659.81
660
660.29
660.5
660.78
661.06
661.34
661.56
661.82
662
662.21
662.44
662.7
662.93
663.14
663.28
663.56
663.81
664.03
664.27
664.5
664.75
664.98
665.23
665.49
665.74
665.99
666.25
666.53
666.82
667.06
667.28
667.57
667.84
668.06
668.29
668.48
668.72
668.93
669.19
669.5
669.76
669.96
670.22
670.5
670.72
671
671.29
671.54
671.77
672.04
672.33
672.63
672.85
673.12
673.35
673.62
673.86
674.12
674.38
674.67
674.89
675.11
675.35
675.58
675.82
676.08
676.32
676.57
676.84
677.12
677.37
677.61
677.88
678.16
678.41
678.67
678.95
679.25
679.51
679.78
680.03
680.25
680.48
680.74
680.93
681.1
681.28
681.35
681.44
681.58
681.68
681.77
681.94
682.09
682.27
682.42
682.55
682.7
682.87
683.01
683.11
683.24
683.41
683.55
683.65
683.77
683.92
684.05
684.12
684.15
684.25
684.31
684.39
684.49
684.54
684.57
684.51
684.53
684.53
684.59
684.57
684.59
684.63
684.63
684.65
684.71
684.75
684.78
684.82
684.81
684.89
684.87
684.93
684.97
684.99
685.01
685.07
685.07
685.08
685.06
685.02
685.02
684.97
684.89
684.76
684.62
684.43
684.29
684.13
683.96
683.79
683.63
683.51
683.32
683.16
683.04
682.92
682.79
682.63
682.54
682.37
682.18
681.98
681.85
681.71
681.56
681.4
681.2
681.03
680.8
680.58
680.37
680.23
680.09
679.91
679.73
679.62
679.39
679.25
679.1
678.97
678.82
678.7
678.64
678.53
678.38
678.31
678.22
678.09
677.9
677.69
677.59
677.34
677.11
676.97
676.77
676.51
676.26
676.12
675.9
675.67
675.55
675.35
675.18
675.04
674.92
674.69
674.43
674.28
674.08
673.8
673.51
673.26
673.02
672.73
672.57
672.42
672.24
672.1
671.96
671.84
671.86
671.86
671.8
671.67
671.65
671.55
671.46
671.38
671.3
671.21
671.14
671.12
671.15
671.16
671.17
671.2
671.24
671.33
671.42
671.45
671.53
671.59
671.61
671.61
671.6
671.6
671.53
671.47
671.4
671.31
671.29
671.18
671.11
671.05
670.98
670.94
670.88
670.76
670.68
670.64
670.56
670.48
670.43
670.35
670.28
670.18
670.12
670.03
669.94
669.83
669.8
669.82
669.73
669.7
669.66
669.63
669.6
669.55
669.63
669.6
669.62
669.68
669.75
669.82
669.85
669.87
669.94
669.93
669.94
669.96
669.96
669.83
669.77
669.72
669.63
669.58
669.48
669.4
669.28
669.18
669.11
669
668.95
668.85
668.78
668.74
668.76
668.67
668.69
668.7
668.68
668.71
668.69
668.71
668.71
668.7
668.62
668.63
668.66
668.66
668.68
668.69
668.64
668.59
668.57
668.58
668.62
668.58
668.58
668.61
668.64
668.63
668.58
668.57
668.6
668.61
668.55
668.58
668.6
668.62
668.58
668.54
668.52
668.56
668.54
668.55
668.52
668.5
668.47
668.45
668.4
668.4
668.35
668.33
668.32
668.28
668.28
668.23
668.22
668.14
668.14
668.16
668.16
668.13
668.05
668.07
668.08
668.05
667.98
667.96
667.97
667.91
667.84
667.84
667.9
667.81
667.8
667.73
667.69
667.7
667.68
667.62
667.6
667.63
667.66
667.61
667.63
667.65
667.72
667.8
667.88
667.92
667.96
668.07
668.15
668.18
668.29
668.37
668.47
668.62
668.67
668.76
668.87
669.01
669.12
669.16
669.26
669.34
669.37
669.41
669.48
669.49
669.51
669.48
669.51
669.5
669.55
669.56
669.55
669.63
669.68
669.76
669.84
669.9
670.03
670.16
670.32
670.43
670.51
670.54
670.55
670.61
670.64
670.67
670.68
670.7
670.78
670.79
670.81
670.87
670.94
671.04
671.11
671.16
671.29
671.35
671.44
671.5
671.57
671.64
671.69
671.68
671.68
671.77
671.75
671.73
671.78
671.84
671.85
671.86
671.92
671.96
672.01
672.12
672.18
672.26
672.33
672.37
672.38
672.41
672.44
672.44
672.41
672.42
672.41
672.38
672.31
672.2
672.13
672.11
671.96
671.87
671.86
671.78
671.79
671.73
671.72
671.72
671.69
671.64
671.67
671.72
671.79
671.86
671.91
671.98
672
672.09
672.17
672.24
672.27
672.29
672.37
672.42
672.43
672.4
672.45
672.47
672.51
672.5
672.5
672.5
672.5
672.55
672.58
672.6
672.62
672.64
672.67
672.67
672.7
672.72
672.78
672.77
672.68
672.72
672.65
672.66
672.7
672.64
672.69
672.72
672.69
672.68
672.68
672.63
672.62
672.7
672.69
672.71
672.68
672.75
672.71
672.76
672.85
672.85
672.93
673.01
673.08
673.12
673.17
673.22
673.32
673.37
673.44
673.44
673.51
673.58
673.66
673.77
673.82
673.92
673.99
674.08
674.16
674.23
674.32
674.44
674.52
674.59
674.63
674.66
674.75
674.83
674.87
674.88
674.96
674.96
675
675.04
675.08
675.13
675.18
675.25
675.28
675.28
675.4
675.46
675.51
675.57
675.56
675.53
675.63
675.65
675.69
675.78
675.79
675.89
676.05
676.16
676.31
676.4
676.46
676.54
676.67
676.8
676.84
676.87
676.91
676.96
677.04
677.09
677.15
677.2
677.31
677.33
677.42
677.47
677.58
677.69
677.8
677.88
677.98
678.13
678.21
678.3
678.38
678.43
678.49
678.62
678.73
678.78
678.95
679.05
679.12
679.27
679.45
679.47
679.54
679.69
679.76
679.83
679.96
680.01
680.1
680.16
680.27
680.44
680.52
680.57
680.7
680.79
680.91
681.05
681.17
681.23
681.35
681.45
681.53
681.62
681.74
681.82
681.9
681.98
682.05
682.15
682.27
682.38
682.49
682.63
682.73
682.85
682.97
683.04
683.13
683.27
683.41
683.53
683.63
683.72
683.84
683.95
684.05
684.15
684.15
684.28
684.37
684.47
684.49
684.5
684.55
684.63
684.66
684.72
684.71
684.73
684.79
684.82
684.88
684.86
684.89
684.94
685.05
685.13
685.18
685.27
685.3
685.39
685.47
685.54
685.68
685.76
685.86
686.03
686.13
686.24
686.38
686.48
686.65
686.81
686.95
687.09
687.25
687.44
687.57
687.68
687.83
688.02
688.15
688.29
688.5
688.64
688.8
688.91
688.99
689.08
689.16
689.21
689.24
689.18
689.18
689.14
689.09
689
688.97
688.87
688.78
688.74
688.72
688.64
688.72
688.79
688.88
688.93
689.07
689.24
689.42
689.6
689.72
689.88
689.97
690.05
690.1
690.18
690.2
690.19
690.19
690.15
690.1
690.1
690.17
690.2
690.27
690.32
690.34
690.44
690.56
690.66
690.73
690.76
690.91
691.02
691.04
691.09
691.19
691.19
691.25
691.3
691.29
691.25
691.15
691.11
691.15
691.12
691.1
691.11
691.17
691.17
691.21
691.33
691.4
691.47
691.52
691.65
691.83
691.94
692.1
692.26
692.44
692.55
692.68
692.81
692.95
693.07
693.15
693.31
693.44
693.53
693.58
693.62
693.69
693.75
693.79
693.84
693.88
693.93
693.93
693.93
693.96
694.03
694.06
694.11
694.17
694.24
694.35
694.49
694.62
694.72
694.83
694.94
695.09
695.19
695.34
695.44
695.53
695.62
695.72
695.8
695.87
696.03
696.18
696.27
696.37
696.48
696.54
696.65
696.85
696.95
697.07
697.23
697.36
697.51
697.64
697.75
697.86
698.08
698.17
698.31
698.5
698.69
698.83
698.96
699.15
699.26
699.46
699.67
699.8
700
700.2
700.4
700.58
700.74
700.9
701.08
701.24
701.42
701.59
701.72
701.86
701.99
702.03
702.17
702.31
702.35
702.56
702.73
702.84
702.96
703.17
703.29
703.4
703.54
703.66
703.82
703.98
704.09
704.19
704.31
704.53
704.71
704.91
705.09
705.23
705.39
705.59
705.83
706.05
706.21
706.43
706.59
706.77
707.04
707.3
707.56
707.72
707.94
708.19
708.41
708.58
708.75
708.98
709.2
709.43
709.64
709.8
710
710.2
710.27
710.39
710.5
710.63
710.76
710.88
711.02
711.18
711.19
711.27
711.44
711.62
711.68
711.8
711.92
712.08
712.21
712.38
712.55
712.68
712.87
713.04
713.1
713.21
713.35
713.52
713.66
713.87
714.01
714.15
714.36
714.55
714.71
714.86
714.98
715.24
715.45
715.68
715.87
716.05
716.22
716.4
716.6
716.8
716.99
717.24
717.42
717.67
717.86
718.04
718.29
718.45
718.58
718.72
718.84
719.02
719.21
719.3
719.46
719.62
719.68
719.76
719.93
720
720.05
720.17
720.24
720.36
720.37
720.39
720.4
720.44
720.5
720.54
720.69
720.76
720.78
720.79
720.84
720.84
720.81
720.78
720.78
720.76
720.77
720.8
720.87
720.89
720.89
720.95
721.09
721.19
721.26
721.28
721.39
721.5
721.59
721.6
721.67
721.71
721.79
721.87
721.98
722.07
722.14
722.18
722.22
722.26
722.29
722.35
722.39
722.34
722.37
722.29
722.12
722.03
721.84
721.73
721.59
721.48
721.42
721.28
721.18
721.08
721.02
720.97
720.92
720.89
720.9
720.85
720.82
720.8
720.78
720.73
720.72
720.64
720.66
720.6
720.58
720.6
720.59
720.58
720.53
720.52
720.45
720.4
720.33
720.15
719.95
719.81
719.58
719.4
719.18
718.96
718.86
718.67
718.51
718.41
718.3
718.22
718.13
718.02
717.95
717.95
717.9
717.87
717.87
717.87
717.91
717.97
718.01
718.01
717.95
717.91
717.9
717.85
717.85
717.78
717.75
717.78
717.73
717.7
717.61
717.54
717.42
717.31
717.24
717.17
717.06
716.97
716.97
716.92
716.84
716.78
716.7
716.61
716.55
716.53
716.53
716.51
716.5
716.39
716.36
716.29
716.2
716.1
716
715.89
715.83
715.75
715.7
715.55
715.5
715.4
715.27
715.22
715.15
715.12
715.05
715.02
715
714.96
714.95
714.96
714.92
714.9
714.91
714.85
714.75
714.64
714.56
714.49
714.4
714.31
714.21
714.07
713.97
713.88
713.7
713.62
713.58
713.41
713.3
713.22
713.12
713.12
713.01
712.88
712.81
712.71
712.57
712.5
712.41
712.33
712.23
712.13
711.95
711.82
711.62
711.46
711.36
711.3
711.21
711.13
711.03
711
710.9
710.9
710.94
710.97
710.99
711.07
711.14
711.17
711.16
711.23
711.3
711.33
711.32
711.35
711.42
711.46
711.48
711.41
711.44
711.33
711.25
711.17
711.05
710.9
710.84
710.73
710.67
710.58
710.5
710.45
710.4
710.36
710.37
710.37
710.35
710.34
710.29
710.3
710.31
710.25
710.33
710.31
710.26
710.24
710.25
710.21
710.14
710.13
710.1
710.04
710.02
709.94
709.87
709.81
709.74
709.67
709.58
709.54
709.55
709.54
709.57
709.54
709.57
709.52
709.49
709.51
709.5
709.47
709.48
709.4
709.37
709.35
709.31
709.32
709.29
709.28
709.23
709.23
709.23
709.19
709.16
709.11
709.11
709.11
709.08
709
709.01
708.99
708.93
708.95
709
708.99
709
708.93
708.89
708.99
709.04
709.04
709.09
709.06
708.96
708.93
708.97
708.96
708.97
708.99
708.96
708.94
708.94
709.04
709.11
709.14
709.21
709.3
709.34
709.35
709.43
709.5
709.57
709.6
709.62
709.63
709.77
709.81
709.95
710.09
710.19
710.32
710.35
710.44
710.53
710.68
710.78
710.85
710.98
711.01
711.03
711.02
711
710.94
710.86
710.77
710.75
710.66
710.58
710.57
710.59
710.61
710.62
710.75
710.81
710.82
710.85
710.88
710.97
711.05
711.13
711.19
711.25
711.31
711.27
711.31
711.46
711.51
711.58
711.67
711.78
711.88
712.03
712.15
712.21
712.33
712.49
712.59
712.7
712.78
712.91
713.02
713.12
713.16
713.14
713.2
713.23
713.32
713.41
713.51
713.62
713.72
713.89
714
714.19
714.27
714.33
714.38
714.46
714.51
714.53
714.56
714.57
714.54
714.6
714.54
714.57
714.58
714.56
714.6
714.62
714.66
714.76
714.89
715
715.07
715.14
715.13
715.12
715.19
715.25
715.27
715.31
715.32
715.37
715.47
715.54
715.6
715.68
715.75
715.81
715.92
716
716.13
716.24
716.26
716.33
716.38
716.42
716.47
716.47
716.45
716.45
716.45
716.41
716.4
716.37
716.32
716.26
716.2
716.18
716.12
716.09
715.98
715.95
715.9
715.83
715.75
715.69
715.66
715.58
715.54
715.41
715.38
715.34
715.29
715.19
715.15
715.11
715.12
715.1
715.09
715.09
715.07
715.04
715.04
715.08
715.06
715.04
715.02
714.99
715.01
715.06
715.09
715.15
715.19
715.26
715.31
715.34
715.33
715.35
715.32
715.32
715.33
715.33
715.38
715.4
715.4
715.37
715.29
715.34
715.31
715.32
715.25
715.2
715.24
715.24
715.21
715.24
715.27
715.32
715.34
715.37
715.38
715.44
715.47
715.46
715.53
715.55
715.56
715.55
715.54
715.53
715.49
715.43
715.44
715.46
715.52
715.53
715.53
715.57
715.66
715.75
715.89
716
716.11
716.28
716.42
716.52
716.56
716.66
716.76
716.82
716.86
716.73
716.6
716.43
716.22
716.03
715.78
715.49
715.18
714.93
714.72
714.59
714.46
714.28
714.09
713.91
713.73
713.61
713.5
713.38
713.17
713.01
712.85
712.67
712.55
712.39
712.22
712.09
711.94
711.79
711.68
711.57
711.4
711.31
711.25
711.1
711.07
711
710.95
710.93
710.87
710.76
710.7
710.6
710.51
710.32
710.06
709.83
709.57
709.34
709.07
708.81
708.6
708.4
708.27
708.14
708.02
707.98
707.87
707.84
707.74
707.64
707.55
707.42
707.34
707.21
707.05
706.92
706.83
706.68
706.6
706.44
706.3
706.2
706.11
705.99
705.81
705.74
705.67
705.63
705.53
705.41
705.38
705.32
705.3
705.24
705.19
705.13
705.08
705.07
705.12
705.12
705.12
705.16
705.2
705.33
705.34
705.42
705.55
705.7
705.73
705.71
705.76
705.79
705.76
705.68
705.64
705.43
705.28
705.08
704.87
704.72
704.59
704.5
704.45
704.47
704.44
704.36
704.36
704.38
704.41
704.4
704.42
704.41
704.38
704.32
704.3
704.25
704.22
704.25
704.31
704.22
704.25
704.23
704.23
704.19
704.18
704.16
704.09
704.03
704.01
703.9
703.84
703.76
703.77
703.75
703.76
703.78
703.81
703.83
703.88
703.89
703.83
703.76
703.58
703.46
703.46
703.42
703.34
703.24
703.22
703.2
703.12
703.11
703.17
703.15
703.13
703.12
703.14
703.21
703.32
703.39
703.4
703.45
703.58
703.69
703.72
703.76
703.86
703.92
703.97
704.06
704.16
704.22
704.25
704.28
704.13
703.99
703.91
703.82
703.8
703.82
703.8
703.83
703.76
703.79
703.85
703.9
703.93
704
704.11
704.21
704.27
704.32
704.35
704.44
704.54
704.64
704.7
704.81
704.87
705
705.1
705.17
705.26
705.35
705.38
705.46
705.48
705.51
705.56
705.5
705.47
705.41
705.34
705.31
705.27
705.23
705.18
705.18
705.14
705.1
705.07
705.08
705.09
705.1
705.06
705.05
705.15
705.22
705.26
705.3
705.39
705.43
705.46
705.53
705.58
705.58
705.64
705.62
705.66
705.73
705.78
705.87
705.89
705.82
705.89
705.79
705.8
705.85
705.87
705.84
705.9
705.92
705.98
706.06
706.15
706.23
706.29
706.43
706.51
706.66
706.78
706.84
706.96
707.09
707.2
707.29
707.44
707.63
707.83
707.96
708.08
708.23
708.37
708.45
708.53
708.64
708.78
708.87
708.96
709.03
709.08
709.23
709.29
709.38
709.49
709.66
709.79
709.96
710.16
710.27
710.44
710.62
710.76
710.89
711.1
711.33
711.52
711.7
711.89
712.1
712.31
712.51
712.72
712.89
713.08
713.29
713.45
713.6
713.71
713.77
713.91
714.09
714.18
714.34
714.52
714.64
714.77
714.96
715.11
715.27
715.46
715.59
715.77
715.95
716.12
716.24
716.44
716.68
716.83
716.96
717.05
717.2
717.31
717.47
717.64
717.77
717.92
718.11
718.25
718.37
718.44
718.59
718.76
718.88
718.98
719.05
719.13
719.25
719.28
719.37
719.45
719.48
719.49
719.47
719.43
719.41
719.44
719.53
719.63
719.71
719.8
719.89
720.08
720.25
720.34
720.45
720.57
720.68
720.77
720.83
720.86
720.93
721.03
721.07
721.06
721.07
721.11
721.07
721.01
720.95
720.94
720.8
720.77
720.82
720.79
720.83
720.87
720.88
720.92
720.96
720.99
721.05
721.08
721.12
721.15
721.23
721.29
721.36
721.38
721.44
721.44
721.5
721.51
721.48
721.51
721.48
721.45
721.4
721.44
721.45
721.45
721.44
721.46
721.47
721.5
721.54
721.54
721.53
721.58
721.59
721.62
721.63
721.76
721.87
721.92
722.01
722.13
722.25
722.4
722.51
722.6
722.68
722.85
722.98
723.02
723.06
723.11
723.19
723.22
723.21
723.19
723.24
723.34
723.35
723.39
723.42
723.49
723.52
723.52
723.51
723.52
723.54
723.54
723.54
723.6
723.65
723.74
723.8
723.8
723.89
723.96
724.03
724.13
724.25
724.32
724.4
724.49
724.52
724.59
724.67
724.73
724.78
724.76
724.77
724.88
724.93
724.95
724.95
724.94
724.93
724.95
724.92
724.87
724.9
724.93
724.91
724.91
724.91
724.95
724.98
724.96
725.01
724.98
725.02
725.09
725.09
725.09
725.13
725.18
725.32
725.31
725.36
725.45
725.49
725.56
725.62
725.69
725.77
725.84
725.93
726.01
726.13
726.26
726.37
726.43
726.58
726.68
726.81
726.9
726.96
727.14
727.35
727.53
727.65
727.8
727.89
728.05
728.14
728.23
728.3
728.38
728.41
728.5
728.61
728.71
728.82
728.88
728.96
729.03
729.12
729.2
729.31
729.43
729.42
729.38
729.43
729.41
729.47
729.44
729.45
729.46
729.5
729.5
729.46
729.52
729.58
729.61
729.73
729.81
729.86
729.95
730.05
730.14
730.23
730.35
730.5
730.61
730.82
731.04
731.25
731.47
731.61
731.82
732.06
732.27
732.48
732.68
732.88
733.02
733.15
733.31
733.45
733.59
733.67
733.73
733.75
733.75
733.75
733.7
733.74
733.69
733.58
733.59
733.42
733.36
733.39
733.37
733.33
733.3
733.3
733.34
733.35
733.32
733.3
733.41
733.43
733.45
733.45
733.48
733.54
733.63
733.68
733.73
733.82
733.88
733.91
733.89
733.95
733.94
733.96
733.93
733.91
733.87
733.83
733.8
733.78
733.66
733.55
733.41
733.27
733.15
733.01
732.89
732.73
732.66
732.57
732.49
732.49
732.53
732.51
732.48
732.44
732.43
732.39
732.4
732.39
732.38
732.46
732.55
732.61
732.62
732.64
732.72
732.77
732.79
732.83
732.89
732.91
732.95
732.94
732.9
732.93
732.87
732.82
732.76
732.73
732.7
732.59
732.54
732.54
732.51
732.49
732.45
732.5
732.53
732.6
732.66
732.76
732.86
732.97
733.07
733.16
733.24
733.31
733.37
733.42
733.48
733.54
733.65
733.73
733.86
734
734.1
734.11
734.07
734.06
734.11
734.17
734.14
734.2
734.23
734.26
734.29
734.26
734.13
734.03
733.97
733.87
733.86
733.83
733.82
733.86
733.86
733.98
734.05
734.16
734.25
734.34
734.46
734.59
734.76
734.98
735.26
735.53
735.93
736.27
736.57
736.84
737.07
737.2
737.36
737.35
737.27
737.18
737.01
736.86
736.71
736.67
736.66
736.74
736.79
736.9
737.04
737.19
737.4
737.72
738.07
738.36
738.69
738.98
739.29
739.55
739.79
739.95
740.04
740.12
740.18
740.2
740.16
740.09
740.02
739.96
740.02
739.96
739.96
740.03
740.12
740.19
740.25
740.3
740.35
740.38
740.41
740.51
740.57
740.77
740.9
740.93
740.96
741.02
741.05
741.09
741.08
740.96
740.87
740.86
740.85
740.82
740.79
740.82
740.86
740.98
741.1
741.22
741.36
741.5
741.68
741.74
741.86
742.05
742.2
742.23
742.3
742.44
742.53
742.62
742.79
742.92
743
743.14
743.24
743.45
743.6
743.76
743.92
744.08
744.22
744.27
744.32
744.53
744.64
744.8
744.97
745.12
745.35
745.7
745.95
746.2
746.46
746.69
746.92
747.19
747.5
747.82
748.08
748.31
748.56
748.85
749.14
749.42
749.74
750.08
750.33
750.58
750.79
750.99
751.17
751.36
751.51
751.62
751.8
751.86
751.89
751.96
752
752.08
752.13
752.17
752.23
752.3
752.38
752.43
752.45
752.46
752.48
752.42
752.44
752.4
752.26
752.17
752.12
752
751.86
751.7
751.55
751.37
751.14
751.04
750.91
750.79
750.72
750.66
750.61
750.56
750.48
750.49
750.45
750.4
750.36
750.28
750.21
750.17
750.11
750.08
750.01
749.92
749.87
749.79
749.7
749.61
749.55
749.51
749.42
749.36
749.24
749.1
749.01
748.95
748.89
748.8
748.68
748.64
748.62
748.49
748.45
748.41
748.35
748.2
748.09
748.08
748.01
747.94
747.87
747.8
747.76
747.67
747.64
747.61
747.51
747.39
747.25
747.17
746.99
746.8
746.57
746.4
746.22
746.11
745.94
745.75
745.59
745.42
745.22
745.07
744.86
744.67
744.48
744.26
744.08
743.87
743.62
743.31
743.1
742.91
742.64
742.38
742.13
741.87
741.62
741.32
741.1
740.84
740.6
740.37
740.18
739.96
739.76
739.59
739.44
739.3
739.17
739
738.89
738.75
738.59
738.48
738.35
738.24
738.17
738.02
737.92
737.81
737.77
737.67
737.63
737.55
737.47
737.39
737.35
737.33
737.21
737.13
737.06
737.03
736.97
736.87
736.86
736.77
736.7
736.63
736.52
736.4
736.26
736.08
735.88
735.74
735.61
735.47
735.31
735.08
734.85
734.59
734.43
734.17
733.95
733.76
733.58
733.42
733.21
733.07
732.93
732.75
732.65
732.47
732.29
732.14
732.04
731.86
731.64
731.37
731.18
730.96
730.84
730.73
730.61
730.54
730.44
730.42
730.39
730.38
730.38
730.28
730.2
730.12
730.12
730.16
730.16
730.11
730.05
730.05
730
729.9
729.75
729.66
729.41
729.17
728.89
728.61
728.4
728.15
727.94
727.72
727.54
727.34
727.13
726.99
726.72
726.45
726.31
726.11
725.95
725.79
725.61
725.41
725.2
725.06
724.96
724.81
724.68
724.54
724.46
724.41
724.31
724.18
724.06
723.94
723.86
723.68
723.64
723.54
723.39
723.26
723.13
723.04
722.95
722.91
722.83
722.81
722.76
722.69
722.69
722.72
722.74
722.79
722.84
722.82
722.85
722.87
722.85
722.79
722.79
722.75
722.72
722.62
722.54
722.42
722.28
722.14
722.08
721.96
721.82
721.7
721.59
721.52
721.42
721.33
721.24
721.13
721.07
721
721.04
721.04
721.03
720.99
720.94
720.93
720.88
720.85
720.83
720.71
720.68
720.62
720.44
720.36
720.21
720.1
719.96
719.87
719.76
719.67
719.64
719.59
719.48
719.46
719.43
719.37
719.26
719.25
719.2
719.17
719.15
719.06
718.94
718.82
718.85
718.8
718.76
718.75
718.73
718.77
718.72
718.71
718.76
718.75
718.71
718.73
718.76
718.73
718.76
718.78
718.8
718.81
718.76
718.75
718.84
718.83
718.73
718.67
718.69
718.73
718.71
718.68
718.67
718.62
718.58
718.59
718.62
718.6
718.67
718.74
718.77
718.86
718.97
719.07
719.23
719.36
719.45
719.58
719.66
719.82
720
720.11
720.18
720.29
720.31
720.32
720.36
720.4
720.43
720.45
720.51
720.45
720.37
720.29
720.21
720.15
720.19
720.12
720.09
720.06
720.01
719.94
719.85
719.71
719.7
719.54
719.29
719.12
718.94
718.76
718.6
718.44
718.26
718.14
718.03
718.03
718.03
718.11
718.17
718.27
718.35
718.41
718.47
718.5
718.53
718.58
718.54
718.54
718.53
718.51
718.51
718.51
718.5
718.39
718.3
718.15
718.03
717.9
717.65
717.48
717.24
717.07
717
716.85
716.68
716.6
716.55
716.51
716.43
716.39
716.33
716.3
716.37
716.36
716.37
716.31
716.23
716.1
716.02
715.93
715.85
715.72
715.61
715.39
715.22
715.13
714.95
714.79
714.61
714.39
714.22
714.15
714.09
713.97
713.83
713.72
713.66
713.63
713.57
713.5
713.53
713.56
713.56
713.52
713.51
713.53
713.57
713.5
713.4
713.34
713.3
713.2
713.08
712.94
712.72
712.51
712.33
712.18
711.95
711.71
711.42
711.1
710.9
710.61
710.35
710.14
710.02
709.79
709.67
709.6
709.5
709.37
709.14
708.97
708.92
708.76
708.52
708.35
708.23
708.07
707.88
707.77
707.64
707.46
707.37
707.25
707.11
706.99
706.88
706.74
706.63
706.52
706.32
706.26
706.08
705.86
705.75
705.62
705.46
705.3
705.21
705.19
705.13
705.06
704.97
704.85
704.79
704.69
704.65
704.61
704.6
704.62
704.67
704.73
704.75
704.89
705
705.1
705.23
705.42
705.65
705.83
705.98
706.06
706.18
706.22
706.2
706.32
706.44
706.53
706.52
706.6
706.7
706.86
707.07
707.22
707.32
707.29
707.31
707.17
707.1
707.02
707
706.83
706.72
706.62
706.68
706.82
706.93
707.02
707.08
707.17
707.35
707.52
707.77
707.93
708.11
708.29
708.43
708.54
708.72
708.9
709.1
709.35
709.68
709.95
710.35
710.75
711.14
711.64
712.09
712.54
713.02
713.4
713.69
713.95
714.14
714.33
714.38
714.41
714.43
714.56
714.7
714.93
715.09
715.38
715.71
716.11
716.45
716.88
717.3
717.69
718.02
718.47
718.89
719.3
719.75
720.15
720.53
720.91
721.31
721.69
722.08
722.53
722.94
723.41
723.92
724.43
724.87
725.31
725.69
726.03
726.47
726.86
727.32
727.74
728.1
728.4
728.74
729.09
729.43
729.73
729.98
730.26
730.51
730.7
730.92
731.18
731.46
731.68
731.98
732.29
732.61
732.89
733.14
733.38
733.58
733.88
734.09
734.38
734.77
735.09
735.46
735.85
736.29
736.78
737.21
737.64
737.95
738.37
738.67
738.93
739.17
739.48
739.83
740.2
740.51
740.77
740.98
741.21
741.31
741.38
741.51
741.75
741.93
742.04
742.25
742.4
742.67
742.91
743.11
743.3
743.44
743.56
743.78
743.92
744.03
744.08
744.27
744.42
744.53
744.6
744.7
744.77
744.73
744.81
744.87
744.94
745.03
745.14
745.27
745.42
745.55
745.82
746.1
746.33
746.59
746.91
747.23
747.53
747.83
748.13
748.45
748.72
749
749.25
749.47
749.64
749.78
749.86
749.97
750.03
750
750.02
749.99
749.92
749.9
750
750.11
750.31
750.59
750.98
751.36
751.79
752.28
752.85
753.38
754.03
754.74
755.39
755.95
756.41
756.93
757.31
757.63
757.84
757.88
757.96
757.86
757.84
757.85
757.79
757.64
757.61
757.48
757.5
757.58
757.65
757.78
758
758.34
758.52
758.71
758.81
758.85
758.7
758.47
758.15
757.75
757.34
756.89
756.45
756.04
755.68
755.47
755.22
755.01
754.91
754.86
754.85
754.89
754.88
754.9
754.91
755.02
755.06
755.16
755.26
755.35
755.37
755.46
755.48
755.57
755.69
755.8
755.89
756.01
756.19
756.41
756.58
756.86
757.16
757.4
757.74
758
758.31
758.48
758.64
758.7
758.77
758.66
758.58
758.38
758.03
757.79
757.63
757.43
757.28
757.15
757.11
757.07
757.15
757.24
757.4
757.51
757.72
757.8
757.93
758.08
758.21
758.27
758.33
758.39
758.4
758.43
758.37
758.32
758.24
758.19
758.16
758.14
758.14
758.15
758.1
758.1
758.09
758.06
757.97
757.91
757.84
757.78
757.72
757.6
757.46
757.3
757.24
757.14
757.02
756.88
756.83
756.71
756.59
756.46
756.39
756.23
756.05
755.89
755.62
755.56
755.36
755.14
754.99
754.87
754.7
754.55
754.38
754.29
754.3
754.29
754.24
754.21
754.15
754.07
753.91
753.78
753.68
753.51
753.4
753.23
753.12
753.08
752.99
752.87
752.75
752.74
752.71
752.67
752.59
752.61
752.62
752.57
752.58
752.59
752.57
752.57
752.63
752.66
752.62
752.63
752.72
752.74
752.75
752.75
752.83
752.87
752.88
752.9
752.97
753.03
753.1
753.14
753.23
753.29
753.32
753.34
753.33
753.19
753.14
753
752.83
752.65
752.39
752.27
752.1
751.85
751.63
751.51
751.44
751.33
751.24
751.16
751.13
751.06
750.94
750.89
750.91
750.94
750.91
750.9
750.9
750.85
750.81
750.81
750.84
750.77
750.71
750.67
750.63
750.51
750.47
750.35
750.27
750.21
750.15
750.07
750.08
750.04
749.92
749.88
749.84
749.84
749.93
749.91
749.89
749.88
749.94
749.97
750.07
750.06
750.1
750.12
750.14
750.11
750.13
750.17
750.21
750.27
750.25
750.24
750.25
750.24
750.18
750.16
750.03
749.88
749.79
749.7
749.64
749.53
749.43
749.3
749.09
748.87
748.68
748.48
748.19
747.95
747.66
747.42
747.23
747.05
746.86
746.62
746.41
746.3
746.09
745.83
745.58
745.24
745.11
745.01
744.86
744.65
744.47
744.4
744.34
744.28
744.23
744.23
744.17
744.15
744.17
744.2
744.19
744.2
744.18
744.17
744.14
744.13
744.04
743.96
743.9
743.83
743.68
743.53
743.34
743.27
743.17
743.01
742.85
742.57
742.37
742.15
741.9
741.56
741.21
741
740.78
740.52
740.24
740.02
739.78
739.61
739.48
739.37
739.23
739.11
738.96
738.85
738.72
738.66
738.5
738.32
738.19
738.09
737.98
737.86
737.71
737.64
737.53
737.46
737.36
737.28
737.2
737.05
736.86
736.79
736.74
736.67
736.54
736.43
736.28
736.11
736.05
736.04
735.99
735.9
735.91
735.84
735.85
735.94
736.02
735.98
735.94
735.81
735.58
735.42
735.27
735
734.75
734.53
734.43
734.32
734.21
734.12
733.99
733.95
733.96
733.95
734.01
733.94
733.85
733.77
733.64
733.57
733.46
733.42
733.34
733.2
733.05
732.97
732.89
732.87
732.83
732.78
732.79
732.86
732.93
732.95
733.13
733.27
733.31
733.34
733.41
733.5
733.56
733.59
733.57
733.5
733.43
733.33
733.34
733.28
733.25
733.12
733.04
732.87
732.73
732.55
732.32
732.22
732.02
731.72
731.53
731.28
731.06
730.88
730.76
730.73
730.75
730.81
730.91
730.99
731.12
731.24
731.43
731.59
731.8
731.91
731.83
731.68
731.42
731.1
730.74
730.37
730
729.66
729.36
729.07
728.84
728.67
728.57
728.47
728.36
728.21
728.19
728.14
728.11
728.1
728.13
728.19
728.23
728.15
727.96
727.83
727.66
727.5
727.52
727.52
727.56
727.57
727.58
727.63
727.67
727.76
728
728.33
728.67
729.15
729.55
729.69
729.46
729.08
728.51
727.8
726.98
726.22
725.6
725.06
724.71
724.52
724.32
724.08
723.8
723.55
723.23
723.06
722.81
722.59
722.52
722.38
722.28
722.16
722.15
722.19
722.18
722.18
722.16
722.19
722.17
722.13
722.1
722.08
721.99
721.98
721.94
721.92
721.92
721.77
721.7
721.59
721.45
721.21
720.94
720.66
720.48
720.25
720.03
719.87
719.74
719.69
719.66
719.67
719.68
719.72
719.81
719.9
719.95
720.04
720
720.01
719.95
719.96
719.88
719.69
719.48
719.21
718.98
718.78
718.63
718.49
718.37
718.23
718.15
718.08
718.06
718
718.02
718.02
717.97
717.81
717.61
717.34
717.08
716.81
716.68
716.6
716.47
716.36
716.32
716.21
716.17
716.14
716.04
716.05
715.98
715.98
715.94
715.99
716.06
716.21
716.31
716.38
716.42
716.6
716.77
717.01
717.34
717.62
717.75
717.87
717.86
717.7
717.36
716.99
716.7
716.46
716.13
715.75
715.52
715.33
715.28
715.25
715.29
715.31
715.38
715.42
715.4
715.36
715.19
715
714.89
714.88
714.87
714.89
714.86
714.86
714.81
714.73
714.59
714.53
714.43
714.33
714.24
714.12
714.08
714.09
714.06
714.1
714.11
714.14
714.14
714.03
714.01
713.97
713.84
713.79
713.76
713.73
713.81
713.82
713.86
713.78
713.7
713.64
713.54
713.39
713.29
713.29
713.22
713.15
713.11
713.05
713.06
713.04
712.97
713
713.05
713.03
713.03
713.02
713.07
713.13
713.17
713.22
713.26
713.33
713.49
713.6
713.61
713.67
713.66
713.62
713.5
713.4
713.39
713.32
713.28
713.31
713.41
713.49
713.54
713.6
713.78
713.89
713.99
714.09
714.28
714.41
714.48
714.64
714.77
714.87
714.96
715.09
715.29
715.45
715.62
715.77
715.91
716.07
716.2
716.42
716.56
716.68
716.81
716.89
716.86
716.82
716.82
716.84
716.89
716.97
717.02
717.08
717.27
717.47
717.65
717.86
718.02
718.21
718.44
718.61
718.82
718.94
719.04
719.17
719.15
719.07
718.99
718.94
718.82
718.76
718.75
718.77
718.81
718.91
718.98
719.1
719.24
719.35
719.46
719.6
719.62
719.67
719.73
719.76
719.84
719.88
719.94
720.14
720.32
720.46
720.64
720.76
720.92
721.14
721.35
721.56
721.73
721.88
722
722.1
722.14
722.16
722.24
722.35
722.47
722.59
722.68
722.74
722.82
722.95
723.18
723.41
723.6
723.76
724
724.09
724.21
724.31
724.35
724.4
724.46
724.52
724.61
724.69
724.63
724.65
724.66
724.69
724.66
724.71
724.89
725.14
725.38
725.63
725.84
725.94
726.06
726.13
726.31
726.43
726.58
726.72
726.92
727.1
727.34
727.58
727.69
727.78
727.85
727.93
728.11
728.25
728.36
728.47
728.56
728.69
728.81
728.88
728.97
729.05
729.14
729.25
729.32
729.35
729.45
729.48
729.41
729.42
729.49
729.59
729.58
729.6
729.69
729.75
729.78
729.92
730.03
730.16
730.31
730.35
730.46
730.67
730.76
730.77
730.76
730.84
730.9
730.93
731
731.1
731.25
731.33
731.39
731.5
731.66
731.82
732.01
732.27
732.46
732.62
732.74
732.87
732.99
733.12
733.19
733.26
733.25
733.21
733.1
732.97
732.91
732.92
732.88
732.84
732.87
732.85
732.82
732.78
732.78
732.75
732.71
732.72
732.72
732.72
732.73
732.73
732.61
732.41
732.3
732.16
732
731.83
731.71
731.6
731.46
731.37
731.24
731.08
730.93
730.82
730.72
730.72
730.65
730.49
730.3
730.14
729.88
729.55
729.22
728.87
728.56
728.3
728.08
727.88
727.68
727.59
727.6
727.55
727.56
727.53
727.49
727.53
727.58
727.65
727.7
727.73
727.7
727.72
727.81
727.86
727.85
727.83
727.7
727.57
727.33
727.18
727.06
726.81
726.53
726.28
726.02
725.73
725.45
725.28
725.15
724.99
724.88
724.78
724.61
724.61
724.54
724.49
724.43
724.33
724.19
724.21
724.19
724.18
724.15
724.13
724.23
724.19
724.22
724.23
724.2
724.13
724.07
724.12
724.03
723.99
723.97
723.92
723.93
723.93
723.96
724.09
724.23
724.41
724.56
724.65
724.71
724.88
724.93
724.95
724.97
724.93
724.87
724.75
724.67
724.59
724.55
724.43
724.37
724.27
724.32
724.3
724.39
724.53
724.7
724.85
724.95
725.09
725.31
725.43
725.57
725.62
725.62
725.69
725.8
725.78
725.7
725.7
725.78
725.83
725.78
725.75
725.66
725.62
725.6
725.63
725.62
725.62
725.63
725.67
725.81
725.85
725.91
725.98
726.02
726.06
726.14
726.16
726.23
726.31
726.37
726.48
726.6
726.81
727.07
727.34
727.51
727.78
728.05
728.24
728.31
728.54
728.72
728.85
728.91
728.88
728.91
728.79
728.74
728.63
728.54
728.45
728.36
728.23
728.13
728
727.89
727.81
727.78
727.78
727.67
727.64
727.72
727.9
728.04
728.21
728.36
728.55
728.77
729.01
729.3
729.49
729.67
729.9
730.01
730.05
730
730
729.95
729.92
729.82
729.75
729.64
729.58
729.59
729.56
729.51
729.47
729.46
729.49
729.46
729.54
729.58
729.66
729.68
729.76
729.89
729.95
729.92
729.95
729.93
729.83
729.71
729.61
729.53
729.5
729.41
729.36
729.29
729.13
729.02
728.91
728.87
728.74
728.66
728.48
728.28
728.2
728.09
727.98
727.81
727.67
727.5
727.32
727.14
726.96
726.7
726.51
726.25
725.94
725.68
725.42
725.16
724.85
724.44
724.11
723.81
723.44
723.16
722.83
722.47
722.15
721.86
721.52
721.25
720.97
720.69
720.38
720.04
719.59
719.24
719
718.69
718.36
717.96
717.64
717.33
716.92
716.52
716.16
715.78
715.32
714.96
714.6
714.19
713.84
713.53
713.21
712.95
712.68
712.41
712.12
711.88
711.65
711.37
711.11
710.8
710.49
710.2
709.97
709.69
709.41
709.08
708.83
708.61
708.39
708.15
707.9
707.67
707.52
707.33
707.11
706.93
706.79
706.56
706.3
706.09
705.93
705.73
705.49
705.26
705.04
704.8
704.61
704.35
704.14
703.93
703.65
703.45
703.36
703.22
703.04
702.87
702.81
702.71
702.54
702.32
702.21
702.07
701.92
701.77
701.53
701.46
701.27
701.19
701.06
701.04
700.98
700.84
700.82
700.85
700.74
700.58
700.5
700.45
700.38
700.14
699.86
699.6
699.3
698.98
698.71
698.39
698.06
697.71
697.43
697.17
696.95
696.72
696.49
696.26
696.14
695.92
695.73
695.52
695.15
694.87
694.53
694.2
693.77
693.38
692.98
692.65
692.3
691.96
691.59
691.18
690.96
690.69
690.35
690
689.69
689.36
689.04
688.67
688.38
688.07
687.78
687.47
687.25
686.98
686.74
686.55
686.31
686.12
685.97
685.86
685.86
685.83
685.88
685.93
685.91
686.07
686.18
686.26
686.38
686.53
686.65
686.69
686.72
686.65
686.49
686.24
685.91
685.71
685.46
685.16
685.01
684.79
684.64
684.65
684.59
684.57
684.55
684.55
684.48
684.46
684.46
684.46
684.39
684.4
684.44
684.43
684.45
684.44
684.48
684.45
684.39
684.38
684.37
684.35
684.32
684.26
684.22
684.13
683.98
683.8
683.66
683.52
683.37
683.24
683.04
682.8
682.7
682.62
682.49
682.3
682.09
681.98
681.91
681.75
681.64
681.5
681.38
681.36
681.25
681.1
680.91
680.76
680.71
680.61
680.57
680.51
680.43
680.3
680.18
680.15
680.06
679.98
679.91
679.86
679.72
679.73
679.69
679.63
679.64
679.62
679.62
679.63
679.62
679.64
679.67
679.73
679.83
679.94
679.96
680.1
680.25
680.31
680.36
680.42
680.44
680.43
680.33
680.31
680.29
680.24
680.11
680.04
680.02
679.95
679.92
679.85
679.75
679.71
679.72
679.77
679.81
679.75
679.74
679.63
679.5
679.3
679.11
678.97
678.73
678.57
678.43
678.32
678.2
678.13
678.18
678.15
678.14
678.2
678.18
678.16
678.21
678.29
678.41
678.5
678.54
678.65
678.83
679.04
679.2
679.28
679.26
679.25
679.19
679.09
679.05
679.01
678.98
678.97
678.98
679.05
679.09
679.12
679.14
679.17
679.3
679.44
679.61
679.72
679.78
679.89
679.97
680.07
680.21
680.39
680.45
680.54
680.62
680.64
680.62
680.56
680.6
680.61
680.64
680.61
680.64
680.65
680.62
680.62
680.61
680.55
680.55
680.54
680.49
680.43
680.3
680.18
680.08
679.98
679.87
679.74
679.63
679.58
679.45
679.39
679.38
679.3
679.23
679.2
679.19
679.21
679.15
679.13
679.16
679.14
679.19
679.18
679.16
679.1
679.08
679.03
679.07
679.06
679.03
678.99
678.95
678.91
678.84
678.7
678.58
678.48
678.36
678.25
678.13
678.07
677.96
677.88
677.81
677.66
677.6
677.55
677.49
677.44
677.31
677.19
677.16
677.1
677.02
677
676.93
676.86
676.79
676.79
676.81
676.82
676.81
676.81
676.83
676.86
676.9
676.97
676.99
677.04
677.2
677.31
677.41
677.4
677.45
677.43
677.43
677.39
677.3
677.18
677.03
676.99
676.9
676.8
676.68
676.59
676.48
676.34
676.26
676.16
676.16
676.1
676.06
676.05
676.05
676.04
676.05
676.11
676.1
676.01
676.02
676.05
676.05
676.02
676.02
675.96
675.97
675.95
675.94
675.87
675.81
675.81
675.81
675.86
675.84
675.86
675.91
675.96
675.98
676.08
676.19
676.24
676.25
676.29
676.3
676.34
676.37
676.39
676.41
676.41
676.43
676.37
676.37
676.34
676.27
676.36
676.44
676.49
676.55
676.57
676.53
676.58
676.68
676.65
676.66
676.73
676.73
676.74
676.66
676.6
676.54
676.59
676.59
676.56
676.53
676.56
676.62
676.67
676.83
676.88
676.9
676.94
677.01
677.1
677.16
677.19
677.28
677.34
677.38
677.39
677.48
677.56
677.58
677.67
677.76
677.89
677.86
677.86
677.81
677.8
677.8
677.86
677.9
677.89
677.94
678.01
678.05
678.11
678.12
678.13
678.18
678.26
678.38
678.5
678.55
678.57
678.65
678.67
678.74
678.82
678.86
678.95
679.01
679.04
679.08
679.1
679.11
679.22
679.35
679.43
679.46
679.46
679.49
679.55
679.58
679.62
679.68
679.73
679.71
679.71
679.81
679.8
679.77
679.82
679.83
679.82
679.78
679.74
679.78
679.73
679.73
679.71
679.67
679.61
679.61
679.68
679.64
679.63
679.62
679.62
679.65
679.66
679.67
679.67
679.65
679.7
679.7
679.68
679.69
679.73
679.79
679.8
679.83
679.93
679.97
680.06
680.13
680.18
680.22
680.24
680.25
680.26
680.31
680.38
680.45
680.57
680.63
680.69
680.74
680.79
680.9
680.98
681.01
681
681.03
681.16
681.3
681.43
681.5
681.54
681.59
681.66
681.74
681.81
681.87
681.93
681.98
681.97
681.96
681.99
682.03
682.07
682.09
682.17
682.23
682.33
682.42
682.4
682.47
682.56
682.66
682.78
682.82
682.85
683.03
683.13
683.1
683.05
683.09
683.17
683.24
683.23
683.21
683.22
683.28
683.35
683.35
683.35
683.37
683.52
683.75
683.96
684.11
684.27
684.45
684.6
684.82
685.1
685.41
685.62
685.75
685.92
686.05
686.2
686.33
686.41
686.65
686.85
687.02
687.17
687.36
687.47
687.69
687.89
687.99
688.16
688.33
688.45
688.57
688.8
689.06
689.3
689.46
689.65
689.84
689.95
690.09
690.27
690.51
690.69
690.76
690.89
690.95
691.03
691.08
691.26
691.39
691.48
691.53
691.66
691.75
691.71
691.76
691.8
691.89
691.99
692.16
692.32
692.43
692.47
692.48
692.72
692.92
693.13
693.38
693.62
693.81
694.05
694.27
694.46
694.73
694.97
695.14
695.43
695.7
695.99
696.29
696.55
696.8
697.11
697.5
697.88
698.18
698.5
698.68
698.84
698.98
699.07
699.17
699.23
699.17
699.05
698.97
698.76
698.57
698.42
698.2
698.07
697.92
697.79
697.61
697.49
697.38
697.31
697.27
697.29
697.23
697.2
697.32
697.37
697.46
697.55
697.61
697.77
698.02
698.24
698.39
698.68
698.89
699.12
699.37
699.58
699.86
700.1
700.31
700.56
700.69
700.95
701.13
701.32
701.53
701.71
701.86
702.04
702.33
702.47
702.61
702.85
703.02
703.26
703.45
703.6
703.81
703.97
704.2
704.38
704.68
704.95
705.21
705.5
705.79
706.19
706.6
707.05
707.6
708.09
708.55
709.1
709.56
710.02
710.5
710.86
711.14
711.42
711.72
711.98
712.35
712.71
713.09
713.51
714.08
714.73
715.33
715.91
716.48
717.04
717.66
718.13
718.59
719
719.48
719.87
720.22
720.54
720.86
721.19
721.4
721.65
721.82
722.08
722.28
722.52
722.73
723.04
723.36
723.63
723.94
724.29
724.75
725.24
725.64
726.19
726.74
727.22
727.74
728.17
728.59
728.93
729.3
729.75
730.15
730.42
730.8
731.09
731.58
732.07
732.49
732.82
733.07
733.34
733.59
733.71
733.85
733.86
733.89
733.89
733.96
734.08
734.13
734.24
734.43
734.54
734.78
734.91
735.18
735.54
735.85
736.2
736.52
736.89
737.26
737.69
738.15
738.69
739.37
739.99
740.65
741.32
741.98
742.38
742.9
743.27
743.62
743.89
744.21
744.54
744.94
745.23
745.54
745.92
746.19
746.53
746.83
747.13
747.44
747.75
748.08
748.49
748.84
749.28
749.74
750.21
750.7
751.26
751.86
752.4
752.91
753.4
753.9
754.36
754.86
755.34
755.81
756.34
756.88
757.43
757.97
758.64
759.33
759.98
760.64
761.21
761.76
762.27
762.76
763.15
763.55
764.01
764.39
764.63
764.91
765.31
765.78
766.3
766.92
767.52
768.25
768.91
769.68
770.42
771.1
771.71
771.98
772.07
772.17
771.97
771.82
771.71
771.83
771.91
772.13
772.27
772.5
772.79
773.3
773.86
774.33
774.75
775.14
775.48
775.81
776.06
776.31
776.67
776.98
777.24
777.62
777.94
778.28
778.71
779
779.36
779.66
779.77
780.1
780.38
780.75
781.09
781.57
782.02
782.45
782.89
783.39
783.96
784.55
785.24
785.79
786.36
786.85
787.52
788.22
789.02
789.8
790.55
791.2
791.66
792.18
792.75
793.43
794.11
794.89
795.66
796.54
797.3
797.94
798.59
799.32
800.13
800.83
801.56
802.25
803.08
803.87
804.68
805.24
805.86
806.49
807.05
807.45
807.72
808.02
808.44
808.92
809.21
809.63
809.89
810.18
810.59
810.9
811.3
811.8
812.25
812.67
813.13
813.55
813.95
814.38
814.71
814.98
815.15
815.12
815.13
815.13
815.05
815.16
815.28
815.32
815.11
814.91
814.6
814.46
814.35
814.42
814.54
814.81
815.33
816.05
816.83
817.71
818.84
820.06
821.27
822.38
823.38
824.29
825
825.6
825.99
826.33
826.72
827.13
827.54
827.95
828.43
828.82
829.24
829.69
830.33
830.98
831.66
832.39
833.13
833.87
834.58
835.37
836.05
836.7
837.39
837.87
838.55
839.17
839.78
840.38
841.03
841.55
842.07
842.55
842.98
843.44
843.96
844.4
844.71
844.87
845.07
845.28
845.55
845.73
846.08
846.51
847.04
847.68
848.28
848.94
849.65
850.19
850.9
851.55
852.21
852.81
853.34
853.93
854.41
854.68
854.88
854.93
854.83
854.63
854.2
853.84
853.48
853.18
853.08
853.16
853.34
853.63
853.97
854.34
854.7
855.06
855.42
855.89
856.32
856.68
857.06
857.4
857.67
857.84
857.99
858.16
858.27
858.37
858.42
858.46
858.52
858.6
858.72
858.83
858.88
858.95
859.11
859.17
859.33
859.41
859.43
859.48
859.46
859.42
859.4
859.21
859.05
858.86
858.7
858.54
858.35
858.18
858.06
857.91
857.78
857.69
857.56
857.48
857.4
857.3
857.18
857.12
856.96
856.82
856.71
856.54
856.35
856.2
855.99
855.82
855.62
855.43
855.26
855.1
854.92
854.8
854.64
854.44
854.3
854.09
853.9
853.72
853.61
853.43
853.28
853.13
852.99
852.76
852.64
852.43
852.22
852.1
851.95
851.75
851.65
851.46
851.31
851.09
851.03
850.87
850.71
850.49
850.18
849.93
849.66
849.47
849.2
849.07
848.83
848.73
848.52
848.4
848.23
848.04
847.82
847.67
847.46
847.34
847.22
847.02
846.96
846.77
846.59
846.39
846.3
846.21
846.1
845.94
845.86
845.8
845.75
845.63
845.59
845.47
845.3
845.1
844.94
844.84
844.69
844.6
844.46
844.32
844.19
844.11
843.98
843.76
843.66
843.43
843.22
843.01
842.81
842.51
842.19
841.88
841.53
841.25
840.98
840.67
840.28
839.97
839.67
839.37
839.13
838.84
838.61
838.24
837.91
837.54
837.19
836.81
836.39
835.94
835.55
835.13
834.7
834.27
833.92
833.54
833.19
832.82
832.4
832.04
831.65
831.37
831.06
830.83
830.55
830.33
830.1
829.96
829.7
829.53
829.41
829.25
829.13
829.05
828.99
828.91
828.83
828.81
828.78
828.73
828.75
828.66
828.51
828.56
828.5
828.48
828.46
828.35
828.25
828.22
828.07
827.98
827.89
827.76
827.59
827.41
827.28
827.2
827.08
826.99
826.84
826.73
826.64
826.57
826.43
826.37
826.3
826.28
826.19
826.15
826.02
825.92
825.84
825.65
825.46
825.26
824.99
824.84
824.55
824.36
824.1
823.86
823.68
823.55
823.46
823.36
823.2
823.04
822.86
822.71
822.57
822.43
822.32
822.18
822.11
822.08
822.05
822.13
822.1
821.99
822.02
821.99
821.97
821.96
822
821.99
822.01
822.11
822.18
822.2
822.39
822.5
822.68
822.83
822.97
823.23
823.45
823.66
823.84
824.08
824.28
824.53
824.65
824.87
824.96
825.07
825.24
825.31
825.38
825.47
825.6
825.64
825.64
825.62
825.74
825.76
825.85
825.88
825.9
825.88
825.88
825.93
825.99
826
826.07
826.1
826.09
826.15
826.19
826.27
826.29
826.34
826.33
826.3
826.23
826.16
825.98
825.84
825.68
825.46
825.09
824.75
824.48
824.22
823.94
823.66
823.41
823.21
822.95
822.76
822.59
822.39
822.3
822.15
822
821.94
821.87
821.73
821.64
821.57
821.4
821.22
820.98
820.73
820.43
820.16
819.92
819.65
819.38
819.19
819.02
818.78
818.57
818.34
818.18
817.92
817.71
817.55
817.33
817.07
816.88
816.67
816.48
816.33
816.09
815.89
815.67
815.44
815.18
814.96
814.64
814.24
813.94
813.65
813.33
813.03
812.7
812.39
812.03
811.69
811.31
811
810.67
810.41
810.14
809.93
809.67
809.49
809.32
809.11
808.89
808.74
808.58
808.35
808.14
807.89
807.65
807.37
807.18
806.86
806.6
806.29
806.14
805.84
805.63
805.38
805.08
804.88
804.55
804.35
804.05
803.85
803.53
803.31
803.07
802.76
802.48
802.23
801.94
801.66
801.38
801.11
800.81
800.48
800.14
799.86
799.54
799.23
798.87
798.47
798.09
797.74
797.3
796.88
796.47
796.05
795.66
795.27
795
794.68
794.49
794.28
794.06
793.93
793.83
793.67
793.57
793.5
793.44
793.43
793.4
793.41
793.43
793.43
793.46
793.51
793.38
793.3
793.22
792.98
792.67
792.45
792.08
791.7
791.32
790.95
790.53
790.13
789.82
789.58
789.24
789.04
788.78
788.6
788.35
788.14
787.98
787.74
787.53
787.28
787.06
786.94
786.74
786.63
786.52
786.39
786.3
786.13
786.03
785.88
785.66
785.56
785.43
785.24
785.06
784.9
784.74
784.5
784.27
784.02
783.83
783.6
783.35
783.24
783.11
782.9
782.75
782.55
782.44
782.28
782.15
781.9
781.75
781.63
781.52
781.44
781.31
781.15
781.08
780.94
780.8
780.65
780.5
780.47
780.32
780.26
780.13
780.09
780.06
780.06
779.98
779.97
779.95
779.91
779.89
779.8
779.8
779.83
779.83
779.83
779.8
779.82
779.8
779.77
779.77
779.79
779.8
779.77
779.75
779.64
779.6
779.56
779.51
779.41
779.26
779.18
779.03
778.85
778.69
778.58
778.42
778.28
778.15
777.97
777.77
777.73
777.66
777.61
777.53
777.4
777.21
777.02
776.75
776.47
776.23
775.97
775.64
775.35
775.04
774.77
774.56
774.24
774.03
773.8
773.66
773.46
773.33
773.24
773.11
773.01
772.96
772.83
772.73
772.65
772.56
772.53
772.54
772.53
772.57
772.56
772.59
772.64
772.63
772.69
772.71
772.77
772.8
772.81
772.77
772.78
772.75
772.74
772.79
772.82
772.84
772.8
772.81
772.77
772.76
772.79
772.77
772.77
772.73
772.74
772.73
772.71
772.8
772.86
772.88
772.96
773.02
773
772.95
773.01
773.1
773.2
773.21
773.25
773.36
773.44
773.55
773.56
773.6
773.61
773.66
773.67
773.7
773.72
773.74
773.67
773.59
773.59
773.56
773.45
773.33
773.23
773.13
773.08
772.98
772.89
772.81
772.77
772.71
772.65
772.59
772.54
772.53
772.5
772.46
772.38
772.31
772.22
772.16
772.04
772.02
771.93
771.84
771.73
771.67
771.62
771.51
771.45
771.3
771.19
771.06
770.84
770.62
770.42
770.26
770.06
769.8
769.58
769.41
769.28
769.2
769.12
769
768.87
768.76
768.7
768.52
768.3
768.19
768.02
767.87
767.7
767.54
767.29
767.14
766.9
766.77
766.71
766.57
766.49
766.34
766.26
766.12
766
765.93
765.79
765.69
765.56
765.41
765.23
765.01
764.82
764.66
764.41
764.21
763.99
763.76
763.56
763.34
763.09
762.84
762.64
762.45
762.27
762.1
761.9
761.8
761.65
761.53
761.43
761.35
761.25
761.15
761.04
760.95
760.91
760.77
760.61
760.5
760.35
760.22
759.98
759.78
759.52
759.34
759.09
758.8
758.51
758.1
757.81
757.48
757.15
756.86
756.55
756.24
755.97
755.63
755.37
755.13
754.88
754.54
754.2
753.95
753.69
753.47
753.2
752.97
752.74
752.44
752.09
751.81
751.52
751.23
750.92
750.58
750.27
749.91
749.62
749.28
748.87
748.47
748.12
747.84
747.57
747.22
746.85
746.57
746.28
745.93
745.58
745.29
744.99
744.73
744.39
744.08
743.84
743.51
743.23
742.92
742.54
742.15
741.84
741.55
741.18
740.81
740.52
740.17
739.83
739.49
739.16
738.78
738.47
738.12
737.79
737.5
737.14
736.8
736.41
736.1
735.75
735.41
735.03
734.69
734.34
733.88
733.38
732.96
732.55
732.12
731.7
731.31
730.88
730.42
729.92
729.47
729
728.52
728.11
727.71
727.25
726.86
726.52
726.2
725.83
725.48
725.15
724.84
724.53
724.23
723.89
723.49
723.1
722.73
722.29
721.84
721.43
721
720.56
720.1
719.64
719.21
718.73
718.29
717.87
717.45
716.98
716.51
716.06
715.62
715.13
714.68
714.15
713.63
713.18
712.67
712.11
711.57
711.08
710.55
709.99
709.49
709
708.42
707.85
707.2
706.66
706.12
705.49
704.85
704.25
703.69
703.1
702.5
701.87
701.25
700.72
700.19
699.64
699.12
698.64
698.18
697.67
697.18
696.75
696.3
695.87
695.46
695.12
694.73
694.31
693.93
693.52
693.06
692.59
692.11
691.57
691.02
690.55
690.04
689.5
689
688.48
688
687.53
687.03
686.51
685.99
685.49
685.01
684.46
683.94
683.43
682.91
682.33
681.85
681.27
680.72
680.13
679.6
679.05
678.37
677.8
677.25
676.76
676.29
675.85
675.38
674.95
674.52
674.04
673.62
673.18
672.76
672.33
671.94
671.54
671.12
670.7
670.24
669.78
669.27
668.76
668.33
667.83
667.31
666.82
666.33
665.86
665.39
664.9
664.45
664.04
663.54
663.09
662.66
662.24
661.78
661.38
660.96
660.53
660.11
659.76
659.36
658.92
658.52
658.09
657.65
657.14
656.68
656.11
655.63
655.22
654.73
654.18
653.64
653.03
652.47
651.91
651.32
650.77
650.28
649.73
649.22
648.72
648.19
647.75
647.27
646.82
646.39
645.99
645.65
645.31
644.95
644.62
644.28
643.98
643.69
643.44
643.13
642.89
