1996669
1996769
1996870
1996969
1997069
1997169
1997269
1997370
1997470
1997570
1997669
1997769
1997869
1997969
1998069
1998170
1998269
1998370
1998469
1998570
1998669
1998770
1998869
1998969
1999069
1999170
1999270
1999370
1999470
1999570
1999669
1999770
1999869
1999969
2000069
2000170
2000270
2000369
2000469
2000569
2000670
2000770
2000870
2000970
2001069
2001169
2001269
2001370
2001470
2001569
2001669
2001769
2001869
2001969
2002069
2002169
2002270
2002369
2002469
2002570
2002669
2002769
2002870
2002970
2003069
2003169
2003269
2003370
2003469
2003570
2003670
2003769
2003869
2003970
2004070
2004169
2004269
2004369
2004470
2004570
2004669
2004769
2004869
2004969
2005069
2005169
2005269
2005369
2005470
2005569
2005669
2005769
2005870
2005970
2006069
2006170
2006269
2006369
2006470
2006569
2006669
2006770
2006869
2006969
2007069
2007169
2007269
2007370
2007469
2007569
2007669
2007770
2007870
2007970
2008069
2008170
2008270
2008370
2008469
2008569
2008670
2008770
2008869
2008970
2009070
2009169
2009270
2009370
2009469
2009569
2009669
2009770
2009869
2009969
2010070
2010169
2010270
2010369
2010469
2010569
2010669
2010770
2010870
2010969
2011070
2011169
2011269
2011370
2011470
2011570
2011669
2011769
2011870
2011969
2012070
2012170
2012269
2012369
2012469
2012569
2012669
2012769
2012870
2012969
2013070
2013169
2013270
2013369
2013470
2013569
2013669
2013770
2013870
2013969
2014069
2014169
2014270
2014369
2014470
2014570
2014670
2014770
2014869
2014969
2015069
2015170
2015269
2015369
2015470
2015570
2015670
2015770
2015869
2015970
2016070
2016169
2016269
2016369
2016470
2016569
2016670
2016769
2016870
2016969
2017070
2017170
2017270
2017370
2017469
2017570
2017670
2017770
2017870
2017969
2018069
2018169
2018269
2018370
2018470
2018569
2018669
2018769
2018869
2018970
2019070
2019170
2019269
2019369
2019469
2019570
2019670
2019769
2019870
2019970
2020070
2020170
2020270
2020370
2020470
2020570
2020670
2020769
2020869
2020969
2021070
2021170
2021270
2021369
2021470
2021569
2021670
2021769
2021870
2021969
2022069
2022170
2022270
2022369
2022469
2022570
2022669
2022770
2022869
2022970
2023069
2023169
2023270
2023370
2023469
2023570
2023670
2023770
2023870
2023970
2024069
2024169
2024270
2024370
2024470
2024570
2024669
2024769
2024869
2024969
2025069
2025170
2025269
2025370
2025470
2025569
2025670
2025770
2025870
2025970
2026069
2026169
2026270
2026369
2026469
2026570
2026669
2026770
2026870
2026970
2027069
2027169
2027270
2027370
2027469
2027569
2027669
2027769
2027870
2027969
2028069
2028170
2028269
2028369
2028470
2028569
2028670
2028770
2028869
2028970
2029070
2029170
2029269
2029369
2029470
2029570
2029670
2029770
2029870
2029970
2030069
2030170
2030269
2030370
2030469
2030569
2030669
2030769
2030870
2030969
2031070
2031169
2031269
2031370
2031469
2031569
2031669
2031769
2031869
2031970
2032070
2032169
2032270
2032370
2032469
2032570
2032669
2032770
2032869
2032970
2033069
2033170
2033269
2033369
2033470
2033569
2033670
2033770
2033870
2033970
2034070
2034170
2034270
2034369
2034470
2034569
2034669
2034770
2034870
2034969
2035070
2035169
2035269
2035369
2035470
2035569
2035669
2035770
2035870
2035970
2036070
2036169
2036270
2036369
2036469
2036569
2036669
2036770
2036870
2036969
2037070
2037169
2037270
2037369
2037469
2037570
2037670
2037769
2037870
2037970
2038069
2038169
2038270
2038370
2038470
2038569
2038670
2038769
2038870
2038970
2039069
2039170
2039270
2039370
2039470
2039569
2039669
2039769
2039869
2039970
2040070
2040169
2040270
2040370
2040469
2040570
2040670
2040769
2040870
2040970
2041070
2041170
2041270
2041370
2041470
2041570
2041670
2041770
2041870
2041969
2042070
2042169
2042270
2042370
2042469
2042569
2042669
2042769
2042869
2042969
2043069
2043169
2043269
2043370
2043470
2043569
2043670
2043770
2043870
2043970
2044069
2044169
2044270
2044370
2044470
2044570
2044670
2044770
2044869
2044970
2045069
2045170
2045270
2045369
2045469
2045570
2045670
2045770
2045869
2045970
2046069
2046169
2046270
2046369
2046470
2046569
2046670
2046770
2046869
2046969
2047069
2047170
2047269
2047369
2047470
2047570
2047670
2047770
2047870
2047969
2048069
2048170
2048269
2048369
2048470
2048569
2048670
2048769
2048870
2048970
2049070
2049170
2049270
2049369
2049470
2049569
2049670
2049769
2049869
2049970
2050069
2050170
2050269
2050370
2050470
2050570
2050670
2050770
2050870
2050970
2051070
2051169
2051270
2051369
2051470
2051569
2051670
2051769
2051870
2051969
2052069
2052170
2052270
2052370
2052469
2052570
2052669
2052769
2052869
2052970
2053069
2053169
2053270
2053369
2053469
2053569
2053669
2053769
2053870
2053969
2054069
2054170
2054270
2054369
2054469
2054570
2054669
2054769
2054869
2054969
2055069
2055169
2055269
2055369
2055470
2055569
2055669
2055769
2055869
2055969
2056069
2056170
2056270
2056369
2056469
2056570
2056670
2056769
2056869
2056969
2057069
2057169
2057270
2057370
2057469
2057570
2057670
2057770
2057870
2057969
2058070
2058170
2058269
2058369
2058470
2058569
2058669
2058769
2058870
2058970
2059069
2059170
2059269
2059369
2059469
2059570
2059669
2059769
2059869
2059970
2060069
2060169
2060270
2060369
2060470
2060569
2060670
2060770
2060870
2060969
2061070
2061170
2061269
2061369
2061470
2061570
2061669
2061769
2061869
2061969
2062070
2062170
2062270
2062370
2062469
2062569
2062669
2062769
2062869
2062969
2063069
2063169
2063269
2063369
2063470
2063569
2063670
2063770
2063870
2063969
2064070
2064170
2064269
2064369
2064469
2064569
2064670
2064770
2064870
2064969
2065070
2065170
2065270
2065369
2065469
2065569
2065670
2065770
2065869
2065970
2066069
2066169
2066270
2066370
2066469
2066569
2066670
2066770
2066870
2066969
2067070
2067170
2067269
2067369
2067470
2067569
2067669
2067769
2067870
2067970
2068069
2068170
2068269
2068370
2068469
2068570
2068669
2068769
2068869
2068970
2069069
2069169
2069270
2069370
2069470
2069570
2069670
2069769
2069869
2069969
2070069
2070169
2070270
2070370
2070469
2070570
2070669
2070770
2070870
2070970
2071069
2071170
2071269
2071369
2071470
2071569
2071669
2071769
2071870
2071970
2072069
2072170
2072269
2072369
2072470
2072570
2072670
2072770
2072870
2072969
2073069
2073169
2073270
2073370
2073469
2073570
2073669
2073769
2073869
2073969
2074070
2074169
2074269
2074369
2074469
2074570
2074669
2074770
2074870
2074970
2075069
2075169
2075270
2075370
2075469
2075570
2075670
2075769
2075870
2075970
2076069
2076169
2076269
2076369
2076469
2076570
2076670
2076769
2076870
2076969
2077069
2077169
2077270
2077369
2077470
2077570
2077669
2077769
2077869
2077969
2078070
2078170
2078269
2078370
2078469
2078570
2078670
2078769
2078869
2078969
2079069
2079170
2079270
2079369
2079469
2079569
2079669
2079769
2079869
2079969
2080070
2080170
2080270
2080369
2080469
2080570
2080670
2080770
2080870
2080969
2081070
2081169
2081270
2081370
2081469
2081570
2081669
2081769
2081870
2081969
2082069
2082169
2082270
2082369
2082469
2082569
2082669
2082770
2082870
2082970
2083069
2083169
2083269
2083369
2083470
2083570
2083669
2083770
2083870
2083969
2084070
2084169
2084269
2084369
2084469
2084569
2084669
2084769
2084870
2084969
2085069
2085170
2085269
2085370
2085470
2085569
2085670
2085769
2085869
2085969
2086069
2086169
2086270
2086370
2086469
2086570
2086670
2086769
2086869
2086970
2087070
2087169
2087270
2087370
2087469
2087570
2087670
2087769
2087869
2087969
2088070
2088170
2088269
2088370
2088469
2088569
2088670
2088770
2088869
2088969
2089070
2089170
2089269
2089369
2089470
2089569
2089670
2089770
2089869
2089970
2090069
2090169
2090269
2090370
2090470
2090569
2090669
2090770
2090870
2090970
2091069
2091170
2091270
2091370
2091470
2091569
2091669
2091769
2091870
2091970
2092070
2092169
2092269
2092370
2092470
2092569
2092669
2092769
2092869
2092969
2093070
2093169
2093269
2093369
2093470
2093569
2093670
2093769
2093870
2093969
2094070
2094169
2094269
2094369
2094470
2094570
2094669
2094769
2094870
2094969
2095069
2095170
2095270
2095369
2095470
2095569
2095670
2095770
2095870
2095970
2096070
2096170
2096270
2096369
2096470
2096569
2096670
2096770
2096869
2096969
2097069
2097170
2097269
2097369
2097470
2097569
2097669
2097769
2097869
2097969
2098069
2098170
2098270
2098369
2098469
2098569
2098669
2098769
2098869
2098969
2099070
2099170
2099269
2099369
2099470
2099569
2099669
2099770
2099870
2099970
2100070
2100170
2100269
2100370
2100470
2100570
2100670
2100770
2100870
2100970
2101069
2101169
2101270
2101370
2101469
2101569
2101669
2101769
2101870
2101969
2102069
2102170
2102269
2102370
2102469
2102570
2102670
2102769
2102870
2102970
2103069
2103170
2103269
2103369
2103469
2103569
2103669
2103770
2103870
2103969
2104070
2104169
2104270
2104370
2104470
2104570
2104669
2104770
2104870
2104969
2105069
2105169
2105270
2105370
2105470
2105569
2105669
2105770
2105869
2105970
2106070
2106170
2106270
2106370
2106469
2106569
2106670
2106769
2106870
2106969
2107069
2107169
2107269
2107370
2107470
2107570
2107669
2107770
2107870
2107970
2108070
2108169
2108269
2108369
2108469
2108570
2108669
2108769
2108869
2108969
2109069
2109169
2109270
2109370
2109470
2109570
2109670
2109770
2109869
2109970
2110070
2110170
2110269
2110370
2110470
2110570
2110670
2110769
2110870
2110970
2111070
2111170
2111269
2111369
2111469
2111570
2111670
2111770
2111870
2111970
2112069
2112170
2112270
2112369
2112470
2112569
2112669
2112769
2112870
2112969
2113070
2113169
2113270
2113369
2113469
2113569
2113670
2113769
2113870
2113969
2114070
2114169
2114270
2114370
2114470
2114569
2114669
2114769
2114870
2114970
2115069
2115170
2115270
2115370
2115469
2115570
2115670
2115770
2115869
2115970
2116070
2116170
2116270
2116370
2116470
2116569
2116670
2116769
2116870
2116970
2117069
2117170
2117270
2117369
2117469
2117569
2117670
2117770
2117869
2117970
2118069
2118170
2118270
2118369
2118469
2118570
2118669
2118770
2118870
2118970
2119069
2119170
2119270
2119370
2119470
2119569
2119670
2119769
2119869
2119969
2120069
2120169
2120270
2120369
2120469
2120570
2120670
2120770
2120870
2120969
2121069
2121169
2121269
2121370
2121469
2121569
2121669
2121769
2121870
2121970
2122069
2122170
2122270
2122369
2122469
2122569
2122669
2122770
2122870
2122969
2123070
2123169
2123269
2123369
2123470
2123569
2123669
2123769
2123870
2123969
2124069
2124170
2124269
2124369
2124469
2124570
2124669
2124769
2124870
2124969
2125070
2125169
2125269
2125369
2125469
2125570
2125669
2125769
2125869
2125970
2126070
2126170
2126270
2126370
2126469
2126570
2126669
2126770
2126869
2126969
2127070
2127170
2127270
2127369
2127469
2127570
2127669
2127770
2127870
2127970
2128069
2128170
2128270
2128370
2128469
2128570
2128669
2128770
2128869
2128970
2129070
2129170
2129269
2129370
2129470
2129569
2129670
2129770
2129870
2129969
2130070
2130170
2130269
2130369
2130469
2130570
2130669
2130770
2130869
2130970
2131069
2131170
2131269
2131370
2131469
2131569
2131669
2131770
2131869
2131969
2132070
2132170
2132269
2132370
2132470
2132569
2132670
2132770
2132870
2132970
2133069
2133170
2133269
2133369
2133469
2133569
2133669
2133770
2133870
2133969
2134069
2134169
2134269
2134369
2134469
2134569
2134669
2134770
2134870
2134969
2135070
2135170
2135269
2135370
2135469
2135569
2135669
2135769
2135869
2135969
2136070
2136169
2136270
2136370
2136470
2136570
2136670
2136770
2136870
2136969
2137069
2137169
2137270
2137370
2137470
2137569
2137670
2137769
2137870
2137969
2138070
2138169
2138269
2138370
2138470
2138569
2138670
2138770
2138870
2138970
2139070
2139169
2139270
2139370
2139469
2139569
2139670
2139769
2139870
2139969
2140070
2140169
2140269
2140370
2140469
2140570
2140669
2140770
2140870
2140970
2141070
2141170
2141270
2141370
2141470
2141569
2141669
2141770
2141869
2141969
2142069
2142170
2142270
2142369
2142469
2142569
2142669
2142770
2142869
2142970
2143070
2143169
2143269
2143369
2143470
2143570
2143669
2143769
2143870
2143970
2144070
2144170
2144270
2144369
2144469
2144569
2144670
2144769
2144869
2144970
2145070
2145169
2145270
2145369
2145470
2145570
2145669
2145770
2145870
2145970
2146069
2146169
2146269
2146370
2146470
2146569
2146669
2146769
2146870
2146970
2147069
2147169
2147270
2147370
2147470
2147570
2147670
2147769
2147870
2147970
2148069
2148169
2148270
2148370
2148470
2148569
2148669
2148769
2148869
2148970
2149069
2149170
2149269
2149370
2149470
2149569
2149670
2149770
2149870
2149969
2150070
2150170
2150269
2150369
2150469
2150569
2150669
2150770
2150870
2150970
2151069
2151170
2151269
2151370
2151470
2151569
2151669
2151769
2151869
2151969
2152070
2152170
2152269
2152369
2152469
2152570
2152669
2152769
2152870
2152969
2153070
2153169
2153269
2153369
2153469
2153570
2153670
2153770
2153870
2153970
2154070
2154169
2154269
2154370
2154470
2154570
2154669
2154769
2154869
2154970
2155070
2155170
2155269
2155369
2155470
2155570
2155670
2155770
2155870
2155969
2156069
2156169
2156269
2156370
2156469
2156570
2156669
2156770
2156869
2156970
2157069
2157170
2157269
2157369
2157469
2157569
2157669
2157769
2157870
2157969
2158069
2158170
2158269
2158369
2158469
2158570
2158669
2158770
2158870
2158970
2159070
2159169
2159269
2159370
2159470
2159569
2159669
2159770
2159870
2159970
2160069
2160170
2160270
2160370
2160470
2160570
2160669
2160770
2160869
2160970
2161069
2161170
2161269
2161369
2161469
2161569
2161669
2161770
2161870
2161970
2162069
2162169
2162269
2162370
2162470
2162569
2162670
2162769
2162870
2162969
2163070
2163169
2163269
2163369
2163469
2163570
2163670
2163770
2163869
2163969
2164069
2164170
2164269
2164369
2164470
2164570
2164670
2164770
2164869
2164970
2165070
2165169
2165269
2165369
2165470
2165569
2165669
2165770
2165870
2165970
2166070
2166170
2166269
2166370
2166470
2166569
2166669
2166770
2166870
2166970
2167070
2167169
2167269
2167370
2167470
2167569
2167670
2167770
2167869
2167969
2168070
2168169
2168269
2168369
2168470
2168570
2168670
2168770
2168869
2168970
2169069
2169170
2169269
2169370
2169470
2169569
2169670
2169769
2169870
2169969
2170069
2170169
2170270
2170370
2170470
2170570
2170669
2170770
2170870
2170969
2171069
2171169
2171270
2171370
2171469
2171570
2171669
2171770
2171870
2171970
2172069
2172170
2172269
2172370
2172469
2172569
2172670
2172769
2172870
2172970
2173069
2173170
2173269
2173370
2173470
2173570
2173670
2173770
2173869
2173969
2174070
2174169
2174270
2174370
2174469
2174569
2174670
2174770
2174870
2174969
2175069
2175169
2175269
2175370
2175469
2175570
2175669
2175770
2175869
2175969
2176070
2176170
2176270
2176369
2176470
2176570
2176670
2176769
2176869
2176970
2177069
2177169
2177270
2177370
2177470
2177570
2177670
2177770
2177869
2177969
2178069
2178169
2178270
2178370
2178470
2178569
2178670
2178770
2178869
2178969
2179069
2179169
2179269
2179370
2179470
2179570
2179670
2179770
2179869
2179969
2180069
2180170
2180269
2180370
2180469
2180569
2180670
2180770
2180870
2180969
2181069
2181169
2181269
2181369
2181470
2181569
2181670
2181769
2181870
2181970
2182069
2182170
2182269
2182370
2182470
2182569
2182670
2182769
2182870
2182969
2183070
2183169
2183269
2183369
2183469
2183570
2183669
2183769
2183869
2183970
2184070
2184170
2184269
2184369
2184469
2184570
2184670
2184770
2184870
2184969
2185069
2185170
2185269
2185370
2185470
2185569
2185669
2185769
2185870
2185969
2186069
2186169
2186269
2186370
2186470
2186569
2186670
2186769
2186869
2186970
2187069
2187169
2187270
2187370
2187470
2187570
2187670
2187770
2187869
2187970
2188070
2188169
2188269
2188369
2188469
2188570
2188669
2188770
2188869
2188969
2189070
2189170
2189270
2189369
2189470
2189570
2189670
2189769
2189870
2189970
2190070
2190170
2190270
2190370
2190470
2190569
2190669
2190769
2190870
2190970
2191069
2191170
2191270
2191369
2191470
2191570
2191669
2191769
2191869
2191969
2192069
2192169
2192269
2192369
2192469
2192570
2192670
2192769
2192870
2192970
2193070
2193170
2193270
2193369
2193470
2193569
2193669
2193770
2193869
2193969
2194069
2194169
2194270
2194370
2194469
2194569
2194670
2194770
2194869
2194970
2195069
2195169
2195269
2195369
2195469
2195569
2195669
2195770
2195869
2195970
2196069
2196170
2196269
2196370
2196470
2196569
2196670
2196770
2196869
2196969
2197069
2197170
2197270
2197369
2197470
2197569
2197669
2197769
2197869
2197969
2198070
2198170
2198269
2198370
2198470
2198569
2198670
2198769
2198869
2198970
2199070
2199169
2199270
2199369
2199470
2199569
2199670
2199769
2199869
2199969
2200070
2200170
2200269
2200369
2200469
2200569
2200669
2200770
2200869
2200969
2201070
2201169
2201270
2201369
2201469
2201570
2201669
2201769
2201869
2201969
2202070
2202169
2202270
2202369
2202469
2202570
2202669
2202769
2202870
2202970
2203070
2203170
2203269
2203370
2203469
2203569
2203669
2203769
2203870
2203969
2204069
2204169
2204269
2204370
2204470
2204569
2204670
2204770
2204869
2204970
2205070
2205170
2205269
2205369
2205469
2205570
2205669
2205769
2205870
2205969
2206070
2206170
2206269
2206369
2206470
2206569
2206670
2206769
2206869
2206970
2207070
2207169
2207270
2207370
2207469
2207569
2207670
2207770
2207870
2207969
2208069
2208169
2208269
2208370
2208469
2208570
2208670
2208770
2208870
2208969
2209069
2209169
2209269
2209370
2209469
2209570
2209669
2209769
2209869
2209969
2210069
2210170
2210269
2210369
2210469
2210569
2210669
2210770
2210869
2210970
2211070
2211169
2211270
2211369
2211469
2211570
2211669
2211770
2211869
2211970
2212069
2212170
2212269
2212369
2212470
2212569
2212670
2212770
2212869
2212969
2213069
2213170
2213269
2213370
2213470
2213570
2213669
2213770
2213870
2213969
2214069
2214169
2214269
2214370
2214470
2214569
2214669
2214769
2214870
2214969
2215069
2215170
2215270
2215369
2215469
2215570
2215670
2215769
2215869
2215970
2216070
2216170
2216270
2216370
2216470
2216570
2216669
2216770
2216870
2216970
2217070
2217169
2217269
2217370
2217470
2217570
2217670
2217770
2217869
2217970
2218070
2218170
2218270
2218369
2218470
2218569
2218670
2218769
2218869
2218969
2219069
2219169
2219269
2219370
2219469
2219570
2219670
2219769
2219869
2219969
2220070
2220169
2220270
2220369
2220469
2220569
2220669
2220770
2220869
2220969
2221069
2221169
2221270
2221370
2221470
2221569
2221670
2221769
2221869
2221970
2222069
2222170
2222270
2222369
2222469
2222570
2222669
2222770
2222869
2222970
2223069
2223170
2223269
2223370
2223470
2223570
2223670
2223769
2223870
2223969
2224070
2224169
2224270
2224369
2224470
2224570
2224670
2224769
2224869
2224970
2225070
2225169
2225269
2225369
2225469
2225569
2225669
2225770
2225869
2225969
2226070
2226170
2226270
2226370
2226470
2226570
2226669
2226769
2226869
2226969
2227069
2227169
2227269
2227369
2227469
2227570
2227670
2227769
2227870
2227970
2228069
2228170
2228270
2228369
2228470
2228570
2228669
2228769
2228869
2228969
2229069
2229170
2229270
2229370
2229469
2229569
2229670
2229769
2229869
2229969
2230070
2230169
2230269
2230369
2230470
2230570
2230669
2230770
2230870
2230969
2231069
2231169
2231270
2231370
2231470
2231570
2231670
2231770
2231870
2231969
2232070
2232169
2232269
2232369
2232470
2232570
2232669
2232769
2232870
2232969
2233070
2233169
2233270
2233370
2233469
2233569
2233669
2233769
2233869
2233969
2234070
2234170
2234269
2234369
2234470
2234569
2234670
2234770
2234869
2234970
2235069
2235169
2235270
2235369
2235470
2235570
2235670
2235769
2235870
2235970
2236069
2236170
2236269
2236369
2236469
2236569
2236670
2236770
2236869
2236969
2237069
2237170
2237269
2237369
2237469
2237569
2237669
2237770
2237869
2237969
2238070
2238169
2238269
2238370
2238469
2238570
2238670
2238770
2238870
2238970
2239070
2239169
2239270
2239370
2239469
2239569
2239669
2239770
2239870
2239969
2240069
2240169
2240270
2240369
2240469
2240570
2240670
2240769
2240869
2240970
2241069
2241170
2241270
2241370
2241470
2241569
2241670
2241770
2241869
2241969
2242070
2242170
2242269
2242370
2242469
2242569
2242670
2242770
2242869
2242969
2243070
2243169
2243269
2243369
2243469
2243569
2243669
2243769
2243869
2243970
2244069
2244170
2244269
2244370
2244469
2244570
2244670
2244769
2244869
2244969
2245070
2245169
2245270
2245369
2245469
2245569
2245670
2245769
2245869
2245970
2246070
2246170
2246269
2246369
2246470
2246569
2246669
2246770
2246869
2246969
2247070
2247169
2247270
2247370
2247470
2247569
2247670
2247769
2247870
2247970
2248069
2248170
2248269
2248370
2248469
2248570
2248670
2248769
2248869
2248970
2249070
2249169
2249269
2249369
2249469
2249570
2249670
2249769
2249870
2249969
2250069
2250169
2250269
2250370
2250469
2250570
2250669
2250769
2250870
2250970
2251069
2251169
2251270
2251369
2251470
2251569
2251669
2251770
2251870
2251969
2252069
2252169
2252270
2252369
2252469
2252570
2252670
2252769
2252869
2252969
2253069
2253169
2253270
2253370
2253470
2253569
2253670
2253770
2253869
2253970
2254070
2254170
2254269
2254369
2254470
2254569
2254669
2254770
2254869
2254970
2255069
2255170
2255270
2255369
2255469
2255569
2255669
2255769
2255870
2255969
2256070
2256170
2256269
2256369
2256470
2256570
2256669
2256769
2256869
2256969
2257070
2257169
2257269
2257370
2257470
2257570
2257670
2257770
2257869
2257969
2258069
2258170
2258269
2258370
2258470
2258569
2258670
2258769
2258869
2258969
2259070
2259170
2259270
2259369
2259469
2259570
2259670
2259769
2259870
2259970
2260069
2260169
2260269
2260370
2260469
2260569
2260669
2260770
2260870
2260969
2261069
2261169
2261270
2261370
2261470
2261570
2261669
2261770
2261870
2261969
2262069
2262170
2262270
2262369
2262470
2262570
2262670
2262770
2262869
2262969
2263070
2263170
2263269
2263370
2263469
2263570
2263670
2263770
2263869
2263969
2264070
2264170
2264269
2264370
2264469
2264569
2264670
2264769
2264869
2264969
2265069
2265169
2265269
2265369
2265469
2265570
2265670
2265769
2265870
2265969
2266069
2266170
2266269
2266369
2266469
2266569
2266670
2266769
2266869
2266969
2267070
2267169
2267269
2267370
2267470
2267570
2267669
2267770
2267869
2267969
2268070
2268170
2268270
2268370
2268469
2268569
2268669
2268769
2268870
2268969
2269069
2269170
2269269
2269369
2269469
2269569
2269669
2269769
2269869
2269969
2270069
2270170
2270270
2270369
2270469
2270570
2270669
2270770
2270869
2270969
2271070
2271170
2271269
2271369
2271470
2271570
2271670
2271770
2271869
2271970
2272069
2272169
2272269
2272370
2272470
2272569
2272670
2272769
2272869
2272970
2273070
2273170
2273269
2273370
2273470
2273570
2273670
2273770
2273870
2273970
2274070
2274169
2274270
2274370
2274470
2274569
2274670
2274769
2274870
2274969
2275069
2275170
2275270
2275369
2275470
2275570
2275669
2275769
2275869
2275969
2276069
2276170
2276269
2276369
2276470
2276570
2276669
2276769
2276869
2276969
2277070
2277170
2277269
2277369
2277469
2277570
2277669
2277769
2277870
2277970
2278070
2278170
2278270
2278369
2278470
2278569
2278669
2278769
2278870
2278969
2279069
2279170
2279270
2279369
2279470
2279569
2279669
2279770
2279869
2279969
2280069
2280170
2280270
2280369
2280469
2280569
2280669
2280769
2280870
2280970
2281069
2281170
2281269
2281370
2281470
2281569
2281670
2281769
2281869
2281969
2282069
2282169
2282269
2282370
2282469
2282569
2282670
2282770
2282870
2282969
2283070
2283170
2283269
2283369
2283469
2283569
2283670
2283770
2283869
2283969
2284069
2284170
2284270
2284369
2284469
2284569
2284669
2284769
2284870
2284969
2285069
2285170
2285270
2285370
2285469
2285569
2285670
2285770
2285869
2285969
2286070
2286170
2286270
2286370
2286469
2286569
2286669
2286769
2286869
2286969
2287069
2287169
2287269
2287370
2287470
2287569
2287670
2287770
2287869
2287969
2288069
2288169
2288269
2288369
2288470
2288570
2288670
2288770
2288869
2288969
2289069
2289170
2289269
2289369
2289470
2289570
2289670
2289770
2289870
2289970
2290070
2290170
2290269
2290369
2290470
2290570
2290670
2290770
2290869
2290970
2291070
2291169
2291270
2291370
2291470
2291570
2291670
2291769
2291869
2291970
2292069
2292169
2292269
2292370
2292470
2292570
2292670
2292769
2292870
2292969
2293070
2293170
2293270
2293369
2293470
2293570
2293670
2293769
2293870
2293969
2294069
2294169
2294270
2294370
2294470
2294570
2294670
2294769
2294869
2294970
2295069
2295170
2295269
2295369
2295469
2295570
2295670
2295769
2295869
2295969
2296070
2296170
2296270
2296370
2296470
2296569
2296669
2296769
2296870
2296969
2297069
2297170
2297270
2297369
2297469
2297570
2297669
2297769
2297870
2297970
2298070
2298169
2298269
2298370
2298470
2298569
2298669
2298770
2298869
2298970
2299070
2299169
2299269
2299369
2299469
2299569
2299669
2299769
2299869
2299970
2300069
2300170
2300269
2300370
2300469
2300570
2300669
2300769
2300870
2300970
2301069
2301169
2301270
2301370
2301470
2301570
2301670
2301770
2301869
2301969
2302070
2302169
2302270
2302370
2302470
2302570
2302669
2302770
2302870
2302970
2303070
2303169
2303270
2303369
2303469
2303569
2303670
2303769
2303870
2303969
2304070
2304170
2304270
2304370
2304470
2304570
2304669
2304769
2304869
2304969
2305070
2305169
2305270
2305370
2305469
2305570
2305670
2305769
2305869
2305970
2306069
2306170
2306269
2306369
2306470
2306569
2306669
2306769
2306870
2306970
2307070
2307169
2307269
2307370
2307470
2307569
2307670
2307769
2307870
2307969
2308069
2308170
2308269
2308370
2308470
2308569
2308670
2308770
2308870
2308970
2309069
2309170
2309269
2309370
2309470
2309569
2309670
2309769
2309870
2309970
2310070
2310169
2310270
2310369
2310470
2310570
2310669
2310769
2310870
2310969
2311070
2311169
2311270
2311369
2311469
2311569
2311670
2311770
2311870
2311969
2312070
2312169
2312270
2312369
2312469
2312569
2312669
2312770
2312869
2312970
2313069
2313170
2313269
2313369
2313470
2313569
2313669
2313770
2313869
2313970
2314070
2314169
2314270
2314369
2314469
2314570
2314670
2314770
2314870
2314970
2315069
2315170
2315269
2315369
2315470
2315570
2315670
2315769
2315870
2315969
2316070
2316169
2316269
2316370
2316470
2316569
2316670
2316770
2316870
2316970
2317070
2317169
2317269
2317369
2317470
2317569
2317670
2317769
2317870
2317970
2318070
2318169
2318269
2318370
2318469
2318570
2318670
2318769
2318869
2318970
2319070
2319170
2319269
2319369
2319470
2319569
2319669
2319770
2319870
2319970
2320069
2320169
2320269
2320369
2320469
2320569
2320670
2320769
2320870
2320970
2321069
2321170
2321270
2321370
2321470
2321570
2321670
2321769
2321869
2321969
2322070
2322170
2322269
2322370
2322470
2322569
2322669
2322770
2322870
2322969
2323070
2323170
2323269
2323370
2323470
2323570
2323669
2323769
2323870
2323969
2324070
2324169
2324269
2324370
2324469
2324570
2324670
2324770
2324869
2324969
2325069
2325169
2325270
2325370
2325470
2325569
2325669
2325770
2325870
2325969
2326070
2326169
2326269
2326370
2326469
2326570
2326670
2326769
2326870
2326970
2327070
2327170
2327269
2327370
2327470
2327569
2327669
2327770
2327869
2327970
2328069
2328169
2328269
2328369
2328470
2328570
2328669
2328769
2328869
2328970
2329070
2329169
2329269
2329369
2329470
2329570
2329669
2329770
2329869
2329969
2330069
2330170
2330270
2330370
2330469
2330570
2330670
2330770
2330870
2330970
2331069
2331170
2331269
2331370
2331470
2331569
2331670
2331770
2331870
2331970
2332069
2332170
2332270
2332370
2332470
2332570
2332669
2332770
2332870
2332970
2333070
2333169
2333270
2333369
2333469
2333570
2333670
2333769
2333870
2333970
2334069
2334170
2334269
2334370
2334470
2334570
2334670
2334769
2334869
2334969
2335070
2335169
2335270
2335370
2335469
2335569
2335669
2335769
2335869
2335970
2336069
2336169
2336269
2336369
2336470
2336569
2336669
2336770
2336869
2336970
2337070
2337169
2337270
2337370
2337470
2337569
2337670
2337769
2337870
2337969
2338070
2338169
2338270
2338369
2338469
2338570
2338669
2338770
2338869
2338969
2339070
2339169
2339270
2339369
2339470
2339569
2339669
2339769
2339870
2339969
2340069
2340170
2340270
2340369
2340470
2340569
2340670
2340769
2340869
2340969
2341070
2341170
2341270
2341369
2341470
2341570
2341669
2341769
2341869
2341970
2342070
2342170
2342269
2342370
2342470
2342570
2342670
2342770
2342869
2342970
2343069
2343170
2343270
2343370
2343470
2343569
2343669
2343770
2343870
2343969
2344069
2344170
2344269
2344369
2344470
2344569
2344670
2344769
2344870
2344969
2345070
2345169
2345269
2345369
2345470
2345570
2345669
2345769
2345870
2345970
2346070
2346169
2346270
2346369
2346470
2346569
2346669
2346770
2346869
2346970
2347069
2347170
2347269
2347369
2347470
2347570
2347669
2347769
2347870
2347969
2348070
2348169
2348269
2348370
2348470
2348569
2348669
2348769
2348869
2348969
2349069
2349169
2349269
2349370
2349469
2349569
2349670
2349769
2349870
2349969
2350069
2350170
2350269
2350369
2350469
2350569
2350669
2350770
2350870
2350970
2351069
2351169
2351270
2351369
2351469
2351570
2351669
2351770
2351869
2351970
2352070
2352170
2352269
2352369
2352469
2352569
2352669
2352770
2352870
2352970
2353069
2353169
2353269
2353369
2353469
2353570
2353670
2353770
2353869
2353970
2354069
2354170
2354269
2354369
2354470
2354570
2354669
2354770
2354870
2354970
2355070
2355170
2355270
2355370
2355470
2355569
2355670
2355770
2355869
2355969
2356069
2356170
2356269
2356369
2356470
2356569
2356669
2356769
2356869
2356969
2357070
2357169
2357270
2357369
2357469
2357570
2357669
2357770
2357870
2357970
2358070
2358170
2358269
2358369
2358470
2358569
2358670
2358770
2358870
2358970
2359069
2359169
2359270
2359369
2359469
2359569
2359669
2359770
2359870
2359970
2360069
2360169
2360269
2360369
2360470
2360570
2360670
2360770
2360869
2360969
2361070
2361170
2361269
2361369
2361470
2361569
2361669
2361769
2361870
2361970
2362070
2362170
2362270
2362369
2362469
2362569
2362669
2362769
2362869
2362970
2363069
2363170
2363270
2363369
2363470
2363569
2363670
2363770
2363869
2363970
2364070
2364169
2364269
2364370
2364469
2364570
2364669
2364769
2364870
2364969
2365070
2365170
2365269
2365370
2365469
2365570
2365669
2365770
2365870
2365970
2366069
2366169
2366270
2366369
2366470
2366569
2366670
2366769
2366869
2366970
2367069
2367170
2367269
2367369
2367470
2367569
2367669
2367769
2367870
2367969
2368069
2368170
2368270
2368369
2368469
2368569
2368670
2368769
2368869
2368969
2369070
2369169
2369269
2369369
2369470
2369569
2369669
2369769
2369869
2369970
2370070
2370169
2370270
2370369
2370470
2370569
2370670
2370770
2370869
2370970
2371070
2371169
2371269
2371369
2371470
2371569
2371670
2371769
2371870
2371970
2372070
2372169
2372269
2372369
2372469
2372569
2372670
2372770
2372870
2372969
2373070
2373169
2373270
2373370
2373470
2373569
2373669
2373769
2373869
2373969
2374070
2374169
2374270
2374370
2374469
2374569
2374670
2374770
2374870
2374969
2375069
2375169
2375270
2375370
2375469
2375570
2375670
2375770
2375870
2375969
2376070
2376170
2376270
2376370
2376469
2376569
2376670
2376769
2376869
2376969
2377069
2377169
2377269
2377369
2377469
2377570
2377670
2377769
2377869
2377969
2378070
2378170
2378269
2378369
2378470
2378570
2378670
2378769
2378870
2378970
2379069
2379169
2379270
2379370
2379469
2379570
2379669
2379770
2379869
2379970
2380069
2380170
2380269
2380370
2380470
2380570
2380670
2380769
2380870
2380970
2381069
2381169
2381269
2381369
2381469
2381569
2381670
2381769
2381869
2381969
2382070
2382169
2382269
2382370
2382469
2382570
2382670
2382769
2382869
2382970
2383069
2383170
2383270
2383369
2383470
2383569
2383670
2383769
2383869
2383969
2384070
2384169
2384269
2384370
2384469
2384570
2384670
2384769
2384869
2384970
2385070
2385170
2385269
2385369
2385470
2385569
2385669
2385770
2385870
2385970
2386069
2386170
2386270
2386369
2386470
2386570
2386669
2386769
2386869
2386970
2387070
2387169
2387270
2387370
2387470
2387570
2387670
2387770
2387870
2387970
2388070
2388169
2388270
2388369
2388470
2388570
2388669
2388770
2388870
2388970
2389069
2389170
2389270
2389370
2389469
2389569
2389670
2389770
2389869
2389969
2390070
2390169
2390269
2390370
2390470
2390569
2390669
2390769
2390870
2390970
2391070
2391169
2391269
2391370
2391469
2391569
2391670
2391770
2391870
2391969
2392069
2392170
2392269
2392369
2392470
2392569
2392669
2392770
2392870
2392969
2393070
2393170
2393270
2393369
2393469
2393569
2393669
2393769
2393869
2393969
2394069
2394170
2394269
2394370
2394469
2394569
2394669
2394769
2394870
2394969
2395069
2395169
2395270
2395369
2395469
2395569
2395669
2395770
2395870
2395970
2396070
2396169
2396270
2396370
2396469
2396570
2396669
2396770
2396869
2396970
2397069
2397170
2397269
2397369
2397470
2397569
2397669
2397770
2397870
2397969
2398070
2398170
2398270
2398370
2398470
2398569
2398670
2398770
2398869
2398970
2399070
2399169
2399270
2399370
2399469
2399569
2399670
2399770
2399870
2399969
2400069
2400170
2400270
2400369
2400469
2400569
2400669
2400769
2400869
2400969
2401070
2401170
2401270
2401370
2401470
2401570
2401670
2401769
2401870
2401969
2402070
2402170
2402270
2402369
2402470
2402569
2402670
2402769
2402869
2402969
2403069
2403169
2403269
2403370
2403470
2403570
2403669
2403770
2403869
2403969
2404069
2404169
2404269
2404370
2404470
2404570
2404669
2404770
2404869
2404970
2405070
2405169
2405269
2405370
2405470
2405570
2405669
2405770
2405870
2405970
2406069
2406169
2406270
2406369
2406470
2406570
2406670
2406770
2406870
2406969
2407070
2407170
2407270
2407370
2407470
2407570
2407669
2407770
2407870
2407969
2408069
2408170
2408269
2408370
2408470
2408570
2408670
2408770
2408870
2408969
2409070
2409170
2409269
2409370
2409470
2409569
2409670
2409769
2409870
2409970
2410070
2410170
2410270
2410369
2410470
2410569
2410670
2410770
2410869
2410970
2411069
2411169
2411269
2411370
2411469
2411569
2411670
2411770
2411870
2411970
2412069
2412170
2412269
2412369
2412470
2412569
2412669
2412769
2412870
2412970
2413070
2413170
2413270
2413369
2413470
2413569
2413670
2413769
2413869
2413970
2414069
2414170
2414269
2414369
2414469
2414570
2414670
2414769
2414870
2414969
2415069
2415169
2415269
2415370
2415470
2415570
2415670
2415769
2415870
2415969
2416070
2416169
2416270
2416369
2416469
2416570
2416669
2416770
2416870
2416970
2417070
2417170
2417269
2417370
2417470
2417569
2417670
2417770
2417870
2417970
2418069
2418170
2418269
2418369
2418470
2418570
2418669
2418770
2418870
2418970
2419070
2419169
2419269
2419369
2419470
2419570
2419670
2419769
2419869
2419970
2420069
2420169
2420270
2420370
2420470
2420569
2420670
2420769
2420869
2420969
2421069
2421170
2421270
2421369
2421469
2421570
2421669
2421769
2421869
2421969
2422069
2422169
2422269
2422370
2422469
2422570
2422669
2422769
2422870
2422969
2423070
2423170
2423270
2423370
2423469
2423569
2423669
2423770
2423869
2423970
2424069
2424169
2424269
2424370
2424470
2424570
2424670
2424769
2424870
2424969
2425070
2425170
2425269
2425370
2425470
2425570
2425670
2425769
2425869
2425970
2426069
2426170
2426269
2426370
2426469
2426569
2426669
2426770
2426870
2426970
2427069
2427169
2427270
2427370
2427470
2427570
2427669
2427769
2427869
2427970
2428069
2428169
2428269
2428369
2428470
2428569
2428669
2428769
2428870
2428970
2429070
2429170
2429270
2429369
2429469
2429570
2429669
2429770
2429869
2429970
2430070
2430169
2430269
2430369
2430469
2430570
2430670
2430770
2430870
2430969
2431069
2431170
2431270
2431370
2431469
2431569
2431670
2431769
2431869
2431969
2432069
2432169
2432269
2432370
2432469
2432569
2432670
2432769
2432869
2432969
2433070
2433169
2433269
2433369
2433470
2433570
2433669
2433769
2433869
2433970
2434069
2434169
2434270
2434369
2434470
2434569
2434670
2434769
2434870
2434970
2435070
2435170
2435269
2435369
2435470
2435570
2435669
2435769
2435869
2435970
2436069
2436169
2436270
2436369
2436469
2436570
2436670
2436769
2436870
2436969
2437069
2437170
2437270
2437370
2437469
2437569
2437670
2437770
2437870
2437969
2438069
2438170
2438269
2438370
2438469
2438569
2438669
2438769
2438870
2438970
2439069
2439169
2439269
2439370
2439470
2439569
2439669
2439769
2439869
2439969
2440070
2440170
2440269
2440370
2440470
2440570
2440669
2440770
2440870
2440970
2441070
2441169
2441269
2441370
2441470
2441569
2441670
2441769
2441869
2441969
2442069
2442170
2442270
2442369
2442470
2442569
2442669
2442770
2442870
2442970
2443069
2443169
2443269
2443369
2443469
2443569
2443669
2443770
2443869
2443969
2444069
2444170
2444270
2444370
2444469
2444569
2444670
2444770
2444869
2444970
2445069
2445170
2445269
2445369
2445469
2445569
2445669
2445769
2445870
2445970
2446070
2446169
2446269
2446369
2446469
2446570
2446669
2446770
2446869
2446970
2447069
2447169
2447269
2447370
2447470
2447569
2447669
2447769
2447870
2447970
2448069
2448169
2448270
2448370
2448470
2448569
2448669
2448770
2448869
2448969
2449069
2449169
2449270
2449369
2449470
2449570
2449670
2449769
2449869
2449970
2450070
2450169
2450270
2450369
2450469
2450570
2450669
2450770
2450870
2450969
2451070
2451169
2451269
2451370
2451470
2451570
2451670
2451769
2451870
2451970
2452070
2452170
2452269
2452370
2452470
2452569
2452670
2452770
2452870
2452970
2453070
2453169
2453270
2453369
2453470
2453569
2453670
2453769
2453870
2453970
2454069
2454170
2454270
2454370
2454470
2454570
2454670
2454769
2454869
2454970
2455070
2455169
2455269
2455369
2455470
2455569
2455670
2455769
2455869
2455970
2456070
2456169
2456270
2456369
2456469
2456570
2456670
2456769
2456869
2456969
2457069
2457170
2457269
2457370
2457470
2457569
2457670
2457769
2457870
2457970
2458069
2458170
2458270
2458370
2458470
2458569
2458669
2458770
2458870
2458970
2459069
2459169
2459269
2459369
2459470
2459570
2459669
2459769
2459870
2459969
2460069
2460170
2460270
2460369
2460469
2460570
2460670
2460769
2460869
2460969
2461070
2461170
2461270
2461370
2461470
2461570
2461669
2461769
2461869
2461970
2462070
2462169
2462269
2462370
2462470
2462570
2462670
2462769
2462869
2462970
2463070
2463170
2463269
2463370
2463469
2463570
2463669
2463769
2463869
2463969
2464069
2464169
2464270
2464370
2464470
2464570
2464670
2464770
2464870
2464970
2465070
2465170
2465269
2465370
2465470
2465570
2465670
2465769
2465870
2465969
2466070
2466169
2466270
2466370
2466470
2466569
2466670
2466770
2466870
2466970
2467069
2467169
2467270
2467369
2467469
2467570
2467669
2467770
2467869
2467969
2468069
2468169
2468269
2468370
2468469
2468569
2468670
2468769
2468870
2468970
2469069
2469170
2469270
2469369
2469470
2469570
2469669
2469770
2469870
2469969
2470069
2470170
2470270
2470369
2470470
2470569
2470669
2470769
2470869
2470970
2471070
2471170
2471269
2471369
2471470
2471569
2471670
2471770
2471870
2471970
2472069
2472170
2472269
2472370
2472470
2472569
2472669
2472770
2472870
2472969
2473069
2473169
2473269
2473370
2473469
2473570
2473670
2473769
2473870
2473969
2474069
2474169
2474270
2474370
2474469
2474570
2474669
2474769
2474870
2474969
2475070
2475169
2475270
2475370
2475469
2475569
2475669
2475770
2475870
2475969
2476070
2476170
