0
2499
5002
7507
9998
12500
15002
17499
20005
22503
24998
27500
30000
32501
35005
37502
39998
42501
45000
47501
50001
52503
55043
57543
60045
62543
65045
67546
70046
72543
75042
77545
80045
82546
85042
87543
90045
92543
95044
97542
100046
102546
105044
107544
110044
112548
115088
117588
120088
122590
125094
127588
130092
132591
135088
137589
140089
142592
145092
147590
150088
152587
155089
157590
160087
162589
165086
167587
170092
172589
175132
177631
180134
182632
185132
187636
190135
192635
195133
197634
200136
202633
205131
207636
210136
212631
215132
217631
220135
222637
225131
227635
230134
232634
235179
237678
240177
242680
245179
247677
250176
252680
255178
257676
260180
262678
265177
267679
270179
272676
275179
277677
280176
282679
285179
287680
290177
292681
295226
297723
300227
302723
305226
307722
310224
312728
315224
317721
320221
322724
325225
327725
330223
332722
335225
337724
340225
342727
345222
347724
350224
352727
355267
357767
360271
362768
365269
367768
370271
372769
375266
377767
380270
382771
385266
387769
390268
392770
395267
397770
400266
402767
405268
407766
410271
412766
415315
417813
420316
422815
425314
427817
430319
432814
435314
437816
440314
442817
445317
447812
450314
452812
455312
457813
460316
462812
465312
467811
470315
472814
475364
477862
480360
482861
485360
487862
490361
492860
495364
497864
500362
502862
505361
507860
510362
512864
515363
517861
520360
522861
525364
527863
530360
532859
535406
537911
540405
542905
545404
547905
550406
552904
555403
557906
560406
562905
565404
567905
570404
572910
575404
577904
580405
582904
585410
587905
590407
592905
595449
597951
600447
602946
605449
607949
610448
612949
615449
617951
620448
622947
625450
627950
630448
632948
635451
637950
640449
642947
645453
647948
650450
652951
655490
657992
660493
662995
665491
667993
670493
672992
675491
677992
680493
682994
685492
687996
690494
692995
695491
697992
700493
702991
705495
707992
710493
712996
715537
718040
720542
723037
725536
728039
730539
733035
735539
738037
740536
743037
745537
748037
750539
753036
755538
758038
760536
763035
765537
768039
770537
773034
775583
778088
780581
783081
785579
788086
790583
793084
795585
798085
800582
803084
805580
808088
810580
813081
815586
818085
820581
823081
825583
828082
830587
833081
835630
838129
840629
843129
845629
848128
850627
853128
855628
858127
860628
863126
865627
868127
870629
873126
875633
878129
880629
883128
885635
888127
890631
893131
895677
898176
900676
903174
905675
908173
910673
913175
915673
918175
920674
923178
925676
928179
930674
933177
935674
938178
940675
943176
945675
948173
950672
953178
955722
958221
960722
963225
965724
968223
970722
973223
975721
978225
980724
983224
985723
988224
990722
993222
995724
998221
1000720
1003225
1005722
1008223
1010723
1013221
1015770
1018271
1020771
1023272
1025771
1028272
1030771
1033271
1035770
1038272
1040770
1043270
1045768
1048271
1050768
1053267
1055770
1058272
1060767
1063270
1065770
1068267
1070771
1073271
1075818
1078314
1080819
1083315
1085819
1088314
1090814
1093319
1095816
1098315
1100814
1103316
1105819
1108317
1110818
1113313
1115814
1118318
1120816
1123315
1125815
1128315
1130815
1133318
1135858
1138362
1140859
1143364
1145857
1148359
1150858
1153361
1155857
1158358
1160857
1163361
1165858
1168362
1170863
1173358
1175860
1178359
1180860
1183360
1185858
1188359
1190859
1193362
1195921
1198424
1200920
1203421
1205923
1208420
1210921
1213424
1215926
1218424
1220920
1223429
1225924
1228432
1230922
1233422
1235920
1238425
1240926
1243419
1245926
1248421
1250923
1253422
1255969
1258468
1260966
1263468
1265968
1268467
1270964
1273467
1275968
1278466
1280965
1283465
1285967
1288467
1290966
1293464
1295965
1298470
1300969
1303463
1305966
1308465
1310970
1313467
1316017
1318512
1321016
1323511
1326012
1328514
1331012
1333513
1336012
1338512
1341012
1343519
1346012
1348516
1351011
1353514
1356012
1358510
1361011
1363510
1366010
1368510
1371012
1373512
1376056
1378557
1381057
1383557
1386057
1388556
1391056
1393556
1396060
1398557
1401056
1403561
1406057
1408556
1411056
1413557
1416057
1418559
1421056
1423556
1426056
1428555
1431057
1433560
1436101
1438602
1441102
1443601
1446105
1448605
1451102
1453601
1456103
1458603
1461104
1463604
1466101
1468602
1471105
1473603
1476104
1478604
1481106
1483603
1486103
1488605
1491104
1493604
1496148
1498645
1501148
1503648
1506144
1508649
1511147
1513644
1516147
1518646
1521144
1523647
1526142
1528646
1531142
1533645
1536142
1538647
1541147
1543649
1546145
1548644
1551146
1553644
1556189
1558689
1561187
1563689
1566190
1568689
1571192
1573690
1576192
1578689
1581190
1583689
1586187
1588687
1591192
1593691
1596189
1598689
1601189
1603689
1606192
1608689
1611190
1613691
1616237
1618736
1621240
1623738
1626238
1628740
1631238
1633737
1636240
1638738
1641236
1643744
1646241
1648739
1651236
1653736
1656238
1658738
1661237
1663740
1666238
1668738
1671237
1673741
1676283
1678783
1681281
1683779
1686285
1688782
1691281
1693783
1696281
1698782
1701279
1703785
1706283
1708786
1711283
1713782
1716283
1718782
1721283
1723783
1726284
1728781
1731279
1733782
1736325
1738825
1741324
1743826
1746330
1748825
1751324
1753824
1756324
1758826
1761331
1763826
1766327
1768829
1771325
1773829
1776326
1778827
1781329
1783824
1786325
1788827
1791333
1793827
1796371
1798871
1801375
1803875
1806374
1808874
1811370
1813873
1816372
1818870
1821373
1823870
1826368
1828872
1831368
1833872
1836372
1838870
1841369
1843873
1846370
1848870
1851373
1853873
1856412
1858915
1861416
1863916
1866414
1868913
1871413
1873912
1876412
1878912
1881413
1883913
1886411
1888912
1891412
1893912
1896415
1898916
1901414
1903912
1906412
1908913
1911411
1913913
1916461
1918959
1921462
1923959
1926459
1928963
1931464
1933959
1936465
1938959
1941461
1943959
1946459
1948961
1951463
1953963
1956465
1958966
1961459
1963961
1966463
1968963
1971459
1973959
1976502
1979005
1981502
1984004
1986502
1989004
1991502
1994004
1996502
1999005
2001502
2004004
2006509
2009004
2011502
2014005
2016505
2019004
2021506
2024005
2026506
2029004
2031504
2034005
2036549
2039048
2041547
2044049
2046548
2049048
2051550
2054048
2056549
2059050
2061550
2064049
2066549
2069049
2071549
2074045
2076549
2079052
2081549
2084048
2086553
2089049
2091550
2094049
2096593
2099093
2101592
2104091
2106594
2109091
2111594
2114091
2116594
2119090
2121595
2124091
2126592
2129093
2131590
2134089
2136594
2139090
2141591
2144097
2146591
2149095
2151590
2154090
2156642
2159140
2161637
2164140
2166639
2169137
2171638
2174139
2176638
2179138
2181638
2184137
2186639
2189138
2191638
2194137
2196639
2199139
2201639
2204137
2206637
2209137
2211637
2214144
2216686
2219182
2221687
2224185
2226686
2229183
2231682
2234183
2236687
2239182
2241683
2244184
2246682
2249186
2251686
2254183
2256686
2259188
2261688
2264185
2266686
2269184
2271683
2274181
2276730
2279230
2281733
2284228
2286731
2289229
2291734
2294231
2296730
2299229
2301728
2304229
2306728
2309230
2311732
2314228
2316730
2319231
2321734
2324228
2326728
2329231
2331730
2334229
2336775
2339275
2341776
2344275
2346775
2349274
2351778
2354275
2356776
2359276
2361775
2364274
2366776
2369275
2371778
2374275
2376777
2379276
2381777
2384276
2386775
2389276
2391777
2394276
2396822
2399322
2401819
2404321
2406820
2409322
2411821
2414320
2416817
2419318
2421820
2424318
2426818
2429317
2431818
2434320
2436821
2439319
2441820
2444323
2446821
2449318
2451820
2454319
2456864
2459361
2461865
2464362
2466863
2469360
2471862
2474363
2476862
2479363
2481862
2484365
2486862
2489364
2491865
2494362
2496862
2499365
2501862
2504361
2506864
2509363
2511861
2514362
2516910
2519409
2521908
2524408
2526906
2529409
2531909
2534406
2536906
2539409
2541909
2544408
2546907
2549407
2551906
2554408
2556908
2559407
2561909
2564407
2566907
2569406
2571908
2574407
2576955
2579459
2581955
2584454
2586952
2589456
2591954
2594458
2596955
2599454
2601957
2604455
2606952
2609452
2611956
2614455
2616954
2619454
2621954
2624452
2626955
2629452
2631952
2634460
2637002
2639500
2642001
2644501
2647003
2649503
2652004
2654505
2657002
2659501
2662000
2664503
2667001
2669501
2671999
2674500
2677000
2679503
2682003
2684500
2687005
2689499
2692002
2694500
2697045
2699542
2702044
2704542
2707042
2709542
2712046
2714549
2717044
2719544
2722044
2724542
2727044
2729543
2732045
2734542
2737043
2739547
2742042
2744541
2747043
2749543
2752045
2754546
2757086
2759585
2762089
2764587
2767088
2769588
2772089
2774590
2777086
2779594
2782087
2784586
2787085
2789590
2792087
2794584
2797090
2799588
2802085
2804585
2807088
2809590
2812088
2814587
2817131
2819631
2822130
2824634
2827131
2829631
2832131
2834631
2837131
2839631
2842130
2844631
2847133
2849630
2852131
2854631
2857133
2859631
2862131
2864634
2867130
2869633
2872131
2874633
2877212
2879710
2882211
2884715
2887212
2889712
2892210
2894708
2897208
2899710
2902210
2904708
2907211
2909711
2912208
2914711
2917208
2919708
2922211
2924711
2927208
2929711
2932213
2934714
2937257
2939753
2942255
2944758
2947258
2949755
2952258
2954755
2957253
2959758
2962255
2964754
2967255
2969756
2972257
2974754
2977257
2979755
2982254
2984756
2987257
2989760
2992255
2994756
2997300
2999801
3002300
3004799
3007300
3009803
3012299
3014798
3017296
3019802
3022298
3024801
3027300
3029801
3032297
3034801
3037302
3039798
3042298
3044803
3047298
3049802
3052298
3054800
3057345
3059845
3062344
3064846
3067344
3069846
3072346
3074844
3077345
3079846
3082342
3084846
3087342
3089846
3092346
3094844
3097344
3099845
3102345
3104845
3107346
3109841
3112343
3114846
3117389
3119888
3122393
3124887
3127389
3129888
3132388
3134889
3137393
3139894
3142391
3144894
3147387
3149889
3152391
3154889
3157389
3159888
3162389
3164888
3167389
3169892
3172393
3174892
3177432
3179936
3182432
3184935
3187432
3189935
3192431
3194935
3197431
3199931
3202434
3204932
3207432
3209932
3212430
3214935
3217431
3219932
3222432
3224932
3227432
3229932
3232434
3234932
3237476
3239979
3242475
3244979
3247477
3249978
3252478
3254979
3257475
3259977
3262478
3264978
3267481
3269976
3272476
3274978
3277480
3279976
3282475
3284979
3287480
3289979
3292481
3294975
3297525
3300023
3302525
3305023
3307525
3310023
3312525
3315022
3317522
3320025
3322527
3325029
3327527
3330024
3332525
3335024
3337524
3340023
3342522
3345022
3347523
3350023
3352524
3355021
3357572
3360066
3362568
3365068
3367565
3370066
3372565
3375066
3377566
3380066
3382567
3385068
3387568
3390067
3392568
3395065
3397572
3400067
3402567
3405065
3407566
3410068
3412564
3415065
3417613
3420113
3422614
3425109
3427610
3430111
3432611
3435109
3437611
3440111
3442614
3445113
3447609
3450110
3452614
3455111
3457614
3460109
3462613
3465115
3467611
3470113
3472611
3475110
3477654
3480156
3482656
3485158
3487654
3490154
3492658
3495156
3497659
3500158
3502659
3505157
3507656
3510157
3512657
3515154
3517657
3520157
3522660
3525154
3527654
3530159
3532657
3535157
3537705
3540203
3542702
3545203
3547705
3550201
3552705
3555206
3557705
3560206
3562705
3565204
3567706
3570204
3572706
3575206
3577702
3580206
3582706
3585206
3587702
3590205
3592703
3595206
3597751
3600251
3602748
3605248
3607749
3610248
3612747
3615247
3617748
3620247
3622747
3625253
3627746
3630248
3632749
3635247
3637747
3640248
3642747
3645252
3647750
3650247
3652745
3655245
3657791
3660296
3662792
3665292
3667790
3670295
3672791
3675291
3677794
3680295
3682792
3685295
3687791
3690291
3692793
3695292
3697791
3700291
3702794
3705290
3707793
3710293
3712792
3715295
3717836
3720335
3722836
3725336
3727836
3730338
3732840
3735335
3737836
3740335
3742839
3745339
3747837
3750337
3752840
3755337
3757836
3760336
3762836
3765337
3767839
3770340
3772839
3775338
3777883
3780388
3782884
3785388
3787882
3790389
3792885
3795387
3797883
3800385
3802885
3805382
3807887
3810385
3812885
3815385
3817885
3820385
3822883
3825384
3827882
3830383
3832883
3835385
3837930
3840432
3842940
3845435
3847928
3850430
3852932
3855431
3857930
3860432
3862931
3865433
3867928
3870431
3872932
3875431
3877928
3880434
3882937
3885431
3887937
3890431
3892935
3895428
3897971
3900474
3902973
3905473
3907973
3910471
3912971
3915471
3917976
3920477
3922971
3925474
3927978
3930473
3932971
3935471
3937971
3940471
3942971
3945471
3947974
3950471
3952969
3955469
3958017
3960521
3963019
3965519
3968016
3970516
3973016
3975516
3978022
3980514
3983019
3985514
3988014
3990516
3993021
3995518
3998018
4000520
4003014
4005520
4008014
4010521
4013020
4015516
4018064
4020563
4023061
4025562
4028064
4030562
4033061
4035560
4038062
4040562
4043060
4045560
4048062
4050561
4053060
4055562
4058065
4060562
4063061
4065560
4068060
4070561
4073059
4075563
4078107
4080607
4083109
4085607
4088106
4090604
4093105
4095607
4098106
4100606
4103106
4105607
4108111
4110606
4113110
4115605
4118104
4120607
4123110
4125610
4128107
4130607
4133110
4135606
4138154
4140654
4143156
4145656
4148154
4150652
4153154
4155650
4158153
4160652
4163152
4165655
4168153
4170652
4173154
4175656
4178154
4180657
4183154
4185654
4188155
4190655
4193154
4195652
4198197
4200700
4203198
4205699
4208196
4210695
4213198
4215699
4218199
4220696
4223198
4225696
4228197
4230699
4233199
4235700
4238197
4240702
4243200
4245697
4248197
4250694
4253197
4255699
4258238
4260739
4263238
4265741
4268237
4270737
4273240
4275736
4278238
4280743
4283236
4285737
4288239
4290742
4293237
4295739
4298243
4300743
4303237
4305739
4308241
4310739
4313241
4315737
4318285
4320783
4323282
4325780
4328282
4330781
4333284
4335781
4338280
4340780
4343282
4345785
4348286
4350783
4353280
4355780
4358282
4360782
4363282
4365782
4368285
4370783
4373283
4375782
4378326
4380828
4383326
4385828
4388330
4390827
4393327
4395827
4398327
4400828
4403327
4405826
4408329
4410829
4413327
4415825
4418326
4420826
4423329
4425827
4428328
4430826
4433329
4435827
4438374
4440873
4443377
4445872
4448374
4450874
4453374
4455874
4458371
4460872
4463376
4465874
4468376
4470874
4473375
4475873
4478374
4480876
4483372
4485871
4488371
4490874
4493375
4495879
4498419
4500922
4503421
4505918
4508419
4510919
4513418
4515919
4518419
4520920
4523421
4525919
4528424
4530919
4533423
4535921
4538418
4540920
4543421
4545919
4548421
4550918
4553423
4555920
4558462
4560963
4563461
4565961
4568464
4570963
4573463
4575966
4578462
4580964
4583463
4585961
4588465
4590963
4593463
4595966
4598463
4600960
4603463
4605964
4608462
4610965
4613461
4615963
4618509
4621007
4623507
4626007
4628510
4631007
4633509
4636007
4638508
4641008
4643510
4646012
4648510
4651010
4653510
4656007
4658509
4661007
4663507
4666008
4668509
4671009
4673511
4676009
4678554
4681050
4683553
4686051
4688551
4691052
4693551
4696053
4698551
4701053
4703553
4706055
4708553
4711052
4713551
4716055
4718550
4721051
4723554
4726053
4728557
4731049
4733553
4736051
4738598
4741101
4743596
4746097
4748597
4751099
4753599
4756099
4758598
4761101
4763601
4766096
4768597
4771096
4773599
4776096
4778599
4781101
4783598
4786097
4788598
4791097
4793595
4796096
4798642
4801142
4803642
4806141
4808640
4811143
4813646
4816144
4818643
4821145
4823643
4826143
4828642
4831140
4833642
4836140
4838645
4841140
4843643
4846143
4848642
4851141
4853644
4856139
4858692
4861193
4863690
4866190
4868691
4871193
4873691
4876195
4878690
4881189
4883691
4886193
4888690
4891191
4893692
4896192
4898691
4901190
4903690
4906189
4908693
4911192
4913692
4916191
4918736
4921239
4923738
4926240
4928740
4931241
4933738
4936241
4938739
4941238
4943737
4946238
4948738
4951238
4953742
4956237
4958737
4961238
4963740
4966236
4968740
4971242
4973737
4976237
4978789
4981286
4983786
4986291
4988784
4991286
4993785
4996286
4998786
5001285
5003787
5006283
5008787
5011285
5013789
5016287
5018784
5021287
5023786
5026286
5028785
5031285
5033788
5036283
5038831
5041327
5043829
5046331
5048830
5051328
5053830
5056329
5058827
5061328
5063830
5066328
5068828
5071328
5073827
5076327
5078828
5081330
5083828
5086329
5088829
5091328
5093829
5096327
5098872
5101376
5103875
5106379
5108871
5111373
5113875
5116377
5118872
5121373
5123874
5126378
5128872
5131376
5133873
5136376
5138873
5141380
5143873
5146375
5148871
5151374
5153871
5156377
5158919
5161418
5163917
5166416
5168918
5171420
5173917
5176418
5178917
5181418
5183922
5186421
5188916
5191418
5193916
5196419
5198918
5201417
5203923
5206422
5208917
5211420
5213923
5216417
5218957
5221463
5223958
5226461
5228958
5231459
5233961
5236460
5238961
5241459
5243962
5246461
5248961
5251461
5253959
5256458
5258958
5261460
5263959
5266460
5268961
5271461
5273962
5276460
5279006
5281505
5284006
5286505
5289002
5291504
5294003
5296508
5299003
5301507
5304002
5306508
5309004
5311502
5314006
5316505
5319004
5321505
5324003
5326505
5329004
5331503
5334004
5336502
5339049
5341547
5344049
5346550
5349048
5351547
5354049
5356549
5359046
5361548
5364050
5366550
5369048
5371549
5374048
5376547
5379048
5381548
5384053
5386550
5389049
5391548
5394046
5396549
5399094
5401594
5404096
5406596
5409094
5411594
5414096
5416594
5419095
5421596
5424099
5426598
5429098
5431598
5434096
5436597
5439097
5441595
5444095
5446595
5449099
5451595
5454093
5456592
5459136
5461636
5464134
5466638
5469136
5471638
5474135
5476635
5479136
5481642
5484139
5486638
5489136
5491636
5494136
5496638
5499136
5501640
5504136
5506636
5509136
5511636
5514135
5516634
5519186
5521684
5524186
5526686
5529183
5531682
5534183
5536683
5539185
5541686
5544184
5546686
5549183
5551685
5554186
5556681
5559188
5561683
5564186
5566682
5569185
5571686
5574183
5576686
5579233
5581736
5584231
5586737
5589237
5591735
5594237
5596733
5599231
5601733
5604231
5606731
5609235
5611733
5614231
5616738
5619233
5621734
5624234
5626736
5629234
5631731
5634233
5636733
5639272
5641778
5644276
5646776
5649272
5651775
5654275
5656774
5659274
5661780
5664276
5666774
5669279
5671778
5674272
5676776
5679274
5681772
5684272
5686777
5689274
5691774
5694274
5696775
5699322
5701825
5704322
5706825
5709321
5711825
5714322
5716824
5719324
5721821
5724324
5726825
5729321
5731822
5734322
5736820
5739323
5741823
5744325
5746825
5749322
5751822
5754321
5756821
5759366
5761864
5764367
5766866
5769364
5771866
5774365
5776865
5779366
5781866
5784367
5786866
5789370
5791867
5794367
5796865
5799367
5801869
5804370
5806870
5809366
5811863
5814367
5816867
5819415
5821913
5824413
5826912
5829417
5831913
5834415
5836913
5839415
5841914
5844414
5846917
5849415
5851914
5854415
5856917
5859414
5861913
5864417
5866913
5869416
5871915
5874416
5876913
5879459
5881959
5884460
5886959
5889460
5891962
5894459
5896960
5899461
5901958
5904458
5906959
5909460
5911959
5914458
5916961
5919457
5921958
5924456
5926958
5929459
5931961
5934458
5936960
5939501
5942003
5944503
5947003
5949502
5952002
5954502
5957001
5959503
5962007
5964506
5967003
5969503
5972002
5974503
5977002
5979502
5982002
5984505
5987009
5989503
5992005
5994502
5997000
5999544
6002046
6004543
6007045
6009548
6012045
6014544
6017047
6019548
6022045
6024547
6027047
6029548
6032043
6034544
6037045
6039544
6042043
6044544
6047046
6049544
6052046
6054546
6057046
6059589
6062091
6064589
6067088
6069588
6072089
6074589
6077087
6079591
6082093
6084589
6087088
6089589
6092087
6094589
6097087
6099589
6102088
6104588
6107088
6109592
6112089
6114586
6117088
6119633
6122133
6124633
6127129
6129632
6132131
6134637
6137133
6139631
6142130
6144633
6147131
6149634
6152134
6154629
6157131
6159629
6162137
6164633
6167133
6169633
6172131
6174633
6177129
6179675
6182179
6184679
6187178
6189680
6192177
6194680
6197181
6199677
6202179
6204677
6207179
6209678
6212179
6214677
6217177
6219677
6222179
6224678
6227175
6229678
6232175
6234675
6237175
6239730
6242227
6244724
6247227
6249727
6252224
6254725
6257228
6259731
6262226
6264726
6267230
6269731
6272226
6274725
6277229
6279727
6282224
6284728
6287229
6289726
6292227
6294731
6297226
6299775
6302273
6304773
6307278
6309772
6312275
6314775
6317276
6319772
6322270
6324775
6327277
6329777
6332276
6334776
6337274
6339774
6342274
6344772
6347273
6349774
6352275
6354778
6357274
6359817
6362316
6364817
6367319
6369816
6372314
6374816
6377318
6379820
6382315
6384820
6387320
6389819
6392319
6394818
6397317
6399815
6402317
6404817
6407320
6409814
6412319
6414815
6417319
6419864
6422364
6424862
6427361
6429862
6432365
6434860
6437363
6439863
6442364
6444863
6447361
6449860
6452362
6454861
6457364
6459860
6462362
6464865
6467363
6469863
6472367
6474865
6477365
6479906
6482409
6484909
6487408
6489908
6492410
6494908
6497408
6499914
6502412
6504910
6507406
6509911
6512412
6514911
6517409
6519910
6522409
6524910
6527409
6529911
6532409
6534911
6537408
6539958
6542452
6544952
6547453
6549955
6552454
6554954
6557456
6559954
6562454
6564955
6567454
6569954
6572456
6574953
6577454
6579955
6582459
6584953
6587455
6589954
6592456
6594951
6597454
6600010
6602515
6605010
6607510
6610012
6612513
6615012
6617515
6620010
6622518
6625015
6627519
6630010
6632514
6635010
6637516
6640010
6642515
6645012
6647516
6650013
6652518
6655010
6657515
6660060
6662562
6665060
6667560
6670059
6672560
6675062
6677560
6680060
6682560
6685063
6687559
6690060
6692560
6695059
6697560
6700059
6702558
6705060
6707558
6710059
6712557
6715060
6717559
6720103
6722602
6725103
6727604
6730103
6732603
6735104
6737605
6740102
6742601
6745102
6747601
6750102
6752603
6755108
6757604
6760105
6762601
6765111
6767601
6770105
6772604
6775108
6777601
6780146
6782646
6785149
6787645
6790145
6792645
6795149
6797649
6800144
6802645
6805148
6807650
6810146
6812646
6815144
6817648
6820145
6822646
6825146
6827643
6830148
6832644
6835146
6837645
6840192
6842691
6845193
6847691
6850193
6852693
6855192
6857694
6860193
6862689
6865191
6867694
6870193
6872692
6875193
6877691
6880191
6882691
6885191
6887691
6890192
6892691
6895189
6897692
6900237
6902739
6905237
6907741
6910240
6912740
6915240
6917739
6920240
6922740
6925241
6927738
6930239
6932738
6935236
6937739
6940241
6942738
6945237
6947739
6950243
6952739
6955238
6957740
6960287
6962782
6965282
6967782
6970290
6972785
6975282
6977787
6980286
6982784
6985281
6987782
6990284
6992784
6995282
6997782
7000284
7002785
7005285
7007781
7010281
7012786
7015284
7017785
7020331
7022830
7025330
7027829
7030329
7032829
7035329
7037830
7040331
7042829
7045329
7047832
7050331
7052830
7055334
7057831
7060333
7062827
7065327
7067832
7070330
7072831
7075329
7077827
7080372
7082874
7085374
7087874
7090377
7092875
7095374
7097877
7100379
7102873
7105375
7107877
7110374
7112873
7115377
7117875
7120377
7122879
7125375
7127871
7130372
7132874
7135374
7137873
7140419
7142918
7145419
7147920
7150418
7152917
7155418
7157917
7160418
7162920
7165421
7167918
7170418
7172918
7175418
7177918
7180417
7182917
7185422
7187918
7190422
7192918
7195417
7197918
7200460
7202959
7205460
7207963
7210467
7212963
7215460
7217962
7220461
7222962
7225461
7227960
7230462
7232961
7235462
7237962
7240462
7242962
7245463
7247961
7250463
7252961
7255463
7257959
7260507
7263007
7265507
7268008
7270506
7273008
7275508
7278003
7280507
7283003
7285509
7288003
7290502
7293007
7295508
7298006
7300508
7303007
7305505
7308008
7310507
7313007
7315506
7318006
7320557
7323058
7325557
7328062
7330558
7333057
7335556
7338060
7340560
7343058
7345555
7348057
7350558
7353058
7355557
7358058
7360558
7363058
7365560
7368064
7370562
7373058
7375560
7378061
7380605
7383105
7385606
7388110
7390604
7393106
7395605
7398106
7400611
7403108
7405616
7408107
7410612
7413105
7415606
7418106
7420608
7423106
7425605
7428106
7430604
7433105
7435608
7438108
7440650
7443150
7445648
7448150
7450653
7453150
7455649
7458152
7460650
7463151
7465653
7468149
7470650
7473150
7475649
7478149
7480655
7483151
7485651
7488150
7490649
7493151
7495651
7498150
7500701
7503198
7505701
7508197
7510699
7513196
7515699
7518197
7520699
7523196
7525696
7528196
7530694
7533200
7535696
7538197
7540699
7543200
7545698
7548197
7550701
7553203
7555698
7558199
7560743
7563241
7565743
7568241
7570743
7573246
7575740
7578240
7580739
7583237
7585743
7588239
7590741
7593240
7595739
7598243
7600744
7603240
7605741
7608240
7610740
7613242
7615740
7618240
7620787
7623288
7625788
7628285
7630784
7633284
7635784
7638286
7640785
7643289
7645785
7648285
7650786
7653289
7655786
7658285
7660788
7663286
7665787
7668287
7670784
7673287
7675784
7678289
7680832
7683329
7685832
7688330
7690830
7693332
7695833
7698332
7700830
7703330
7705833
7708335
7710830
7713333
7715832
7718330
7720830
7723329
7725829
7728332
7730830
7733329
7735827
7738333
7740874
7743377
7745873
7748379
7750873
7753373
7755875
7758375
7760875
7763375
7765874
7768375
7770875
7773374
7775877
7778373
7780878
7783372
7785874
7788375
7790875
7793373
7795873
7798374
7800919
7803418
7805919
7808416
7810916
7813416
7815916
7818416
7820916
7823416
7825918
7828416
7830916
7833416
7835920
7838419
7840916
7843416
7845918
7848416
7850915
7853415
7855916
7858419
7860962
7863460
7865967
7868466
7870961
7873465
7875961
7878461
7880963
7883463
7885963
7888457
7890961
7893460
7895963
7898462
7900960
7903462
7905962
7908461
7910961
7913460
7915963
7918464
7921006
7923504
7926009
7928502
7931002
7933502
7936001
7938502
7941002
7943502
7946002
7948504
7951002
7953506
7956004
7958504
7961002
7963508
7966002
7968504
7971001
7973504
7976006
7978505
7981048
7983548
7986048
7988553
7991052
7993552
7996050
7998548
8001055
8003551
8006050
8008548
8011050
8013548
8016049
8018549
8021048
8023549
8026054
8028552
8031052
8033550
8036051
8038549
8041094
8043595
8046091
8048591
8051094
8053593
8056094
8058588
8061090
8063595
8066092
8068594
8071092
8073590
8076090
8078592
8081095
8083594
8086090
8088594
8091091
8093593
8096092
8098590
8101137
8103636
8106136
8108634
8111135
8113637
8116135
8118634
8121136
8123634
8126136
8128635
8131134
8133636
8136134
8138634
8141137
8143635
8146135
8148637
8151136
8153638
8156136
8158641
8161183
8163685
8166183
8168683
8171181
8173681
8176183
8178683
8181187
8183680
8186185
8188685
8191183
8193683
8196182
8198683
8201186
8203682
8206181
8208682
8211181
8213679
8216179
8218681
8221232
8223728
8226228
8228726
8231226
8233733
8236229
8238727
8241227
8243728
8246230
8248726
8251228
8253726
8256230
8258726
8261229
8263728
8266229
8268729
8271226
8273726
8276229
8278727
8281274
8283777
8286276
8288773
8291274
8293775
8296276
8298776
8301276
8303773
8306274
8308773
8311272
8313774
8316274
8318783
8321278
8323772
8326274
8328775
8331275
8333775
8336274
8338772
8341321
8343821
8346318
8348821
8351319
8353819
8356318
8358819
8361317
8363818
8366319
8368819
8371319
8373819
8376318
8378819
8381317
8383819
8386319
8388818
8391317
8393819
8396318
8398822
8401369
8403863
8406366
8408866
8411368
8413864
8416364
8418863
8421366
8423865
8426369
8428866
8431369
8433866
8436366
8438865
8441364
8443863
8446365
8448865
8451366
8453864
8456364
8458866
8461412
8463910
8466412
8468913
8471411
8473911
8476414
8478910
8481412
8483913
8486412
8488912
8491413
8493913
8496413
8498911
8501411
8503911
8506410
8508913
8511411
8513912
8516409
8518914
8521456
8523957
8526454
8528952
8531453
8533957
8536457
8538956
8541454
8543953
8546457
8548955
8551455
8553958
8556455
8558954
8561455
8563955
8566454
8568952
8571453
8573953
8576455
8578954
8581498
8583998
8586498
8589001
8591496
8594000
8596498
8598997
8601500
8604001
8606498
8609001
8611499
8613998
8616499
8618999
8621497
8623996
8626497
8628999
8631497
8633995
8636497
8639003
8641543
8644040
8646540
8649040
8651545
8654043
8656541
8659043
8661539
8664042
8666540
8669041
8671541
8674040
8676543
8679041
8681540
8684042
8686544
8689040
8691545
8694043
8696544
8699039
8701587
8704085
8706584
8709082
8711586
8714084
8716584
8719083
8721585
8724086
8726588
8729083
8731584
8734090
8736584
8739087
8741583
8744085
8746589
8749087
8751586
8754083
8756585
8759085
8761627
8764128
8766629
8769129
8771630
8774131
8776629
8779129
8781630
8784128
8786633
8789130
8791629
8794133
8796629
8799126
8801628
8804127
8806627
8809127
8811625
8814127
8816628
8819127
8821671
8824174
8826672
8829172
8831671
8834173
8836673
8839173
8841672
8844173
8846672
8849170
8851673
8854171
8856673
8859174
8861674
8864173
8866671
8869175
8871672
8874171
8876671
8879173
8881719
8884218
8886720
8889220
8891720
8894220
8896716
8899221
8901721
8904218
8906718
8909221
8911718
8914217
8916716
8919221
8921718
8924217
8926719
8929218
8931719
8934217
8936719
8939217
8941765
8944265
8946769
8949269
8951768
8954269
8956770
8959268
8961766
8964269
8966767
8969267
8971766
8974266
8976764
8979265
8981766
8984265
8986765
8989266
8991763
8994266
8996766
8999268
9001814
9004312
9006813
9009311
9011811
9014311
9016815
9019313
9021811
9024312
9026811
9029314
9031811
9034309
9036809
9039311
9041812
9044310
9046810
9049312
9051813
9054309
9056810
9059312
9061855
9064356
9066854
9069356
9071856
9074354
9076857
9079352
9081854
9084357
9086854
9089354
9091854
9094354
9096858
9099353
9101854
9104353
9106853
9109358
9111851
9114354
9116857
9119353
9121898
9124399
9126899
9129397
9131902
9134398
9136900
9139399
9141900
9144397
9146899
9149398
9151897
9154401
9156902
9159398
9161896
9164398
9166902
9169398
9171902
9174397
9176902
9179399
9181941
9184440
9186938
9189443
9191941
9194445
9196939
9199442
9201944
9204442
9206943
9209439
9211944
9214439
9216941
9219440
9221939
9224439
9226939
9229441
9231938
9234440
9236941
9239444
9241990
9244487
9246989
9249489
9251989
9254487
9256989
9259491
9261991
9264489
9266991
9269491
9271988
9274486
9276989
9279487
9281987
9284488
9286989
9289488
9291989
9294488
9296990
9299492
9302033
9304532
9307033
9309533
9312033
9314532
9317033
9319537
9322034
9324531
9327033
9329537
9332031
9334535
9337032
9339537
9342033
9344534
9347034
9349533
9352032
9354535
9357034
9359533
9362078
9364578
9367081
9369576
9372081
9374579
9377082
9379577
9382081
9384580
9387078
9389579
9392078
9394577
9397080
9399578
9402080
9404577
9407081
9409581
9412079
9414576
9417078
9419579
9422124
9424622
9427125
9429623
9432121
9434629
9437125
9439621
9442124
9444622
9447124
9449625
9452128
9454625
9457122
9459624
9462122
9464623
9467124
9469621
9472125
9474621
9477122
9479623
9482167
9484673
9487169
9489669
9492171
9494672
9497169
9499668
9502166
9504668
9507170
9509667
9512169
9514668
9517169
9519667
9522166
9524668
9527171
9529667
9532168
9534671
9537171
9539667
9542212
9544716
9547211
9549713
9552214
9554712
9557215
9559711
9562213
9564711
9567213
9569712
9572209
9574710
9577210
9579709
9582212
9584710
9587214
9589716
9592217
9594710
9597213
9599714
9602255
9604758
9607255
9609759
9612256
9614758
9617260
9619757
9622255
9624754
9627255
9629758
9632258
9634762
9637257
9639760
9642259
9644758
9647257
9649756
9652257
9654760
9657258
9659757
9662344
9664843
9667344
9669844
9672344
9674844
9677345
9679841
9682344
9684844
9687343
9689842
9692341
9694840
9697344
9699843
9702345
9704841
9707340
9709846
9712340
9714841
9717341
9719844
9722388
9724888
9727388
9729892
9732387
9734890
9737389
9739888
9742386
9744890
9747387
9749892
9752393
9754887
9757387
9759887
9762388
9764892
9767390
9769889
9772387
9774887
9777389
9779890
9782432
9784931
9787433
9789932
9792430
9794932
9797429
9799935
9802436
9804930
9807437
9809930
9812433
9814935
9817431
9819930
9822437
9824933
9827432
9829931
9832432
9834931
9837432
9839932
9842475
9844976
9847474
9849973
9852474
9854974
9857472
9859975
9862477
9864972
9867473
9869973
9872474
9874972
9877474
9879974
9882473
9884972
9887472
9889977
9892472
9894974
9897476
9899972
9902522
9905017
9907518
9910016
9912517
9915018
9917519
9920016
9922519
9925016
9927517
9930018
9932516
9935017
9937515
9940015
9942517
9945019
9947517
9950017
9952517
9955017
9957520
9960020
9962562
9965063
9967563
9970063
9972562
9975063
9977564
9980063
9982566
9985064
9987561
9990063
9992561
9995063
9997566
10000065
10002561
10005061
10007562
10010067
10012562
10015062
10017561
10020061
10022609
10025111
10027610
10030113
10032612
10035110
10037611
10040111
10042610
10045113
10047608
10050111
10052614
10055112
10057613
10060109
10062612
10065113
10067611
10070112
10072611
10075111
10077609
10080111
10082653
10085156
10087657
10090158
10092655
10095155
10097656
10100154
10102656
10105156
10107657
10110156
10112655
10115154
10117657
10120154
10122656
10125155
10127658
10130158
10132656
10135157
10137655
10140156
10142700
10145200
10147699
10150200
10152702
10155202
10157703
10160200
10162700
10165202
10167701
10170200
10172704
10175198
10177699
10180201
10182700
10185201
10187699
10190198
10192699
10195201
10197699
10200200
10202745
10205247
10207744
10210246
10212745
10215248
10217746
10220245
10222750
10225246
10227747
10230247
10232745
10235246
10237747
10240246
10242750
10245248
10247746
10250246
10252746
10255247
10257746
10260245
10262795
10265293
10267792
10270296
10272793
10275293
10277793
10280296
10282796
10285293
10287793
10290292
10292793
10295293
10297793
10300292
10302793
10305293
10307792
10310292
10312793
10315296
10317795
10320295
10322845
10325345
10327841
10330343
10332842
10335343
10337842
10340341
10342843
10345342
10347846
10350343
10352844
10355342
10357843
10360343
10362846
10365344
10367846
10370343
10372844
10375344
10377842
10380341
10382888
10385388
10387888
10390393
10392887
10395389
10397886
10400388
10402889
10405390
10407889
10410389
10412890
10415390
10417888
10420390
10422893
10425389
10427889
10430387
10432891
10435391
10437887
10440391
10442974
10445478
10447976
10450480
10452977
10455482
10457976
10460476
10462974
10465479
10467972
10470481
10472974
10475474
10477976
10480472
10482972
10485472
10487972
10490472
10492974
10495472
10497977
10500470
10503018
10505517
10508015
10510519
10513023
10515519
10518017
10520516
10523020
10525516
10528018
10530517
10533017
10535518
10538017
10540517
10543018
10545516
10548023
10550516
10553016
10555515
10558017
10560518
10563063
10565560
10568064
10570558
10573063
10575561
10578064
10580560
10583062
10585561
10588061
10590559
10593059
10595561
10598064
10600561
10603059
10605556
10608064
10610560
10613060
10615560
10618061
10620559
10623103
10625606
10628105
10630606
10633101
10635606
10638103
10640604
10643107
10645604
10648101
10650604
10653104
10655605
10658101
10660605
10663108
10665603
10668105
10670603
10673104
10675608
10678103
10680606
10683149
10685652
10688146
10690653
10693148
10695646
10698146
10700646
10703149
10705650
10708151
10710650
10713150
10715650
10718146
10720649
10723146
10725649
10728150
10730650
10733153
10735648
10738149
10740651
10743192
10745692
10748192
10750698
10753195
10755694
10758191
10760691
10763193
10765692
10768196
10770693
10773195
10775694
10778193
10780698
10783193
10785693
10788191
10790694
10793192
10795691
10798195
10800694
10803241
10805737
10808239
10810737
10813242
10815737
10818237
10820740
10823237
10825737
10828237
10830739
10833239
10835739
10838237
10840739
10843236
10845737
10848242
10850737
10853237
10855741
10858236
10860739
10863287
10865782
10868285
10870782
10873282
10875782
10878285
10880784
10883286
10885785
10888286
10890786
10893287
10895782
10898282
10900788
10903282
10905785
10908282
10910787
10913286
10915784
10918282
10920787
10923327
10925833
10928330
10930827
10933326
10935827
10938327
10940830
10943331
10945830
10948330
10950827
10953329
10955832
10958330
10960829
10963329
10965827
10968332
10970830
10973327
10975827
10978327
10980830
10983375
10985873
10988376
10990873
10993377
10995873
10998373
11000878
11003373
11005876
11008373
11010876
11013373
11015877
11018375
11020877
11023375
11025873
11028373
11030876
11033376
11035873
11038373
11040873
11043416
11045922
11048418
11050918
11053420
11055918
11058422
11060917
11063421
11065920
11068420
11070916
11073420
11075918
11078422
11080918
11083418
11085920
11088421
11090917
11093416
11095920
11098417
11100918
11103474
11105975
11108475
11110975
11113472
11115975
11118476
11120977
11123472
11125977
11128475
11130974
11133477
11135972
11138476
11140977
11143472
11145972
11148475
11150974
11153475
11155977
11158472
11160975
11163554
11166058
11168557
11171058
11173552
11176062
11178556
11181054
11183552
11186054
11188554
11191057
11193556
11196056
11198558
11201056
11203554
11206054
11208556
11211053
11213553
11216058
11218557
11221054
11223601
11226102
11228597
11231097
11233601
11236098
11238597
11241099
11243601
11246099
11248602
11251101
11253601
11256101
11258598
11261097
11263601
11266098
11268596
11271099
11273598
11276099
11278599
11281098
11283650
11286146
11288649
11291149
11293649
11296147
11298650
11301148
11303650
11306148
11308650
11311147
11313647
11316148
11318649
11321148
11323647
11326146
11328648
11331149
11333646
11336146
11338650
11341146
11343697
11346198
11348695
11351198
11353695
11356195
11358699
11361197
11363695
11366199
11368696
11371198
11373695
11376198
11378697
11381197
11383701
11386197
11388694
11391196
11393695
11396195
11398698
11401196
11403748
11406242
11408744
11411244
11413744
11416242
11418746
11421244
11423743
11426243
11428743
11431241
11433743
11436242
11438748
11441244
11443743
11446246
11448744
11451244
11453744
11456242
11458744
11461244
11463788
11466287
11468788
11471287
11473788
11476289
11478788
11481288
11483791
11486289
11488789
11491289
11493787
11496291
11498792
11501286
11503788
11506287
11508787
11511286
11513787
11516287
11518786
11521289
11523835
11526337
11528831
11531330
11533832
11536331
11538830
11541329
11543831
11546331
11548830
11551331
11553831
11556333
11558829
11561330
11563835
11566330
11568829
11571334
11573829
11576332
11578831
11581334
11583876
11586375
11588875
11591376
11593878
11596376
11598876
11601374
11603878
11606375
11608875
11611376
11613876
11616375
11618878
11621377
11623875
11626378
11628875
11631376
11633876
11636374
11638876
11641380
11643928
11646425
11648928
11651428
11653925
11656427
11658929
11661429
11663924
11666428
11668928
11671427
11673927
11676430
11678925
11681427
11683925
11686425
11688925
11691425
11693927
11696424
11698925
11701425
11703975
11706476
11708974
11711472
11713977
11716474
11718975
11721474
11723979
11726475
11728973
11731478
11733976
11736474
11738976
11741476
11743975
11746474
11748974
11751473
11753976
11756472
11758973
11761477
11764019
11766519
11769018
11771521
11774020
11776521
11779022
11781520
11784020
11786520
11789021
11791516
11794021
11796521
11799019
11801519
11804020
11806519
11809024
11811520
11814020
11816519
11819020
11821520
11824069
11826570
11829068
11831568
11834068
11836565
11839068
11841569
11844068
11846566
11849065
11851566
11854070
11856565
11859065
11861565
11864067
11866568
11869067
11871570
11874065
11876573
11879070
11881570
11884113
11886613
11889114
11891613
11894115
11896615
11899113
11901613
11904112
11906612
11909116
11911615
11914116
11916615
11919112
11921615
11924113
11926612
11929117
11931612
11934116
11936616
11939115
11941611
11944165
11946661
11949165
11951661
11954160
11956660
11959161
11961663
11964161
11966661
11969161
11971661
11974161
11976661
11979160
11981659
11984164
11986661
11989160
11991660
11994159
11996660
