0.15
0.15
0.1177
0.13
0.1438
0.135
0.1401
0.1307
0.14
0.1869
0.145
0.1843
0.195
0.1801
0.2084
0.2107
0.2013
0.1509
0.2223
0.2222
0.215
0.225
0.2036
0.19
0.1852
0.1873
0.22
0.2033
0.2143
0.2033
0.215
0.2069
0.1876
0.22
0.23
0.215
0.2268
0.2352
0.215
0.215
0.212
0.245
0.2148
0.1824
0.2328
0.23
0.2046
0.235
0.2412
0.205
0.25
0.225
0.2467
0.216
0.23
0.22
0.21
0.2
0.1759
0.1858
0.145
0.18
0.1817
0.1471
0.1811
0.1282
0.175
0.185
0.155
0.2037
0.2203
0.1987
0.2068
0.195
0.1777
0.1841
0.1389
0.1794
0.155
0.1742
0.164
0.1725
0.1834
0.1635
0.1935
0.245
0.1816
0.1945
0.1729
0.225
0.15
0.1942
0.1604
0.2079
0.1941
0.185
0.1731
0.135
0.1717
0.175
0.175
0.1642
0.1564
0.165
0.1568
0.185
0.18
0.1522
0.16
0.1828
0.185
0.2201
0.17
0.1701
0.1751
0.1731
0.185
0.2053
0.1852
0.1752
0.2
0.175
0.1753
0.205
0.18
0.198
0.155
0.2171
0.21
0.205
0.166
0.175
0.1609
0.1973
0.16
0.2
0.195
0.17
0.1953
0.175
0.1654
0.2276
0.165
0.2266
0.215
0.2
0.195
0.193
0.1459
0.2348
0.1783
0.2016
0.22
0.195
0.2189
0.25
0.2442
0.235
0.2451
0.2201
0.253
0.1844
0.1754
0.165
0.1601
0.15
0.1201
0.128
0.1201
0.1163
0.16
0.1248
0.155
0.1751
0.15
0.135
0.13
0.1277
0.1136
0.125
0.1393
0.1077
0.1194
0.1116
0.1112
0.125
0.11
0.0851
0.113
0.115
0.108
0.0971
0.1211
0.1003
0.1001
0.12
0.1193
0.0844
0.1142
0.1169
0.1017
0.12
0.1009
0.0949
0.0997
0.1044
0.1051
0.0987
0.0911
0.0857
0.0899
0.0909
0.1086
0.1
0.1001
0.1102
0.075
0.0894
0.0894
0.0839
0.0771
0.0871
0.1097
0.0837
0.1072
0.09
0.0876
0.0907
0.0891
0.0951
0.078
0.065
0.0642
0.0941
0.0838
0.0916
0.0712
0.0867
0.0883
0.0943
0.1
0.0951
0.08
0.08
0.0884
0.1157
0.1
0.1036
0.0961
0.0893
0.092
0.0911
0.0888
0.09
0.1089
0.0961
0.084
0.0924
0.0851
0.085
0.0891
0.0846
0.0684
0.0922
0.0951
0.1034
0.0801
0.0901
0.09
0.0979
0.1101
0.0809
0.0851
0.0758
0.105
0.0749
0.1051
0.0927
0.0731
0.0851
0.0979
0.097
0.087
0.09
0.1041
0.09
0.0796
0.0847
0.099
0.105
0.0901
0.0946
0.09
0.0752
0.075
0.0963
0.085
0.0851
0.085
0.1251
0.0841
0.0842
0.0999
0.0836
0.1024
0.0951
0.085
0.085
0.085
0.0958
0.0689
0.0768
0.0751
0.1038
0.0884
0.083
0.083
0.075
0.0836
0.0818
0.1051
0.085
0.092
0.085
0.1101
0.087
0.0801
0.1051
0.0859
0.1051
0.0711
0.098
0.105
0.1001
0.0854
0.0799
0.0989
0.075
0.0966
0.0841
0.102
0.095
0.0902
0.1046
0.0951
0.0901
0.086
0.0851
0.095
0.088
0.08
0.086
0.0911
0.1097
0.0751
0.0901
0.0701
0.105
0.095
0.1048
0.086
0.0909
0.0723
0.071
0.1001
0.0888
0.0946
0.0886
0.1
0.115
0.1116
0.1037
0.0929
0.0736
0.1
0.0951
0.0984
0.0939
0.0704
0.0763
0.1091
0.0823
0.1301
0.1351
0.1127
0.1132
0.1179
0.0901
0.1148
0.0948
0.0852
0.099
0.0954
0.1067
0.0996
0.09
0.0871
0.0804
0.1101
0.0913
0.1283
0.1071
0.085
0.09
0.11
0.09
0.0879
0.096
0.0998
0.1
0.1001
0.0923
0.0861
0.0811
0.1112
0.0868
0.092
0.1241
0.09
0.0951
0.1152
0.0901
0.0901
0.1122
0.1001
0.1138
0.13
0.1113
0.0873
0.0867
0.127
0.0871
0.085
0.0783
0.1142
0.0973
0.095
0.1063
0.0937
0.11
0.1001
0.1288
0.105
0.1101
0.1306
0.0971
0.095
0.1221
0.0919
0.1
0.0966
0.1001
0.1041
0.1118
0.11
0.0807
0.108
0.1151
0.139
0.1237
0.1202
0.0848
0.14
0.0976
0.1101
0.0901
0.1007
0.1251
0.1
0.12
0.11
0.12
0.135
0.1302
0.11
0.1351
0.1301
0.1482
0.1114
0.1122
0.1611
0.14
0.155
0.11
0.1051
0.125
0.1151
0.135
0.1122
0.115
0.13
0.1
0.11
0.1101
0.1441
0.1536
0.135
0.12
0.1177
0.12
0.1311
0.1071
0.1358
0.15
0.1143
0.0966
0.1301
0.109
0.1058
0.1367
0.1503
0.1233
0.1059
0.0901
0.125
0.1151
0.1028
0.1301
0.09
0.1077
0.0991
0.1085
0.1186
0.1
0.1001
0.0882
0.12
0.1152
0.0974
0.1013
0.109
0.116
0.0911
0.1113
0.1151
0.0969
0.0879
0.1197
0.0954
0.11
0.0932
0.1096
0.0897
0.0943
0.1052
0.103
0.0752
0.085
0.0803
0.0957
0.0879
0.085
0.0927
0.0901
0.1298
0.0804
0.1001
0.0728
0.1003
0.0884
0.112
0.0949
0.0951
0.0824
0.0951
0.1017
0.0779
0.0739
0.093
0.1051
0.1129
0.08
0.0827
0.1222
0.0893
0.0869
0.1044
0.0976
0.0942
0.085
0.1037
0.0901
0.08
0.0938
0.1028
0.09
0.0951
0.1103
0.1101
0.097
0.0852
0.0856
0.1019
0.08
0.095
0.115
0.1141
0.0892
0.0898
0.1007
0.093
0.125
0.1041
0.095
0.0963
0.0901
0.1003
0.115
0.1072
0.0907
0.0878
0.09
0.0901
0.105
0.0978
0.09
0.095
0.1013
0.1001
0.09
0.0893
0.1
0.0993
0.1001
0.0951
0.09
0.0867
0.1012
0.0712
0.0924
0.096
0.115
0.1083
0.1001
0.0967
0.0955
0.0852
0.0884
0.093
0.0653
0.0815
0.0913
0.0989
0.0902
0.0856
0.12
0.0751
0.09
0.095
0.0905
0.0889
0.105
0.1
0.105
0.115
0.092
0.0918
0.0919
0.09
0.095
0.105
0.1026
0.0962
0.1002
0.0854
0.1046
0.1
0.1033
0.0962
0.08
0.1001
0.1093
0.115
0.105
0.095
0.081
0.1183
0.0903
0.1051
0.1004
0.0813
0.105
0.105
0.0871
0.0846
0.0951
0.086
0.1236
0.086
0.08
0.0867
0.0874
0.1051
0.1059
0.1023
0.095
0.0803
0.0907
0.0865
0.09
0.0777
0.0867
0.0858
0.1186
0.1007
0.0976
0.0584
0.1036
0.1066
0.0884
0.0926
0.0925
0.0901
0.089
0.1032
0.1117
0.1133
0.1051
0.1151
0.1116
0.0951
0.0951
0.0994
0.0771
0.0916
0.0872
0.12
0.0782
0.085
0.096
0.095
0.0981
0.0883
0.0984
0.0942
0.0891
0.0851
0.1038
0.1303
0.0929
0.0911
0.0869
0.1
0.1096
0.1101
0.0904
0.1
0.1187
0.0973
0.1236
0.0951
0.1281
0.1155
0.0914
0.1041
0.1074
0.116
0.078
0.079
0.0952
0.1061
0.1
0.11
0.0991
0.1039
0.1183
0.1116
0.1125
0.1427
0.0889
0.0806
0.0934
0.1161
0.11
0.0998
0.1182
0.1141
0.0928
0.1224
0.0951
0.0901
0.1106
0.0927
0.0704
0.12
0.1027
0.0982
0.1332
0.1082
0.1245
0.105
0.0954
0.1103
0.103
0.0982
0.1015
0.0951
0.1201
0.1189
0.0931
0.0922
0.0998
0.0736
0.11
0.1
0.0923
0.1151
0.1169
0.1073
0.0901
0.1195
0.1136
0.095
0.095
0.095
0.101
0.0831
0.1064
0.0976
0.114
0.1145
0.0951
0.1133
0.125
0.15
0.151
0.1781
0.164
0.1539
0.2209
0.1424
0.1536
0.1301
0.1124
0.1121
0.0901
0.11
0.1521
0.11
0.1191
0.1181
0.115
0.0901
0.085
0.1062
0.1468
0.1475
0.135
0.1752
0.1851
0.1722
0.1471
0.1566
0.1479
0.0951
0.1051
0.1109
0.145
0.1301
0.15
0.167
0.2465
0.2451
0.2951
0.2894
0.2328
0.197
0.1801
0.1337
0.112
0.1201
0.1251
0.12
0.13
0.1151
0.12
0.0904
0.1233
0.0891
0.0972
0.105
0.0871
0.115
0.1141
0.1048
0.1006
0.135
0.1737
0.18
0.18
0.2175
0.2536
0.2267
0.31
0.315
0.3268
0.325
0.3151
0.2736
0.4627
0.4347
0.5284
0.52
0.5017
0.5456
0.375
0.42
0.37
0.3701
0.2984
0.2534
0.24
0.1911
0.1548
0.145
0.2032
0.14
0.0893
0.0842
0.1098
0.09
0.09
0.0866
0.1158
0.0846
0.1
0.0755
0.1193
0.1659
0.2001
0.1852
0.22
0.19
0.22
0.135
0.18
0.1351
0.155
0.1751
0.1938
0.255
0.1667
0.22
0.2822
0.2353
0.22
0.2001
0.2003
0.1872
0.135
0.1334
0.1386
0.09
0.1081
0.1769
0.1641
0.155
0.1551
0.1631
0.165
0.2
0.144
0.1392
0.138
0.1295
0.1063
0.1009
0.0798
0.1167
0.115
0.0834
0.09
0.0767
0.0871
0.1049
0.0898
0.0993
0.1674
0.119
0.1738
0.1851
0.1951
0.2402
0.2329
0.205
0.1878
0.1399
0.1684
0.125
0.1371
0.125
0.1033
0.0739
0.1048
0.08
0.0906
0.1136
0.12
0.1701
0.13
0.1393
0.1201
0.09
0.1021
0.085
0.115
0.1349
0.1248
0.1176
0.0863
0.1118
0.085
0.17
0.1686
0.21
0.1906
0.205
0.2
0.1001
0.11
0.115
0.0983
0.0873
0.1013
0.1017
0.0888
0.115
0.0839
0.101
0.1
0.095
0.1262
0.1222
0.1169
0.1242
0.1101
0.15
0.1081
0.135
0.11
0.1343
0.105
0.1162
0.1139
0.1283
0.0993
0.1196
0.124
0.0863
0.1007
0.1056
0.0801
0.1001
0.115
0.0991
0.1101
0.1051
0.086
0.1151
0.0951
0.0902
0.1047
0.0997
0.1076
0.0741
0.106
0.075
0.1077
0.0951
0.0851
0.0951
0.1071
0.1
0.1
0.0924
0.0742
0.0987
0.0954
0.095
0.095
0.08
0.0951
0.0877
0.1102
0.0891
0.0748
0.0889
0.086
0.085
0.0818
0.0793
0.108
0.0914
0.0959
0.1138
0.1254
0.1103
0.0987
0.0951
0.0916
0.0993
0.0907
0.1284
0.098
0.0952
0.124
0.15
0.0967
0.0901
0.1243
0.0851
0.085
0.0844
0.0844
0.0927
0.1051
0.105
0.1241
0.1151
0.1551
0.15
0.15
0.1388
0.1006
0.1169
0.1051
0.0897
0.1194
0.12
0.1108
0.1038
0.1754
0.1701
0.2336
0.1543
0.1756
0.2358
0.1575
0.1595
0.205
0.17
0.1672
0.165
0.1751
0.18
0.1402
0.1662
0.1067
0.155
0.1299
0.0906
0.1201
0.1058
0.0873
0.09
0.1148
0.1151
0.0986
0.093
0.1
0.1171
0.1107
0.1188
0.1523
0.14
0.155
0.1596
0.1779
0.18
0.14
0.1542
0.175
0.1334
0.15
0.1651
0.1731
0.2286
0.1713
0.1632
0.1922
0.1657
0.185
0.1801
0.114
0.135
0.1179
0.1049
0.1142
0.11
0.085
0.1201
0.079
0.1
0.1101
0.0993
0.0762
0.0819
0.0798
0.0794
0.07
0.0909
0.0901
0.0874
0.095
0.083
0.085
0.0921
0.075
0.0814
0.09
0.0999
0.07
0.1001
0.1022
0.0751
0.086
0.085
0.0897
0.0974
0.0749
0.1009
0.09
0.0951
0.095
0.0901
0.0803
0.1074
0.079
0.1137
0.0801
0.0911
0.1107
0.1001
0.0877
0.075
0.1001
0.0904
0.1002
0.095
0.0886
0.1017
0.09
0.0951
0.0749
0.0978
0.0963
0.1152
0.068
0.08
0.0918
0.1151
0.1223
0.1243
0.1138
0.0948
0.0873
0.0962
0.0824
0.0967
0.0988
0.0851
0.1101
0.08
0.1131
0.0974
0.0612
0.102
0.0806
0.085
0.0886
0.0877
0.1098
0.0998
0.0966
0.0867
0.0801
0.0851
0.0799
0.0614
0.0884
0.0822
0.0752
0.1089
0.075
0.0848
0.0933
0.0842
0.08
0.085
0.0772
0.0849
0.0987
0.1
0.0616
0.08
0.0972
0.0892
0.08
0.091
0.0686
0.1
0.0992
0.0939
0.112
0.09
0.0852
0.0801
0.0876
0.0829
0.1
0.085
0.09
0.0954
0.0956
0.0843
0.0909
0.0714
0.0814
0.0876
0.1
0.0712
0.0837
0.07
0.0877
0.0927
0.0764
0.08
0.0846
0.0764
0.0851
0.098
0.0798
0.0809
0.075
0.1
0.0918
0.0558
0.0594
0.095
0.0752
0.09
0.0902
0.0901
0.0961
0.0786
0.0632
0.1035
0.0801
0.0916
0.0812
0.0683
0.0558
0.0991
0.09
0.0927
0.0865
0.0951
0.0922
0.0686
0.0898
0.075
0.0848
0.0926
0.0787
0.0689
0.1063
0.0916
0.105
0.1104
0.081
0.1052
0.0934
0.087
0.0842
0.0937
0.0837
0.0892
0.0851
0.0867
0.0866
0.075
0.105
0.07
0.0941
0.0827
0.1201
0.075
0.0901
0.0951
0.09
0.1001
0.0951
0.0934
0.08
0.0791
0.0609
0.08
0.0951
0.0628
0.075
0.0767
0.0753
0.0901
0.0747
0.082
0.095
0.0932
0.0889
0.0975
0.09
0.075
0.085
0.09
0.09
0.11
0.095
0.0879
0.105
0.07
0.0911
0.0821
0.0901
0.095
0.0918
0.0964
0.0921
0.09
0.0876
0.0884
0.085
0.1091
0.099
0.0936
0.1
0.0883
0.073
0.0752
0.08
0.0814
0.0834
0.085
0.0868
0.0841
0.083
0.0901
0.0681
0.0746
0.08
0.0908
0.061
0.0759
0.0662
0.0673
0.0879
0.11
0.1114
0.0672
0.0733
0.0752
0.0918
0.0873
0.0907
0.0801
0.0757
0.0681
0.0747
0.095
0.096
0.0892
0.0739
0.0974
0.0702
0.0862
0.085
0.0776
0.0817
0.0729
0.0876
0.0709
0.08
0.0751
0.0842
0.0788
0.065
0.0812
0.0859
0.0693
0.0738
0.0938
0.1057
0.0791
0.0652
0.0898
0.08
0.1024
0.0796
0.0753
0.0953
0.0817
0.0852
0.09
0.0801
0.085
0.1034
0.08
0.0747
0.075
0.087
0.0644
0.0866
0.0749
0.0787
0.0864
0.115
0.0668
0.0663
0.0824
0.1
0.0701
0.0762
0.1053
0.07
0.0788
0.0551
0.0897
0.0811
0.0701
0.0681
0.0852
0.0673
0.0702
0.1151
0.0951
0.0846
0.0951
0.08
0.09
0.0764
0.083
0.0846
0.1
0.0809
0.0812
0.0564
0.0813
0.09
0.09
0.0877
0.0728
0.0804
0.0857
0.0908
0.085
0.0854
0.0867
0.09
0.08
0.08
0.0702
0.0719
0.0999
0.0751
0.0729
0.085
0.0761
0.0764
0.09
0.0958
0.0632
0.1
0.0732
0.0808
0.0884
0.075
0.0831
0.0922
0.0851
0.1094
0.1035
0.1102
0.0943
0.0664
0.0798
0.091
0.0862
0.1
0.0806
0.0851
0.0801
0.0701
0.095
0.115
0.0901
0.15
0.1232
0.0851
0.1278
0.1313
0.095
0.1012
0.1001
0.1051
0.1009
0.085
0.0903
0.087
0.0799
0.08
0.0918
0.0737
0.08
0.0656
0.101
0.0951
0.0751
0.0941
0.095
0.0867
0.1017
0.0967
0.0951
0.0869
0.0864
0.0983
0.0798
0.105
0.1101
0.0702
0.1059
0.0862
0.0884
0.0801
0.0892
0.0772
0.0747
0.0751
0.1
0.0981
0.0983
0.0988
0.1132
0.1277
0.1501
0.165
0.135
0.105
0.125
0.1053
0.1116
0.1056
0.0864
0.0951
0.1101
0.0979
0.09
0.0772
0.0881
0.0774
0.096
0.0901
0.1097
0.0882
0.107
0.1012
0.09
0.1003
0.1058
0.1084
0.0901
0.0923
0.105
0.0868
0.095
0.1023
0.095
0.1
0.085
0.0969
0.0866
0.0901
0.0766
0.0792
0.1101
0.0519
0.0991
0.0792
0.0866
0.07
0.11
0.0963
0.095
0.0801
0.095
0.0851
0.103
0.0742
0.085
0.0927
0.0803
0.0901
0.0851
0.11
0.09
0.11
0.0901
0.0764
0.0801
0.092
0.085
0.0946
0.095
0.1169
0.117
0.0932
0.1
0.095
0.0914
0.08
0.09
0.0887
0.0914
0.0851
0.0884
0.0901
0.0878
0.08
0.0701
0.07
0.09
0.0851
0.0914
0.09
0.065
0.0964
0.083
0.1
0.0949
0.083
0.1051
0.1122
0.09
0.0918
0.081
0.085
0.0801
0.0804
0.0897
0.0686
0.0948
0.0801
0.0859
0.0721
0.0853
0.0983
0.0951
0.0901
0.0894
0.0986
0.082
0.1244
0.0811
0.125
0.0966
0.1051
0.1201
0.115
0.1114
0.0951
0.105
0.1195
0.1144
0.11
0.1076
0.105
0.1051
0.0904
0.1252
0.13
0.105
0.1251
0.105
0.0859
0.1001
0.1301
0.1137
0.0951
0.1
0.0891
0.1023
0.0881
0.0993
0.1
0.0856
0.1101
0.085
0.0711
0.1099
0.0751
0.0944
0.1116
0.0948
0.09
0.0766
0.0909
0.085
0.1001
0.1046
0.0606
0.1001
0.0891
0.1
0.095
0.0984
0.0951
0.0794
0.0804
0.0963
0.1001
0.1018
0.0751
0.0933
0.0932
0.0902
0.0901
0.0901
0.0723
0.0761
0.0976
0.09
0.0847
0.0652
0.0832
0.075
0.0901
0.08
0.0951
0.0979
0.0792
0.0801
0.0908
0.0869
0.0805
0.0956
0.0901
0.095
0.0733
0.0723
0.0969
0.118
0.1144
0.105
0.0882
0.1
0.1098
0.1027
0.1051
0.0901
0.085
0.0886
0.0988
0.0932
0.0851
0.102
0.0895
0.0879
0.0863
0.0751
0.084
0.0968
0.0889
0.092
0.1097
0.0801
0.0852
0.0965
0.0864
0.0927
0.1151
0.085
0.0701
0.1041
0.0709
0.09
0.0951
0.0811
0.0933
0.0788
0.0816
0.077
0.0839
0.0788
0.0801
0.0831
0.075
0.09
0.095
0.0884
0.1397
0.1189
0.1346
0.1401
0.1532
0.1021
0.1198
0.1098
0.08
0.0713
0.0742
0.1037
0.102
0.0874
0.0901
0.0702
0.0719
0.0976
0.0809
0.0931
0.0894
0.09
0.0801
0.105
0.115
0.185
0.195
0.195
0.1706
0.1914
0.145
0.1201
0.1267
0.104
0.0907
0.1001
0.0886
0.1092
0.0801
0.105
0.1081
0.1023
0.08
0.0901
0.085
0.1062
0.1001
0.1023
0.075
0.0801
0.1
0.0828
0.1001
0.095
0.0806
0.1144
0.0981
0.0756
0.0948
0.0991
0.0988
0.1029
0.0653
0.0801
0.08
0.1097
0.0998
0.1051
0.08
0.0771
0.0907
0.103
0.08
0.0752
0.0746
0.1
0.0762
0.0932
0.0923
0.1051
0.0966
0.095
0.103
0.0781
0.0884
0.0804
0.0904
0.0832
0.0951
0.1
0.0784
0.0773
0.1001
0.0941
0.0851
0.0829
0.08
0.07
0.0992
0.097
0.0951
0.0801
0.0951
0.0951
0.0938
0.08
0.0895
0.0902
0.0683
0.1077
0.1
0.0851
0.0988
0.0882
0.1051
0.1001
0.0851
0.0812
0.1067
0.1077
0.0937
0.085
0.1136
0.0706
0.0697
0.1
0.0751
0.0813
0.0833
0.0814
0.09
0.0808
0.0651
0.0968
0.087
0.078
0.0801
0.1
0.08
0.07
0.09
0.0759
0.12
0.1001
0.1
0.0784
0.12
0.0752
0.0761
0.0812
0.0833
0.085
0.0794
0.1
0.0764
0.08
0.063
0.0569
0.0939
0.0939
0.0873
0.1
0.076
0.08
0.0867
0.0787
0.0722
0.085
0.0801
0.09
0.08
0.0901
0.0713
0.1028
0.0851
0.0829
0.0801
0.0802
0.0688
0.0984
0.0916
0.0753
0.0851
0.0718
0.09
0.1
0.0991
0.0557
0.0837
0.09
0.0886
0.095
0.0917
0.11
0.09
0.0951
0.1084
0.1163
0.105
0.1147
0.0921
0.105
0.085
0.0701
0.076
0.0901
0.1046
0.0728
0.095
0.0751
0.075
0.104
0.1006
0.0928
0.1
0.0784
0.105
0.0948
0.1074
0.0866
0.1
0.101
0.085
0.0958
0.1332
0.1033
0.0796
0.108
0.09
0.1124
0.075
0.0751
0.0751
0.085
0.0861
0.0851
0.1
0.0956
0.1004
0.0887
0.0924
0.1051
0.0852
0.0901
0.0669
0.08
0.1144
0.0984
0.1069
0.1102
0.0969
0.095
0.0878
0.08
0.075
0.0922
0.1001
0.0969
0.0861
0.0951
0.0811
0.1001
0.0842
0.0972
0.0981
0.1001
0.0867
0.085
0.0644
0.0894
0.0971
0.0879
0.09
0.0751
0.0596
0.0907
0.081
0.0903
0.1226
0.0983
0.1001
0.0874
0.084
0.1002
0.0827
0.0801
0.0801
0.1077
0.0951
0.125
0.1031
0.0901
0.0888
0.085
0.1051
0.0859
0.0811
0.11
0.0951
0.0756
0.08
0.0758
0.0786
0.0809
0.095
0.0701
0.0919
0.095
0.1071
0.085
0.0884
0.1
0.0957
0.0901
0.1151
0.0951
0.1139
0.0851
0.0969
0.0959
0.09
0.0827
0.09
0.095
0.0972
0.0891
0.1
0.105
0.0682
0.0874
0.105
0.0771
0.085
0.085
0.0892
0.1044
0.0652
0.0851
0.093
0.0951
0.0827
0.1
0.09
0.093
0.0951
0.0967
0.0846
0.0901
0.0832
0.09
0.085
0.0889
0.1001
0.084
0.0681
0.0918
0.085
0.08
0.0787
0.0955
0.0851
0.08
0.0836
0.0854
0.085
0.0893
0.0601
0.0751
0.0834
0.0718
0.0714
0.0729
0.0951
0.0733
0.0764
0.0814
0.0564
0.0833
0.0812
0.0941
0.099
0.1056
0.1
0.0901
0.1092
0.0957
0.114
0.0801
0.0889
0.1
0.0801
0.0802
0.065
0.0751
0.0849
0.0706
0.0819
0.0929
0.0982
0.0886
0.0858
0.095
0.0851
0.0951
0.0901
0.0901
0.065
0.1051
0.0991
0.0951
0.0757
0.095
0.0707
0.0857
0.0842
0.079
0.0976
0.11
0.0764
0.0661
0.0944
0.0828
0.0908
0.0868
0.11
0.0853
0.081
0.0881
0.0857
0.1051
0.1028
0.095
0.077
0.0901
0.0709
0.0799
0.101
0.0912
0.096
0.095
0.0833
0.0889
0.1027
0.085
0.091
0.0918
0.0912
0.101
0.07
0.08
0.0762
0.08
0.0907
0.07
0.0859
0.1
0.0751
0.0851
0.095
0.1234
0.0951
0.1192
0.125
0.12
0.0802
0.1201
0.1014
0.085
0.1051
0.1038
0.09
0.0651
0.08
0.09
0.0793
0.095
0.0868
0.0902
0.0851
0.1
0.1092
0.0751
0.1062
0.13
0.135
0.1139
0.1189
0.0951
0.0909
0.0769
0.085
0.085
0.0854
0.0894
0.0901
0.09
0.0846
0.085
0.0879
0.1
0.0841
0.0804
0.0996
0.0842
0.1064
0.0896
0.0901
0.0776
0.0973
0.0906
0.1083
0.0693
0.0806
0.1083
0.0803
0.0851
0.1199
0.1203
0.1026
0.0851
0.1113
0.1059
0.1214
0.135
0.0931
0.0901
0.085
0.075
0.1054
0.0919
0.0771
0.0846
0.0851
0.086
0.0812
0.0964
0.1151
0.088
0.0851
0.06
0.08
0.0839
0.0791
0.0864
0.0717
0.1066
0.0949
0.1051
0.0757
0.095
0.085
0.0971
0.0828
0.0989
0.0704
0.0939
0.0934
0.0946
0.0851
0.1
0.105
0.07
0.09
0.1026
0.0948
0.0901
0.0968
0.0949
0.0751
0.08
0.08
0.1063
0.0942
0.1101
0.11
0.085
0.113
0.085
0.0801
0.1
0.1
0.13
0.135
0.105
0.09
0.0951
0.0851
0.1027
0.0773
0.0859
0.101
0.1036
0.1001
0.085
0.1036
0.0757
0.1134
0.085
0.0951
0.0951
0.1301
0.0951
0.0953
0.0961
0.1038
0.135
0.1205
0.1043
0.1007
0.1181
0.1173
0.11
0.09
0.1
0.0851
0.0901
0.099
0.105
0.1101
0.105
0.113
0.1071
0.135
0.1319
0.0942
0.1001
0.0711
0.155
0.1221
0.1009
0.1307
0.105
0.1019
0.124
0.1328
0.1
0.0986
0.111
0.125
0.1303
0.0866
0.1074
0.1357
0.1062
0.09
0.115
0.105
0.0969
0.0916
0.105
0.1
0.1301
0.1324
0.1106
0.11
0.1332
0.105
0.1119
0.096
0.0876
0.1147
0.095
0.1087
0.095
0.1001
0.0904
0.0952
0.0901
0.1029
0.0897
0.0951
0.0736
0.09
0.0882
0.1157
0.1067
0.11
0.1037
0.15
0.1163
0.093
0.11
0.1019
0.0923
0.105
0.1022
0.1346
0.08
0.085
0.0796
0.105
0.0969
0.0768
0.095
0.09
0.0741
0.0837
0.0799
0.0854
0.0956
0.09
0.1007
0.0914
0.115
0.12
0.0904
0.125
0.1279
0.0872
0.0934
0.1
0.09
0.1
0.0872
0.1076
0.1037
0.095
0.0789
0.0914
0.085
0.0906
0.089
0.0861
0.07
0.1013
0.1107
0.09
0.0937
0.0884
0.097
0.1059
0.09
0.1051
0.0976
0.09
0.113
0.0968
0.105
0.1
0.1045
0.0764
0.095
0.08
0.0926
0.1223
0.0833
0.0968
0.1234
0.0801
0.083
0.1074
0.0878
0.0878
0.0998
0.0851
0.0866
0.0951
0.0987
0.0998
0.105
0.085
0.07
0.09
0.09
0.086
0.0801
0.0762
0.0701
0.0953
0.09
0.0861
0.0949
0.125
0.11
0.0933
0.0973
0.1022
0.099
0.0857
0.0951
0.1141
0.0809
0.0861
0.0869
0.09
0.1033
0.0894
0.0783
0.08
0.0853
0.0752
0.0746
0.0811
0.0959
0.095
0.086
0.1021
0.0751
0.1
0.09
0.0951
0.083
0.09
0.0902
0.0906
0.095
0.08
0.1091
0.095
0.0938
0.1194
0.0906
0.09
0.1081
0.1088
0.1049
0.0909
0.0836
0.0851
0.1001
0.085
0.095
0.0901
0.1284
0.105
0.0849
0.1038
0.0814
0.0908
0.1007
0.0709
0.1228
0.0941
0.0901
0.0951
0.085
0.0851
0.0837
0.088
0.09
0.0927
0.0751
0.0974
0.0817
0.085
0.0728
0.1001
0.0908
0.0861
0.0889
0.0951
0.1094
0.095
0.0999
0.083
0.09
0.1043
0.1101
0.0903
0.0833
0.1
0.0941
0.1
0.0822
0.09
0.0806
0.1049
0.075
0.0907
0.0925
0.0793
0.0906
0.1001
0.0933
0.0711
0.1097
0.0969
0.0923
0.1
0.0716
0.0877
0.1051
0.0741
0.0577
0.0889
0.09
0.0799
0.0672
0.0916
0.115
0.1
0.0977
0.0789
0.11
0.1051
0.1
0.11
0.1051
0.0846
0.0899
0.0801
0.0963
0.0986
0.1051
0.0833
0.1089
0.0752
0.0877
0.1038
0.0958
0.1003
0.0921
0.106
0.0836
0.1129
0.0882
0.1245
0.1158
0.1018
0.0907
0.12
0.09
0.0933
0.0762
0.105
0.0791
0.11
0.0867
0.0894
0.12
0.0991
0.1051
0.085
0.0901
0.1046
0.0951
0.0801
0.0964
0.1101
0.0901
0.1049
0.1224
0.0861
0.0851
0.0971
0.0867
0.0902
0.1
0.0749
0.11
0.0851
0.0864
0.0951
0.0972
0.0801
0.0853
0.0942
0.0851
0.0964
0.09
0.1012
0.0924
0.11
0.0951
0.075
0.1027
0.0888
0.1001
0.095
0.09
0.1041
0.104
0.0931
0.0881
0.1288
0.1141
0.0993
0.0822
0.0916
0.0924
0.0844
0.0982
0.0851
0.0951
0.11
0.0806
0.09
0.0951
0.105
0.078
0.0962
0.0856
0.1038
0.1061
0.0887
0.0878
0.08
0.0858
0.1004
0.0944
0.0932
0.0751
0.0951
0.1007
0.0901
0.095
0.093
0.0863
0.0851
0.0909
0.0898
0.12
0.1119
0.0983
0.1072
0.1101
0.1051
0.095
0.098
0.095
0.075
0.075
0.09
0.109
0.085
0.0828
0.1054
0.0568
0.0613
0.0788
0.1092
0.0959
0.105
0.107
0.0852
0.1072
0.11
0.1
0.1
0.0862
0.0762
0.1027
0.0981
0.091
0.095
0.0851
0.1001
0.0804
0.0858
0.0927
0.1004
0.0691
0.1097
0.1001
0.0898
0.0887
0.0996
0.096
0.0764
0.0828
0.095
0.09
0.0914
0.0663
0.1054
0.0934
0.1049
0.0749
0.0999
0.1124
0.095
0.0876
0.0998
0.1079
0.1084
0.1219
0.09
0.0877
0.1008
0.095
0.0884
0.0901
0.0979
0.1
0.1028
0.125
0.1128
0.1079
0.0928
0.1127
0.1002
0.1309
0.1174
0.0839
0.135
0.09
0.1097
0.0987
0.0984
0.085
0.0901
0.0853
0.0934
0.0911
0.1027
0.1011
0.0839
0.115
0.0785
0.095
0.0936
0.0983
0.1066
0.0949
0.0876
0.1201
0.1286
0.1256
0.1203
0.0962
0.1252
0.1108
0.0956
0.1119
0.0874
0.1121
0.1068
0.1
0.0971
0.0693
0.105
0.1109
0.103
0.1089
0.095
0.1012
0.1019
0.0859
0.085
0.1047
0.0996
0.1198
0.1034
0.1107
0.1229
0.1201
0.095
0.1023
0.13
0.1301
0.1183
0.0988
0.1191
0.1036
0.1126
0.1051
0.0967
0.09
0.1021
0.1051
0.1022
0.0962
0.0759
0.1022
0.1051
0.07
0.0938
0.085
0.105
0.1001
0.0801
0.075
0.102
0.0751
0.075
0.0807
0.0876
0.075
0.1041
0.1051
0.0863
0.1101
0.094
0.0846
0.0838
0.0933
0.0867
0.1007
0.075
0.0839
0.1178
0.0722
0.0844
0.0888
0.0823
0.095
0.085
0.0804
0.0862
0.075
0.0921
0.087
0.1009
0.0801
0.0901
0.0829
0.0794
0.0801
0.0874
0.088
0.0759
0.09
0.0827
0.0844
0.0839
0.0971
0.0854
0.08
0.1001
0.0833
0.1151
0.1
0.0951
0.0948
0.104
0.0889
0.0851
0.1073
0.1001
0.1027
0.12
0.09
0.1058
0.091
0.0989
0.0751
0.085
0.0971
0.0901
0.0719
0.1042
0.0871
0.105
0.1066
0.0801
0.0931
0.115
0.095
0.125
0.1051
0.1197
0.1053
0.1101
0.1068
0.1043
0.11
0.0886
0.0868
0.0864
0.1034
0.096
0.1
0.1071
0.09
0.088
0.105
0.1
0.1056
0.095
0.0888
0.0723
0.08
0.084
0.0901
0.0823
0.085
0.0779
0.0807
0.0924
0.1064
0.0932
0.09
0.1073
0.0787
0.0952
0.075
0.0883
0.0879
0.0809
0.0969
0.075
0.0744
0.0991
0.0951
0.085
0.0918
0.11
0.095
0.085
0.1137
0.1021
0.0868
0.1
0.1006
0.0708
0.0801
0.0916
0.0947
0.0951
0.1028
0.0997
0.0801
0.11
0.101
0.0851
0.095
0.0984
0.0951
0.1098
0.105
0.0952
0.09
0.07
0.0962
0.085
0.1109
0.1043
0.0821
0.09
0.0828
0.0862
0.0893
0.095
0.0891
0.0737
0.1056
0.0829
0.0858
0.0666
0.0951
0.0806
0.0751
0.0951
0.0747
0.0606
0.0911
0.0864
0.096
0.0772
0.0931
0.0782
0.094
0.0787
0.0784
0.087
0.1049
0.0919
0.1001
0.0778
0.0752
0.0928
0.1078
0.0887
0.1019
0.0808
0.1004
0.0872
0.093
0.0809
0.1083
0.0776
0.0863
0.1021
0.09
0.0892
0.095
0.1041
0.085
0.093
0.0873
0.0902
0.107
0.1
0.1
0.0886
0.0901
0.0953
0.0929
0.102
0.1001
0.0897
0.095
0.096
0.085
0.0857
0.0809
0.1
0.0901
0.102
0.1174
0.08
0.0948
0.1001
0.0982
0.1
0.0956
0.0958
0.115
0.11
0.0849
0.1032
0.08
0.0838
0.0862
0.0801
0.0832
0.096
0.105
0.1
0.105
0.1068
0.1001
0.098
0.094
0.0877
0.1012
0.0851
0.095
0.086
0.0953
0.0908
0.075
0.09
0.0884
0.09
0.094
0.0901
0.1072
0.0947
0.085
0.1
0.1134
0.0866
0.0951
0.0868
0.0833
0.1001
0.0831
0.1009
0.0859
0.094
0.0702
0.0937
0.0853
0.0672
0.09
0.1119
0.1064
0.075
0.101
0.0832
0.0853
0.11
0.0896
0.1047
0.0951
0.0761
0.0902
0.0847
0.095
0.0896
0.099
0.09
0.1091
0.09
0.085
0.0938
0.0918
0.081
0.0906
0.0948
0.0717
0.0812
0.1099
0.0839
0.085
0.0751
0.0886
0.0951
0.0702
0.095
0.0873
0.08
0.09
0.0816
0.0701
0.085
0.0841
0.084
0.09
0.099
0.081
0.085
0.09
0.08
0.0897
0.0881
0.07
0.1
0.075
0.0932
0.104
0.0663
0.0813
0.0664
0.0701
0.0762
0.09
0.083
0.075
0.0778
0.0949
0.0857
0.0873
0.0951
0.0832
0.0722
0.0923
0.0787
0.095
0.0823
0.095
0.0749
0.0733
0.0906
0.083
0.0827
0.0841
0.0937
0.0617
0.0913
0.0927
0.0871
0.1001
0.091
0.0701
0.0894
0.1182
0.0924
0.092
0.0973
0.0701
0.1192
0.0812
0.1007
0.0969
0.092
0.08
0.0853
0.1036
0.0971
0.1151
0.1107
0.1129
0.1129
0.085
0.135
0.1322
0.125
0.1251
0.129
0.125
0.115
0.12
0.115
0.1008
0.1148
0.129
0.1147
0.0897
0.0988
0.1051
0.0886
0.0883
0.093
0.1103
0.085
0.1001
0.0926
0.0901
0.115
0.1011
0.1138
0.09
0.085
0.1157
0.1001
0.107
0.0851
0.1018
0.1049
0.078
0.0909
0.1
0.085
0.0951
0.1144
0.0801
0.1443
0.1051
0.1234
0.1143
0.13
0.1
0.11
0.085
0.1056
0.1033
0.115
0.1189
0.108
0.0958
0.1201
0.1051
0.11
0.1073
0.095
0.1087
0.1137
0.0801
0.0999
0.0909
0.0901
0.1192
0.098
0.0992
0.0984
0.1008
0.095
0.1
0.0893
0.0976
0.0833
0.0922
0.1059
0.09
0.0752
0.1051
0.0788
0.0824
0.08
0.085
0.0839
0.0787
0.0623
0.0887
0.0801
0.0866
0.1076
0.1001
0.0901
0.095
0.0771
0.0668
0.075
0.0901
0.1006
0.09
0.085
0.09
0.0851
0.095
0.065
0.0807
0.102
0.1092
0.0693
0.0812
0.055
0.095
0.0876
0.078
0.0652
0.0896
0.0879
0.0867
0.0909
0.1102
0.1001
0.08
0.105
0.0852
0.112
0.095
0.0602
0.0931
0.0859
0.0839
0.1
0.1
0.085
0.1018
0.0871
0.0804
0.0908
0.0851
0.105
0.0922
0.0877
0.0896
0.0954
0.0951
0.085
0.0974
0.1006
0.118
0.075
0.0851
0.1
0.095
0.086
0.0988
0.0913
0.095
0.095
0.08
0.109
0.1201
0.107
0.0751
0.0928
0.1014
0.095
0.0951
0.0944
0.0906
0.0918
0.095
0.1079
0.11
0.1101
0.065
0.085
0.1093
0.0831
0.0988
0.085
0.105
0.113
0.0902
0.0954
0.0833
0.0873
0.1003
0.0833
0.0909
0.1194
0.0952
0.1303
0.0829
0.0951
0.0729
0.0658
0.09
0.0897
0.1093
0.0902
0.1198
0.095
0.0727
0.0971
0.0757
0.099
0.0681
0.0778
0.0753
0.0874
0.1079
0.0801
0.0824
0.0983
0.1011
0.0887
0.11
0.081
0.07
0.0901
0.106
0.0777
0.1048
0.0878
0.0804
0.0901
0.0974
0.0831
0.0706
0.0669
0.0929
0.0787
0.0751
0.08
0.08
0.1
0.09
0.0851
0.0938
0.1088
0.0964
0.1009
0.0799
0.096
0.0843
0.095
0.0939
0.1096
0.1181
0.1038
0.0682
0.0919
0.1098
0.0851
0.0848
0.105
0.0801
0.0841
0.1001
0.0988
0.0787
0.0751
0.0742
0.0754
0.0834
0.0853
0.078
0.0602
0.081
0.0714
0.0867
0.0807
0.0801
0.092
0.0851
0.0736
0.0812
0.0941
0.0893
0.0939
0.0924
0.0797
0.075
0.0739
0.0837
0.0851
0.0901
0.085
0.0941
0.0838
0.09
0.08
0.0951
0.0788
0.0798
0.0859
0.1128
0.0906
0.082
0.1001
0.095
0.105
0.095
0.0798
0.0901
0.0916
0.1073
0.0761
0.0901
0.087
0.0758
0.0673
0.0951
0.0764
0.095
0.0751
0.0928
0.1029
0.1001
0.0861
0.0846
0.0807
0.1
0.1141
0.0901
0.0982
0.07
0.1101
0.085
0.095
0.1107
0.0749
0.12
0.1
0.085
0.0976
0.1016
0.086
0.1001
0.088
0.0739
0.0876
0.0929
0.0754
0.0809
0.0767
0.0889
0.0757
0.1
0.09
0.075
0.0857
0.078
0.0797
0.0976
0.085
0.0701
0.075
0.0996
0.0851
0.0943
0.0971
0.0791
0.1159
0.0819
0.1
0.0663
0.0723
0.0727
0.1039
0.0932
0.0656
0.0801
0.0938
0.0892
0.0939
0.0918
0.0923
0.09
0.1098
0.09
0.1024
0.1026
0.0734
0.1
0.085
0.0773
0.1034
0.1034
0.0777
0.08
0.0823
0.0929
0.0701
0.0701
0.07
0.0801
0.099
0.1034
0.0732
0.0951
0.0994
0.0759
0.085
0.0834
0.0933
0.075
0.0912
0.0711
0.1
0.0806
0.0888
0.0826
0.1157
0.0851
0.0797
0.0751
0.0863
0.0726
0.073
0.09
0.0841
0.0897
0.0851
0.091
0.105
0.0822
0.0738
0.0698
0.0652
0.08
0.0751
0.065
0.09
0.1
0.0673
0.0851
0.0711
0.0659
0.0931
0.0719
0.0788
0.085
0.0801
0.08
0.0734
0.085
0.0801
0.0911
0.0891
0.075
0.065
0.0928
0.094
0.085
0.0888
0.11
0.085
0.0857
0.105
0.0901
0.075
0.0671
0.0942
0.1038
0.1
0.095
0.0791
0.0851
0.115
0.0973
0.0877
0.0948
0.1014
0.08
0.0851
0.1001
0.1033
0.1111
0.0829
0.0851
0.095
0.105
0.1001
0.0712
0.098
0.1042
0.0984
0.0931
0.0898
0.0881
0.08
0.0874
0.1044
0.095
0.1282
0.1092
0.0769
0.11
0.1012
0.1
0.1051
0.0964
0.1
0.1
0.0802
0.0784
0.0801
0.105
0.1001
0.07
0.085
0.0908
0.0961
0.07
0.0801
0.0797
0.078
0.1
0.0872
0.0943
0.0801
0.08
0.0896
0.0852
0.0837
0.0882
0.0951
0.0951
0.0858
0.0858
0.082
0.085
0.0741
0.0902
0.075
0.0823
0.0829
0.0788
0.085
0.0787
0.105
0.0644
0.0851
0.0851
0.075
0.0651
0.09
0.09
0.0802
0.0762
0.0889
0.08
0.0748
0.0771
0.0734
0.08
0.0851
0.0751
0.0856
0.0949
0.0916
0.0878
0.0642
0.0772
0.0651
0.0829
0.1101
0.085
0.0752
0.0832
0.0771
0.071
0.0724
0.0851
0.0901
0.0847
0.0769
0.0792
0.085
0.0793
0.0874
0.0951
0.0904
0.0778
0.0813
0.0657
0.0817
0.0751
0.0813
0.0936
0.085
0.0609
0.0914
0.0615
0.0999
0.0758
0.0794
0.0769
0.0768
0.0893
0.0859
0.0894
0.0857
0.08
0.0851
0.1004
0.0801
0.0984
0.0881
0.0769
0.0931
0.08
0.07
0.0902
0.0998
0.0812
0.0797
0.0959
0.0901
0.0719
0.0661
0.0839
0.098
0.0917
0.075
0.08
0.0868
0.0801
0.085
0.0813
0.0744
0.0614
0.0862
0.0826
0.0856
0.0914
0.0991
0.0962
0.0923
0.0951
0.0671
0.1101
0.0801
0.0857
0.096
0.0786
0.0847
0.0901
0.0736
0.0964
0.0891
0.0894
0.1128
0.0689
0.0887
0.0919
0.0866
0.085
0.0751
0.0864
0.0849
0.098
0.0962
0.0989
0.1101
0.0851
0.0724
0.096
0.1049
0.1004
0.1001
0.1
0.085
0.08
0.0908
0.0856
0.1057
0.1088
0.0858
0.095
0.076
0.0752
0.0756
0.0917
0.0716
0.0989
0.0903
0.0823
0.07
0.0981
0.0923
0.09
0.0966
0.0851
0.0796
0.0876
0.0655
0.0801
0.09
0.0877
0.0961
0.0827
0.0736
0.0721
0.0994
0.0901
0.0751
0.0851
0.0835
0.095
0.0856
0.0907
0.0912
0.095
0.0901
0.0851
0.0851
0.0962
0.09
0.0868
0.0882
0.0697
0.0801
0.1051
0.0801
0.0662
0.0836
0.1071
0.0653
0.0852
0.0757
0.0718
0.0719
0.083
0.105
0.11
0.0804
0.0926
0.0851
0.0919
0.0751
0.0988
0.0758
0.1001
0.0866
0.0801
0.0829
0.0848
0.085
0.0727
0.0829
0.0859
0.0772
0.0892
0.0738
0.0751
0.07
0.0934
0.075
0.0801
0.085
0.0851
0.079
0.0848
0.09
0.0884
0.09
0.0751
0.085
0.0827
0.08
0.0903
0.092
0.0657
0.09
0.0773
0.0763
0.099
0.0974
0.0756
0.0901
0.08
0.0801
0.0837
0.0728
0.0951
0.079
0.095
0.0801
0.09
0.0889
0.0786
0.0807
0.09
0.0762
0.0904
0.088
0.0828
0.0664
0.0751
0.0743
0.0901
0.0801
0.0937
0.0964
0.075
0.0951
0.0767
0.0803
0.0927
0.0917
0.0924
0.0924
0.0878
0.0918
0.075
0.0928
0.0951
0.0766
0.0853
0.0849
0.0858
0.0847
0.0832
0.0954
0.0848
0.0941
0.0899
0.0897
0.074
0.0967
0.0777
0.0962
0.085
0.095
0.0901
0.085
0.1022
0.0782
0.0901
0.1013
0.1076
0.0847
0.0877
0.0751
0.0951
0.0921
0.0947
0.0851
0.0813
0.0901
0.0988
0.0801
0.0861
0.085
0.08
0.0951
0.1036
0.0888
0.0874
0.0716
0.0817
0.095
0.0801
0.0701
0.0886
0.0801
0.0936
0.0901
0.0751
0.0801
0.0796
0.0948
0.0927
0.085
0.0873
0.074
0.0951
0.0651
0.0974
0.0934
0.095
0.0978
0.1001
0.0848
0.085
0.0948
0.0878
0.0833
0.0903
0.0792
0.0866
0.0834
0.0886
0.1001
0.0979
0.0801
0.0887
0.0872
0.0901
0.0923
0.09
0.0712
0.0668
0.0929
0.09
0.0708
0.0877
0.1
0.0901
0.077
0.1
0.09
0.0748
0.0763
0.075
0.0741
0.0752
0.0711
0.0811
0.0751
0.1057
0.0822
0.0821
0.094
0.0753
0.0801
0.0691
0.0739
0.0773
0.0851
0.0869
0.067
0.0851
0.0828
0.0616
0.087
0.085
0.0801
0.079
0.08
0.0651
0.0837
0.067
0.0751
0.085
0.08
0.0752
0.135
0.0823
0.0847
0.0838
0.0827
0.09
0.0818
0.0784
0.0922
0.0707
0.085
0.0902
0.0902
0.075
0.075
0.0801
0.0886
0.08
0.0748
0.0823
0.0751
0.0869
0.1
0.11
0.0917
0.093
0.1
0.095
0.0878
0.0998
0.0726
0.0947
0.0688
0.106
0.0849
0.0888
0.0846
0.0827
0.0809
0.0774
0.0929
0.085
0.0882
0.0851
0.0921
0.0953
0.1001
0.0851
0.09
0.1051
0.095
0.1032
0.0901
0.1108
0.0901
0.0841
0.0952
0.0839
0.105
0.0992
0.0954
0.0854
0.095
0.075
0.0806
0.0811
0.0963
0.1084
0.08
0.0823
0.0917
0.0702
0.0823
0.0934
0.0822
0.0869
0.0948
0.0751
0.0948
0.083
0.0901
0.0962
0.09
0.0997
0.085
0.0901
0.0939
0.0892
0.0922
0.0851
0.0952
0.0702
0.083
0.0751
0.0899
0.0999
0.105
0.105
0.0751
0.0899
0.11
0.105
0.096
0.1016
0.1
0.1201
0.1076
0.0891
0.1
0.1132
0.09
0.0936
0.0739
0.1067
0.097
0.0901
0.0876
0.113
0.0753
0.0901
0.0992
0.0918
0.1074
0.0801
0.1027
0.075
0.0941
0.0984
0.0771
0.08
0.07
0.078
0.0751
0.0751
0.0851
0.0929
0.0629
0.1
0.0818
0.0692
0.0866
0.0801
0.0877
0.1
0.1157
0.1091
0.0752
0.0863
0.115
0.0701
0.095
0.075
0.1006
0.1028
0.0701
0.085
0.0968
0.0789
0.1
0.08
0.0828
0.0851
0.1061
0.0819
0.09
0.09
0.1024
0.095
0.0851
0.0674
0.09
0.0889
0.065
0.09
0.0896
0.0751
0.0972
0.085
0.0901
0.0859
0.0756
0.0958
0.093
0.0981
0.09
0.095
0.0899
0.0906
0.0903
0.0747
0.102
0.09
0.0844
0.085
0.075
0.1051
0.0863
0.0872
0.0897
0.1038
0.075
0.0954
0.0892
0.0874
0.081
0.0782
0.0865
0.0908
0.0911
0.0819
0.0801
0.0801
0.0826
0.0927
0.089
0.095
0.0851
0.083
0.0851
0.0967
0.0908
0.0823
0.105
0.105
0.0946
0.0868
0.0849
0.0761
0.107
0.1001
0.0943
0.09
0.1094
0.0899
0.0997
0.105
0.0851
0.1179
0.0951
0.1001
0.0896
0.0878
0.0869
0.0917
0.0874
0.0767
0.08
0.0801
0.1162
0.0969
0.0867
0.09
0.09
0.0753
0.0851
0.0799
0.07
0.115
0.1006
0.087
0.0931
0.1001
0.0895
0.0916
0.1
0.1
0.0901
0.085
0.0968
0.0916
0.0864
0.09
0.075
0.09
0.0877
0.0748
0.0794
0.0951
0.0727
0.1011
0.0882
0.1004
0.0934
0.0667
0.0784
0.1013
0.0909
0.0814
0.0912
0.0698
0.0908
0.0874
0.0853
0.0719
0.0764
0.0758
0.0686
0.0842
0.085
0.0969
0.085
0.0827
0.0951
0.095
0.0807
0.085
0.1039
0.1051
0.1014
0.0998
0.0883
0.075
0.1129
0.14
0.1017
0.095
0.0941
0.1032
0.085
0.1267
0.1011
0.105
0.0924
0.102
0.089
0.1151
0.11
0.1072
0.0881
0.1201
0.085
0.1001
0.0953
0.0923
0.0851
0.0862
0.0701
0.0801
0.0876
0.0823
0.0822
0.085
0.0639
0.093
0.07
0.093
0.0751
0.09
0.0951
0.0801
0.09
0.085
0.0951
0.096
0.0936
0.0854
0.0899
0.0972
0.12
0.0846
0.08
0.0936
0.1063
0.109
0.0864
0.075
0.085
0.1101
0.0852
0.0852
0.084
0.1042
0.1036
0.0771
0.1173
0.0849
0.115
0.1234
0.105
0.11
0.0988
0.085
0.0829
0.09
0.095
0.0867
0.0767
0.0951
0.0992
0.0726
0.1129
0.09
0.085
0.095
0.0969
0.095
0.1001
0.1034
0.11
0.0867
0.1029
0.09
0.0872
0.105
0.104
0.089
0.075
0.0849
0.1051
0.0821
0.075
0.1051
0.1
0.0762
0.0917
0.0822
0.085
0.0844
0.0971
0.0817
0.0852
0.085
0.0951
0.0901
0.1013
0.0996
0.0939
0.105
0.085
0.0771
0.0926
0.0944
0.0881
0.0783
0.096
0.0752
0.0801
0.0867
0.0961
0.0663
0.0754
0.085
0.0851
0.1191
0.105
0.105
0.09
0.0984
0.085
0.0851
0.1
0.0839
0.0901
0.08
0.085
0.0851
0.0889
0.0907
0.0901
0.1101
0.08
0.094
0.085
0.105
0.088
0.0779
0.0827
0.1
0.0797
0.1
0.09
0.105
0.0859
0.0846
0.0732
0.0752
0.0817
0.0751
0.07
0.0751
0.0794
0.079
0.0718
0.09
0.0847
0.0664
0.0692
0.0787
0.0856
0.08
0.065
0.0801
0.0964
0.0736
0.0686
0.0802
0.078
0.0803
0.0918
0.0809
0.075
0.0778
0.0851
0.0762
0.065
0.0879
0.0951
0.0738
0.0838
0.0801
0.0803
0.075
0.09
0.0826
0.0754
0.0751
0.0651
0.1078
0.0937
0.0948
0.0738
0.0801
0.09
0.085
0.0808
0.0678
0.0927
0.0993
0.0807
0.0988
0.0801
0.0847
0.0701
0.07
0.0701
0.0851
0.0814
0.1001
0.0623
0.0634
0.0971
0.0878
0.085
0.0774
0.07
0.0831
0.0964
0.08
0.09
0.0801
0.078
0.0747
0.0752
0.0831
0.084
0.0926
0.0751
0.0881
0.1
0.0913
0.075
0.075
0.0627
0.0819
0.0607
0.0851
0.0926
0.08
0.0803
0.0551
0.0851
0.0927
0.075
0.0944
0.089
0.1063
0.0787
0.0867
0.08
0.0838
0.0602
0.07
0.09
0.075
0.0916
0.0724
0.0722
0.0701
0.068
0.0882
0.0951
0.0677
0.0803
0.0831
0.0901
0.0851
0.075
0.0706
0.073
0.0741
0.0939
0.07
0.0917
0.0818
0.0816
0.0751
0.0752
0.083
0.1
0.0816
0.0873
0.0819
0.0785
0.075
0.0904
0.09
0.0821
0.0751
0.07
0.0751
0.09
0.0823
0.0901
0.0939
0.0797
0.0654
0.0842
0.0887
0.0851
0.083
0.0719
0.0742
0.0773
0.0776
0.086
0.0877
0.085
0.0743
0.07
0.0991
0.0942
0.0792
0.076
0.075
0.0731
0.0699
0.085
0.0751
0.065
0.0851
0.0723
0.0628
0.0801
0.0806
0.0682
0.095
0.0691
0.093
0.075
0.0651
0.098
0.0702
0.098
0.0888
0.1086
0.075
0.0909
0.0901
0.08
0.085
0.0821
0.0727
0.0903
0.0763
0.0756
0.0696
0.0958
0.0659
0.095
0.1049
0.105
0.095
0.0822
0.0947
0.0663
0.0777
0.0901
0.0751
0.0962
0.0901
0.1
0.0951
0.105
0.0894
0.0881
0.09
0.0851
0.0868
0.111
0.0901
0.095
0.0956
0.079
0.105
0.095
0.1052
0.0948
0.1
0.12
0.115
0.1183
0.115
0.1051
0.1133
0.1108
0.0948
0.0951
0.1038
0.0841
0.0901
0.09
0.0902
0.08
0.085
0.095
0.0754
0.0998
0.0824
0.0722
0.0752
0.0722
0.0799
0.073
0.0822
0.0923
0.0858
0.0978
0.1052
0.0682
0.0772
0.1052
0.0672
0.0941
0.078
0.0751
0.0694
0.0801
0.08
0.07
0.0751
0.0766
0.0771
0.0578
0.0647
0.0778
0.09
0.0704
0.09
0.0751
0.0552
0.0753
0.065
0.0737
0.09
0.08
0.0742
0.0637
0.0887
0.0724
0.064
0.0757
0.067
0.08
0.08
0.085
0.0922
0.08
0.0983
0.0801
0.095
0.0898
0.1098
0.0867
0.085
0.0922
0.0662
0.08
0.0881
0.1143
0.0757
0.0833
0.0701
0.0689
0.0879
0.0901
0.075
0.0609
0.0703
0.0794
0.0703
0.0717
0.0832
0.074
0.0813
0.0847
0.0859
0.0705
0.0789
0.0752
0.08
0.084
0.0761
0.0951
0.0701
0.075
0.0842
0.07
0.0717
0.085
0.074
0.0792
0.08
0.0824
0.075
0.0911
0.0862
0.0792
0.08
0.0741
0.0707
0.09
0.055
0.068
0.075
0.0647
0.0747
0.0801
0.058
0.1
0.0741
0.0726
0.1081
0.1101
0.0776
0.0752
0.0773
0.075
0.08
0.0701
0.0882
0.1198
0.0787
0.12
0.1146
0.1239
0.083
0.105
0.0783
0.08
0.08
0.088
0.0718
0.0701
0.0908
0.0892
0.0801
0.0751
0.0954
0.0647
0.095
0.075
0.1068
0.1078
0.1017
0.0634
0.0831
0.0851
0.062
0.0684
0.085
0.0843
0.0949
0.085
0.08
0.0932
0.0752
0.0757
0.0822
0.07
0.0701
0.089
0.0761
0.0802
0.09
0.075
0.0838
0.0801
0.0916
0.08
0.0636
0.09
0.0836
0.08
0.0714
0.0544
0.0931
0.0851
0.0759
0.07
0.0851
0.092
0.0733
0.0889
0.0708
0.0982
0.085
0.08
0.1097
0.0856
0.0948
0.1151
0.0987
0.098
0.095
0.0918
0.0772
0.08
0.074
0.0653
0.0882
0.0921
0.1151
0.0977
0.0671
0.0951
0.098
0.0652
0.0848
0.0768
0.0851
0.0771
0.077
0.0934
0.0862
0.0813
0.0716
0.0832
0.0916
0.0909
0.07
0.0947
0.0824
0.0849
0.0803
0.075
0.0822
0.0701
0.11
0.0718
0.0912
0.0758
0.0754
0.0701
0.0913
0.0701
0.0803
0.09
0.0751
0.08
0.0734
0.0921
0.0839
0.0798
0.065
0.0801
0.0701
0.0944
0.0802
0.0942
0.0861
0.1138
0.085
0.095
0.0867
0.08
0.0718
0.075
0.0731
0.0793
0.08
0.0818
0.0764
0.0751
0.0792
0.065
0.08
0.0642
0.08
0.076
0.0827
0.0568
0.0809
0.0823
0.0901
0.085
0.0764
0.0832
0.08
0.0953
0.0701
0.067
0.0838
0.0808
0.105
0.0849
0.105
0.072
0.0934
0.105
0.0873
0.085
0.0893
0.0676
0.08
0.0703
0.0706
0.09
0.0741
0.087
0.075
0.0851
0.0634
0.065
0.0737
0.0791
0.0744
0.0892
0.0906
0.0846
0.0851
0.0713
0.0943
0.0988
0.082
0.0772
0.0788
0.0777
0.0788
0.0887
0.107
0.0821
0.0978
0.085
0.0901
0.0897
0.1
0.0808
0.0751
0.0793
0.0847
0.0866
0.092
0.0742
0.1
0.09
0.08
0.0738
0.0901
0.0992
0.0978
0.0851
0.0788
0.1094
0.0969
0.1009
0.08
0.086
0.075
0.08
0.0875
0.0916
0.0855
0.0939
0.0918
0.075
0.0704
0.0771
0.0811
0.0751
0.0702
0.07
0.087
0.0626
0.0593
0.0697
0.0858
0.0913
0.0799
0.0813
0.0921
0.0701
0.0709
0.066
0.0586
0.0887
0.0779
0.0954
0.0846
0.0619
0.0788
0.1043
0.0851
0.0831
0.1
0.0792
0.0901
0.0754
0.1002
0.0801
0.0868
0.0898
0.0773
0.0851
0.0743
0.09
0.0701
0.0864
0.0832
0.07
0.0751
0.07
0.0716
0.0831
0.0598
0.08
0.0797
0.0851
0.055
0.0684
0.0801
0.075
0.07
0.0758
0.0838
0.0801
0.075
0.0719
0.0786
0.074
0.0748
0.0699
0.0602
0.0569
0.0882
0.059
0.0573
0.073
0.0772
0.065
0.0772
0.0661
0.0833
0.0793
0.0793
0.065
0.0751
0.0648
0.0781
0.0788
0.0651
0.0802
0.0796
0.0851
0.0844
0.0639
0.0784
0.0651
0.0751
0.079
0.0851
0.0641
0.065
0.0728
0.0701
0.0739
0.085
0.0722
0.0801
0.0751
0.09
0.0812
0.0738
0.0677
0.075
0.0792
0.09
0.0939
0.0718
0.0718
0.067
0.077
0.0748
0.0883
0.0888
0.0711
0.0651
0.0928
0.1138
0.0719
0.0786
0.0718
0.0804
0.0751
0.07
0.0703
0.0801
0.0707
0.074
0.0929
0.0844
0.1
0.085
0.0787
0.0801
0.0683
0.0715
0.0783
0.07
0.0662
0.0736
0.07
0.0851
0.09
0.07
0.082
0.0823
0.0901
0.0766
0.0856
0.075
0.0999
0.0669
0.065
0.0801
0.0734
0.1014
0.0702
0.0851
0.0928
0.0801
0.0852
0.0732
0.0756
0.0728
0.0983
0.1024
0.1301
0.1209
0.1068
0.1322
0.1142
0.0773
0.0901
0.1041
0.0714
0.0726
0.0901
0.0824
0.0712
0.0669
0.0592
0.08
0.08
0.07
0.085
0.0701
0.0652
0.0914
0.0684
0.095
0.0819
0.0701
0.0677
0.0459
0.0653
0.0858
0.055
0.0801
0.0842
0.071
0.0632
0.0622
0.0686
0.0724
0.0708
0.0792
0.0601
0.065
0.0651
0.0903
0.065
0.0638
0.0698
0.0651
0.0757
0.0721
0.065
0.071
0.0664
0.0753
0.0764
0.0664
0.0508
0.0525
0.0699
0.079
0.0703
0.083
0.0751
0.0704
0.0786
0.0613
0.0674
0.0778
0.085
0.0731
0.0648
0.0631
0.0636
0.0714
0.0723
0.0719
0.0658
0.087
0.0801
0.0857
0.0663
0.0859
0.0809
0.0914
0.0721
0.0951
0.0706
0.0873
0.0651
0.085
0.0702
0.0801
0.0727
0.0797
0.06
0.0668
0.0852
0.0859
0.0808
0.0601
0.0551
0.0939
0.0671
0.0867
0.085
0.08
0.0673
0.0701
0.0737
0.0736
0.0702
0.0616
0.0893
0.0643
0.06
0.085
0.0801
0.0713
0.0843
0.0677
0.0666
0.0778
0.062
0.0903
0.0821
0.085
0.105
0.1137
0.1153
0.1119
0.1352
0.1138
0.0947
0.0893
0.0862
0.0701
0.0731
0.0901
0.0796
0.0714
0.1097
0.073
0.06
0.0631
0.0651
0.0651
0.0811
0.0729
0.0744
0.0651
0.07
0.08
0.08
0.0938
0.0818
0.07
0.075
0.0622
0.0764
0.0821
0.0718
0.0663
0.0754
0.0766
0.0772
0.0697
0.0652
0.0689
0.0781
0.0772
0.075
0.0872
0.07
0.0646
0.0779
0.08
0.0738
0.08
0.0822
0.07
0.07
0.0819
0.0748
0.0962
0.0764
0.0923
0.0944
0.0922
0.0921
0.0626
0.0643
0.0729
0.07
0.0632
0.0614
0.0767
0.0618
0.0718
0.0832
0.1046
0.1
0.0851
0.0652
0.0951
0.0773
0.0901
0.088
0.0604
0.0678
0.0744
0.0752
0.1024
0.0973
0.071
0.1
0.085
0.0781
0.0901
0.0871
0.0839
0.1051
0.0992
0.095
0.085
0.0936
0.0894
0.0801
0.0718
0.0842
0.0887
0.0651
0.0657
0.0816
0.075
0.0739
0.0836
0.0726
0.08
0.0642
0.0714
0.08
0.0829
0.0683
0.0781
0.065
0.07
0.0893
0.0709
0.0704
0.0699
0.06
0.0793
0.0801
0.0857
0.0704
0.0641
0.0701
0.06
0.055
0.0602
0.0597
0.08
0.0692
0.0606
0.07
0.0654
0.0852
0.0652
0.066
0.0668
0.0651
0.0792
0.0751
0.0673
0.085
0.056
0.0737
0.0737
0.0767
0.0472
0.0786
0.0601
0.0718
0.0766
0.0728
0.074
0.0526
0.0551
0.0801
0.0636
0.075
0.0652
0.0639
0.073
0.0587
0.05
0.0552
0.0511
0.0569
0.0672
0.0701
0.0714
0.0713
0.0693
0.0602
0.073
0.06
0.053
0.0802
0.0614
0.0787
0.055
0.055
0.065
0.065
0.0558
0.0753
0.085
0.0711
0.0583
0.065
0.07
0.1021
0.0751
0.0777
0.055
0.0671
0.0701
0.0746
0.0651
0.072
0.056
0.0724
0.0672
0.0652
0.0794
0.0639
0.065
0.0601
0.0542
0.0661
0.0827
0.075
0.059
0.0634
0.0502
0.078
0.0676
0.0708
0.0539
0.075
0.0583
0.0581
0.061
0.0728
0.0754
0.0753
0.0557
0.0622
0.0512
0.0609
0.0523
0.0569
0.058
0.0747
0.075
0.07
0.06
0.0679
0.0686
0.065
0.055
0.0651
0.0688
0.08
0.065
0.0638
0.0606
0.0547
0.0631
0.0653
0.0801
0.075
0.0573
0.08
0.0773
0.0674
0.0546
0.065
0.0552
0.0502
0.0674
0.0736
0.0606
0.0744
0.0729
0.0714
0.0678
0.0571
0.065
0.0519
0.0701
0.0687
0.0586
0.0451
0.0601
0.0651
0.0604
0.0563
0.0701
0.0737
0.0763
0.07
0.0693
0.0663
0.0608
0.0701
0.0608
0.0652
0.0626
0.0702
0.0633
0.0642
0.065
0.0513
0.0551
0.0772
0.0729
0.0609
0.0773
0.0624
0.0701
0.069
0.08
0.0634
0.06
0.06
0.0571
0.078
0.0654
0.0786
0.0742
0.0807
0.0616
0.0651
0.0622
0.0681
0.0651
0.0746
0.0848
0.1062
0.08
0.1323
0.0801
0.0566
0.0941
0.0873
0.0722
0.0653
0.0518
0.0522
0.055
0.0658
0.0699
0.0651
0.082
0.0469
0.0751
0.0647
0.0523
0.0577
0.0744
0.075
0.0601
0.0839
0.0774
0.0694
0.05
0.0647
0.0933
0.0633
0.07
0.0763
0.0701
0.0683
0.0577
0.0563
0.0733
0.0651
0.0701
0.074
0.0593
0.0774
0.0789
0.0626
0.0651
0.0557
0.0729
0.0709
0.0628
0.0718
0.0603
0.063
0.0704
0.0611
0.0552
0.0491
0.0609
0.0463
0.0748
0.0602
0.0608
0.0702
0.0552
0.0651
0.0636
0.0837
0.0594
0.0517
0.0554
0.0623
0.06
0.0751
0.0572
0.0653
0.051
0.0659
0.0619
0.0502
0.0689
0.0593
0.0851
0.06
0.0619
0.0692
0.075
0.0586
0.0676
0.073
0.0619
0.064
0.0642
0.0601
0.0458
0.0664
0.0583
0.07
0.06
0.0589
0.0691
0.0651
0.0656
0.075
0.0701
0.06
0.0644
0.0851
0.0567
0.0662
0.0579
0.0609
0.0504
0.0751
0.0748
0.0694
0.0753
0.0698
0.0602
0.0851
0.0701
0.065
0.0727
0.0751
0.085
0.0734
0.075
0.0847
0.0756
0.0602
0.075
0.07
0.0702
0.0736
0.0581
0.0601
0.0778
0.077
0.0572
0.0701
0.074
0.0944
0.0724
0.0699
0.069
0.0701
0.0569
0.0664
0.065
0.0726
0.0452
0.0611
0.0609
0.0651
0.0732
0.0582
0.0554
0.0851
0.0564
0.0616
0.0599
0.065
0.0766
0.08
0.0726
0.0651
0.0822
0.0783
0.0652
0.0699
0.06
0.0681
0.0557
0.069
0.0551
0.0609
0.0636
0.0611
0.0731
0.0799
0.0543
0.0612
0.0503
0.0652
0.0701
0.065
0.0514
0.0594
0.0551
0.0527
0.0609
0.067
0.0586
0.0709
0.07
0.0589
0.0696
0.0644
0.0574
0.0704
0.0677
0.0666
0.0651
0.0651
0.0759
0.0748
0.0677
0.0604
0.0776
0.0937
0.0639
0.0668
0.0724
0.0566
0.0811
0.0528
0.07
0.0751
0.062
0.0576
0.065
0.0551
0.0672
0.0656
0.067
0.0723
0.0622
0.0673
0.0669
0.065
0.075
0.0651
0.0776
0.061
0.0751
0.0726
0.0772
0.0673
0.0566
0.0642
0.071
0.053
0.089
0.0728
0.0601
0.07
0.0749
0.0721
0.075
0.0851
0.0601
0.07
0.0708
0.0727
0.0666
0.0586
0.0721
0.063
0.0747
0.0921
0.0651
0.0797
0.0587
0.07
0.0836
0.0564
0.0924
0.0501
0.065
0.0652
0.0681
0.055
0.0521
0.0652
0.0503
0.06
0.0701
0.0631
0.0643
0.0502
0.0657
0.0472
0.0763
0.0726
0.07
0.085
0.0628
0.0551
0.0742
0.0827
0.0917
0.0701
0.0652
0.0701
0.05
0.055
0.0629
0.07
0.067
0.0503
0.06
0.048
0.0739
0.0661
0.0756
0.0693
0.0722
0.0578
0.0698
0.07
0.0747
0.0752
0.0548
0.0762
0.0567
0.0679
0.0682
0.0614
0.0623
0.0751
0.0612
0.0721
0.0782
0.0627
0.0693
0.0639
0.07
0.075
0.0702
0.075
0.0712
0.0652
0.0608
0.0656
0.0688
0.0601
0.0681
0.075
0.0603
0.075
0.0702
0.061
0.0741
0.0751
0.073
0.085
0.065
0.065
0.0581
0.065
0.065
0.0739
0.0636
0.0601
0.0773
0.0684
0.0672
0.0732
0.0883
0.06
0.0552
0.0567
0.075
0.0793
0.0743
0.0647
0.0554
0.0712
0.0707
0.0602
0.0642
0.0598
0.0634
0.071
0.0681
0.0747
0.0751
0.055
0.0651
0.0672
0.0637
0.0724
0.07
0.0678
0.0723
0.0534
0.0749
0.0824
0.0653
0.0458
0.0682
0.0962
0.0699
0.075
0.0551
0.0724
0.055
0.0551
0.0601
0.072
0.0574
0.0774
0.07
0.0741
0.065
0.0592
0.065
0.0518
0.0601
0.0686
0.0718
0.0761
0.0738
0.0751
0.0698
0.064
0.0639
0.0656
0.0796
0.0701
0.08
0.0602
0.08
0.0602
0.0831
0.0673
0.0602
0.0656
0.0651
0.0774
0.0616
0.0586
0.0784
0.0572
0.0652
0.0687
0.0777
0.0726
0.075
0.0769
0.065
0.0662
0.0701
0.0586
0.0697
0.0561
0.0844
0.0841
0.0757
0.0692
0.0764
0.0607
0.0659
0.0704
0.063
0.0628
0.055
0.0599
0.0554
0.0566
0.071
0.0564
0.075
0.0571
0.0613
0.065
0.0568
0.0679
0.0631
0.055
0.0691
0.064
0.0606
0.06
0.0668
0.065
0.0586
0.0594
0.0609
0.0673
0.07
0.0622
0.1017
0.0562
0.0651
0.07
0.065
0.0651
0.0661
0.075
0.0631
0.0801
0.0651
0.065
0.09
0.0644
0.0659
0.0679
0.0711
0.0603
0.0673
0.0703
0.0701
0.0751
0.0707
0.0552
0.0612
0.0779
0.081
0.0806
0.0894
0.0793
0.0706
0.08
0.08
0.0699
0.0754
0.0692
0.0806
0.0589
0.081
0.0714
0.0773
0.0652
0.0696
0.0659
0.0758
0.075
0.0713
0.0702
0.0651
0.065
0.0703
0.0652
0.0796
0.056
0.075
0.068
0.088
0.0747
0.0651
0.0729
0.0674
0.0723
0.092
0.0704
0.0651
0.0744
0.0734
0.0828
0.0801
0.0602
0.0674
0.0758
0.09
0.075
0.07
0.0864
0.0878
0.0651
0.0701
0.0662
0.0588
0.0552
0.0764
0.0762
0.0713
0.0654
0.0748
0.0801
0.0621
0.0608
0.0751
0.0571
0.0691
0.0632
0.0599
0.0588
0.0707
0.055
0.0659
0.08
0.0723
0.0681
0.0679
0.075
0.0549
0.07
0.0701
0.055
0.0598
0.07
0.0583
0.0728
0.085
0.07
0.06
0.0792
0.0676
0.07
0.0739
0.0684
0.0634
0.065
0.0626
0.07
0.0671
0.06
0.0558
0.072
0.0774
0.0699
0.0708
0.0567
0.08
0.065
0.0632
0.0699
0.0643
0.0752
0.058
0.0801
0.0629
0.065
0.065
0.0691
0.0698
0.0682
0.045
0.067
0.0718
0.0613
0.0873
0.0624
0.0763
0.0609
0.0651
0.055
0.075
0.07
0.0801
0.0721
0.0701
0.0861
0.07
0.0643
0.0742
0.0693
0.0642
0.0699
0.0676
0.0637
0.0771
0.062
0.0667
0.0662
0.0798
0.081
0.0597
0.0652
0.0691
0.074
0.0618
0.0656
0.0548
0.0659
0.0738
0.0786
0.0728
0.0584
0.0744
0.0552
0.0753
0.0751
0.0739
0.0696
0.0759
0.0656
0.09
0.062
0.079
0.0936
0.0771
0.0851
0.0717
0.0605
0.0691
0.072
0.0609
0.0701
0.0734
0.0807
0.0778
0.0725
0.0711
0.0678
0.0652
0.0678
0.0651
0.0616
0.085
0.0674
0.0604
0.0643
0.0751
0.075
0.0696
0.0752
0.0716
0.0801
0.0781
0.0719
0.085
0.0623
0.09
0.0722
0.075
0.0599
0.0789
0.0751
0.0846
0.0786
0.0712
0.07
0.0736
0.0652
0.0621
0.0614
0.065
0.0613
0.075
0.0573
0.085
0.0774
0.0768
0.065
0.06
0.0812
0.0801
0.0681
0.0793
0.0749
0.0801
0.0601
0.0701
0.075
0.0653
0.0696
0.0701
0.0577
0.07
0.0701
0.0612
0.08
0.0618
0.0779
0.0604
0.0656
0.0701
0.0607
0.075
0.0751
0.0583
0.0626
0.072
0.0709
0.0581
0.081
0.0601
0.0664
0.06
0.0601
0.0663
0.06
0.0653
0.0644
0.0833
0.0568
0.0657
0.0601
0.0667
0.0628
0.0656
0.0532
0.0557
0.0731
0.0652
0.06
0.0607
0.0664
0.0602
0.0639
0.0627
0.0662
0.0663
0.0566
0.0601
0.07
0.068
0.0547
0.0801
0.0702
0.0574
0.0662
0.0701
0.0729
0.0642
0.0889
0.0704
0.0741
0.0423
0.0466
0.0377
0.0651
0.0538
0.0451
0.0468
0.0514
0.0687
0.068
0.0724
0.06
0.0703
0.0552
0.0497
0.0529
0.056
0.05
0.065
0.0497
0.0581
0.045
0.0519
0.0552
0.0567
0.0482
0.0548
0.0466
0.04
0.053
0.0521
0.049
0.0476
0.0454
0.0511
0.05
0.0476
0.0554
0.0473
0.0419
0.0451
0.0571
0.0602
0.0548
0.0531
0.05
0.0499
0.0701
0.0501
0.0516
0.0467
0.0502
0.0581
0.0476
0.0452
0.0543
0.0401
0.0413
0.0586
0.055
0.0453
0.0502
0.0444
0.0582
0.052
0.0612
0.06
0.06
0.0417
0.0491
0.0551
0.05
0.0689
0.0612
0.046
0.0551
0.0547
0.0598
0.0551
0.0512
0.0702
0.0546
0.0551
0.0538
0.0651
0.0624
0.085
0.0846
0.0689
0.0741
0.065
0.0639
0.068
0.0624
0.05
0.065
0.0477
0.062
0.055
0.07
0.0651
0.058
0.0589
0.0551
0.04
0.0627
0.0471
0.055
0.047
0.0618
0.0611
0.0651
0.0556
0.0602
0.0551
0.0601
0.0686
0.0652
0.0723
0.0616
0.065
0.0527
0.0844
0.0704
0.0601
0.0678
0.0564
0.0559
0.0509
0.0598
0.0392
0.0512
0.065
0.0451
0.0552
0.0634
0.045
0.04
0.0467
0.0548
0.0558
0.0537
0.0501
0.048
0.054
0.0602
0.049
0.04
0.0412
0.0588
0.0433
0.0507
0.0608
0.0468
0.0547
0.0514
0.0501
0.0518
0.0619
0.0527
0.0647
0.0557
0.0701
0.0568
0.0651
0.0751
0.0551
0.0503
0.0639
0.0668
0.0701
0.0646
0.0721
0.0501
0.0439
0.0524
0.0578
0.06
0.0556
0.053
0.0616
0.0459
0.0539
0.0561
0.0579
0.0666
0.0572
0.0468
0.0591
0.0458
0.0497
0.0651
0.0536
0.0582
0.06
0.0598
0.0641
0.0617
0.0573
0.0588
0.0508
0.0446
0.0579
0.0648
0.0502
0.05
0.05
0.055
0.0482
0.06
0.0588
0.0699
0.0547
0.0508
0.0511
0.0519
0.0492
0.0593
0.0534
0.0568
0.0561
0.0589
0.0407
0.045
0.0413
0.0451
0.0499
0.045
0.0454
0.055
0.0649
0.0619
0.0452
0.0613
0.0584
0.0748
0.095
0.0631
0.0524
0.0672
0.0548
0.0827
0.0717
0.0886
0.0672
0.0796
0.09
0.0834
0.07
0.0631
0.085
0.0642
0.0527
0.0577
0.045
0.0558
0.0376
0.0378
0.0639
0.0478
0.0654
0.0468
0.0649
0.0488
0.0451
0.0562
0.0512
0.0496
0.057
0.0506
0.0548
0.0351
0.0404
0.053
0.0421
0.055
0.0551
0.0546
0.0543
0.0522
0.048
0.0502
0.0444
0.0676
0.0512
0.0443
0.0439
0.045
0.0576
0.04
0.0501
0.0432
0.049
0.0484
0.0651
0.0453
0.065
0.0558
0.0451
0.0529
0.0481
0.0453
0.0551
0.0438
0.0409
0.0401
0.0547
0.055
0.0704
0.08
0.065
0.0718
0.0621
0.09
0.0932
0.0587
0.0586
0.045
0.0499
0.0682
0.0751
0.05
0.05
0.0684
0.0523
0.0457
0.0464
0.0527
0.0648
0.0452
0.0531
0.0508
0.05
0.0517
0.0539
0.0589
0.045
0.0469
0.055
0.0468
0.0431
0.0542
0.0358
0.0558
0.0501
0.0551
0.0513
0.0588
0.0611
0.0396
0.057
0.0466
0.0502
0.0518
0.0551
0.0414
0.0483
0.0284
0.0571
0.0556
0.0551
0.0544
0.0613
0.045
0.0369
0.0476
0.05
0.0494
0.0597
0.0551
0.0411
0.045
0.0351
0.0454
0.0468
0.0541
0.0452
0.0646
0.0484
0.039
0.0401
0.0399
0.0561
0.0588
0.0497
0.0757
0.0473
0.0739
0.0677
0.0651
0.0526
0.0659
0.0526
0.0718
0.0714
0.07
0.07
0.0578
0.0601
0.0548
0.0616
0.0654
0.0723
0.0574
0.0604
0.0491
0.0559
0.0527
0.0622
0.0497
0.0652
0.0401
0.059
0.048
0.0589
0.0622
0.0601
0.0447
0.0462
0.0622
0.0641
0.0628
0.065
0.0494
0.0531
0.0626
0.0503
0.05
0.0622
0.0636
0.0506
0.0564
0.0478
0.0402
0.0508
0.0528
0.0529
0.0402
0.0452
0.0648
0.0501
0.0623
0.0457
0.0468
0.0322
0.0433
0.051
0.0513
0.0434
0.0493
0.0477
0.0418
0.035
0.0531
0.0482
0.0518
0.0481
0.0468
0.0498
0.0537
0.055
0.0648
0.0701
0.0593
0.0681
0.0601
0.0738
0.0748
0.0602
0.0599
0.0632
0.0597
0.0773
0.0474
0.0513
0.0463
0.0677
0.0671
0.0538
0.0568
0.0666
0.0659
0.06
0.0452
0.074
0.0571
0.0451
0.07
0.0621
0.0626
0.0573
0.0604
0.0414
0.0362
0.0517
0.0578
0.0701
0.0877
0.0526
0.0599
0.065
0.065
0.0646
0.0521
0.0602
0.0626
0.065
0.05
0.0711
0.064
0.0599
0.0627
0.0627
0.046
0.0358
0.0494
0.0586
0.0618
0.0502
0.0552
0.0591
0.0641
0.0803
0.0457
0.0519
0.0573
0.07
0.0471
0.0601
0.0447
0.06
0.05
0.0542
0.058
0.0521
0.05
0.0639
0.053
0.0551
0.0572
0.0632
0.055
0.0623
0.065
0.0534
0.0586
0.0474
0.059
0.0758
0.0697
0.0651
0.0601
0.063
0.0463
0.0734
0.0706
0.0449
0.058
0.0478
0.0638
0.0551
0.0543
0.0651
0.0499
0.0593
0.055
0.06
0.0629
0.0637
0.065
0.0601
0.05
0.0572
0.0436
0.0504
0.0684
0.0689
0.0596
0.0546
0.0551
0.0617
0.06
0.057
0.0586
0.0618
0.0716
0.0603
0.0611
0.0651
0.0497
0.065
0.0722
0.0507
0.0447
0.05
0.0661
0.0604
0.0592
0.065
0.0631
0.0441
0.077
0.0572
0.056
0.0646
0.0551
0.051
0.0451
0.0543
0.0703
0.0627
0.063
0.0814
0.065
0.0618
0.0617
0.0554
0.061
0.0683
0.0507
0.0669
0.0549
0.0721
0.0864
0.0756
0.0582
0.0749
0.0533
0.0536
0.0711
0.0687
0.058
0.0651
0.0601
0.0612
0.0526
0.0527
0.073
0.0766
0.0689
0.0467
0.065
0.0609
0.0452
0.0652
0.049
0.0462
0.0546
0.075
0.0583
0.0551
0.0532
0.0551
0.06
0.0673
0.0362
0.0481
0.0768
0.0627
0.082
0.0544
0.06
0.0423
0.05
0.0609
0.0628
0.0469
0.0612
0.068
0.0511
0.0441
0.0591
0.055
0.045
0.0489
0.0583
0.0618
0.0652
0.0562
0.047
0.0504
0.0653
0.0678
0.056
0.0514
0.0512
0.0552
0.042
0.055
0.0511
0.0642
0.0493
0.0852
0.0569
0.0612
0.0667
0.0652
0.0711
0.0658
0.0563
0.0567
0.0726
0.085
0.0386
0.0539
0.0784
0.0572
0.0623
0.031
0.05
0.0482
0.0502
0.0402
0.052
0.0773
0.0552
0.0407
0.0482
0.0641
0.0588
0.058
0.0426
0.0612
0.0476
0.0437
0.0457
0.0502
0.049
0.0497
0.0547
0.0451
0.0439
0.045
0.0502
0.05
0.0489
0.0601
0.0452
0.0637
0.0466
0.0451
0.0418
0.05
0.05
0.0429
0.045
0.0573
0.0638
0.0452
0.0559
0.0619
0.0451
0.0451
0.0509
0.044
0.0477
0.0448
0.064
0.045
0.0323
0.038
0.0578
0.041
0.0539
0.0502
0.0564
0.0363
0.0538
0.0503
0.0604
0.0506
0.0457
0.0701
0.0508
0.0611
0.0673
0.0541
0.06
0.0648
0.0561
0.0428
0.055
0.0504
0.065
0.0643
0.0421
0.0404
0.05
0.0477
0.04
0.06
0.0557
0.0428
0.0431
0.0427
0.0336
0.0406
0.031
0.0596
0.0551
0.0466
0.0563
0.0516
0.0554
0.0497
0.045
0.0374
0.05
0.0413
0.0424
0.0519
0.0393
0.0452
0.0364
0.05
0.04
0.0479
0.0507
0.0416
0.0424
0.0463
0.0468
0.0358
0.0474
0.0351
0.043
0.0468
0.0349
0.031
0.0401
0.05
0.0537
0.0451
0.05
0.0541
0.0417
0.045
0.0414
0.0602
0.06
0.046
0.0501
0.0483
0.0556
0.0551
0.045
0.0501
0.0448
0.0643
0.0466
0.0496
0.0592
0.0696
0.065
0.047
0.055
0.0559
0.0603
0.0539
0.0551
0.0616
0.0536
0.053
0.0601
0.0646
0.0682
0.0651
0.0789
0.0501
0.0551
0.0529
0.0499
0.0402
0.0509
0.0413
0.04
0.0481
0.0613
0.0552
0.0551
0.0472
0.0599
0.0441
0.0653
0.0491
0.0554
0.0489
0.048
0.0547
0.0451
0.04
0.047
0.0513
0.0503
0.0467
0.061
0.0432
0.0601
0.05
0.057
0.0517
0.0521
0.0432
0.0539
0.0566
0.045
0.0473
0.0498
0.0664
0.0686
0.0503
0.043
0.0473
0.0514
0.0651
0.0578
0.0503
0.0614
0.0471
0.0614
0.0591
0.0728
0.0613
0.0483
0.055
0.0641
0.0701
0.0494
0.0587
0.0559
0.055
0.0642
0.085
0.0913
0.0822
0.0704
0.105
0.08
0.0601
0.0501
0.0751
0.0801
0.0927
0.0988
0.0583
0.0682
0.0801
0.0501
0.0709
0.0643
0.0586
0.06
0.0676
0.0641
0.06
0.0739
0.0593
0.0552
0.0551
0.0576
0.05
0.069
0.065
0.0562
0.0609
0.0573
0.0576
0.0558
0.0581
0.0624
0.048
0.0719
0.053
0.0551
0.055
0.0827
0.06
0.0658
0.0718
0.0514
0.0506
0.07
0.0703
0.0652
0.0636
0.0881
0.0724
0.0611
0.0772
0.0761
0.0831
0.08
0.0686
0.0921
0.0609
0.095
0.0712
0.0732
0.0651
0.0681
0.0602
0.0748
0.08
0.0719
0.0542
0.0601
0.0583
0.07
0.0716
0.0681
0.0719
0.0653
0.0651
0.0884
0.0701
0.0851
0.0801
0.0652
0.08
0.0701
0.0751
0.091
0.0834
0.0548
0.0483
0.0709
0.0917
0.0483
0.0651
0.0905
0.0751
0.0624
0.0717
0.0966
0.084
0.0714
0.0707
0.0771
0.0751
0.0674
0.0768
0.0699
0.085
0.0851
0.1051
0.0752
0.071
0.069
0.0829
0.0801
0.0997
0.09
0.0867
0.0921
0.0851
0.0933
0.076
0.1208
0.1036
0.0923
0.0904
0.0957
0.0924
0.0901
0.0919
0.0946
0.0809
0.06
0.0778
0.0702
0.0759
0.0812
0.0913
0.1246
0.1078
0.1
0.0911
0.0766
0.0836
0.085
0.0997
0.1051
0.09
0.102
0.0801
0.0553
0.0814
0.0673
0.0818
0.0768
0.0869
0.0928
0.1031
0.0889
0.0822
0.075
0.1183
0.0792
0.0723
0.0861
0.1228
0.1039
0.0762
0.0837
0.0693
0.0814
0.0891
0.0851
0.0671
0.075
0.0778
0.0489
0.0738
0.06
0.0896
0.0789
0.0571
0.0799
0.0651
0.0652
0.0702
0.0769
0.07
0.095
0.0559
0.0701
0.0765
0.08
0.0879
0.0768
0.0789
0.07
0.0723
0.0871
0.0891
0.0738
0.095
0.0907
0.06
0.0817
0.07
0.0867
0.0674
0.08
0.0593
0.0706
0.0782
0.0558
0.0564
0.06
0.0751
0.0694
0.0464
0.0693
0.06
0.07
0.065
0.0604
0.0699
0.0613
0.0712
0.0651
0.0666
0.0746
0.0637
0.0701
0.0666
0.0786
0.0868
0.0884
0.0914
0.0719
0.076
0.063
0.065
0.095
0.0751
0.1118
0.0716
0.0719
0.0774
0.1032
0.0802
0.0539
0.0762
0.085
0.1101
0.06
0.0901
0.08
0.0683
0.085
0.08
0.0493
0.0672
0.09
0.0713
0.09
0.0757
0.0504
0.0708
0.0831
0.0634
0.0587
0.055
0.0751
0.0666
0.0689
0.0569
0.0542
0.0752
0.055
0.0671
0.0743
0.0602
0.0642
0.0792
0.0812
0.0686
0.08
0.0782
0.0786
0.0901
0.0889
0.09
0.08
0.0661
0.0832
0.0689
0.0813
0.065
0.0658
0.0622
0.0658
0.0619
0.0617
0.041
0.0542
0.0521
0.0591
0.0648
0.0682
0.0726
0.0488
0.05
0.0454
0.065
0.0564
0.0582
0.0537
0.0604
0.0556
0.0701
0.0569
0.0589
0.058
0.0732
0.0484
0.041
0.0614
0.0576
0.0687
0.06
0.0599
0.0852
0.0724
0.0784
0.0819
0.0851
0.067
0.0644
0.0743
0.0519
0.0402
0.05
0.0421
0.0822
0.075
0.06
0.0607
0.0564
0.08
0.0657
0.0551
0.0646
0.045
0.0501
0.0601
0.0609
0.0601
0.0453
0.0502
0.0489
0.065
0.0621
0.0556
0.0601
0.0451
0.0698
0.0551
0.0551
0.0762
0.0637
0.0663
0.0573
0.075
0.0562
0.0676
0.0621
0.065
0.0508
0.055
0.055
0.0543
0.0651
0.06
0.0812
0.0602
0.0672
0.0603
0.0619
0.0581
0.0681
0.0638
0.0553
0.0642
0.0476
0.0611
0.0716
0.0619
0.0687
0.0693
0.0572
0.0616
0.0626
0.0636
0.0521
0.0451
0.063
0.0664
0.095
0.0654
0.08
0.0551
0.09
0.0612
0.0563
0.0544
0.0551
0.0834
0.0837
0.0734
0.0733
0.0763
0.0812
0.0814
0.0799
0.0794
0.08
0.0744
0.0956
0.0614
0.0642
0.0502
0.0624
0.0464
0.0628
0.0619
0.06
0.0509
0.0579
0.0532
0.0619
0.05
0.0513
0.0483
0.055
0.0437
0.0621
0.063
0.0613
0.0502
0.0601
0.0586
0.0474
0.0609
0.0593
0.0587
0.0561
0.0533
0.0599
0.0463
0.0451
0.0429
0.0479
0.0638
0.0552
0.0519
0.0487
0.0597
0.0654
0.07
0.0424
0.0537
0.0583
0.0386
0.0508
0.067
0.0548
0.0652
0.0407
0.055
0.0716
0.065
0.0768
0.05
0.0581
0.0736
0.0636
0.065
0.07
0.0766
0.0651
0.0657
0.0682
0.0791
0.0966
0.0744
0.0801
0.0746
0.0872
0.0601
0.0562
0.0786
0.0573
0.0527
0.0577
0.0731
0.055
0.0551
0.07
0.06
0.0672
0.0677
0.0554
0.06
0.0511
0.065
0.0655
0.0761
0.0732
0.0631
0.0559
0.057
0.05
0.055
0.0398
0.035
0.0361
0.0441
0.0528
0.0423
0.0522
0.049
0.0554
0.0547
0.0562
0.0648
0.0733
0.0433
0.0619
0.047
0.0567
0.0522
0.0493
0.0462
0.0801
0.0571
0.059
0.0637
0.0701
0.0651
0.0614
0.057
0.0557
0.0452
0.0651
0.05
0.064
0.055
0.0553
0.0611
0.0492
0.0564
0.065
0.0656
0.065
0.0701
0.069
0.0632
0.0559
0.061
0.08
0.06
0.0789
0.0599
0.0811
0.0572
0.0929
0.0878
0.0708
0.0876
0.0833
0.0901
0.0879
0.06
0.0701
0.0633
0.0829
0.0701
0.0556
0.06
0.089
0.0846
0.0814
0.0751
0.0564
0.0601
0.058
0.0584
0.0519
0.0591
0.075
0.0564
0.0551
0.0801
0.07
0.064
0.06
0.0532
0.0587
0.0571
0.0609
0.055
0.0483
0.0551
0.0649
0.0498
0.0559
0.0544
0.0482
0.0473
0.0452
0.0539
0.0538
0.0497
0.0456
0.0601
0.0506
0.0531
0.0451
0.0406
0.0556
0.0516
0.0621
0.0451
0.0492
0.0523
0.0512
0.0639
0.0428
0.0559
0.0602
0.0669
0.0687
0.055
0.0602
0.0587
0.0589
0.0597
0.0521
0.0577
0.0608
0.0551
0.0557
0.0601
0.0552
0.065
0.0461
0.062
0.0832
0.0974
0.0776
0.0851
0.085
0.0701
0.0759
0.0737
0.0851
0.0574
0.0496
0.0452
0.0782
0.0526
0.0601
0.0544
0.0666
0.0851
0.085
0.0551
0.0511
0.0692
0.0473
0.0552
0.0576
0.0502
0.0477
0.0468
0.0546
0.07
0.0602
0.0521
0.0588
0.0528
0.06
0.0666
0.0789
0.0414
0.0662
0.0577
0.0404
0.0601
0.059
0.0651
0.0781
0.0751
0.1017
0.065
0.0603
0.0781
0.0667
0.0534
0.0632
0.0786
0.065
0.055
0.06
0.0481
0.0577
0.0604
0.06
0.0669
0.051
0.0654
0.0577
0.0746
0.065
0.0537
0.0478
0.0627
0.0551
0.0624
0.0668
0.0801
0.0576
0.0619
0.0682
0.056
0.0579
0.065
0.0591
0.0552
0.0551
0.0683
0.0887
0.0558
0.0686
0.079
0.0754
0.075
0.0554
0.0503
0.0556
0.0617
0.0798
0.092
0.0877
0.0822
0.0894
0.072
0.0851
0.082
0.07
0.0538
0.0786
0.075
0.0801
0.045
0.0701
0.0517
0.055
0.0749
0.063
0.0511
0.0501
0.0561
0.0397
0.075
0.0632
0.0586
0.0578
0.0486
0.0546
0.0502
0.0462
0.065
0.07
0.0643
0.0551
0.0538
0.0478
0.0539
0.0589
0.07
0.0538
0.0533
0.045
0.0531
0.0657
0.0654
0.0913
0.0559
0.0796
0.0516
0.0786
0.047
0.0669
0.07
0.085
0.0501
0.0594
0.0577
0.0641
0.0537
0.0693
0.0552
0.053
0.0639
0.0501
0.0563
0.0457
0.0802
0.075
0.0631
0.075
0.06
0.0662
0.0584
0.0739
0.0682
0.0651
0.0717
0.0633
0.06
0.0589
0.0582
0.0551
0.0561
0.0583
0.0454
0.0552
0.075
0.089
0.0889
0.0586
0.0402
0.0363
0.0484
0.0416
0.0533
0.0529
0.0576
0.0466
0.0594
0.0649
0.05
0.075
0.0537
0.0639
0.0654
0.0554
0.06
0.0502
0.0696
0.0611
0.0617
0.0666
0.0572
0.0613
0.05
0.0409
0.0801
0.0678
0.0501
0.0797
0.0653
0.055
0.0646
0.0481
0.0502
0.0582
0.0531
0.0502
0.0596
0.0726
0.065
0.0534
0.0601
0.0453
0.0552
0.0598
0.0651
0.0558
0.0683
0.0518
0.055
0.061
0.065
0.065
0.0513
0.0611
0.0534
0.0647
0.0651
0.0602
0.0576
0.0626
0.0594
0.052
0.0708
0.075
0.0487
0.0486
0.0672
0.071
0.0512
0.0633
0.0559
0.0561
0.0518
0.0633
0.0586
0.0632
0.0817
0.0654
0.08
0.075
0.0657
0.0629
0.0591
0.0656
0.0651
0.0672
0.05
0.0597
0.064
0.0543
0.0467
0.07
0.0829
0.0639
0.0592
0.0887
0.0551
0.0502
0.065
0.0714
0.0479
0.07
0.0581
0.0629
0.0432
0.0702
0.0588
0.0694
0.0566
0.0652
0.0494
0.0476
0.0798
0.0553
0.0419
0.0616
0.0576
0.06
0.0588
0.0552
0.0508
0.0631
0.0471
0.074
0.0559
0.0526
0.0517
0.0468
0.05
0.0696
0.06
0.0732
0.0729
0.0644
0.0563
0.0792
0.065
0.0599
0.0542
0.06
0.0601
0.0542
0.0826
0.0602
0.0552
0.0674
0.0632
0.0436
0.0528
0.0568
0.0537
0.059
0.05
0.0646
0.0701
0.0749
0.0751
0.087
0.07
0.0714
0.0801
0.0646
0.0772
0.071
0.0683
0.0558
0.0646
0.0779
0.07
0.0701
0.0689
0.0762
0.0623
0.059
0.0603
0.06
0.0628
0.048
0.05
0.0618
0.0414
0.0687
0.0777
0.0688
0.085
0.0959
0.1058
0.1102
0.115
0.0804
0.0725
0.0891
0.065
0.0786
0.0886
0.0688
0.0668
0.0722
0.0706
0.09
0.0728
0.0754
0.09
0.1089
0.0701
0.0684
0.1107
0.0936
0.0853
0.0787
0.08
0.065
0.075
0.076
0.085
0.0697
0.0601
0.0937
0.0752
0.0624
0.105
0.0682
0.0612
0.0681
0.0836
0.0752
0.0653
0.0764
0.0797
0.0622
0.0817
0.0636
0.0908
0.0826
0.0651
0.0551
0.09
0.0952
0.0937
0.1
0.0976
0.0851
0.0852
0.0909
0.0624
0.0893
0.1047
0.0951
0.0652
0.0669
0.07
0.0652
0.0832
0.0809
0.0778
0.0893
0.0701
0.065
0.0801
0.0741
0.0851
0.0702
0.0751
0.0659
0.07
0.0899
0.0721
0.0696
0.0801
0.0801
0.09
0.08
0.0864
0.0921
0.0672
0.0947
0.0726
0.09
0.0757
0.0786
0.0851
0.08
0.0827
0.11
0.067
0.08
0.076
0.085
0.065
0.0638
0.079
0.085
0.0797
0.0797
0.0838
0.0807
0.0709
0.0853
0.075
0.0851
0.0609
0.0894
0.0782
0.0712
0.0706
0.0551
0.0678
0.0652
0.0501
0.0682
0.065
0.0616
0.0681
0.0652
0.0613
0.0738
0.07
0.0603
0.07
0.0813
0.07
0.0738
0.0746
0.0766
0.0888
0.0702
0.0712
0.065
0.0778
0.0801
0.0751
0.0896
0.07
0.0716
0.0667
0.08
0.0639
0.0743
0.0724
0.0582
0.08
0.0734
0.07
0.0678
0.0711
0.0558
0.0607
0.0778
0.0803
0.0701
0.0601
0.0826
0.0808
0.069
0.085
0.0719
0.0552
0.0747
0.0738
0.0689
0.0727
0.0601
0.073
0.06
0.0616
0.0728
0.0633
0.0682
0.084
0.0607
0.0801
0.0703
0.07
0.0764
0.0923
0.0651
0.08
0.11
0.0941
0.0987
0.0751
0.0769
0.1122
0.0728
0.0964
0.12
0.0851
0.0783
0.095
0.0883
0.0908
0.08
0.0879
0.0951
0.1
0.0681
0.1052
0.0874
0.0851
0.0856
0.0751
0.0753
0.0796
0.0821
0.0751
0.0567
0.0827
0.1033
0.1092
0.1037
0.1234
0.1178
0.1352
0.1062
0.1233
0.1204
0.0746
0.1288
0.1101
0.0843
0.0827
0.0794
0.1261
0.0842
0.0951
0.0811
0.0917
0.0889
0.0901
0.1
0.0939
0.075
0.085
0.0648
0.0827
0.08
0.0851
0.0908
0.0762
0.0996
0.0759
0.0773
0.0751
0.0951
0.0908
0.079
0.0901
0.0736
0.1204
0.13
0.145
0.1236
0.16
0.1172
0.145
0.1133
0.0984
0.0673
0.0802
0.08
0.0702
0.0902
0.0851
0.1011
0.085
0.1001
0.095
0.0834
0.0942
0.0951
0.0829
0.0752
0.0799
0.0929
0.065
0.0859
0.0793
0.0766
0.072
0.0714
0.0586
0.0951
0.0644
0.0833
0.0844
0.07
0.0694
0.0766
0.0701
0.1
0.0777
0.0953
0.0778
0.1049
0.1021
0.0853
0.085
0.1089
0.1051
0.0865
0.075
0.0963
0.0778
0.0851
0.0694
0.095
0.0871
0.0767
0.0813
0.078
0.0905
0.0879
0.09
0.0658
0.0951
0.065
0.0842
0.0759
0.0948
0.0768
0.09
0.0742
0.09
0.08
0.0698
0.0791
0.0861
0.0901
0.0676
0.0701
0.085
0.075
0.065
0.069
0.0753
0.095
0.0822
0.0932
0.07
0.07
0.0859
0.0833
0.0866
0.0722
0.08
0.0909
0.0714
0.0767
0.0822
0.0868
0.0851
0.0913
0.0901
0.0901
0.08
0.09
0.0726
0.09
0.0749
0.0808
0.1
0.095
0.095
0.0836
0.0901
0.1019
0.0759
0.075
0.078
0.095
0.0946
0.078
0.105
0.082
0.0766
0.0851
0.08
0.06
0.0968
0.085
0.1033
0.0824
0.0717
0.0851
0.0937
0.0661
0.095
0.0851
0.0858
0.0912
0.12
0.0878
0.0741
0.1066
0.09
0.0851
0.085
0.0824
0.0947
0.091
0.0901
0.075
0.0736
0.0751
0.0851
0.0801
0.06
0.0991
0.0827
0.0811
0.0844
0.0899
0.0751
0.09
0.095
0.0878
0.0844
0.11
0.079
0.1168
0.0861
0.105
0.1001
0.1056
0.0801
0.1006
0.0722
0.1
0.0827
0.0801
0.0901
0.0951
0.0786
0.0796
0.08
0.0801
0.08
0.0817
0.0836
0.0753
0.0646
0.0809
0.0799
0.0848
0.0702
0.0867
0.1
0.0701
0.0751
0.0652
0.0904
0.0978
0.0848
0.09
0.1048
0.1229
0.095
0.075
0.109
0.0901
0.0953
0.085
0.08
0.0616
0.085
0.1
0.0701
0.1201
0.095
0.0919
0.097
0.0849
0.085
0.0823
0.1124
0.0899
0.0908
0.105
0.0861
0.1152
0.0896
0.0951
0.0959
0.095
0.1224
0.0988
0.0951
0.0702
0.0877
0.0721
0.0914
0.0801
0.095
0.0934
0.1101
0.0752
0.1042
0.1051
0.0789
0.095
0.0904
0.0978
0.0838
0.0929
0.0838
0.0839
0.0951
0.0867
0.0801
0.0762
0.1038
0.105
0.105
0.1001
0.09
0.0776
0.0748
0.0851
0.0851
0.085
0.1032
0.09
0.0851
0.075
0.095
0.091
0.1051
0.0896
0.0851
0.0851
0.1009
0.0959
0.075
0.0907
0.1134
0.1181
0.0841
0.1183
0.0843
0.09
0.0976
0.1258
0.0907
0.1112
0.1196
0.09
0.092
0.0779
0.0901
0.1101
0.1046
0.105
0.0858
0.1013
0.1013
0.138
0.1101
0.1213
0.076
0.105
0.0851
0.135
0.1161
0.12
0.1154
0.1053
0.1151
0.109
0.0996
0.0919
0.1319
0.1184
0.1301
0.09
0.1073
0.1059
0.1192
0.1051
0.1031
0.0958
0.0868
0.0851
0.0797
0.1159
0.105
0.0884
0.082
0.0801
0.0619
0.0802
0.1171
0.1051
0.1003
0.0776
0.115
0.0953
0.0929
0.1168
0.09
0.0928
0.0801
0.0783
0.0934
0.087
0.1226
0.115
0.0937
0.0851
0.1
0.1052
0.1252
0.1008
0.1143
0.0983
0.1093
0.1138
0.125
0.115
0.1238
0.1117
0.1174
0.1201
0.125
0.14
0.1426
0.11
0.1182
0.135
0.1537
0.1278
0.115
0.0941
0.0839
0.095
0.0911
0.09
0.1046
0.0863
0.1051
0.11
0.0901
0.1106
0.1076
0.0839
0.0922
0.0912
0.1032
0.1072
0.0957
0.1261
0.115
0.1372
0.1
0.0867
0.0991
0.1101
0.1047
0.1073
0.12
0.0883
0.1109
0.1102
0.1
0.1051
0.09
0.0937
0.0967
0.1167
0.0851
0.0897
0.105
0.1049
0.0969
0.1014
0.0899
0.1182
0.095
0.1123
0.08
0.1141
0.09
0.1283
0.1
0.1001
0.095
0.0796
0.0926
0.1099
0.11
0.1043
0.0781
0.1
0.1119
0.115
0.1086
0.095
0.0993
0.1129
0.0756
0.0868
0.088
0.0708
0.0978
0.0853
0.0944
0.0854
0.1018
0.0872
0.0951
0.1001
0.0813
0.0923
0.0916
0.0958
0.0806
0.1
0.0946
0.1113
0.1076
0.094
0.095
0.1051
0.0925
0.115
0.097
0.1164
0.1027
0.1107
0.1
0.1
0.1105
0.115
0.095
0.0801
0.097
0.09
0.091
0.11
0.0869
0.0886
0.1001
0.0951
0.115
0.075
0.125
0.0954
0.115
0.1279
0.105
0.135
0.1094
0.0987
0.0664
0.1001
0.0903
0.0901
0.095
0.09
0.1094
0.1051
0.1051
0.0916
0.105
0.0751
0.1
0.075
0.1213
0.1014
0.1086
0.0907
0.1097
0.1112
0.115
0.1093
0.1
0.1201
0.1126
0.1006
0.0951
0.085
0.1051
0.1102
0.1146
0.0906
0.1151
0.0869
0.1061
0.115
0.1038
0.105
0.1001
0.1083
0.094
0.095
0.1035
0.0974
0.0826
0.0822
0.0948
0.11
0.1051
0.1024
0.0933
0.097
0.0779
0.09
0.085
0.0752
0.0924
0.0833
0.1084
0.1001
0.08
0.0771
0.0801
0.095
0.0846
0.0923
0.0852
0.1129
0.0891
0.0859
0.0974
0.0813
0.0937
0.1018
0.09
0.09
0.075
0.1
0.0928
0.095
0.09
0.113
0.0747
0.0921
0.1038
0.095
0.1024
0.1049
0.083
0.0892
0.09
0.115
0.1052
0.08
0.0932
0.0874
0.0751
0.0924
0.0943
0.0801
0.0759
0.0769
0.1001
0.0876
0.0856
0.09
0.0786
0.1043
0.1
0.0962
0.0846
0.0874
0.0757
0.0811
0.0853
0.0997
0.1051
0.088
0.075
0.0824
0.0911
0.09
0.0786
0.0906
0.0793
0.0756
0.088
0.085
0.0769
0.08
0.087
0.079
0.0859
0.0866
0.0929
0.1
0.0982
0.1066
0.0853
0.0951
0.0829
0.1147
0.1047
0.0782
0.0857
0.1021
0.1002
0.0837
0.055
0.0801
0.0959
0.0782
0.085
0.0809
0.1
0.08
0.0901
0.085
0.0789
0.1112
0.08
0.084
0.0753
0.085
0.078
0.0799
0.075
0.0976
0.0607
0.0897
0.0729
0.0852
0.085
0.0903
0.0851
0.0936
0.095
0.096
0.0849
0.1101
0.0779
0.0951
0.0977
0.0898
0.0851
0.0904
0.0956
0.0991
0.0855
0.0911
0.0898
0.085
0.0957
0.0651
0.075
0.09
0.09
0.1012
0.11
0.0883
0.085
0.0794
0.1031
0.1151
0.1192
0.0901
0.1021
0.1184
0.0961
0.11
0.1101
0.1066
0.0906
0.108
0.0997
0.086
0.0852
0.0831
0.0941
0.0793
0.103
0.0989
0.0954
0.095
0.1038
0.0993
0.104
0.1001
0.095
0.0806
0.0886
0.1041
0.1001
0.095
0.11
0.105
0.095
0.1
0.09
0.11
0.1229
0.0872
0.0752
0.0951
0.085
0.1024
0.1043
0.095
0.1207
0.1005
0.0883
0.1704
0.15
0.14
0.1022
0.1146
0.1318
0.1327
0.1096
0.0927
0.0992
0.1087
0.1151
0.12
0.1062
0.0877
0.1051
0.095
0.0948
0.13
0.1026
0.1201
0.125
0.1193
0.1251
0.0909
0.1111
0.1174
0.095
0.115
0.1
0.105
0.1017
0.085
0.0837
0.1013
0.0937
0.0882
0.104
0.0801
0.1046
0.0962
0.1101
0.1415
0.135
0.1251
0.11
0.09
0.0971
0.1293
0.1472
0.1213
0.1231
0.13
0.12
0.1066
0.1253
0.1281
0.115
0.0979
0.1034
0.0983
0.1037
0.1159
0.1101
0.1
0.1051
0.09
0.1
0.11
0.1254
0.1057
0.1
0.1351
0.1024
0.0915
0.1341
0.1251
0.0924
0.0863
0.1308
0.1046
0.1324
0.1177
0.0901
0.0951
0.1109
0.11
0.0951
0.1071
0.095
0.08
0.1001
0.0712
0.1033
0.109
0.0927
0.12
0.135
0.12
0.125
0.1194
0.1101
0.105
0.121
0.1074
0.1189
0.1148
0.145
0.12
0.12
0.115
0.085
0.0944
0.1093
0.105
0.1
0.1004
0.12
0.105
0.0851
0.0988
0.0936
0.115
0.0925
0.0878
0.0981
0.09
0.1241
0.0981
0.095
0.1007
0.1252
0.1048
0.1001
0.1151
0.0751
0.0941
0.0951
0.1024
0.1
0.0917
0.1035
0.115
0.115
0.1341
0.12
0.1277
0.129
0.1201
0.0917
0.12
0.12
0.1181
0.113
0.0876
0.1052
0.086
0.1079
0.11
0.1001
0.1001
0.1178
0.1151
0.0949
0.1004
0.0999
0.093
0.11
0.135
0.1267
0.1117
0.115
0.1704
0.1065
0.132
0.1576
0.1266
0.1401
0.1177
0.1017
0.0997
0.0951
0.1058
0.1004
0.095
0.1001
0.1
0.1
0.0939
0.105
0.1037
0.1026
0.0961
0.0983
0.0947
0.0979
0.0856
0.095
0.0993
0.105
0.1058
0.0851
0.0772
0.0801
0.09
0.0879
0.085
0.1003
0.1051
0.0801
0.0951
0.11
0.0801
0.09
0.0924
0.1273
0.0886
0.0849
0.1051
0.0958
0.0712
0.0859
0.085
0.085
0.09
0.115
0.0998
0.086
0.09
0.0851
0.11
0.0751
0.1051
0.1082
0.0851
0.082
0.0945
0.1074
0.1097
0.1104
0.1022
0.1151
0.115
0.0851
0.0851
0.0923
0.11
0.0717
0.0983
0.0749
0.0924
0.0658
0.0886
0.0928
0.0752
0.105
0.0892
0.1026
0.0929
0.0902
0.0851
0.0801
0.0951
0.08
0.083
0.0786
0.0796
0.1
0.0751
0.0851
0.0798
0.0917
0.1023
0.1171
0.1129
0.1212
0.0862
0.0858
0.0826
0.0851
0.0811
0.0861
0.1014
0.097
0.09
0.0951
0.085
0.08
0.076
0.0801
0.0901
0.098
0.0873
0.089
0.085
0.0701
0.0831
0.0961
0.075
0.0887
0.0901
0.085
0.0804
0.0703
0.0982
0.11
0.0899
0.1003
0.0831
0.09
0.09
0.0777
0.1001
0.1054
0.095
0.075
0.0834
0.0951
0.077
0.083
0.09
0.0957
0.095
0.1
0.0676
0.08
0.0969
0.0806
0.0724
0.1036
0.0843
0.0877
0.086
0.0854
0.09
0.095
0.1048
0.0782
0.0863
0.095
0.0884
0.11
0.0968
0.0702
0.1041
0.0952
0.0958
0.085
0.1056
0.095
0.0832
0.0892
0.0808
0.0886
0.095
0.0837
0.09
0.08
0.083
0.0942
0.1096
0.0907
0.08
0.0763
0.1041
0.0917
0.0959
0.0884
0.0951
0.0881
0.0647
0.085
0.0839
0.0797
0.0951
0.1082
0.0901
0.0915
0.0783
0.11
0.1028
0.0818
0.1012
0.095
0.0776
0.0897
0.1038
0.0951
0.0851
0.0886
0.0735
0.0817
0.085
0.0921
0.0996
0.0959
0.0889
0.0918
0.11
0.0946
0.1153
0.103
0.0951
0.1033
0.0848
0.09
0.0936
0.085
0.088
0.095
0.09
0.12
0.11
0.1122
0.1192
0.1203
0.1131
0.13
0.1454
0.086
0.095
0.0851
0.118
0.0728
0.105
0.0959
0.0918
0.1281
0.1016
0.1
0.1
0.0969
0.0897
0.11
0.1187
0.0902
0.105
0.0833
0.1229
0.1002
0.105
0.1
0.0851
0.0951
0.11
0.0866
0.08
0.105
0.1251
0.0983
0.0901
0.1301
0.0951
0.095
0.1101
0.08
0.1157
0.1106
0.1001
0.0822
0.1
0.105
0.0808
0.085
0.0822
0.0917
0.1051
0.1101
0.0966
0.1
0.1
0.0967
0.1057
0.0907
0.0899
0.098
0.1013
0.1018
0.095
0.085
0.1022
0.085
0.0985
0.121
0.09
0.0947
0.075
0.085
0.175
0.1442
0.09
0.0956
0.1051
0.1018
0.0878
0.1237
0.105
0.1401
0.1213
0.1502
0.7697
0.1188
0.2384
1.0056
0.1051
0.0828
0.1011
0.1141
3.3767
0.0956
0.35
0.3217
2.2614
0.1061
0.1093
0.1433
0.0984
0.145
0.5283
0.2967
0.3225
0.1642
0.1241
0.1151
0.1694
0.1233
0.11
0.1363
0.125
0.1052
0.1411
0.1142
0.1206
0.135
0.1042
0.1037
0.1373
0.105
0.1324
0.14
0.1973
0.162
0.2981
0.2349
0.2587
0.325
0.24
0.2451
0.2076
0.16
0.1362
0.125
0.1188
0.1001
0.1215
0.1243
0.115
0.1251
0.08
0.1179
0.0948
0.107
0.1145
0.1151
0.1203
0.1057
0.1018
0.1202
0.1464
0.1401
0.115
0.094
0.09
0.0872
0.1
0.0851
0.135
0.0901
0.125
0.1068
0.1242
0.0977
0.1233
0.1171
0.1036
0.1011
0.1284
0.125
