662.64
663.22
663.76
664.34
664.91
665.42
665.95
666.48
666.99
667.61
668.21
668.84
669.51
670.2
670.89
671.7
672.54
673.33
674.07
674.93
675.76
676.56
677.39
678.2
679.04
679.81
680.6
681.34
682.13
682.91
683.75
684.51
685.33
686.17
687
687.73
688.57
689.44
690.23
691.08
691.87
692.64
693.36
694.14
694.96
695.74
696.57
697.43
698.37
699.34
700.29
701.17
702.04
702.86
703.68
704.48
705.29
706.11
706.88
707.5
708.17
708.78
709.43
710.05
710.67
711.29
711.89
712.52
713.17
713.82
714.6
715.35
716.16
716.96
717.73
718.49
719.1
719.82
720.47
721.15
721.77
722.44
723.14
723.79
724.52
725.36
726.11
726.82
727.5
728.18
728.87
729.53
730.19
730.94
731.7
732.46
733.09
733.76
734.39
735.05
735.7
736.37
737
737.65
738.28
738.95
739.68
740.3
740.94
741.6
742.34
743.12
743.82
744.56
745.32
746.08
746.77
747.56
748.35
749.1
749.84
750.54
751.28
752.09
752.78
753.51
754.23
754.97
755.7
756.43
757.11
757.87
758.59
759.27
760
760.76
761.46
762.18
762.96
763.74
764.5
765.26
766.06
766.82
767.61
768.41
769.1
769.81
770.51
771.16
771.92
772.66
773.46
774.32
775.22
776.24
777.15
778.11
779.18
780.09
781.02
781.84
782.59
783.19
783.72
784.27
784.71
785.13
785.55
785.96
786.46
786.9
787.35
787.8
788.38
788.91
789.45
789.9
790.33
790.72
791.09
791.5
791.87
792.28
792.64
793
793.28
793.55
793.79
794
794.24
794.45
794.63
794.84
795.07
795.33
795.54
795.77
795.94
796.16
796.32
796.43
796.56
796.72
796.86
796.99
797.17
797.36
797.49
797.63
797.75
797.91
798.07
798.25
798.42
798.58
798.72
798.81
798.89
798.88
798.93
798.95
799
799.01
799.11
799.13
799.1
799.1
799.16
799.19
799.2
799.16
799.17
799.21
799.24
799.37
799.44
799.51
799.62
799.74
799.81
799.98
800.07
800.11
800.2
800.28
800.41
800.49
800.56
800.61
800.68
800.74
800.79
800.84
800.88
800.91
800.86
800.81
800.72
800.71
800.7
800.68
800.6
800.52
800.44
800.41
800.33
800.39
800.24
800.25
800.19
800.11
800
799.95
799.95
800.01
799.91
799.82
799.79
799.72
799.66
799.66
799.62
799.66
799.6
799.53
799.51
799.48
799.48
799.46
799.47
799.42
799.41
799.4
799.39
799.24
799.22
799.09
799.07
799
798.97
798.93
798.94
798.9
798.86
798.84
798.73
798.69
798.59
798.52
798.46
798.4
798.34
798.25
798.14
798.05
797.94
797.89
797.79
797.81
797.81
797.77
797.67
797.65
797.57
797.52
797.45
797.34
797.2
797.09
797
796.9
796.8
796.7
796.63
796.54
796.41
796.3
796.19
796.05
795.99
795.84
795.71
795.58
795.46
795.35
795.22
795.07
794.91
794.72
794.55
794.36
794.14
793.92
793.73
793.53
793.33
793.08
793.04
793
793.02
793.1
793.25
793.47
793.58
793.61
793.54
793.49
793.33
793.17
793.07
792.91
792.73
792.68
792.59
792.51
792.51
792.44
792.24
792.19
791.96
791.75
791.48
791.08
790.75
790.4
790
789.74
789.55
789.31
789.16
789.07
788.98
788.93
788.9
788.77
788.75
788.69
788.57
788.47
788.36
788.13
787.94
787.83
787.7
787.66
787.58
787.49
787.38
787.37
787.36
787.34
787.38
787.4
787.41
787.36
787.38
787.4
787.46
787.5
787.61
787.76
787.98
788.14
788.43
788.65
788.94
789.16
789.47
789.7
789.86
789.88
789.88
789.85
789.74
789.71
789.8
789.84
789.98
790.07
790.27
790.47
790.67
790.81
791
791.11
791.28
791.42
791.58
791.71
791.92
792.14
792.37
792.58
792.88
793.1
793.38
793.65
793.93
794.26
794.59
794.91
795.28
795.64
795.94
796.29
796.5
796.87
797.16
797.48
797.79
798.03
798.38
798.77
799.15
799.51
799.99
800.33
800.74
801.08
801.51
801.89
802.23
802.62
802.87
803.23
803.55
803.82
804.12
804.48
804.87
805.24
805.53
805.88
806.31
806.65
806.99
807.4
807.83
808.2
808.57
809.08
809.56
809.98
810.38
810.68
811.02
811.42
811.73
811.97
812.37
812.76
813.07
813.34
813.64
813.97
814.33
814.62
814.95
815.33
815.67
816.02
816.33
816.65
816.94
817.17
817.46
817.76
818.05
818.33
818.62
818.86
819.11
819.35
819.6
819.81
819.96
820.17
820.34
820.54
820.64
820.82
820.96
821.06
821.18
821.29
821.43
821.53
821.6
821.68
821.86
821.97
822.08
822.2
822.34
822.5
822.6
822.74
822.83
822.97
823.19
823.25
823.29
823.3
823.35
823.47
823.57
823.53
823.49
823.47
823.54
823.59
823.76
824.08
824.39
824.58
824.68
824.66
824.59
824.55
824.45
824.44
824.58
824.66
824.82
824.92
825.08
825.21
825.44
825.5
825.46
825.4
825.32
825.19
825.13
825.08
825.04
824.94
824.85
824.83
824.82
824.68
824.53
824.37
824.15
823.97
823.89
823.72
823.63
823.58
823.58
823.61
823.7
823.76
823.91
823.96
823.98
824.1
824.21
824.31
824.41
824.49
824.64
824.67
824.8
824.94
824.99
825.12
825.21
825.27
825.39
825.43
825.55
825.57
825.72
825.75
825.77
825.8
825.9
826.02
826.12
826.25
826.29
826.39
826.55
826.78
826.92
827.02
827.18
827.39
827.55
827.67
827.86
827.96
828.1
828.28
828.41
828.58
828.66
828.76
828.84
828.83
828.97
829.11
829.27
829.37
829.48
829.67
829.8
829.9
830.02
830.18
830.32
830.51
830.73
830.83
830.9
831.03
831.14
831.2
831.36
831.46
831.57
831.65
831.76
831.78
831.88
831.94
832.05
832.05
832.07
832.21
832.35
832.47
832.59
832.68
832.75
832.82
832.94
833.04
833.19
833.31
833.44
833.57
833.75
833.88
833.94
834.08
834.2
834.28
834.37
834.44
834.55
834.61
834.74
834.9
834.98
835.16
835.25
835.4
835.58
835.73
835.86
836.02
836.13
836.26
836.35
836.48
836.51
836.63
836.71
836.79
836.77
836.89
837.08
837.2
837.27
837.45
837.59
837.75
837.98
838.16
838.32
838.49
838.72
838.85
838.97
839.19
839.37
839.58
839.74
839.87
840.07
840.3
840.5
840.72
840.93
841.12
841.28
841.44
841.58
841.74
841.97
842.17
842.4
842.6
842.87
843.11
843.32
843.54
843.74
844
844.17
844.38
844.65
844.87
845.05
845.3
845.52
845.77
846.09
846.38
846.71
846.91
847.19
847.42
847.64
847.89
848.15
848.34
848.54
848.68
848.87
848.99
849.1
849.19
849.32
849.41
849.48
849.43
849.42
849.39
849.32
849.24
849.16
849.07
849.06
848.91
848.87
848.81
848.84
848.82
848.9
848.93
848.93
848.91
848.83
848.69
848.57
848.35
848.15
847.91
847.61
847.27
846.92
846.42
845.87
845.21
844.56
843.99
843.36
842.87
842.4
842.01
841.73
841.58
841.6
841.78
842
842.32
842.61
842.85
843.02
843.05
842.94
842.54
842.04
841.51
840.89
840.29
839.62
838.99
838.45
838.06
837.69
837.5
837.09
836.65
836.2
835.62
834.96
834.22
833.22
832.18
831.07
829.9
828.97
828.19
827.69
827.34
826.98
826.62
826.16
825.85
825.54
825.3
825.28
825.38
825.52
825.67
825.76
825.77
825.72
825.63
825.44
825.19
824.81
824.33
823.78
823.12
822.42
821.6
820.62
819.65
818.45
817.18
815.81
814.52
813.4
811.98
810.21
808.37
806.28
804.24
802.11
800.35
798.82
797.21
795.76
794.4
793.22
792.2
791.29
790.67
790.1
789.51
788.97
788.77
788.57
788.49
788.48
788.63
788.73
788.81
788.78
788.67
788.51
788.13
787.67
787.03
786.29
785.49
784.75
783.93
783.25
782.54
781.98
781.42
780.7
779.97
779.15
778.3
777.55
776.67
775.72
774.88
774
773.2
772.57
772
771.56
771.17
770.81
770.53
770.13
769.47
768.99
768.35
767.81
767.19
766.58
766.07
765.61
765.14
764.71
764.28
763.96
763.74
763.56
763.46
763.38
763.37
763.39
763.29
763.23
762.98
762.76
762.42
761.99
761.43
760.74
759.97
759.16
758.36
757.63
756.84
756.2
755.62
755.14
754.71
754.27
754.18
754.2
754.24
754.37
754.34
754.26
754.05
753.62
753.1
752.72
752.35
752.04
751.88
751.84
751.99
752.28
752.6
753.02
753.26
753.26
753.13
752.83
752.22
751.47
750.59
749.7
749
748.51
748.24
747.96
747.8
747.82
747.85
747.9
747.98
747.92
747.86
747.72
747.45
747.23
746.91
746.53
746.23
745.91
745.53
745.19
744.87
744.57
744.31
744.04
743.76
743.42
743.11
742.78
742.46
742.18
741.91
741.56
741.36
741.11
740.79
740.58
740.27
739.96
739.72
739.46
739.21
738.96
738.73
738.44
738.15
737.93
737.65
737.41
737.19
736.92
736.76
736.49
736.25
736
735.81
735.53
735.32
735.15
735.03
734.9
734.84
734.87
734.82
734.74
734.73
734.79
734.87
734.85
734.95
735.06
735.1
735.26
735.41
735.54
735.75
735.94
736.14
736.37
736.7
736.95
737.13
737.19
737.21
737.09
736.9
736.6
736.34
736.2
735.95
735.58
735.36
735.2
735.08
734.96
735.03
735.08
735.04
735.04
734.91
734.67
734.41
734
733.57
733.01
732.59
732.17
731.83
731.6
731.38
731.16
730.99
730.69
730.38
730.03
729.46
728.81
728.14
727.39
726.76
726.03
725.25
724.57
723.76
723.01
722.34
721.65
720.99
720.35
719.69
719.1
718.65
718.26
717.85
717.52
717.31
716.99
716.83
716.58
716.3
715.99
715.73
715.54
715.24
714.97
714.63
714.2
713.83
713.25
712.67
712.09
711.47
710.77
710.25
709.66
708.95
708.4
707.92
707.38
706.77
706.02
705.23
704.57
703.85
703.16
702.52
701.91
701.52
701.08
700.7
700.35
700.02
699.76
699.43
699.18
698.9
698.76
698.54
698.32
698.15
698.01
697.87
697.84
697.81
697.8
697.82
697.81
697.9
697.98
697.95
697.97
697.95
697.85
697.77
697.59
697.42
697.21
697.02
696.94
696.8
696.67
696.57
696.52
696.57
696.52
696.58
696.72
696.84
696.98
697.13
697.22
697.37
697.53
697.63
697.73
697.81
697.75
697.83
697.84
697.72
697.56
697.48
697.34
697.3
697.24
697.19
697.19
697.09
696.98
696.87
696.7
696.45
696.19
695.9
695.6
695.31
694.96
694.6
694.32
694.06
693.73
693.47
693.22
693.06
692.89
692.78
692.61
692.64
692.57
692.54
692.53
692.52
692.57
692.57
692.44
692.4
692.3
692.28
692.27
692.27
692.26
692.28
692.36
692.44
692.45
692.52
692.6
692.62
692.65
692.7
692.79
692.87
692.9
692.97
692.95
692.99
693.09
693.17
693.16
693.25
693.3
693.34
693.41
693.42
693.5
693.61
693.7
693.86
694.03
694.11
694.26
694.4
694.58
694.63
694.72
694.82
694.93
694.99
694.98
694.96
694.99
695.01
694.98
695.02
695.03
695.03
694.97
694.91
694.81
694.8
694.74
694.66
694.54
694.39
694.24
694.16
694.04
694.04
693.99
693.88
693.79
693.76
693.78
693.73
693.73
693.66
693.65
693.52
693.41
693.35
693.29
693.21
693.15
693.05
692.94
692.87
692.73
692.7
692.56
692.49
692.44
692.39
692.39
692.34
692.39
692.43
692.46
692.65
692.81
692.93
693.22
693.41
693.66
693.92
694.11
694.31
694.39
694.37
694.35
694.35
694.33
694.35
694.35
694.28
694.28
694.28
694.3
694.35
694.36
694.41
694.44
694.51
694.53
694.64
694.7
694.72
694.73
694.66
694.72
694.68
694.61
694.53
694.52
694.51
694.52
694.52
694.56
694.59
694.61
694.63
694.57
694.56
694.54
694.52
694.46
694.39
694.3
694.21
694.01
693.9
693.76
693.62
693.49
693.28
693.09
692.99
692.88
692.68
692.63
692.59
692.46
692.26
692.11
691.94
691.84
691.75
691.63
691.45
691.37
691.26
691.19
691.19
691.13
691.17
691.2
691.26
691.36
691.31
691.41
691.44
691.37
691.29
691.28
691.24
691.22
691.24
691.3
691.47
691.63
691.83
692.05
692.23
692.32
692.38
692.42
692.41
692.38
692.25
692.2
692.11
691.97
691.89
691.85
691.75
691.71
691.61
691.54
691.48
691.5
691.53
691.59
691.51
691.46
691.42
691.35
691.28
691.2
691.13
691.09
691.05
690.97
690.87
690.81
690.73
690.58
690.46
690.43
690.36
690.25
690.18
690.11
689.95
689.75
689.69
689.65
689.49
689.38
689.24
689.1
689.03
688.96
689.01
688.98
689.1
689.11
689.15
689.09
689.03
688.98
688.83
688.68
688.52
688.44
688.39
688.29
688.23
688.1
688.15
688.18
688.09
688.18
688.24
688.3
688.3
688.37
688.57
688.86
689.08
689.35
689.66
689.88
690.06
690.25
690.38
690.45
690.58
690.72
690.83
690.76
690.68
690.52
690.47
690.33
690.17
690.07
689.98
689.86
689.81
689.77
689.8
689.71
689.65
689.71
689.68
689.73
689.89
689.84
689.87
690.01
690.1
690.13
690.1
689.98
689.99
689.92
689.84
689.78
689.71
689.62
689.61
689.61
689.68
689.8
689.94
690.09
690.2
690.28
690.37
690.5
690.47
690.39
690.39
690.33
690.25
690.19
690.19
690.3
690.56
690.96
691.21
691.55
691.93
692.28
692.63
692.97
693.24
693.45
693.65
693.8
693.96
694.03
694.15
694.3
694.43
694.57
694.73
694.86
694.98
695.05
695.23
695.4
695.52
695.79
696.03
696.23
696.39
696.56
696.7
696.84
697.14
697.38
697.56
697.68
697.77
697.81
697.84
697.81
697.86
697.97
698
698.11
698.22
698.35
698.52
698.77
699.1
699.53
699.97
700.51
700.94
701.29
701.68
702.08
702.38
702.65
702.86
703.02
703.1
703.17
703.33
703.43
703.49
703.61
703.79
703.98
704.28
704.49
704.85
705.06
705.22
705.37
705.51
705.66
705.76
705.8
705.69
705.67
705.64
705.53
705.42
705.28
705.24
705.12
704.96
704.86
704.72
704.58
704.51
704.44
704.33
704.31
704.43
704.44
704.54
704.66
704.85
704.96
705.15
705.33
705.35
705.35
705.41
705.43
705.46
705.46
705.41
705.29
705.2
705.17
705.1
705.21
705.38
705.55
705.75
706.04
706.32
706.61
706.89
707.05
707.21
707.33
707.5
707.62
707.79
707.95
708.12
708.2
708.22
708.25
708.19
708.16
708.17
708.11
708.03
708.02
708.13
708.28
708.35
708.45
708.59
708.72
708.89
709.02
709.21
709.41
709.64
709.81
709.85
710
710.12
710.31
710.46
710.58
710.67
710.81
710.96
711.08
711.17
711.23
711.32
711.44
711.51
711.55
711.66
711.82
711.94
712.13
712.29
712.55
712.84
713.11
713.39
713.7
714.02
714.29
714.63
714.94
715.23
715.52
715.79
716.05
716.33
716.56
716.86
717.17
717.38
717.66
717.93
718.2
718.38
718.63
718.83
718.96
719.02
719.09
719.18
719.26
719.39
719.57
719.71
719.91
720.1
720.25
720.42
720.63
720.78
720.93
721.19
721.33
721.47
721.57
721.62
721.65
721.65
721.54
721.5
721.46
721.42
721.3
721.21
721.14
721.14
721.13
721.2
721.22
721.23
721.29
721.37
721.45
721.46
721.43
721.42
721.36
721.28
721.22
721.16
721.08
721.01
721.05
721.07
721.12
721.11
721.11
721.18
721.26
721.36
721.47
721.56
721.62
721.59
721.5
721.33
721.12
720.86
720.5
720.25
720.02
719.83
719.64
719.43
719.25
719.08
718.9
718.79
718.82
718.76
718.75
718.75
718.74
718.75
718.67
718.62
718.45
718.28
718.01
717.66
717.41
717.17
717
716.84
716.71
716.51
716.38
716.25
716.07
715.9
715.73
715.54
715.37
715.17
714.98
714.84
714.76
714.71
714.68
714.76
714.81
714.83
714.99
715.16
715.34
715.63
715.94
716.31
716.79
717.29
717.69
718.09
718.47
718.74
718.88
718.96
718.91
718.67
718.46
718.27
718.17
718.11
718.11
718.14
718.1
718.24
718.36
718.39
718.35
718.13
717.67
716.92
716.2
715.42
714.66
714.12
713.72
713.42
713.19
712.98
712.81
712.71
712.53
712.3
712.01
711.66
711.33
711.13
710.96
710.69
710.64
710.71
710.74
710.78
710.75
710.85
711.02
711.22
711.37
711.41
711.4
711.47
711.38
711.26
711.11
711.07
710.99
710.96
710.98
710.95
711.03
711.13
711.21
711.36
711.41
711.48
711.58
711.62
711.67
711.73
711.73
711.64
711.56
711.3
711.14
711.11
711.08
710.92
710.81
710.77
710.75
710.68
710.76
710.74
710.68
710.72
710.79
710.82
710.87
710.89
710.88
710.85
710.82
710.78
710.78
710.75
710.79
710.85
710.82
710.87
710.93
710.96
711.07
711.06
711.17
711.33
711.48
711.55
711.61
711.82
711.95
712.08
712.11
712.25
712.36
712.45
712.48
712.56
712.65
712.74
712.8
712.82
712.86
712.86
712.9
712.96
712.96
712.94
712.98
713.04
713.06
713.11
713.28
713.39
713.57
713.77
713.93
714.13
714.44
714.59
714.71
714.86
715
715.06
715.11
715.19
715.25
715.23
715.29
715.36
715.4
715.4
715.43
715.51
715.64
715.77
715.93
715.99
715.99
715.95
715.88
715.9
715.89
715.84
715.8
715.76
715.76
715.75
715.78
715.86
715.87
715.78
715.71
715.76
715.74
715.79
715.84
715.87
715.92
716.03
716.09
716.15
716.24
716.26
716.31
716.34
716.44
716.58
716.81
717.06
717.32
717.51
717.74
718.06
718.31
718.48
718.61
718.64
718.62
718.49
718.32
718.23
718.16
718.17
718.14
718.12
718.18
718.23
718.27
718.32
718.39
718.5
718.66
718.8
718.93
719.05
719.02
718.99
718.98
718.9
718.77
718.69
718.56
718.49
718.47
718.44
718.5
718.54
718.66
718.68
718.67
718.75
718.86
718.86
718.89
718.9
718.84
718.77
718.71
718.65
718.58
718.61
718.66
718.67
718.68
718.75
718.78
718.91
719.03
719.11
719.25
719.31
719.37
719.4
719.37
719.29
719.28
719.24
719.15
719.12
719.09
719.05
719.04
718.95
718.84
718.81
718.79
718.73
718.66
718.71
718.79
718.84
718.98
719.2
719.38
719.45
719.62
719.67
719.74
719.79
719.76
719.74
719.78
719.68
719.52
719.33
719.13
718.97
718.77
718.59
718.39
718.21
718.03
717.94
717.83
717.8
717.85
717.99
718.12
718.22
718.3
718.44
718.57
718.73
718.78
718.79
718.64
718.4
718.18
717.94
717.71
717.45
717.26
717.03
716.8
716.65
716.52
716.44
716.31
716.15
715.98
715.88
715.78
715.69
715.63
715.59
715.51
715.51
715.42
715.31
715.21
715.09
714.93
714.78
714.64
714.43
714.25
714.07
713.86
713.7
713.55
713.42
713.37
713.28
713.22
713.11
713.06
713.07
713.12
713.23
713.3
713.33
713.38
713.38
713.29
713.19
713.08
712.93
712.82
712.69
712.51
712.42
712.33
712.3
712.27
712.28
712.27
712.28
712.37
712.39
712.43
712.45
712.44
712.47
712.36
712.27
712.06
711.84
711.64
711.49
711.31
711.14
711.03
710.93
710.91
710.9
710.86
710.87
710.95
710.95
711.05
710.99
711.09
711.16
711.19
711.11
711.11
711.18
711.28
711.37
711.43
711.55
711.69
711.81
711.85
711.9
711.88
711.85
711.82
711.88
711.9
711.88
711.83
711.83
711.77
711.79
711.81
711.83
711.81
711.87
711.86
711.87
711.89
711.95
712
711.98
711.96
711.93
711.89
711.83
711.8
711.76
711.76
711.8
711.76
711.75
711.73
711.68
711.74
711.71
711.65
711.63
711.67
711.62
711.55
711.44
711.42
711.38
711.35
711.25
711.38
711.45
711.57
711.74
712
712.35
712.62
713.02
713.3
713.48
713.6
713.73
713.78
713.7
713.53
713.37
713.18
713.04
712.95
712.97
712.93
712.93
712.93
712.87
712.73
712.6
712.37
712.18
711.83
711.38
711.01
710.67
710.37
710.18
710
709.89
709.89
709.85
709.84
709.88
709.79
709.68
709.56
709.48
709.34
709.31
709.24
709.14
709
708.95
708.89
708.9
708.94
708.9
708.83
708.85
708.75
708.7
708.51
708.38
708.18
707.93
707.67
707.3
706.95
706.66
706.3
706
705.65
705.28
705.13
705
704.92
704.83
704.76
704.68
704.64
704.58
704.43
704.21
704
703.79
703.56
703.4
703.33
703.25
703.15
703.17
703.11
703.04
703.1
703.14
703.15
703.24
703.35
703.44
703.52
703.62
703.61
703.73
703.8
703.84
703.9
703.99
704.09
704.2
704.3
704.35
704.46
704.6
704.86
705.05
705.06
705.07
705.2
705.4
705.49
705.57
705.68
705.94
706.1
706.25
706.48
706.71
707.07
707.42
707.86
708.18
708.61
708.92
709.18
709.43
709.69
709.84
710
710.16
710.38
710.64
710.81
711.05
711.34
711.63
711.97
712.16
712.32
712.62
712.88
713.17
713.38
713.73
714.14
714.49
714.74
715
715.35
715.69
716
716.29
716.54
716.75
716.96
717.25
717.49
717.8
718.13
718.39
718.73
719.06
719.41
719.74
720.14
720.43
720.72
721.15
721.57
721.9
722.19
722.55
722.88
723.28
723.64
723.97
724.36
724.75
725.2
725.54
725.86
726.25
726.61
726.97
727.29
727.67
727.99
728.29
728.6
728.88
729.21
729.61
729.94
730.26
730.65
731.08
731.47
731.83
732.18
732.51
732.78
733.13
733.39
733.57
733.74
733.89
734.1
734.26
734.45
734.64
734.9
735.11
735.28
735.58
735.97
736.27
736.57
736.92
737.38
737.76
738.09
738.37
738.69
738.92
739.12
739.28
739.43
739.56
739.65
739.83
739.97
740.05
740.15
740.31
740.5
740.59
740.71
740.88
741.08
741.32
741.6
741.83
742.12
742.45
742.73
742.95
743.28
743.56
743.77
743.93
744.11
744.26
744.41
744.58
744.74
744.85
744.94
745.11
745.28
745.44
745.57
745.71
745.75
745.79
745.8
745.86
745.92
745.99
746.05
746.13
746.23
746.34
746.47
746.59
746.74
747.02
747.17
747.32
747.48
747.66
747.88
748.09
748.29
748.51
748.74
748.9
749.06
749.19
749.35
749.45
749.56
749.63
749.6
749.53
749.51
749.53
749.48
749.41
749.33
749.23
749.16
749.13
749.06
749.01
749
749.03
749.02
749.01
749.12
749.19
749.23
749.34
749.54
749.71
749.84
750.04
750.18
750.34
750.49
750.63
750.81
750.94
751.13
751.26
751.54
751.7
751.81
752.01
752.18
752.34
752.42
752.45
752.58
752.63
752.66
752.7
752.75
752.77
752.8
752.86
752.92
753.01
753.01
752.92
752.83
752.71
752.62
752.43
752.28
752.05
751.91
751.8
751.72
751.59
751.5
751.43
751.37
751.34
751.35
751.39
751.47
751.53
751.71
751.93
752.08
752.26
752.51
752.74
752.91
752.99
753.09
753.04
753.01
752.93
752.88
752.72
752.71
752.67
752.64
752.61
752.53
752.52
752.52
752.53
752.46
752.41
752.43
752.41
752.33
752.24
752.17
752.01
751.95
751.9
751.87
751.86
751.81
751.76
751.72
751.64
751.54
751.43
751.38
751.28
751.18
751.14
751.12
751
750.88
750.78
750.65
750.6
750.51
750.42
750.33
750.23
750.13
750.07
750.08
749.95
749.91
749.89
749.83
749.77
749.62
749.53
749.51
749.57
749.55
749.53
749.5
749.46
749.52
749.47
749.44
749.42
749.4
749.29
749.21
749.07
749.03
748.94
748.85
748.79
748.75
748.66
748.61
748.54
748.44
748.36
748.29
748.17
748.08
748.02
747.93
747.83
747.73
747.66
747.52
747.35
747.2
747.08
747
746.85
746.74
746.6
746.45
746.27
746.08
745.88
745.62
745.42
745.22
745.1
744.96
744.77
744.61
744.45
744.31
744.12
743.91
743.71
743.62
743.57
743.47
743.35
743.28
743.23
743.29
743.29
743.24
743.19
743.2
743.15
743.1
743.01
743.01
742.94
742.78
742.78
742.83
742.86
743.03
743.12
743.35
743.53
743.73
743.95
744.11
744.25
744.41
744.51
744.66
744.84
745
745.09
745.1
745.21
745.34
745.41
745.43
745.44
745.44
745.45
745.48
745.46
745.29
745.15
745.05
744.89
744.71
744.54
744.38
744.17
743.99
743.88
743.72
743.53
743.31
743.27
743.08
742.9
742.78
742.62
742.45
742.48
742.44
742.51
742.58
742.63
742.9
743.22
743.55
743.74
744.04
744.31
744.52
744.61
744.65
744.7
744.69
744.61
744.47
744.28
744.21
744.21
744.25
744.31
744.39
744.48
744.56
744.73
745
745.2
745.45
745.76
746.03
746.23
746.43
746.49
746.67
746.72
746.78
746.81
746.92
746.94
746.98
747.09
747.21
747.33
747.48
747.52
747.64
747.77
747.87
747.98
748.07
748.27
748.36
748.48
748.67
748.82
748.96
749.14
749.29
749.36
749.53
749.59
749.75
749.92
749.96
749.97
749.97
750.06
750.13
750.16
750.2
750.25
750.33
750.45
750.52
750.59
750.64
750.81
750.89
751.02
751.2
751.33
751.48
751.71
751.91
752.16
752.41
752.63
752.85
752.92
752.82
752.69
752.76
752.81
752.73
752.65
752.6
752.43
752.34
752.2
752.1
752.04
751.93
751.89
751.87
751.8
751.73
751.57
751.29
750.88
750.48
750.03
749.59
749.22
748.82
748.55
748.31
748.11
748.09
748.09
748.04
747.86
747.8
747.58
747.35
747.05
746.8
746.62
746.39
746.25
746.17
746.05
745.96
745.88
745.79
745.62
745.36
745.08
744.68
744.28
743.86
743.46
743.16
742.82
742.52
742.34
742.11
741.85
741.61
741.42
741.35
741.28
741.24
741.1
741.12
741.04
740.98
740.85
740.77
740.86
740.82
740.81
740.81
740.95
741.02
741.11
741.11
741.2
741.13
741.09
741.06
741.02
740.91
740.78
740.75
740.76
740.74
740.72
740.67
740.74
740.86
740.96
741.01
741.14
741.22
741.27
741.37
741.36
741.36
741.28
741.2
741.18
741.23
741.21
741.21
741.18
741.29
741.32
741.43
741.46
741.46
741.49
741.56
741.61
741.68
741.67
741.73
741.77
741.85
741.98
742.06
742.15
742.26
742.41
742.56
742.67
742.69
742.66
742.68
742.64
742.59
742.51
742.44
742.31
742.19
742.07
742
742.06
742.1
742.15
742.16
742.29
742.33
742.46
742.58
742.7
742.82
743.03
743.06
743.27
743.44
743.75
744.07
744.44
744.69
744.95
745.23
745.51
745.68
745.81
745.83
745.85
745.82
745.72
745.6
745.53
745.4
745.22
745.07
744.95
744.88
744.76
744.66
744.61
744.65
744.73
744.82
744.93
745
745.07
745.09
745.12
745.15
745.22
745.26
745.27
745.22
745.14
745.05
744.92
744.83
744.75
744.71
744.77
744.83
744.89
744.94
745.08
745.23
745.42
745.63
745.85
746.11
746.3
746.41
746.45
746.55
746.59
746.48
746.38
746.26
746.14
745.97
745.83
745.71
745.73
745.8
745.77
745.78
745.9
745.92
745.92
745.87
745.79
745.71
745.66
745.59
745.51
745.34
745.2
745.1
745.04
744.96
744.87
744.97
745.05
745.12
745.21
745.21
745.23
745.24
745.23
745.21
745.18
745.1
744.88
744.74
744.69
744.66
744.6
744.57
744.54
744.49
744.52
744.52
744.5
744.51
744.5
744.55
744.55
744.53
744.54
744.49
744.43
744.43
744.49
744.48
744.47
744.46
744.39
744.38
744.32
744.25
744.17
744.01
743.88
743.76
743.62
743.62
743.58
743.58
743.59
743.59
743.59
743.63
743.68
743.75
743.84
743.85
743.89
743.94
744.09
744.08
744.1
744.07
744.05
744
743.93
743.92
743.9
743.93
743.86
743.84
743.76
743.78
743.74
743.65
743.63
743.57
743.52
743.43
743.34
743.28
743.26
743.2
743.15
743.16
743.22
743.28
743.34
743.37
743.45
743.5
743.53
743.59
743.61
743.67
743.67
743.63
743.56
743.55
743.48
743.41
743.38
743.27
743.2
743.12
743.05
742.92
742.78
742.65
742.58
742.54
742.41
742.36
742.36
742.32
742.28
742.21
742.14
742.1
742.09
742.01
741.99
741.92
741.8
741.75
741.77
741.72
741.7
741.73
741.64
741.59
741.61
741.57
741.54
741.51
741.5
741.45
741.45
741.46
741.42
741.45
741.36
741.34
741.41
741.45
741.41
741.45
741.47
741.52
741.54
741.56
741.58
741.65
741.63
741.65
741.69
741.72
741.77
741.79
741.83
741.85
741.91
741.99
742.03
742.04
742.11
742.13
742.26
742.36
742.49
742.62
742.7
742.86
743
743.02
743.14
743.35
743.5
743.63
743.78
743.89
743.97
744.07
744.2
744.21
744.36
744.45
744.51
744.56
744.72
744.84
744.95
745.09
745.21
745.31
745.42
745.51
745.6
745.74
745.81
745.87
745.92
746
746.01
746.01
746.08
746.1
746.06
746.07
746.03
745.98
745.87
745.81
745.74
745.61
745.59
745.57
745.57
745.56
745.52
745.49
745.47
745.39
745.32
745.17
745.08
744.98
744.92
744.83
744.72
744.59
744.5
744.31
744.1
743.95
743.7
743.39
743.07
742.76
742.41
742.08
741.73
741.4
741.08
740.77
740.47
740.14
739.81
739.52
739.27
739.08
738.82
738.65
738.55
738.42
738.46
738.47
738.44
738.47
738.38
738.3
738.15
737.91
737.68
737.5
737.28
737.04
736.88
736.73
736.63
736.58
736.54
736.49
736.54
736.67
736.84
736.97
737.13
737.37
737.56
737.84
738.16
738.54
738.85
739.18
739.56
739.81
739.97
740.15
740.25
740.26
740.14
739.95
739.72
739.42
739.17
738.9
738.58
738.25
737.96
737.7
737.44
737.19
736.99
736.74
736.55
736.44
736.3
736.19
736.08
736.02
735.91
735.82
735.73
735.65
735.62
735.62
735.65
735.7
735.74
735.79
735.9
736
736.08
736.18
736.24
736.27
736.27
736.34
736.38
736.33
736.31
736.24
736.16
736.12
736.05
735.93
735.8
735.63
735.53
735.38
735.27
735.11
734.97
734.81
734.64
734.38
734.25
734.18
734.06
733.94
733.86
733.79
733.75
733.65
733.59
733.53
733.6
733.64
733.62
733.64
733.74
733.76
733.79
733.83
733.76
733.7
733.59
733.46
733.31
733.16
733
732.84
732.69
732.56
732.45
732.3
732.16
732.14
732.04
731.92
731.81
731.7
731.61
731.53
731.49
731.5
731.46
731.43
731.36
731.31
731.31
731.32
731.29
731.26
731.28
731.28
731.31
731.37
731.4
731.4
731.47
731.57
731.61
731.72
731.76
731.79
731.85
731.94
732.02
732.05
731.99
731.96
731.85
731.72
731.56
731.47
731.42
731.37
731.37
731.54
731.57
731.7
731.7
731.76
731.75
731.71
731.61
731.46
731.23
731.15
731.09
731.06
731.04
731.05
731.08
731.13
731.19
731.24
731.27
731.24
731.26
731.23
731.22
731.2
731.15
731.09
731.01
730.94
730.83
730.72
730.61
730.49
730.39
730.27
730.22
730.09
729.98
729.93
729.9
729.89
729.85
729.93
729.95
729.88
729.93
729.94
729.87
729.9
729.94
729.88
729.84
729.8
729.72
729.66
729.6
729.56
729.47
729.46
729.33
729.23
729.24
729.19
729.05
728.92
728.81
728.71
728.54
728.49
728.38
728.21
728.16
728.07
728
727.93
727.84
727.69
727.64
727.6
727.56
727.53
727.47
727.44
727.41
727.32
727.28
727.24
727.13
727.17
727.1
727
726.94
726.91
726.82
726.79
726.76
726.72
726.65
726.63
726.58
726.53
726.43
726.38
726.3
726.18
726.11
726.08
725.98
725.92
725.88
725.8
725.8
725.72
725.66
725.57
725.43
725.26
725.11
725
724.93
724.77
724.64
724.49
724.35
724.16
724.07
723.98
723.93
723.82
723.75
723.74
723.76
723.81
723.77
723.75
723.77
723.82
723.89
723.82
723.77
723.79
723.78
723.77
723.68
723.59
723.46
723.38
723.33
723.23
723.15
723.01
722.9
722.8
722.76
722.68
722.6
722.52
722.45
722.38
722.36
722.36
722.31
722.24
722.18
722.18
722.11
722.04
721.87
721.76
721.68
721.51
721.37
721.28
721.19
721.16
721.11
721.01
721
720.95
720.96
720.96
720.99
721.07
721.07
721.09
721.16
721.15
721.14
721.14
721.16
721.26
721.29
721.31
721.27
721.33
721.4
721.43
721.46
721.47
721.44
721.41
721.39
721.39
721.38
721.41
721.5
721.48
721.56
721.56
721.61
721.74
721.72
721.77
721.77
721.73
721.88
721.99
722.05
722.08
722.18
722.27
722.31
722.42
722.43
722.43
722.51
722.53
722.58
722.67
722.71
722.7
722.73
722.81
722.84
722.85
722.79
722.84
722.87
722.89
722.88
722.98
722.98
723.05
723.1
723.12
723.2
723.23
723.29
723.31
723.38
723.44
723.46
723.5
723.51
723.49
723.47
723.47
723.42
723.33
723.26
723.21
723.19
723.13
723.09
723.05
722.97
722.98
722.99
722.94
722.91
722.88
722.86
722.87
722.91
722.9
722.99
723.05
723.01
723.02
722.93
722.77
722.7
722.53
722.35
722.25
722.1
722
721.94
721.89
721.81
721.69
721.54
721.46
721.42
721.4
721.3
721.25
721.18
721.16
721.23
721.2
721.23
721.25
721.27
721.21
721.16
721.15
721.07
720.86
720.64
720.53
720.4
720.25
720.04
719.86
719.67
719.52
719.31
719.2
719.09
718.91
718.74
718.6
718.52
718.5
718.5
718.44
718.43
718.32
718.36
718.38
718.38
718.37
718.39
718.38
718.4
718.38
718.34
718.32
718.27
718.25
718.19
718.15
718.07
717.99
717.88
717.81
717.71
717.56
717.45
717.32
717.2
717.03
716.9
716.8
716.63
716.5
716.32
716.21
716.09
716.02
715.97
715.86
715.72
715.69
715.6
715.51
715.48
715.46
715.45
715.48
715.52
715.55
715.59
715.56
715.56
715.48
715.46
715.39
715.32
715.21
715.07
714.94
714.89
714.82
714.74
714.63
714.48
714.45
714.4
714.33
714.25
714.22
714.18
714.11
714.04
713.99
713.9
713.82
713.75
713.74
713.72
713.71
713.75
713.72
713.71
713.65
713.63
713.6
713.63
713.66
713.65
713.63
713.61
713.51
713.48
713.48
713.36
713.27
713.21
713.16
713.08
712.92
712.87
712.74
712.59
712.42
712.24
712.09
711.93
711.83
711.63
711.51
711.39
711.21
711.1
710.93
710.83
710.78
710.74
710.65
710.61
710.54
710.47
710.36
710.38
710.31
710.27
710.2
710.22
710.19
710.16
710.15
710.17
710.16
710.21
710.23
710.3
710.29
710.29
710.34
710.36
710.38
710.42
710.44
710.37
710.32
710.32
710.25
710.16
710.08
709.94
709.82
709.74
709.63
709.63
709.66
709.58
709.5
709.53
709.54
709.58
709.59
709.65
709.76
709.77
709.84
709.96
710.12
710.33
710.55
710.68
710.83
710.96
711.03
711.14
711.22
711.2
711.23
711.22
711.2
711.23
711.23
711.24
711.21
711.2
711.16
711.08
711.03
711.04
711.06
711.08
711.13
711.15
711.23
711.26
711.28
711.29
711.25
711.25
711.26
711.24
711.25
711.31
711.3
711.36
711.42
711.54
711.53
711.6
711.63
711.68
711.69
711.76
711.72
711.76
711.8
711.8
711.81
711.85
711.89
711.95
712.05
712.09
712.17
712.26
712.34
712.46
712.55
712.7
712.8
712.89
713.03
713.18
713.34
713.47
713.64
713.77
713.85
713.94
714.03
714.11
714.21
714.23
714.26
714.3
714.34
714.39
714.48
714.49
714.63
714.71
714.87
715
715.15
715.2
715.29
715.48
715.63
715.71
715.82
715.94
716.09
716.21
716.31
716.4
716.55
716.69
716.81
716.96
717.01
717.04
717.11
717.17
717.25
717.3
717.37
717.43
717.48
717.52
717.62
717.66
717.72
717.78
717.83
717.84
717.82
717.85
717.93
718.02
718.02
718.04
718.1
718.17
718.18
718.27
718.33
718.34
718.29
718.28
718.31
718.31
718.32
718.34
718.36
718.34
718.35
718.39
718.35
718.37
718.44
718.41
718.38
718.3
718.31
718.33
718.26
718.22
718.2
718.18
718.17
718.14
718.07
718.01
717.95
717.92
717.89
717.86
717.81
717.74
717.72
717.68
717.63
717.61
717.58
717.51
717.45
717.38
717.34
717.29
717.21
717.12
717.05
716.94
716.83
716.71
716.62
716.43
716.3
716.21
716.08
715.92
715.86
715.83
715.74
715.67
715.63
715.54
715.47
715.41
715.38
715.32
715.28
715.23
715.23
715.18
715.19
715.2
715.19
715.13
715.09
715.13
715.1
715.05
715.04
714.97
714.85
714.8
714.68
714.6
714.44
714.26
714.13
713.95
713.81
713.64
713.51
713.37
713.25
713.09
712.99
712.89
712.82
712.76
712.67
712.6
712.47
712.29
712.12
711.99
711.9
711.75
711.63
711.53
711.37
711.22
711.08
710.99
710.91
710.83
710.77
710.7
710.6
710.64
710.59
710.65
710.61
710.56
710.55
710.57
710.63
710.66
710.63
710.67
710.69
710.74
710.76
710.93
711.02
711.1
711.16
711.21
711.29
711.31
711.38
711.41
711.37
711.25
711.25
711.22
711.22
711.2
711.13
711.05
711.01
710.94
710.86
710.77
710.75
710.75
710.69
710.63
710.6
710.59
710.54
710.55
710.58
710.56
710.55
710.52
710.57
710.61
710.59
710.63
710.63
710.6
710.63
710.67
710.69
710.71
710.73
710.78
710.78
710.83
710.93
710.95
710.98
711.02
711.02
711.06
711.1
711.13
711.2
711.25
711.34
711.42
711.61
711.71
711.85
712.01
712.17
712.35
712.57
712.72
712.88
713.01
713.1
713.27
713.4
713.45
713.51
713.62
713.69
713.75
713.79
713.87
713.93
713.95
713.97
713.99
714.04
714.05
714.06
714.07
714.11
714.2
714.22
714.25
714.26
714.29
714.3
714.37
714.38
714.39
714.47
714.51
714.59
714.62
714.69
714.74
714.79
714.87
714.93
714.94
714.97
714.98
715.01
715.03
715.1
715.1
715.1
715.14
715.19
715.27
715.35
715.42
715.56
715.68
715.85
716
716.16
716.34
716.59
716.79
716.98
717.16
717.32
717.51
717.63
717.76
717.88
717.95
718.01
718.04
718.22
718.31
718.4
718.5
718.56
718.68
718.8
718.81
718.83
718.9
718.98
718.99
719
719.06
719.13
719.16
719.15
719.16
719.18
719.21
719.2
719.27
719.26
719.34
719.39
719.49
719.58
719.68
719.83
719.9
720.03
720.17
720.38
720.52
720.65
720.8
720.94
721.07
721.13
721.22
721.26
721.27
721.23
721.35
721.33
721.38
721.47
721.49
721.55
721.63
721.62
721.75
721.76
721.82
721.89
721.94
721.95
721.88
721.88
721.81
721.77
721.83
721.92
721.98
722.04
722.1
722.09
722.1
722.21
722.31
722.39
722.58
722.71
722.8
722.91
722.94
722.98
723.03
722.99
723
722.96
722.88
722.76
722.63
722.55
722.32
722.21
722.15
722.02
721.97
721.91
721.8
721.79
721.7
721.67
721.64
721.61
721.62
721.66
721.73
721.71
721.77
721.8
721.81
721.86
721.93
721.95
721.91
721.85
721.77
721.62
721.5
721.39
721.22
721.18
721
720.87
720.77
720.64
720.49
720.32
720.15
720.12
719.97
719.94
719.89
719.8
719.77
719.78
719.75
719.73
719.62
719.55
719.52
719.41
719.28
719.12
718.98
718.91
718.86
718.76
718.63
718.52
718.39
718.29
718.2
718.13
718.01
718.02
717.99
717.98
717.93
717.94
717.94
717.89
717.93
717.85
717.76
717.69
717.66
717.53
717.45
717.4
717.33
717.27
717.21
717.1
717.02
717.06
716.99
716.97
716.98
716.99
717.01
716.93
716.97
716.96
716.91
716.87
716.83
716.67
716.54
716.43
716.26
716.16
715.98
715.82
715.64
715.51
715.32
715.08
714.87
714.62
714.34
714.11
713.83
713.54
713.16
712.91
712.61
712.36
712.06
711.76
711.55
711.23
710.91
710.64
710.39
710.16
709.95
709.71
709.47
709.29
709.11
709.02
708.8
708.69
708.63
708.54
708.44
708.38
708.27
708.16
708.05
707.88
707.73
707.56
707.42
707.27
707.08
706.9
706.76
706.6
706.41
706.19
705.98
705.69
705.37
705.2
705.03
704.75
704.51
704.32
704.14
703.92
703.75
703.52
703.31
703.19
703.04
702.85
702.67
702.51
702.34
702.11
701.93
701.77
701.59
701.4
701.21
700.97
700.79
700.69
700.47
700.28
700.15
699.97
699.74
699.65
699.53
699.41
699.31
699.17
699
698.78
698.72
698.67
698.49
698.27
698.12
698.07
697.92
697.76
697.61
697.51
697.36
697.14
696.99
696.85
696.67
696.51
696.3
696.16
696.04
695.88
695.71
695.58
695.49
695.37
695.18
695.04
694.92
694.71
694.62
694.45
694.27
694.05
693.98
693.86
693.68
693.53
693.4
693.23
693.11
693.03
692.9
692.76
692.62
692.5
692.39
692.24
692.07
691.96
691.84
691.64
691.5
691.43
691.21
691.11
690.98
690.94
690.86
690.8
690.74
690.54
690.36
690.19
689.95
689.82
689.58
689.4
689.12
688.87
688.62
688.36
688.12
687.86
687.6
687.28
687.04
686.79
686.55
686.35
686.14
685.95
685.83
685.67
685.61
685.53
685.5
685.5
685.45
685.45
685.47
685.49
685.44
685.42
685.35
685.24
685.14
685.02
684.88
684.73
684.55
684.42
684.27
684.09
683.98
683.86
683.75
683.66
683.58
683.52
683.44
683.41
683.37
683.36
683.31
683.27
683.26
683.24
683.28
683.27
683.24
683.24
683.34
683.32
683.34
683.31
683.26
683.2
683.09
683.06
682.94
682.85
682.78
682.67
682.67
682.6
682.52
682.48
682.39
682.46
682.42
682.34
682.36
682.4
682.36
682.39
682.37
682.35
682.34
682.32
682.36
682.37
682.32
682.3
682.27
682.27
682.22
682.26
682.29
682.35
682.38
682.37
682.39
682.36
682.37
682.4
682.38
682.35
682.37
682.38
682.34
682.3
682.28
682.25
682.26
682.27
682.25
682.22
682.27
682.22
682.21
682.26
682.32
682.45
682.48
682.49
682.51
682.55
682.57
682.58
682.55
682.5
682.47
682.37
682.29
682.27
682.19
682.14
682.07
682.03
681.98
681.97
681.99
681.96
681.96
681.95
682
682.06
682.12
682.18
682.29
682.35
682.35
682.41
682.42
682.37
682.3
682.3
682.23
682.15
682.09
682.01
681.95
681.91
681.92
681.9
681.89
681.81
681.73
681.79
681.8
681.76
681.73
681.69
681.67
681.65
681.59
681.6
681.56
681.48
681.49
681.45
681.37
681.29
681.3
681.33
681.38
681.42
681.51
681.46
681.53
681.62
681.64
681.56
681.56
681.56
681.52
681.49
681.43
681.42
681.31
681.29
681.26
681.26
681.29
681.29
681.23
681.16
681.21
681.23
681.33
681.48
681.61
681.8
682.02
682.2
682.38
682.59
682.77
682.96
683.08
683.33
683.43
683.6
683.7
683.76
683.79
683.78
683.66
683.48
683.2
682.88
682.62
682.47
682.42
682.44
682.48
682.49
682.42
682.25
682.08
681.88
681.75
681.57
681.54
681.5
681.63
681.75
682
682.18
682.46
682.63
682.68
682.77
682.75
682.6
682.45
682.26
681.99
681.72
681.35
680.97
680.68
680.31
680.08
679.79
679.55
679.3
679.06
678.81
678.63
678.47
678.42
678.36
678.36
678.41
678.37
678.4
678.44
678.43
678.36
678.29
678.24
678.11
677.93
677.81
677.65
677.51
677.3
677.17
677.07
676.99
676.96
676.94
676.97
676.96
676.93
676.88
676.8
676.75
676.71
676.7
676.62
676.55
676.58
676.6
676.53
676.65
676.72
676.67
676.66
676.72
676.63
676.51
676.41
676.31
676.28
676.34
676.33
676.43
676.52
676.65
676.81
676.88
676.9
676.92
676.87
676.73
676.6
676.29
676.13
675.87
675.71
675.56
675.42
675.31
675.27
675.26
675.19
675.16
675.1
675.1
675.16
675.19
675.22
675.35
675.38
675.41
675.35
675.31
675.28
675.23
675.14
675.09
674.99
674.9
674.87
674.85
674.8
674.83
674.83
674.82
674.86
674.9
674.93
674.99
675.03
675.06
675.14
675.15
675.23
675.25
675.24
675.19
675.09
675
674.85
674.74
674.64
674.57
674.48
674.43
674.35
674.33
674.26
674.24
674.26
674.28
674.32
674.36
674.46
674.62
674.83
675.09
675.19
675.38
675.43
675.39
675.31
675.09
674.79
674.41
674.12
673.78
673.41
673.09
672.84
672.53
672.3
672.11
671.93
671.81
671.63
671.52
671.41
671.31
671.18
671.07
670.94
670.73
670.52
670.3
670.07
669.88
669.76
669.66
669.6
669.54
669.57
669.65
669.72
669.82
669.91
669.94
669.9
669.86
669.75
669.68
669.63
669.6
669.49
669.42
669.28
669.25
669.13
669.08
669.05
669.04
668.95
668.88
668.91
668.88
668.89
668.88
668.88
668.9
668.89
668.91
668.98
668.99
669.08
669.24
669.34
669.44
669.61
669.77
669.92
670.13
670.39
670.68
670.98
671.26
671.46
671.66
671.81
671.88
671.91
671.92
671.96
671.93
671.9
671.73
671.62
671.52
671.45
671.37
671.29
671.26
671.22
671.2
671.18
671.23
671.24
671.2
671.26
671.33
671.4
671.53
671.69
671.85
672.05
672.15
672.27
672.3
672.29
672.27
672.24
672.17
672.11
672.06
672.09
672.06
672.05
672.07
672.07
672.09
672.14
672.22
672.35
672.45
672.6
672.69
672.76
672.81
672.82
672.81
672.63
672.54
672.4
672.23
672.01
671.84
671.62
671.41
671.28
671.11
670.97
670.77
670.64
670.53
670.45
670.39
670.34
670.29
670.24
670.19
670.16
670.1
670.1
670.05
670
669.93
669.83
669.65
669.47
669.3
669.15
668.96
668.72
668.41
668.2
667.99
667.83
667.65
667.49
667.34
667.13
666.95
666.89
666.81
666.71
666.6
666.54
666.44
666.32
666.26
666.16
666.05
665.95
665.8
665.69
665.57
665.53
665.43
665.32
665.18
665.07
664.95
664.85
664.68
664.55
664.38
664.15
664.01
663.86
663.69
663.48
663.36
663.26
663.07
662.9
662.81
662.72
662.56
662.39
662.26
662.09
661.91
661.75
661.53
661.39
661.2
661.07
660.94
660.77
660.62
660.46
660.29
660.08
659.91
659.75
659.61
659.46
659.26
659.13
659
658.85
658.68
658.52
658.33
658.19
658.06
657.9
657.76
657.7
657.57
657.52
657.49
657.46
657.42
657.38
657.3
657.25
657.16
657.09
657.06
656.92
656.8
656.7
656.66
656.66
656.56
656.54
656.45
656.39
656.35
656.27
656.13
656.03
655.88
655.7
655.53
655.41
655.24
655.09
654.91
654.75
654.59
654.43
654.25
654.18
654.02
653.89
653.83
653.68
653.55
653.46
653.29
653.19
653.03
652.92
652.78
652.7
652.67
652.59
652.48
652.4
652.39
652.32
652.25
652.16
652.07
651.94
651.82
651.75
651.65
651.59
651.5
651.48
651.41
651.38
651.33
651.32
651.23
651.12
651.07
651
650.97
650.87
650.84
650.71
650.69
650.65
650.58
650.52
650.43
650.34
650.29
650.21
650.15
650.01
649.96
649.9
649.85
649.79
649.73
649.65
649.51
649.41
649.31
649.22
649.12
649.03
648.93
648.88
648.84
648.83
648.84
648.76
648.73
648.71
648.73
648.71
648.69
648.66
648.61
648.58
648.53
648.48
648.43
648.42
648.38
648.29
648.23
648.18
648.13
648.06
648.09
648.1
648.1
648.07
648.09
648.11
648.11
648.1
648.1
648.05
647.98
647.84
647.68
647.54
647.38
647.2
647.09
647.01
646.97
646.91
646.79
646.71
646.63
646.57
646.54
646.49
646.39
646.29
646.15
645.97
645.8
645.68
645.52
645.31
645.09
644.95
644.82
644.73
644.58
644.5
644.51
644.64
644.76
644.96
645.15
645.24
645.34
645.25
644.98
644.63
644.16
643.74
643.27
642.92
642.69
642.53
642.39
642.28
642.21
642.1
642.02
641.95
641.9
641.8
641.69
641.61
641.46
641.37
641.18
641.04
640.99
640.92
640.88
640.85
640.8
640.75
640.75
640.76
640.69
640.62
640.6
640.56
640.54
640.5
640.47
640.47
640.48
640.51
640.52
640.54
640.56
640.54
640.56
640.58
640.57
640.54
640.54
640.51
640.51
640.53
640.54
640.58
640.54
640.56
640.58
640.52
640.51
640.46
640.38
640.28
640.17
640.11
639.99
639.89
639.85
639.79
639.83
639.8
639.82
639.83
639.87
639.86
639.81
639.76
639.63
639.55
639.39
639.22
639.14
638.99
638.84
638.64
638.45
638.24
638.09
637.92
637.73
637.6
637.47
637.37
637.29
637.21
637.15
637.03
636.94
636.82
636.59
636.41
636.28
636.17
636.02
635.88
635.78
635.62
635.51
635.43
635.29
635.16
635.03
634.94
634.84
634.81
634.71
634.68
634.67
634.68
634.7
634.62
634.59
634.54
634.43
634.32
634.14
633.89
633.64
633.34
632.94
632.61
632.27
631.89
631.52
631.26
630.99
630.75
630.55
630.33
630.03
629.86
629.75
629.56
629.44
629.43
629.35
629.32
629.25
629.21
629.11
628.97
628.83
628.62
628.45
628.21
628.03
627.86
627.7
627.53
627.4
627.29
627.14
627.04
626.93
626.83
626.75
626.66
626.55
626.48
626.39
626.27
626.15
626.04
625.92
625.8
625.64
625.54
625.43
625.33
625.22
625.07
624.94
624.83
624.71
624.51
624.33
624.15
623.94
623.71
623.47
623.31
623.19
623.04
622.91
622.79
622.64
622.48
622.28
622.16
622.04
621.84
621.64
621.37
621.13
620.95
620.76
620.54
620.32
620.13
619.93
619.76
619.6
619.47
619.25
619.02
618.8
618.55
618.27
618.02
617.8
617.49
617.24
616.93
616.69
616.42
616.19
615.87
615.62
615.43
615.22
615.03
614.8
614.57
614.41
614.24
614.05
613.92
613.77
613.62
613.44
613.25
613.11
612.92
612.72
612.51
612.3
612.11
611.95
611.75
611.58
611.42
611.25
611.07
610.94
610.86
610.75
610.64
610.54
610.4
610.4
610.3
610.13
609.95
609.79
609.6
609.44
609.3
609.16
609.03
608.89
608.72
608.58
608.5
608.39
608.24
608.18
608.05
607.96
607.87
607.79
607.67
607.65
607.65
607.56
607.5
607.44
607.44
607.38
607.38
607.32
607.35
607.31
607.32
607.34
607.27
607.26
607.27
607.27
607.27
607.23
607.21
607.12
607.07
607
606.92
606.84
606.76
606.65
606.58
606.48
606.41
606.32
606.28
606.2
606.12
606.04
605.99
605.95
605.92
605.89
605.79
605.71
605.62
605.56
605.33
605.16
605.06
604.86
604.76
604.65
604.59
604.54
604.45
604.46
604.47
604.51
604.51
604.5
604.49
604.44
604.42
604.4
604.35
604.3
604.23
604.16
604.13
604.1
604.02
603.95
603.89
603.84
603.8
603.76
603.67
603.57
603.56
603.53
603.47
603.41
603.36
603.28
603.22
603.17
603.11
603.05
602.9
602.9
602.8
602.75
602.69
602.53
602.45
602.39
602.32
602.24
602.18
602.08
602
601.95
601.91
601.83
601.76
601.72
601.71
601.7
601.71
601.69
601.64
601.58
601.56
601.55
601.5
601.46
601.39
601.31
601.24
601.15
601.02
600.92
600.84
600.78
600.74
600.71
600.73
600.72
600.7
600.66
600.65
600.64
600.63
600.62
600.56
600.52
600.53
600.53
600.51
600.36
600.33
600.31
600.27
600.22
600.1
600.03
599.95
599.84
599.74
599.67
599.59
599.45
599.35
599.21
599.15
599.04
598.95
598.93
598.86
598.77
598.75
598.71
598.67
598.66
598.62
598.55
598.45
598.4
598.35
598.26
598.17
598.05
597.89
597.69
597.42
597.14
596.83
596.5
596.25
596.04
595.87
595.67
595.52
595.45
595.39
595.34
595.28
595.19
595.13
595.09
595.01
594.92
594.83
594.72
594.61
594.49
594.37
594.32
594.18
594.06
593.94
593.82
593.71
593.61
593.51
593.41
593.32
593.24
593.12
593.01
592.92
592.82
592.75
592.7
592.59
592.49
592.4
592.32
592.22
592.13
592.09
592.08
592.03
592
591.98
591.94
591.99
591.97
591.88
591.87
591.79
591.71
591.63
591.57
591.44
591.37
591.21
591.05
590.93
590.8
590.66
590.55
590.41
590.32
590.21
590.12
590.09
590.02
589.95
589.91
589.85
589.8
589.72
589.65
589.58
589.51
589.44
589.34
589.25
589.11
589
588.94
588.91
588.79
588.67
588.61
588.55
588.5
588.5
588.43
588.36
588.31
588.27
588.28
588.27
588.26
588.3
588.37
588.45
588.49
588.62
588.73
588.81
588.89
588.92
588.93
588.93
588.92
588.94
588.9
588.78
588.71
588.6
588.46
588.33
588.14
588.01
587.81
587.63
587.49
587.31
587.16
587.03
586.86
586.72
586.62
586.46
586.37
586.22
586.11
585.94
585.82
585.71
585.6
585.49
585.33
585.28
585.18
585.13
585.06
585
584.89
584.82
584.77
584.72
584.67
584.59
584.55
584.51
584.51
584.42
584.33
584.27
584.18
584.09
584
583.89
583.81
583.75
583.65
583.59
583.52
583.41
583.33
583.28
583.22
583.16
583.12
583.07
583.08
583.07
583.06
583.05
583.04
583.02
582.98
582.97
582.93
582.94
582.94
582.95
582.96
582.96
582.98
583
582.95
582.94
582.94
582.92
582.9
582.86
582.8
582.72
582.65
582.56
582.45
582.33
582.24
582.15
582.04
581.99
581.9
581.72
581.61
581.52
581.43
581.35
581.26
581.18
581.14
581.06
581
580.95
580.86
580.83
580.81
580.79
580.75
580.69
580.59
580.53
580.46
580.34
580.23
580.09
579.99
579.89
579.8
579.71
579.62
579.51
579.43
579.29
579.19
579.15
579.04
578.97
578.83
578.69
578.53
578.35
578.18
577.99
577.87
577.69
577.52
577.38
577.27
577.12
577.01
576.9
576.79
576.7
576.61
576.52
576.38
576.3
576.2
576.09
575.98
575.9
575.84
575.74
575.64
575.59
575.52
575.44
575.42
575.37
575.35
575.31
575.23
575.21
575.21
575.2
575.18
575.11
575
574.93
574.82
574.7
574.6
574.5
574.35
574.25
574.19
574.1
574.02
573.96
573.88
573.8
573.79
573.74
573.64
573.58
573.55
573.51
573.47
573.43
573.39
573.34
573.27
573.29
573.24
573.23
573.2
573.18
573.14
573.13
573.1
573.09
573.06
573.03
572.99
572.99
572.95
572.9
572.85
572.83
572.81
572.83
572.81
572.76
572.76
572.73
572.7
572.69
572.63
572.53
572.49
572.4
572.33
572.24
572.15
572.12
572.05
571.94
571.84
571.78
571.74
571.7
571.64
571.6
571.53
571.42
571.39
571.3
571.24
571.17
571.13
571.06
570.93
570.91
570.83
570.77
570.64
570.58
570.49
570.4
570.35
570.22
570.15
570.1
570.05
570.02
569.92
569.85
569.78
569.75
569.76
569.73
569.7
569.69
569.6
569.55
569.5
569.43
569.36
569.28
569.16
569.11
568.98
568.9
568.83
568.71
568.56
568.5
568.49
568.41
568.35
568.27
568.23
568.17
568.14
568.08
568.01
567.88
567.83
567.81
567.75
567.69
567.61
567.52
567.47
567.42
567.35
567.27
567.23
567.12
567.05
566.96
566.83
566.68
566.59
566.48
566.41
566.34
566.26
566.15
566.14
566.09
566.01
565.9
565.82
565.83
565.85
565.81
565.79
565.78
565.79
565.81
565.87
565.92
565.92
565.88
565.89
565.83
565.75
565.63
565.51
565.37
565.15
564.96
564.81
564.76
564.62
564.45
564.36
564.3
564.23
564.17
564.13
564.12
564.05
564
564
563.92
563.89
563.88
563.9
563.98
564.01
564.04
564.07
564.09
564.06
564.01
564.01
564.04
564.05
564.01
563.92
563.92
563.84
563.76
563.59
563.41
563.33
563.26
563.14
563.03
562.93
562.86
562.84
562.82
562.74
562.7
562.63
562.55
562.51
562.39
562.32
562.3
562.23
562.18
562.17
562.12
562.1
562.04
561.92
561.83
561.77
561.69
561.6
561.43
561.32
561.18
561.02
560.9
560.79
560.64
560.46
560.38
560.3
560.27
560.23
560.19
560.19
560.25
560.28
560.28
560.28
560.31
560.37
560.37
560.4
560.45
560.45
560.45
560.44
560.37
560.36
560.4
560.37
560.29
560.26
560.33
560.31
560.36
560.36
560.3
560.21
560.22
560.25
560.21
560.16
560.04
559.91
559.91
559.91
559.83
559.8
559.69
559.62
559.6
559.52
559.49
559.44
559.4
559.3
559.26
559.23
559.25
559.21
559.18
559.1
559.08
559.08
559.04
559.06
559.08
559.02
559.04
559.04
559.01
558.95
558.88
558.84
558.83
558.81
558.76
558.69
558.7
558.67
558.65
558.67
558.66
558.61
558.55
558.55
558.51
558.5
558.47
558.37
558.35
558.31
558.26
558.26
558.22
558.19
558.11
558.08
558.07
558.04
558.05
558.06
558.1
558.06
558.1
558.16
558.15
558.11
558.1
558.07
558.04
557.99
557.96
557.95
557.93
557.86
557.81
557.85
557.84
557.77
557.7
557.66
557.59
557.57
557.52
557.38
557.36
557.36
557.32
557.31
557.26
557.21
557.11
557.07
557.07
557.02
556.95
556.91
556.82
556.83
556.79
556.75
556.72
556.65
556.53
556.56
556.5
556.47
556.45
556.4
556.35
556.32
556.35
556.34
556.33
556.25
556.21
556.2
556.23
556.27
556.27
556.34
556.36
556.39
556.47
556.51
556.52
556.47
556.42
556.49
556.55
556.55
556.58
556.6
556.56
556.45
556.43
556.38
556.36
556.33
556.25
556.19
556.09
556
555.92
555.77
555.65
555.6
555.48
555.37
555.35
555.29
555.23
555.19
555.13
555.04
555.13
555.14
555.1
555
554.96
554.95
554.92
554.82
554.75
554.71
554.68
554.64
554.58
554.51
554.38
554.37
554.33
554.31
554.26
554.23
554.15
554.16
554.1
554.07
554.06
554.02
553.94
553.88
553.86
553.82
553.74
553.69
553.67
553.62
553.51
553.49
553.46
553.39
553.36
553.31
553.24
553.21
553.18
553.15
553.09
553.05
553.02
552.98
552.97
552.98
552.97
552.93
552.89
552.86
552.89
552.83
552.84
552.84
552.81
552.74
552.68
552.66
552.63
552.61
552.59
552.55
552.53
552.46
552.45
552.4
552.38
552.31
552.27
552.18
552.15
552.11
552.03
552
551.97
551.94
551.95
551.92
551.87
551.81
551.76
551.73
551.67
551.65
551.58
551.52
551.46
551.36
551.24
551.12
551
550.82
550.7
550.59
550.53
550.42
550.33
550.2
550.18
550.07
550.01
549.95
549.9
549.79
549.71
549.62
549.62
549.59
549.58
549.51
549.5
549.45
549.43
549.4
549.35
549.32
549.35
549.31
549.24
549.21
549.2
549.12
549
548.92
548.9
548.88
548.86
548.83
548.78
548.77
548.7
548.63
548.6
548.57
548.5
548.48
548.43
548.39
548.42
548.38
548.31
548.24
548.15
548.08
548.09
548.05
547.95
547.89
547.85
547.81
547.76
547.71
547.69
547.66
547.69
547.64
547.59
547.58
547.61
547.59
547.54
547.52
547.52
547.45
547.4
547.36
547.26
547.19
547.1
547.07
546.97
546.86
546.76
546.67
546.58
546.54
546.46
546.3
546.22
546.18
546.08
545.99
545.94
545.85
545.83
545.8
545.75
545.63
545.51
545.45
545.35
545.25
545.12
545.07
544.98
544.93
544.85
544.79
544.62
544.47
544.38
544.26
544.2
544.13
544.17
544.18
544.3
544.37
544.46
544.58
544.63
544.64
544.6
544.51
544.34
544.1
543.92
543.72
543.52
543.31
543.21
543.02
542.79
542.65
542.47
542.35
542.23
542.07
541.95
541.87
541.83
541.73
541.67
541.59
541.53
541.44
541.4
541.3
541.22
541.1
540.95
540.88
540.81
540.66
540.58
540.47
540.4
540.38
540.31
540.23
540.09
539.96
539.88
539.88
539.83
539.79
539.67
539.55
539.46
539.41
539.32
539.25
539.14
539.02
538.94
538.82
538.7
538.58
538.49
538.35
538.23
538.08
537.98
537.88
537.72
537.57
537.45
537.3
537.22
537.07
536.94
536.86
536.78
536.66
536.54
536.41
536.28
536.19
536.12
535.99
535.85
535.72
535.59
535.44
535.35
535.25
535.15
535.05
534.92
534.78
534.67
534.59
534.48
534.36
534.25
534.15
534.09
534.02
533.91
533.79
533.66
533.61
533.51
533.47
533.4
533.33
533.26
533.24
533.2
533.17
533.16
533.13
533.08
532.95
532.86
532.84
532.84
532.8
532.76
532.7
532.73
532.64
532.62
532.57
532.54
532.48
532.42
532.37
532.41
532.32
532.24
532.18
532.27
532.34
532.27
532.19
532.14
532.16
532.13
532.07
532.02
532
531.98
531.95
531.95
531.92
531.92
531.95
531.87
531.87
531.92
531.9
531.84
531.82
531.81
531.82
531.76
531.78
531.8
531.77
531.71
531.74
531.8
531.83
531.82
531.78
531.76
531.77
531.75
531.67
531.62
531.6
531.57
531.53
531.54
531.5
531.51
531.5
531.43
531.45
531.39
531.4
531.37
531.31
531.35
531.27
531.28
531.29
531.25
531.27
531.28
531.32
531.38
531.41
531.37
531.39
531.41
531.47
531.52
531.52
531.56
531.58
531.59
531.6
531.64
531.58
531.65
531.65
531.65
531.56
531.58
531.56
531.48
531.42
531.4
531.37
531.42
531.39
531.41
531.35
531.3
531.31
531.26
531.27
531.3
531.24
531.17
531.23
531.21
531.25
531.25
531.27
531.26
531.3
531.32
531.33
531.3
531.3
531.29
531.32
531.33
531.35
531.35
531.36
531.32
531.28
531.3
531.3
531.31
531.32
531.33
531.28
531.26
531.22
531.17
531.13
531.09
531.08
531.09
531.04
531.05
531.04
531.03
531.03
531.03
531.03
531.05
531.06
531.05
531.04
531.04
531.02
531.01
531.01
531.06
531.09
531.07
531.09
531.08
531.09
531.03
531.01
530.93
530.89
530.86
530.83
530.82
530.78
530.77
530.76
530.75
530.77
530.74
530.7
530.68
530.65
530.67
530.63
530.63
530.58
530.51
530.46
530.38
530.33
530.31
530.26
530.19
530.2
530.16
530.11
530.11
530.1
530.05
529.97
529.91
529.86
529.86
529.87
529.82
529.76
529.72
529.74
529.75
529.74
529.76
529.72
529.63
529.57
529.54
529.51
529.45
529.41
529.38
529.36
529.3
529.23
529.13
529.02
528.95
528.87
528.85
528.8
528.74
528.66
528.58
528.46
528.37
528.32
528.25
528.12
528.01
527.94
527.81
527.71
527.59
527.51
527.4
527.26
527.15
527.01
526.9
526.67
526.56
526.47
526.37
526.22
526.03
525.85
525.84
525.68
525.54
525.41
525.31
525.22
525.1
524.96
524.85
524.75
524.64
524.55
524.42
524.28
524.19
524.13
524.02
523.94
523.84
523.76
523.67
523.57
523.47
523.38
523.27
523.23
523.15
523.05
522.95
522.89
522.84
522.73
522.55
522.4
522.23
522.11
522.01
521.9
521.77
521.66
521.49
521.38
521.17
521.07
520.95
520.84
520.68
520.54
520.34
520.24
520.14
520.06
519.93
519.81
519.66
519.52
519.37
519.25
519.17
519.05
518.94
518.84
518.72
518.58
518.49
518.4
518.24
518.11
517.93
517.72
517.55
517.4
517.24
517.08
516.97
516.84
516.68
516.49
516.33
516.22
516.14
515.94
515.85
515.76
515.61
515.45
515.31
515.23
515.04
514.91
514.75
514.62
514.5
514.35
514.21
514.07
513.93
513.77
513.57
513.38
513.28
513.14
513.02
512.88
512.73
512.56
512.4
512.31
512.21
512.07
511.95
511.81
511.66
511.54
511.47
511.38
511.27
511.11
510.97
510.81
510.68
510.52
510.38
510.22
510.06
509.91
509.79
509.61
509.45
509.29
509.1
508.94
508.77
508.57
508.33
508.13
507.93
507.75
507.58
507.36
507.18
506.97
506.81
506.61
506.41
506.26
506.04
505.88
505.71
505.54
505.38
505.12
504.99
504.8
504.63
504.49
504.35
504.21
504.05
503.83
503.65
503.48
503.37
503.2
503.03
502.87
502.73
502.56
502.41
502.28
502.08
501.95
501.82
501.65
501.53
501.34
501.21
501.05
500.86
500.68
500.54
500.36
500.23
500.1
499.94
499.76
499.59
499.45
499.31
499.14
499.01
498.87
498.76
498.63
498.52
498.37
498.25
498.11
497.95
497.83
497.75
497.65
497.54
497.43
497.29
497.14
497.02
496.89
496.79
496.71
496.6
496.48
496.37
496.17
496.06
495.92
495.84
495.76
495.65
495.58
495.49
495.45
495.36
495.26
495.23
495.05
494.97
494.83
494.77
494.71
494.61
494.56
494.46
494.38
494.27
494.23
494.16
494.01
493.93
493.84
493.71
493.65
493.56
493.42
493.33
493.28
493.2
493.12
493.03
492.97
492.91
492.8
492.73
492.66
492.59
492.55
492.52
492.43
492.3
492.21
492.15
492.13
492.09
492.01
491.96
491.9
491.85
491.78
491.72
491.63
491.55
491.48
491.49
491.43
491.31
491.24
491.19
491.14
491.1
491.06
490.99
490.98
490.97
490.94
490.92
490.88
490.84
490.77
490.74
490.7
490.65
490.61
490.62
490.62
490.56
490.51
490.49
490.46
490.51
490.49
490.45
490.45
490.45
490.42
490.37
490.34
490.34
490.34
490.29
490.29
490.29
490.26
490.24
490.2
490.2
490.18
490.15
490.14
490.11
490.08
490.08
490.09
490.12
490.13
490.16
490.19
490.19
490.22
490.21
490.22
490.22
490.23
490.21
490.18
490.16
490.2
490.24
490.29
490.32
490.36
490.38
490.37
490.35
490.4
490.46
490.52
490.55
490.56
490.56
490.58
490.61
490.65
490.67
490.7
490.7
490.71
490.76
490.83
490.85
490.88
490.88
490.91
490.95
491
491.04
491.08
491.13
491.18
491.19
491.28
491.32
491.38
491.4
491.46
491.53
491.55
491.54
491.63
491.72
491.78
491.85
491.89
491.95
491.98
492.05
492.07
492.1
492.1
492.26
492.23
492.22
492.28
492.32
492.38
492.44
492.52
492.58
492.66
492.76
492.84
492.92
493.01
493.17
493.24
493.32
493.41
493.53
493.66
493.72
493.8
493.86
493.94
494.01
494.06
494.12
494.16
494.26
494.38
494.46
494.54
494.64
494.78
494.87
494.95
495.05
495.16
495.28
495.38
495.48
495.63
495.8
495.96
496.07
496.18
496.33
496.45
496.61
496.73
496.86
496.98
497.11
497.24
497.4
497.57
497.7
497.83
497.97
498.13
498.3
498.45
498.61
498.75
498.91
499.12
499.29
499.46
499.63
499.8
500.01
500.15
500.29
500.57
500.74
500.89
501.06
501.26
501.43
501.57
501.8
501.99
502.13
502.3
502.45
502.64
502.82
503.02
503.19
503.38
503.59
503.79
503.98
504.14
504.3
504.44
504.63
504.79
504.95
505.1
505.25
505.43
505.61
505.81
505.97
506.16
506.35
506.54
506.77
506.99
507.21
507.42
507.61
507.85
508.07
508.28
508.49
508.73
508.91
509.16
509.4
509.54
509.85
510.11
510.4
510.62
510.9
511.13
511.37
511.66
511.85
512.08
512.32
512.54
512.78
513.01
513.23
513.39
513.57
513.77
514
514.22
514.45
514.67
514.92
515.19
515.4
515.64
515.9
516.13
516.39
516.68
516.93
517.22
517.45
517.73
518.01
518.27
518.54
518.76
518.99
519.26
519.5
519.79
520.04
520.28
520.53
520.81
521.05
521.26
521.54
521.83
522.13
522.3
522.55
522.82
523.15
523.43
523.66
523.94
524.21
524.49
524.77
525.07
525.34
525.62
525.95
526.28
526.6
526.97
527.37
527.77
528.13
528.55
528.96
529.36
529.77
530.16
530.53
530.88
531.17
531.41
531.64
531.94
532.19
532.47
532.79
533.17
533.56
533.95
534.31
534.61
534.99
535.34
535.75
536.1
536.42
536.7
536.97
537.26
537.53
537.8
538.09
538.38
538.7
539
539.32
539.66
539.96
540.32
540.63
540.96
541.3
541.6
541.97
542.26
542.56
542.76
543.01
543.26
543.51
543.74
543.97
544.2
544.41
544.67
544.91
545.17
545.47
545.73
545.99
546.23
546.45
546.69
546.94
547.16
547.44
547.72
547.95
548.23
548.52
548.77
549.02
549.3
549.55
549.78
550
550.26
550.54
550.84
551.13
551.38
551.65
551.85
552.1
552.32
552.53
552.72
552.93
553.15
553.37
553.57
553.74
553.9
554.06
554.18
554.35
554.58
554.77
554.96
555.16
555.34
555.52
555.69
555.86
556.06
556.29
556.46
556.68
556.86
557.06
557.3
557.53
557.79
558.01
558.2
558.35
558.54
558.79
558.96
559.18
559.34
559.51
559.72
559.87
559.98
560.08
560.22
560.36
560.51
560.7
560.85
560.91
561.13
561.26
561.34
561.42
561.63
561.86
562.08
562.27
562.43
562.59
562.76
562.93
563.12
563.28
563.45
563.61
563.74
563.89
563.98
564.09
564.32
564.52
564.68
564.9
565.12
565.33
565.51
565.77
566
566.26
566.48
566.74
566.98
567.28
567.56
567.87
568.11
568.44
568.72
569
569.28
569.5
569.66
569.8
569.95
570.05
570.14
570.25
570.35
570.39
570.37
570.35
570.43
570.55
570.62
570.68
570.76
570.87
570.94
571.05
571.16
571.25
571.36
571.5
571.59
571.66
571.76
571.82
571.86
571.95
572.01
572.02
572.05
572.01
572.07
572.09
572.15
572.2
572.26
572.32
572.38
572.46
572.57
572.63
572.66
572.73
572.83
572.92
572.98
573.16
573.25
573.37
573.44
573.54
573.59
573.71
573.79
573.87
573.89
573.99
574.03
574.12
574.17
574.28
574.39
574.48
574.58
574.76
574.85
574.99
575.07
575.2
575.28
575.37
575.52
575.72
575.84
575.94
576.05
576.18
576.29
576.33
576.37
576.45
576.49
576.54
576.64
576.78
576.9
577
577.09
577.23
577.33
577.45
577.56
577.72
577.82
577.95
578.1
578.31
578.47
578.54
578.64
578.79
578.82
578.82
578.85
578.86
578.75
578.74
578.64
578.59
578.62
578.61
578.65
578.65
578.7
578.76
578.84
578.93
579.03
579.07
579.14
579.16
579.18
579.18
579.24
579.29
579.3
579.32
579.35
579.35
579.4
579.48
579.53
579.61
579.62
579.68
579.72
579.77
579.87
579.95
580.02
580.1
580.17
580.27
580.34
580.39
580.46
580.53
580.62
580.63
580.69
580.74
580.81
580.85
580.89
580.94
581.02
581.09
581.15
581.21
581.22
581.27
581.27
581.34
581.42
581.46
581.5
581.51
581.58
581.63
581.67
581.66
581.7
581.77
581.8
581.9
582
582.13
582.2
582.31
582.41
582.54
582.68
582.81
582.91
583.05
583.15
583.21
583.22
583.28
583.28
583.25
583.2
583.19
583.23
583.3
583.34
583.37
583.45
583.54
583.6
583.63
583.68
583.74
583.76
583.71
583.72
583.71
583.68
583.72
583.75
583.75
583.8
583.84
583.84
583.82
583.81
583.74
583.63
583.46
583.37
583.36
583.31
583.25
583.16
583.11
583.1
583.1
583.11
583.13
583.09
583.08
583.1
583.16
583.18
583.2
583.17
583.26
583.28
583.32
583.41
583.52
583.56
583.58
583.76
583.89
583.98
584.07
584.19
584.24
584.29
584.37
584.39
584.47
584.51
584.57
584.62
584.63
584.6
584.59
584.58
584.58
584.57
584.57
584.54
584.56
584.53
584.49
584.52
584.57
584.58
584.61
584.64
584.62
584.62
584.68
584.76
584.87
584.91
584.98
585.08
585.12
585.21
585.28
585.3
585.32
585.39
585.52
585.59
585.69
585.69
585.69
585.78
585.87
585.98
585.99
586.07
586.14
586.28
586.31
586.43
586.43
586.46
586.46
586.58
586.7
586.78
586.78
586.9
586.98
587.02
587.1
587.18
587.23
587.32
587.33
587.32
587.27
587.24
587.2
587.21
587.25
587.24
587.21
587.22
587.21
587.3
587.25
587.21
587.19
587.2
587.21
587.21
587.18
587.17
587.17
587.21
587.23
587.29
587.32
587.38
587.38
587.4
587.47
587.57
587.6
587.61
587.57
587.59
587.56
587.46
587.32
587.18
587.03
586.86
586.72
586.66
586.61
586.59
586.49
586.44
586.32
586.33
586.33
586.39
586.4
586.48
586.5
586.51
586.45
586.34
586.25
586.2
586.13
585.98
585.81
585.65
585.53
585.4
585.29
585.15
585.08
585
584.88
584.79
584.77
584.68
584.65
584.61
584.56
584.51
584.47
584.34
584.22
584.06
583.89
583.76
583.58
583.42
583.27
583.08
582.9
582.71
582.42
582.11
581.8
581.55
581.33
581.15
580.98
580.82
580.6
580.4
580.2
580.05
579.89
579.8
579.69
579.48
579.32
579.2
579.04
578.92
578.8
578.62
578.47
578.4
578.34
578.29
578.13
577.99
577.88
577.8
577.72
577.61
577.52
577.36
577.24
577.09
577.01
576.93
576.83
576.76
576.69
576.69
576.64
576.64
576.69
576.68
576.62
576.63
576.57
576.57
576.6
576.66
576.65
576.48
576.53
576.47
576.53
576.48
576.44
576.42
576.42
576.42
576.44
576.5
576.53
576.58
576.63
576.61
576.65
576.67
576.71
576.67
576.72
576.76
576.8
576.87
576.78
576.75
576.76
576.75
576.7
576.78
576.8
576.83
576.85
576.78
576.78
576.83
576.86
576.91
576.98
577.01
577.1
577.25
577.39
577.59
577.8
577.94
578.12
578.36
578.56
578.73
578.96
579.2
579.34
579.4
579.43
579.39
579.27
579.15
579.08
578.99
578.93
578.86
578.85
578.93
579.1
579.25
579.4
579.52
579.63
579.82
579.95
580.06
580.18
580.23
580.2
580.19
580.13
580.12
580.15
580.22
580.32
580.46
580.59
580.72
580.92
581.22
581.4
581.53
581.6
581.62
581.61
581.62
581.6
581.56
581.52
581.45
581.41
581.37
581.31
581.26
581.22
581.21
581.26
581.38
581.52
581.6
581.78
582.01
582.14
582.3
582.45
582.52
582.63
582.6
582.55
582.37
582.26
582.15
582
581.97
581.96
581.95
581.95
581.99
582.09
582.16
582.25
582.3
582.36
582.43
582.48
582.53
582.58
582.55
582.48
582.41
582.36
582.33
582.36
582.34
582.27
582.2
582.14
582.08
582.06
582.06
581.99
581.95
581.97
582.06
582.16
582.26
582.36
582.47
582.58
582.7
582.79
582.9
582.98
583.06
583.15
583.27
583.32
583.42
583.47
583.61
583.68
583.8
583.91
584
584.13
584.26
584.41
584.49
584.55
584.66
584.78
584.94
585.06
585.18
585.25
585.36
585.54
585.78
585.87
586.09
586.31
586.41
586.57
586.66
586.73
586.74
586.76
586.81
586.89
586.97
587.05
587.09
587.18
587.3
587.45
587.57
587.72
587.85
587.93
588.02
588.08
588.13
588.14
588.2
588.26
588.29
588.26
588.27
588.31
588.36
588.42
588.47
588.53
588.65
588.76
588.87
588.98
589.09
589.23
589.36
589.5
589.57
589.62
589.7
589.84
589.91
590.02
590.22
590.29
590.39
590.44
590.43
590.44
590.45
590.44
590.45
590.47
590.47
590.57
590.61
590.75
590.83
591.04
591.25
591.44
591.59
591.74
591.92
592.08
592.23
592.33
592.53
592.73
592.88
593
593.12
593.26
593.34
593.5
593.64
593.75
593.83
593.91
594.06
594.18
594.32
594.51
594.74
594.96
595.31
595.68
596.1
596.46
596.83
597.1
597.31
597.47
597.73
597.98
598.21
598.48
598.69
598.83
599
599.21
599.38
599.57
599.83
600.1
600.28
600.46
600.7
600.96
601.14
601.35
601.59
601.77
601.99
602.16
602.26
602.38
602.5
602.64
602.76
602.97
603.09
603.19
603.28
603.35
603.42
603.55
603.59
603.67
603.81
603.96
604.1
604.25
604.43
604.53
604.65
604.78
605.01
605.23
605.38
605.61
605.85
606.04
606.21
606.36
606.5
606.63
606.87
607.05
607.27
607.47
607.67
607.81
608.02
608.22
608.36
608.47
608.55
608.65
608.78
608.9
609
609.01
609.1
609.21
609.35
609.49
609.67
609.85
610.04
610.25
610.47
610.68
610.89
611.07
611.29
611.51
611.7
611.87
612.08
612.26
612.54
612.76
613
613.26
613.39
613.53
613.64
613.79
613.87
613.87
613.84
613.87
613.95
614.08
614.27
614.41
614.56
614.73
614.97
615.13
615.28
615.38
615.47
615.54
615.6
615.6
615.66
615.7
615.71
615.7
615.68
615.68
615.67
615.67
615.72
615.75
615.81
615.88
615.88
615.94
615.87
615.78
615.72
615.54
615.5
615.4
615.28
615.17
615.06
614.96
614.84
614.77
614.68
614.67
614.61
614.64
614.65
614.71
614.72
614.74
614.75
614.8
614.85
615.01
615.04
615.15
615.25
615.37
615.42
615.5
615.58
615.74
615.92
615.98
616.09
616.15
616.22
616.35
616.43
616.54
616.67
616.85
617.02
617.14
617.21
617.32
617.43
617.58
617.74
617.9
618.1
618.25
618.39
618.57
618.75
618.89
619.05
619.28
619.53
619.78
619.96
620.16
620.4
620.6
620.9
621.16
621.38
621.56
621.77
621.98
622.2
622.42
622.66
622.91
623.18
623.4
623.62
623.82
624.06
624.23
624.35
624.47
624.58
624.75
624.91
625.14
625.39
625.7
626.01
626.36
626.69
627.06
627.49
627.85
628.24
628.57
628.88
629.22
629.48
629.69
629.8
630.03
630.33
630.6
630.89
631.18
631.47
631.74
632.03
632.27
632.46
632.56
632.66
632.79
632.93
633.05
633.17
633.16
633.29
633.43
633.49
633.56
633.66
633.81
634
634.24
634.45
634.71
635.21
635.75
636.23
636.71
637.19
637.69
638.16
638.5
638.69
638.71
638.79
638.86
638.93
639.09
639.21
639.31
639.49
639.65
639.82
640.07
640.32
640.47
640.68
640.81
640.93
641.01
641.07
641.15
641.24
641.28
641.28
641.33
641.4
641.47
641.55
641.73
641.83
641.97
642.1
642.24
642.42
642.56
642.66
642.85
643.07
643.35
643.6
643.81
644.01
644.27
644.56
644.74
644.92
645.13
645.23
645.34
645.51
645.66
645.83
646.02
646.16
646.33
646.53
646.73
646.86
646.93
646.94
646.99
647.1
647.24
647.32
647.37
647.42
647.47
647.54
647.65
647.69
647.81
647.98
648.06
648.11
648.24
648.25
648.28
648.32
648.35
648.43
648.49
648.54
648.63
648.74
648.85
648.91
648.91
649.01
649.13
649.12
649.13
649.13
649.02
648.86
648.72
648.57
648.4
648.22
648.06
647.85
647.62
647.36
647.19
647.06
646.86
646.67
646.46
646.29
646.16
645.99
645.86
645.77
645.66
645.56
645.4
645.21
645
644.8
644.71
644.62
644.48
644.4
644.31
644.19
644.14
644.05
643.95
643.86
643.84
643.71
643.61
643.53
643.35
643.24
643.39
643.69
643.85
644
644.25
644.45
644.66
644.83
645.04
645.1
645.1
645.05
645.01
645.04
645.08
645.18
645.22
645.28
645.38
645.5
645.62
645.77
645.86
645.99
646.17
646.35
646.49
646.73
646.97
647.17
647.37
647.57
647.75
647.97
648.29
648.47
648.64
648.84
648.99
649.15
649.34
649.52
649.76
649.9
650.01
650.18
650.33
650.44
650.61
650.77
650.84
650.9
651
651.12
651.18
651.28
651.41
651.56
651.65
651.74
651.87
652.02
652.16
652.32
652.51
652.78
652.96
653.13
653.31
653.58
653.84
654.02
654.24
654.46
654.68
654.84
655.04
655.28
655.56
655.81
656
656.27
656.51
656.74
657.01
657.23
657.44
657.71
657.96
658.27
658.52
658.7
658.97
659.25
659.54
659.86
660.14
660.36
660.59
660.82
661.01
661.22
661.47
661.68
661.92
662.15
662.42
662.69
662.98
663.21
663.48
663.76
664.05
664.33
664.55
664.75
665.02
665.3
665.53
665.78
666.02
666.23
666.53
666.81
667.06
667.29
667.47
667.69
667.87
668.07
668.34
668.58
668.81
668.98
669.22
669.41
669.65
669.87
670.07
670.29
670.51
670.76
671.01
671.17
671.43
671.7
671.93
672.21
672.48
672.71
672.88
673.06
673.36
673.57
673.87
674.2
674.46
674.68
674.91
675.15
675.39
675.56
675.71
675.96
676.23
676.59
676.89
677.15
677.41
677.66
677.92
678.25
678.63
679
679.29
679.62
679.93
680.17
680.46
680.78
681.11
681.51
681.91
682.21
682.52
682.79
683.09
683.33
683.51
683.74
683.97
684.11
684.23
684.44
684.67
684.88
685.01
685.13
685.29
685.49
685.74
686.02
686.29
686.48
686.68
686.92
687.11
687.39
687.66
687.95
688.17
688.4
688.58
688.77
689.02
689.33
689.57
689.81
690.01
690.19
690.45
690.68
690.97
691.3
691.6
691.9
692.2
692.52
692.82
693.2
693.57
694
694.46
694.84
695.25
695.64
696.03
696.42
696.86
697.28
697.66
697.95
698.23
698.44
698.69
698.89
699.08
699.2
699.34
699.53
699.75
699.95
700.15
700.33
700.6
700.8
701
701.24
701.55
701.92
702.3
702.65
702.98
703.24
703.58
703.9
704.19
704.54
704.86
705.15
705.42
705.69
705.93
706.18
706.4
706.52
706.66
706.84
707
707.18
707.42
707.66
707.88
708.08
708.29
708.67
708.99
709.25
709.44
709.65
709.92
710.22
710.53
710.82
711.14
711.36
711.59
711.85
712.14
712.38
712.58
712.77
712.98
713.24
713.44
713.67
713.83
713.97
714.15
714.33
714.47
714.63
714.77
714.93
715.06
715.22
715.38
715.6
715.72
715.92
716.14
716.3
716.49
716.62
716.81
717.06
717.35
717.59
717.8
718.03
718.27
718.55
718.82
719.13
719.37
719.62
719.91
720.23
720.55
720.81
721.06
721.34
721.63
721.87
722.12
722.26
722.42
722.56
722.68
722.8
722.93
723.16
723.41
723.6
723.85
724.08
724.3
724.58
724.88
725.06
725.3
725.44
725.58
725.75
725.8
725.87
725.95
726.03
726.1
726.17
726.24
726.32
726.42
726.48
726.49
726.58
726.68
726.77
726.88
727.04
727.14
727.18
727.27
727.51
727.72
727.91
728.13
728.3
728.45
728.58
728.72
728.92
729.1
729.27
729.36
729.45
729.5
729.55
729.58
729.6
729.65
729.82
729.96
730.06
730.1
730.12
730.1
730.19
730.24
730.33
730.4
730.44
730.55
730.57
730.63
730.65
730.66
730.68
730.78
730.82
730.85
730.84
730.78
730.85
730.92
731.03
731.09
731.1
731.19
731.25
731.25
731.29
731.32
731.34
731.41
731.46
731.5
731.59
731.65
731.63
731.72
731.81
731.81
731.81
731.89
731.91
731.93
731.95
731.9
731.79
731.78
731.84
731.84
731.84
731.82
731.85
731.77
731.76
731.74
731.74
731.76
731.84
731.88
731.88
731.88
731.86
732.04
732.13
732.14
732.28
732.41
732.51
732.61
732.6
732.63
732.64
732.66
732.66
732.58
732.5
732.48
732.45
732.41
732.31
732.28
732.36
732.38
732.36
732.35
732.35
732.31
732.26
732.32
732.41
732.48
732.52
732.6
732.67
732.73
732.8
732.9
733
733.03
733.09
733.2
733.41
733.5
733.54
733.45
733.41
733.43
733.4
733.34
733.27
733.21
733.21
733.15
733.04
732.92
732.86
732.8
732.73
732.66
732.56
732.53
732.52
732.47
732.44
732.32
732.26
732.17
732.09
732.01
732
731.95
731.92
731.77
731.66
731.54
731.37
731.24
731.01
730.87
730.76
730.58
730.45
730.3
730.09
729.88
729.77
729.64
729.46
729.38
729.29
729.13
729.05
729.01
728.95
728.84
728.74
728.62
728.45
728.25
728.13
728.05
727.86
727.68
727.48
727.24
727.03
726.92
726.84
726.69
726.54
726.38
726.24
726.11
726.06
726.03
725.99
725.98
725.91
725.9
725.87
725.85
725.82
725.82
725.84
725.84
725.9
725.9
725.92
725.91
725.83
725.77
725.79
725.71
725.54
725.56
725.66
725.78
725.86
726.03
726.24
726.37
726.4
726.39
726.43
726.47
726.45
726.34
726.17
726.04
726.3
726.8
727.28
727.63
727.91
728.23
728.62
729.03
729.23
729.33
729.57
729.72
729.79
729.9
730.03
730.21
730.34
730.51
730.79
731.05
731.38
731.75
732.11
732.38
732.6
732.93
733.27
733.58
733.73
733.89
733.9
733.96
734.01
734.08
734.05
734.16
734.27
734.19
734.2
734.32
734.47
734.69
734.98
735.3
735.68
736
736.23
736.34
736.52
736.91
737.35
737.71
737.95
738.29
738.63
738.95
739.27
739.52
739.77
739.98
740.25
740.58
740.86
741.12
741.31
741.39
741.67
741.88
742.12
742.31
742.57
742.85
743.11
743.43
743.71
744.04
744.39
744.66
745.02
745.41
745.8
746.19
746.59
746.93
747.16
747.39
747.66
747.86
748.06
748.29
748.5
748.7
748.88
749.12
749.34
749.6
749.91
750.21
750.47
750.81
751.12
751.41
751.72
752.09
752.54
752.85
753.17
753.57
753.97
754.26
754.59
754.86
755.07
755.38
755.64
755.92
756.13
756.31
756.56
756.78
756.91
757.07
757.16
757.23
757.24
757.31
757.35
757.41
757.54
757.68
757.84
758.11
758.37
758.67
758.95
759.16
759.3
759.39
759.49
759.67
759.84
760.02
760.2
760.46
760.74
760.98
761.26
761.53
761.8
762.11
762.45
762.72
762.95
763.16
763.35
763.42
763.51
763.55
763.61
763.64
763.72
763.78
763.89
763.96
764.12
764.3
764.53
764.73
765.08
765.36
765.72
766.05
766.41
766.95
767.37
767.88
768.2
768.59
768.83
769.2
769.35
769.53
769.73
769.88
769.98
770.05
770.03
770.11
770.27
770.42
770.56
770.65
770.72
770.77
770.86
770.9
770.95
770.98
771.01
770.97
771.02
770.97
770.93
770.94
770.97
771.04
771.08
771.08
771.05
771.02
770.96
770.92
770.92
770.91
770.86
770.8
770.68
770.64
770.63
770.68
770.77
770.71
770.62
770.64
770.68
770.64
770.63
770.69
770.71
770.79
770.85
770.88
770.93
770.97
771.12
771.27
771.42
771.55
771.67
771.9
772.08
772.18
772.33
772.46
772.55
772.59
772.59
772.55
772.52
772.54
772.59
772.6
772.55
772.49
772.43
772.41
772.58
772.79
773.07
773.21
773.32
773.4
773.44
773.39
773.32
773.23
773.11
772.92
772.78
772.77
772.77
772.78
772.75
772.75
772.71
772.66
772.55
772.52
772.48
772.5
772.44
772.41
772.44
772.46
772.61
772.68
772.74
772.85
772.93
773
773.1
773.16
773.22
773.29
773.39
773.41
773.5
773.41
773.4
773.39
773.39
773.37
773.28
773.22
773.12
773.08
773.05
773.09
772.99
773.02
772.97
772.96
772.94
772.96
772.95
772.97
772.9
772.87
772.86
772.88
772.95
772.98
773.1
773.17
773.24
773.29
773.36
773.42
773.39
773.34
773.34
773.36
773.38
773.36
773.36
773.35
773.43
773.42
773.4
773.39
773.54
773.72
773.87
773.95
774.19
774.46
774.56
774.63
774.63
774.64
774.67
774.71
774.67
774.69
774.78
774.88
774.93
775.05
775.13
775.18
775.3
775.42
775.51
775.57
775.62
775.61
775.72
775.77
775.81
775.86
775.87
775.88
775.86
775.81
775.77
775.67
775.64
775.62
775.62
775.69
775.82
775.89
775.96
775.95
776.01
776.14
776.28
776.34
776.41
776.51
776.6
776.67
776.72
776.81
776.92
777.07
777.2
777.33
777.45
777.54
777.64
777.8
777.97
778.11
778.28
778.4
778.57
778.71
778.87
779.01
779.2
779.33
779.49
779.71
780.07
780.32
780.56
780.97
781.3
781.66
781.89
782.08
782.25
782.34
782.44
782.5
782.61
782.73
782.91
783.07
783.24
783.46
783.62
783.81
784.12
784.42
784.63
784.84
785.09
785.34
785.55
785.8
786.01
786.18
786.42
786.58
786.76
786.97
787.17
787.39
787.62
787.92
788.31
788.6
788.89
789.14
789.38
789.57
789.73
789.89
790.05
790.17
790.24
790.29
790.32
790.29
790.25
790.26
790.21
790.15
790.19
790.18
790.21
790.25
790.27
790.26
790.37
790.55
790.62
790.76
790.89
791.05
791.15
791.24
791.29
791.27
791.24
791.2
790.86
790.15
789.95
789.89
789.85
789.85
789.91
790.09
790.2
790.35
790.65
791
796.33
797.03
795.05
792.53
791.31
791.42
791.4
791.02
796.48
800.2
799.2
797.69
792.36
789.89
789.85
790.12
790.34
790.76
792.68
792.43
791.23
790.06
790.03
790.32
790.82
791.14
791.51
791.9
792.21
792.44
792.67
793.09
793.41
793.83
794.29
794.63
795
795.34
795.74
796.2
796.86
797.54
798.37
799.43
800.3
801.43
802.58
803.61
804.55
805.12
805.66
805.93
806.05
806.05
805.93
805.72
805.52
805.24
805.2
805.12
805.01
804.95
804.92
805.06
805.22
805.41
805.53
805.71
806.03
806.45
806.87
807.15
807.24
807.3
807.47
807.66
807.86
807.98
808.14
808.28
808.32
808.48
808.6
808.75
808.94
809.22
809.42
809.62
