662.625
663.235
663.77
664.325
664.915
665.4
665.955
666.475
666.99
667.63
668.185
668.85
669.505
670.215
670.865
671.72
672.535
673.345
674.075
674.915
675.78
676.57
677.39
678.215
679.025
679.81
680.6
681.325
682.135
682.905
683.74
684.505
685.315
686.15
687.01
687.755
688.55
689.41
690.235
691.085
691.87
692.615
693.36
694.145
694.96
695.72
696.56
697.4
698.36
699.36
700.275
701.165
702.06
702.86
703.68
704.45
705.275
706.095
706.85
707.5
708.22
708.81
709.41
710.03
710.635
711.255
711.905
712.51
713.19
713.855
714.595
715.37
716.12
716.96
717.72
718.505
719.11
719.79
720.46
721.145
721.76
722.455
723.145
723.8
724.515
725.35
726.1
726.815
727.5
728.2
728.87
729.555
730.17
730.955
731.69
732.46
733.085
733.78
734.385
735.04
735.695
736.37
736.985
737.65
738.3
738.91
739.69
740.27
740.935
741.615
742.37
743.085
743.81
744.57
745.33
746.1
746.75
747.565
748.335
749.08
749.835
750.545
751.275
752.105
752.775
753.52
754.25
754.98
755.69
756.42
757.11
757.85
758.575
759.24
760
760.77
761.45
762.185
762.94
763.75
764.515
765.265
766.06
766.855
767.605
768.42
769.055
769.825
770.5
771.17
771.925
772.66
773.48
774.33
775.185
776.27
777.11
778.11
779.16
780.09
781.025
781.81
782.6
783.18
783.75
784.28
784.72
785.12
785.545
785.95
786.455
786.91
787.355
787.77
788.385
788.93
789.435
789.905
790.345
790.73
791.08
791.5
791.88
792.275
792.615
792.98
793.255
793.555
793.775
793.98
794.24
794.415
794.59
794.83
795.05
795.32
795.54
795.77
795.95
796.14
796.33
796.41
796.545
796.705
796.865
796.98
797.155
797.35
797.49
797.62
797.74
797.925
798.07
798.245
798.42
798.56
798.69
798.79
798.88
798.88
798.925
798.93
798.99
799.02
799.075
799.14
799.12
799.09
799.175
799.205
799.21
799.15
799.17
799.2
799.235
799.37
799.42
799.495
799.62
799.73
799.805
799.97
800.07
800.095
800.19
800.265
800.41
800.48
800.555
800.605
800.675
800.74
800.78
800.83
800.85
800.9
800.86
800.81
800.715
800.685
800.68
800.68
800.59
800.515
800.43
800.39
800.325
800.37
800.23
800.25
800.195
800.11
799.985
799.94
799.935
800.01
799.91
799.82
799.775
799.715
799.665
799.645
799.61
799.64
799.59
799.54
799.515
799.455
799.47
799.46
799.465
799.425
799.415
799.41
799.37
799.24
799.22
799.075
799.065
799
798.955
798.94
798.925
798.9
798.855
798.82
798.7
798.68
798.59
798.51
798.45
798.39
798.325
798.255
798.12
798.03
797.94
797.875
797.78
797.805
797.8
797.775
797.68
797.65
797.56
797.51
797.455
797.335
797.19
797.08
797.005
796.875
796.8
796.68
796.62
796.535
796.39
796.29
796.19
796.055
795.985
795.85
795.7
795.575
795.45
795.35
795.21
795.055
794.92
794.71
794.55
794.385
794.13
793.91
793.73
793.53
793.33
793.04
793.03
793
793.015
793.105
793.24
793.46
793.57
793.62
793.525
793.49
793.33
793.15
793.07
792.92
792.73
792.68
792.57
792.505
792.505
792.44
792.245
792.17
791.97
791.735
791.49
791.07
790.77
790.4
789.99
789.75
789.54
789.3
789.17
789.04
788.98
788.93
788.89
788.77
788.74
788.69
788.56
788.48
788.35
788.13
787.925
787.83
787.685
787.65
787.59
787.475
787.4
787.38
787.345
787.33
787.365
787.39
787.4
787.35
787.36
787.41
787.45
787.5
787.6
787.77
787.97
788.13
788.42
788.625
788.93
789.15
789.475
789.715
789.83
789.87
789.87
789.83
789.73
789.71
789.81
789.825
789.98
790.055
790.27
790.45
790.675
790.81
790.98
791.11
791.29
791.405
791.58
791.695
791.91
792.14
792.37
792.58
792.87
793.085
793.375
793.655
793.915
794.265
794.605
794.925
795.28
795.645
795.93
796.3
796.49
796.86
797.155
797.485
797.78
798.02
798.38
798.775
799.125
799.49
799.985
800.325
800.735
801.06
801.505
801.855
802.22
802.63
802.86
803.24
803.535
803.815
804.09
804.475
804.885
805.25
805.53
805.86
806.29
806.62
806.985
807.4
807.82
808.19
808.555
809.07
809.56
809.99
810.365
810.66
811.045
811.42
811.73
811.98
812.335
812.73
813.065
813.325
813.63
813.95
814.32
814.645
814.955
815.315
815.655
816
816.31
816.645
816.92
817.145
817.445
817.735
818.05
818.32
818.62
818.85
819.11
819.355
819.605
819.805
819.955
820.155
820.345
820.52
820.64
820.805
820.96
821.05
821.195
821.3
821.43
821.52
821.605
821.66
821.86
821.96
822.07
822.19
822.325
822.51
822.62
822.725
822.825
822.955
823.2
823.23
823.285
823.31
823.33
823.45
823.55
823.52
823.495
823.47
823.54
823.57
823.755
824.11
824.38
824.56
824.67
824.65
824.59
824.53
824.43
824.43
824.58
824.665
824.83
824.92
825.06
825.2
825.42
825.505
825.44
825.41
825.31
825.175
825.125
825.07
825.04
824.94
824.83
824.815
824.82
824.655
824.52
824.36
824.16
823.965
823.865
823.715
823.64
823.57
823.56
823.59
823.705
823.75
823.905
823.95
823.98
824.09
824.19
824.3
824.4
824.5
824.625
824.655
824.79
824.94
825
825.1
825.2
825.28
825.4
825.435
825.55
825.55
825.715
825.73
825.76
825.8
825.885
826.025
826.13
826.22
826.27
826.365
826.56
826.775
826.91
827.02
827.18
827.385
827.52
827.67
827.845
827.97
828.1
828.275
828.42
828.59
828.655
828.765
828.84
828.83
828.95
829.115
829.27
829.36
829.485
829.64
829.8
829.9
830.025
830.185
830.31
830.52
830.725
830.82
830.875
831.03
831.125
831.18
831.35
831.445
831.55
831.65
831.78
831.785
831.88
831.91
832.04
832.045
832.06
832.2
832.33
832.45
832.58
832.675
832.72
832.83
832.93
833.03
833.19
833.3
833.43
833.58
833.76
833.86
833.93
834.08
834.19
834.28
834.36
834.43
834.54
834.6
834.725
834.87
834.965
835.16
835.24
835.39
835.555
835.735
835.875
836.02
836.12
836.255
836.335
836.47
836.49
836.64
836.705
836.77
836.74
836.88
837.06
837.18
837.26
837.42
837.59
837.73
837.97
838.15
838.32
838.48
838.725
838.845
838.94
839.16
839.36
839.58
839.74
839.85
840.03
840.3
840.47
840.72
840.91
841.1
841.265
841.43
841.58
841.715
841.97
842.15
842.4
842.6
842.86
843.105
843.33
843.51
843.74
843.99
844.16
844.35
844.64
844.85
845.035
845.3
845.5
845.76
846.085
846.39
846.7
846.885
847.2
847.41
847.62
847.885
848.14
848.37
848.54
848.68
848.865
849.01
849.09
849.19
849.32
849.385
849.455
849.42
849.4
849.37
849.32
849.225
849.165
849.05
849.04
848.91
848.85
848.81
848.82
848.79
848.91
848.93
848.93
848.91
848.81
848.685
848.56
848.345
848.16
847.92
847.6
847.285
846.9
846.42
845.865
845.17
844.59
843.965
843.345
842.88
842.38
842.01
841.71
841.575
841.58
841.77
842.01
842.32
842.59
842.845
843.035
843.06
842.93
842.535
842.03
841.49
840.88
840.285
839.65
838.97
838.42
838.04
837.67
837.5
837.09
836.66
836.175
835.66
834.95
834.2
833.215
832.17
831.13
829.91
828.96
828.17
827.685
827.33
826.97
826.635
826.18
825.85
825.535
825.305
825.29
825.405
825.53
825.67
825.75
825.75
825.74
825.615
825.41
825.2
824.805
824.33
823.82
823.135
822.4
821.605
820.58
819.62
818.485
817.2
815.8
814.52
813.39
811.955
810.145
808.41
806.305
804.24
802.125
800.385
798.885
797.185
795.745
794.37
793.21
792.23
791.285
790.66
790.1
789.495
788.97
788.76
788.57
788.48
788.48
788.64
788.705
788.79
788.77
788.645
788.5
788.115
787.7
787.045
786.29
785.525
784.77
783.94
783.28
782.56
781.985
781.445
780.705
779.99
779.155
778.28
777.555
776.665
775.72
774.865
774.005
773.16
772.58
772
771.56
771.18
770.8
770.505
770.135
769.47
769.005
768.37
767.835
767.185
766.57
766.06
765.62
765.095
764.72
764.285
763.96
763.72
763.53
763.45
763.365
763.37
763.385
763.285
763.22
762.96
762.75
762.44
762.02
761.44
760.75
759.96
759.12
758.37
757.64
756.87
756.21
755.625
755.11
754.725
754.225
754.18
754.205
754.23
754.37
754.32
754.27
754.04
753.61
753.11
752.71
752.32
752.03
751.875
751.83
751.96
752.29
752.6
753.02
753.26
753.27
753.125
752.84
752.175
751.455
750.58
749.67
749.01
748.52
748.24
747.95
747.77
747.815
747.84
747.92
747.96
747.915
747.87
747.72
747.46
747.22
746.895
746.525
746.215
745.9
745.54
745.185
744.85
744.59
744.29
744.01
743.76
743.415
743.125
742.75
742.46
742.16
741.91
741.555
741.35
741.1
740.78
740.59
740.255
739.965
739.71
739.47
739.215
738.975
738.725
738.455
738.15
737.955
737.635
737.41
737.19
736.925
736.755
736.48
736.25
735.99
735.79
735.52
735.32
735.14
735.035
734.91
734.84
734.865
734.825
734.735
734.73
734.79
734.86
734.845
734.94
735.065
735.11
735.25
735.4
735.55
735.75
735.935
736.14
736.375
736.705
736.94
737.1
737.19
737.21
737.1
736.895
736.57
736.32
736.195
735.945
735.575
735.35
735.195
735.085
734.95
735.015
735.085
735.03
735.04
734.91
734.65
734.42
733.975
733.595
733.01
732.575
732.175
731.84
731.6
731.4
731.16
730.97
730.675
730.38
730.045
729.44
728.805
728.12
727.4
726.77
726.01
725.265
724.58
723.745
722.99
722.32
721.62
720.985
720.37
719.695
719.1
718.665
718.265
717.835
717.5
717.32
717
716.805
716.56
716.29
715.995
715.705
715.535
715.255
714.98
714.615
714.21
713.82
713.245
712.665
712.105
711.46
710.745
710.25
709.685
708.96
708.41
707.92
707.39
706.775
706.02
705.24
704.595
703.85
703.17
702.495
701.89
701.535
701.065
700.69
700.33
699.995
699.74
699.415
699.18
698.895
698.75
698.52
698.3
698.14
698
697.865
697.855
697.8
697.81
697.82
697.8
697.88
697.985
697.93
697.975
697.94
697.84
697.775
697.6
697.42
697.2
697.005
696.92
696.785
696.675
696.56
696.51
696.57
696.52
696.57
696.72
696.84
696.96
697.12
697.2
697.375
697.525
697.62
697.74
697.79
697.745
697.83
697.84
697.715
697.54
697.485
697.35
697.305
697.22
697.19
697.2
697.08
696.98
696.85
696.69
696.45
696.18
695.9
695.59
695.31
694.945
694.605
694.3
694.075
693.735
693.47
693.22
693.055
692.89
692.75
692.61
692.635
692.57
692.52
692.52
692.5
692.55
692.555
692.46
692.395
692.295
692.26
692.28
692.27
692.235
692.28
692.36
692.43
692.46
692.52
692.605
692.625
692.65
692.685
692.79
692.855
692.9
692.965
692.94
692.99
693.08
693.15
693.15
693.245
693.28
693.33
693.4
693.42
693.495
693.595
693.68
693.845
694.03
694.11
694.255
694.37
694.58
694.625
694.715
694.805
694.925
694.985
694.985
694.95
694.99
695.015
694.975
695.02
695.03
695.03
694.97
694.91
694.81
694.8
694.75
694.66
694.56
694.37
694.25
694.16
694.025
694.045
694
693.9
693.77
693.75
693.77
693.74
693.73
693.63
693.63
693.51
693.4
693.34
693.28
693.195
693.14
693.05
692.95
692.865
692.72
692.7
692.55
692.48
692.45
692.385
692.39
692.33
692.39
692.43
692.44
692.66
692.795
692.935
693.23
693.42
693.67
693.91
694.12
694.31
694.38
694.36
694.335
694.355
694.33
694.355
694.35
694.275
694.27
694.28
694.31
694.33
694.35
694.42
694.44
694.5
694.535
694.64
694.7
694.7
694.725
694.675
694.71
694.66
694.605
694.535
694.51
694.505
694.52
694.505
694.545
694.585
694.59
694.61
694.57
694.54
694.515
694.515
694.46
694.38
694.3
694.205
694
693.885
693.76
693.62
693.5
693.27
693.09
692.99
692.89
692.66
692.65
692.59
692.465
692.255
692.12
691.935
691.83
691.74
691.625
691.46
691.37
691.25
691.17
691.195
691.12
691.16
691.2
691.23
691.36
691.315
691.405
691.43
691.38
691.28
691.285
691.23
691.22
691.235
691.295
691.46
691.635
691.84
692.04
692.23
692.31
692.37
692.42
692.4
692.38
692.24
692.21
692.1
691.955
691.89
691.84
691.75
691.69
691.595
691.535
691.47
691.485
691.51
691.605
691.525
691.45
691.41
691.36
691.285
691.2
691.13
691.09
691.05
690.96
690.87
690.81
690.745
690.57
690.46
690.42
690.35
690.26
690.18
690.11
689.92
689.735
689.67
689.625
689.48
689.38
689.26
689.09
689.02
688.94
689.01
688.975
689.09
689.12
689.13
689.08
689.015
688.98
688.82
688.68
688.53
688.42
688.37
688.265
688.21
688.08
688.15
688.17
688.085
688.18
688.235
688.29
688.295
688.355
688.57
688.87
689.07
689.345
689.65
689.88
690.06
690.26
690.37
690.45
690.58
690.72
690.82
690.76
690.68
690.5
690.46
690.33
690.17
690.045
689.97
689.85
689.8
689.77
689.81
689.7
689.65
689.71
689.675
689.74
689.87
689.83
689.86
690.005
690.07
690.125
690.07
689.965
689.995
689.905
689.835
689.79
689.73
689.6
689.58
689.6
689.67
689.81
689.94
690.08
690.195
690.29
690.37
690.5
690.45
690.37
690.39
690.33
690.25
690.2
690.195
690.295
690.545
690.95
691.215
691.52
691.92
692.28
692.62
692.965
693.24
693.43
693.65
693.81
693.94
694.025
694.145
694.315
694.445
694.59
694.74
694.86
694.975
695.06
695.23
695.4
695.505
695.79
696.05
696.22
696.39
696.56
696.7
696.83
697.125
697.38
697.555
697.675
697.77
697.805
697.835
697.8
697.86
697.97
698
698.115
698.205
698.35
698.51
698.76
699.09
699.535
699.945
700.55
700.945
701.27
701.685
702.065
702.38
702.635
702.87
703.01
703.08
703.16
703.32
703.43
703.49
703.62
703.81
703.985
704.28
704.505
704.84
705.055
705.23
705.36
705.51
705.65
705.76
705.785
705.68
705.675
705.625
705.545
705.42
705.27
705.22
705.115
704.955
704.855
704.72
704.58
704.49
704.43
704.34
704.31
704.435
704.445
704.54
704.65
704.86
704.985
705.16
705.32
705.345
705.35
705.39
705.4
705.46
705.46
705.41
705.28
705.205
705.17
705.09
705.205
705.39
705.54
705.74
706.02
706.33
706.59
706.87
707.055
707.2
707.325
707.49
707.615
707.8
707.94
708.12
708.195
708.195
708.23
708.18
708.16
708.165
708.085
708.03
708.01
708.125
708.28
708.35
708.45
708.575
708.705
708.875
709.015
709.21
709.4
709.64
709.825
709.83
709.995
710.11
710.3
710.465
710.57
710.675
710.81
710.98
711.08
711.16
711.23
711.3
711.43
711.495
711.55
711.65
711.83
711.93
712.13
712.315
712.545
712.83
713.09
713.4
713.7
714.01
714.255
714.625
714.955
715.235
715.52
715.795
716.05
716.315
716.565
716.87
717.17
717.36
717.65
717.925
718.19
718.38
718.625
718.825
718.94
719.025
719.07
719.155
719.27
719.39
719.565
719.695
719.91
720.095
720.27
720.425
720.64
720.785
720.92
721.2
721.335
721.46
721.57
721.625
721.64
721.64
721.515
721.505
721.48
721.425
721.3
721.225
721.14
721.115
721.135
721.21
721.215
721.215
721.285
721.395
721.45
721.46
721.42
721.425
721.35
721.27
721.23
721.16
721.09
721
721.035
721.06
721.13
721.105
721.105
721.17
721.28
721.36
721.495
721.565
721.63
721.6
721.49
721.325
721.12
720.85
720.5
720.24
720.03
719.83
719.645
719.43
719.24
719.09
718.905
718.795
718.815
718.75
718.735
718.745
718.73
718.735
718.66
718.605
718.47
718.275
718
717.64
717.38
717.16
716.995
716.85
716.715
716.53
716.38
716.24
716.05
715.895
715.735
715.54
715.35
715.175
714.965
714.835
714.75
714.69
714.675
714.755
714.79
714.83
714.98
715.15
715.32
715.665
715.94
716.285
716.8
717.305
717.685
718.08
718.475
718.735
718.885
718.95
718.885
718.655
718.47
718.25
718.16
718.11
718.105
718.135
718.085
718.24
718.37
718.395
718.33
718.115
717.675
716.925
716.225
715.44
714.645
714.11
713.7
713.395
713.16
712.97
712.78
712.72
712.54
712.29
712
711.665
711.3
711.125
710.96
710.69
710.64
710.71
710.72
710.775
710.75
710.855
711.01
711.215
711.37
711.41
711.4
711.475
711.375
711.26
711.1
711.08
711
710.96
711
710.95
711.025
711.13
711.21
711.35
711.415
711.47
711.58
711.62
711.665
711.725
711.73
711.645
711.55
711.3
711.15
711.09
711.09
710.915
710.815
710.76
710.73
710.66
710.745
710.73
710.67
710.705
710.79
710.83
710.87
710.9
710.87
710.835
710.81
710.78
710.78
710.745
710.775
710.85
710.825
710.875
710.945
710.955
711.09
711.06
711.175
711.34
711.47
711.54
711.59
711.83
711.95
712.07
712.1
712.23
712.35
712.44
712.485
712.55
712.65
712.73
712.815
712.815
712.865
712.855
712.875
712.95
712.96
712.94
712.99
713.03
713.06
713.105
713.27
713.38
713.56
713.78
713.94
714.11
714.455
714.605
714.69
714.87
714.99
715.06
715.105
715.18
715.25
715.21
715.305
715.355
715.39
715.41
715.425
715.52
715.63
715.77
715.92
715.98
715.99
715.935
715.86
715.9
715.885
715.85
715.78
715.76
715.75
715.75
715.77
715.85
715.86
715.765
715.68
715.76
715.74
715.775
715.84
715.87
715.935
716.025
716.065
716.145
716.235
716.26
716.31
716.35
716.435
716.555
716.805
717.055
717.3
717.485
717.72
718.05
718.3
718.48
718.59
718.64
718.62
718.5
718.315
718.22
718.15
718.19
718.12
718.115
718.175
718.25
718.28
718.34
718.39
718.51
718.65
718.795
718.93
719.045
719.015
718.975
718.98
718.885
718.77
718.7
718.57
718.495
718.465
718.42
718.5
718.54
718.665
718.695
718.66
718.745
718.86
718.84
718.88
718.915
718.83
718.74
718.68
718.64
718.59
718.595
718.625
718.67
718.69
718.75
718.8
718.9
719.03
719.1
719.24
719.32
719.365
719.39
719.37
719.29
719.28
719.23
719.14
719.13
719.09
719.04
719.04
718.95
718.845
718.8
718.775
718.72
718.66
718.705
718.79
718.835
718.97
719.19
719.37
719.455
719.605
719.67
719.72
719.795
719.76
719.735
719.81
719.67
719.5
719.315
719.11
718.99
718.77
718.595
718.375
718.21
718.03
717.94
717.805
717.785
717.83
717.99
718.115
718.22
718.285
718.42
718.555
718.72
718.775
718.77
718.64
718.4
718.17
717.935
717.675
717.44
717.25
717.04
716.8
716.64
716.515
716.45
716.29
716.16
715.97
715.86
715.795
715.7
715.605
715.585
715.5
715.505
715.42
715.3
715.215
715.095
714.91
714.785
714.625
714.415
714.235
714.055
713.86
713.68
713.54
713.415
713.35
713.27
713.215
713.125
713.04
713.06
713.13
713.22
713.285
713.34
713.36
713.38
713.275
713.18
713.07
712.92
712.825
712.68
712.52
712.405
712.32
712.31
712.26
712.26
712.25
712.29
712.37
712.385
712.41
712.445
712.43
712.475
712.35
712.26
712.07
711.845
711.63
711.485
711.31
711.125
711.04
710.92
710.905
710.895
710.86
710.86
710.94
710.955
711.035
710.98
711.075
711.15
711.185
711.12
711.115
711.18
711.26
711.37
711.415
711.545
711.69
711.82
711.845
711.905
711.875
711.85
711.83
711.875
711.9
711.845
711.83
711.81
711.76
711.785
711.815
711.83
711.79
711.875
711.85
711.865
711.87
711.95
711.985
712
711.96
711.92
711.89
711.82
711.805
711.77
711.76
711.8
711.76
711.75
711.715
711.69
711.72
711.715
711.64
711.64
711.665
711.61
711.535
711.435
711.41
711.36
711.345
711.245
711.385
711.445
711.57
711.75
712
712.35
712.64
713.02
713.28
713.49
713.62
713.72
713.78
713.695
713.53
713.38
713.19
713.02
712.96
712.96
712.92
712.92
712.93
712.86
712.73
712.59
712.36
712.16
711.84
711.37
711.005
710.655
710.36
710.18
710
709.87
709.895
709.85
709.83
709.88
709.78
709.68
709.57
709.46
709.325
709.31
709.22
709.12
708.97
708.935
708.87
708.895
708.94
708.885
708.825
708.855
708.755
708.68
708.51
708.38
708.165
707.92
707.695
707.315
706.95
706.67
706.3
706
705.64
705.27
705.11
704.975
704.905
704.81
704.755
704.655
704.62
704.575
704.42
704.22
703.99
703.785
703.55
703.41
703.31
703.245
703.14
703.18
703.105
703.02
703.11
703.135
703.13
703.245
703.365
703.45
703.53
703.605
703.605
703.735
703.785
703.84
703.9
703.98
704.09
704.175
704.29
704.34
704.455
704.61
704.85
705.035
705.055
705.08
705.21
705.41
705.47
705.57
705.67
705.94
706.075
706.235
706.485
706.71
707.07
707.395
707.855
708.175
708.61
708.92
709.17
709.42
709.695
709.835
709.985
710.15
710.4
710.645
710.8
711.055
711.34
711.61
711.97
712.15
712.3
712.62
712.87
713.165
713.36
713.715
714.125
714.52
714.725
714.99
715.32
715.69
715.995
716.3
716.55
716.75
716.94
717.27
717.495
717.8
718.125
718.37
718.73
719.04
719.445
719.72
720.135
720.45
720.735
721.13
721.56
721.9
722.19
722.56
722.86
723.265
723.635
723.95
724.35
724.77
725.21
725.54
725.85
726.26
726.63
726.97
727.275
727.67
727.99
728.27
728.59
728.86
729.18
729.595
729.94
730.26
730.625
731.08
731.45
731.825
732.18
732.5
732.78
733.125
733.385
733.565
733.735
733.9
734.08
734.265
734.44
734.645
734.9
735.12
735.28
735.59
735.97
736.28
736.57
736.9
737.38
737.73
738.08
738.375
738.69
738.935
739.125
739.27
739.42
739.555
739.65
739.84
739.96
740.045
740.15
740.32
740.5
740.595
740.71
740.895
741.07
741.325
741.56
741.815
742.11
742.45
742.74
742.965
743.265
743.57
743.76
743.94
744.105
744.26
744.41
744.58
744.735
744.845
744.95
745.105
745.26
745.43
745.575
745.69
745.74
745.775
745.79
745.86
745.915
745.98
746.05
746.14
746.225
746.33
746.465
746.57
746.71
747.015
747.16
747.34
747.485
747.665
747.87
748.075
748.29
748.535
748.755
748.92
749.055
749.19
749.33
749.46
749.565
749.64
749.595
749.56
749.51
749.51
749.47
749.42
749.33
749.23
749.155
749.125
749.06
748.985
749
749.02
749.01
748.97
749.11
749.195
749.22
749.355
749.555
749.71
749.81
750.02
750.165
750.325
750.48
750.62
750.81
750.92
751.125
751.27
751.52
751.68
751.79
752.01
752.18
752.355
752.42
752.45
752.57
752.62
752.65
752.7
752.75
752.76
752.79
752.85
752.91
753.005
753.01
752.92
752.83
752.695
752.61
752.415
752.26
752.03
751.935
751.8
751.71
751.575
751.5
751.425
751.36
751.35
751.34
751.38
751.45
751.54
751.7
751.92
752.08
752.27
752.51
752.72
752.88
752.985
753.075
753.04
753.015
752.93
752.875
752.72
752.695
752.65
752.63
752.6
752.54
752.515
752.515
752.525
752.46
752.41
752.435
752.4
752.33
752.245
752.155
752.015
751.95
751.885
751.895
751.85
751.82
751.75
751.71
751.645
751.53
751.41
751.38
751.275
751.18
751.13
751.105
751.02
750.88
750.78
750.65
750.6
750.49
750.42
750.315
750.205
750.11
750.05
750.085
749.955
749.915
749.9
749.82
749.755
749.61
749.52
749.51
749.57
749.54
749.505
749.495
749.46
749.52
749.45
749.42
749.42
749.385
749.295
749.2
749.08
749.015
748.94
748.835
748.77
748.74
748.66
748.61
748.535
748.43
748.36
748.28
748.16
748.07
748.04
747.935
747.82
747.71
747.66
747.5
747.36
747.19
747.07
747.005
746.86
746.74
746.59
746.44
746.27
746.06
745.87
745.615
745.41
745.21
745.1
744.945
744.755
744.61
744.455
744.31
744.135
743.915
743.705
743.63
743.56
743.455
743.35
743.29
743.235
743.29
743.29
743.225
743.19
743.185
743.15
743.08
742.99
743.005
742.93
742.765
742.77
742.83
742.84
743.02
743.11
743.35
743.515
743.73
743.955
744.115
744.265
744.4
744.49
744.65
744.84
744.97
745.075
745.09
745.21
745.345
745.4
745.43
745.445
745.44
745.45
745.475
745.465
745.295
745.15
745.06
744.905
744.7
744.525
744.37
744.175
743.98
743.89
743.705
743.51
743.3
743.26
743.075
742.86
742.795
742.62
742.45
742.465
742.42
742.505
742.575
742.62
742.895
743.225
743.545
743.705
744.04
744.32
744.54
744.62
744.64
744.71
744.68
744.6
744.46
744.265
744.2
744.2
744.23
744.31
744.39
744.465
744.54
744.74
745.02
745.19
745.45
745.76
746.03
746.24
746.415
746.49
746.66
746.715
746.78
746.815
746.9
746.945
746.985
747.095
747.21
747.325
747.475
747.51
747.62
747.78
747.86
747.96
748.05
748.27
748.35
748.485
748.68
748.815
748.97
749.14
749.295
749.355
749.53
749.575
749.73
749.905
749.97
749.955
749.965
750.06
750.11
750.17
750.2
750.22
750.32
750.44
750.51
750.59
750.615
750.81
750.885
751.01
751.19
751.345
751.48
751.71
751.895
752.155
752.4
752.62
752.84
752.91
752.81
752.68
752.76
752.805
752.745
752.64
752.585
752.44
752.33
752.19
752.095
752.02
751.93
751.88
751.875
751.785
751.71
751.565
751.275
750.86
750.47
750.025
749.6
749.215
748.795
748.535
748.305
748.125
748.07
748.105
748.045
747.84
747.82
747.56
747.345
747.055
746.78
746.61
746.38
746.26
746.145
746.045
745.965
745.885
745.79
745.61
745.38
745.09
744.68
744.28
743.87
743.445
743.16
742.82
742.545
742.335
742.09
741.86
741.615
741.4
741.35
741.28
741.26
741.09
741.11
741.04
740.965
740.85
740.755
740.85
740.825
740.81
740.81
740.95
741.015
741.11
741.105
741.19
741.11
741.07
741.06
741.02
740.9
740.785
740.75
740.74
740.74
740.69
740.66
740.75
740.84
740.96
741.01
741.13
741.21
741.26
741.36
741.355
741.36
741.28
741.19
741.19
741.22
741.205
741.215
741.19
741.27
741.305
741.405
741.45
741.455
741.505
741.56
741.605
741.68
741.655
741.715
741.765
741.84
741.99
742.065
742.13
742.26
742.405
742.555
742.665
742.675
742.63
742.68
742.62
742.59
742.5
742.42
742.31
742.19
742.05
741.98
742.05
742.08
742.14
742.16
742.28
742.335
742.465
742.57
742.7
742.795
743.01
743.065
743.29
743.445
743.745
744.065
744.44
744.67
744.945
745.215
745.51
745.685
745.805
745.83
745.835
745.815
745.71
745.595
745.525
745.39
745.225
745.085
744.94
744.86
744.75
744.65
744.6
744.65
744.735
744.81
744.925
745
745.06
745.09
745.1
745.16
745.23
745.25
745.27
745.21
745.13
745.04
744.92
744.82
744.745
744.71
744.77
744.82
744.875
744.955
745.07
745.225
745.435
745.635
745.84
746.085
746.29
746.41
746.44
746.55
746.59
746.49
746.39
746.24
746.14
745.98
745.815
745.72
745.73
745.81
745.745
745.785
745.88
745.91
745.91
745.86
745.8
745.72
745.64
745.58
745.49
745.325
745.195
745.09
745.045
744.955
744.875
744.965
745.05
745.13
745.21
745.21
745.215
745.23
745.22
745.205
745.18
745.09
744.86
744.74
744.7
744.67
744.585
744.585
744.54
744.49
744.505
744.52
744.48
744.495
744.49
744.56
744.555
744.515
744.525
744.47
744.43
744.46
744.47
744.47
744.47
744.47
744.4
744.38
744.305
744.24
744.17
744.03
743.875
743.75
743.63
743.605
743.57
743.575
743.585
743.6
743.575
743.63
743.675
743.765
743.85
743.83
743.885
743.935
744.065
744.08
744.09
744.055
744.045
744
743.91
743.92
743.9
743.915
743.85
743.825
743.75
743.775
743.75
743.64
743.6
743.57
743.515
743.435
743.33
743.27
743.25
743.2
743.13
743.17
743.225
743.28
743.33
743.36
743.44
743.505
743.515
743.58
743.61
743.67
743.67
743.62
743.53
743.53
743.46
743.41
743.355
743.24
743.21
743.135
743.04
742.92
742.76
742.65
742.57
742.52
742.42
742.35
742.36
742.305
742.27
742.2
742.12
742.1
742.075
742.005
741.97
741.94
741.78
741.75
741.775
741.71
741.705
741.725
741.65
741.58
741.615
741.555
741.545
741.52
741.49
741.45
741.445
741.45
741.405
741.44
741.345
741.33
741.41
741.44
741.405
741.46
741.46
741.505
741.53
741.54
741.58
741.64
741.62
741.63
741.68
741.69
741.76
741.8
741.825
741.835
741.89
741.99
742.03
742.025
742.09
742.12
742.24
742.36
742.48
742.61
742.7
742.85
742.99
743.03
743.13
743.35
743.48
743.625
743.785
743.89
743.965
744.065
744.19
744.205
744.35
744.45
744.51
744.545
744.7
744.83
744.94
745.095
745.195
745.31
745.43
745.51
745.595
745.75
745.815
745.865
745.91
745.97
746.01
745.995
746.07
746.105
746.045
746.07
746.01
745.99
745.86
745.795
745.74
745.61
745.59
745.575
745.575
745.56
745.49
745.49
745.46
745.4
745.32
745.165
745.08
744.955
744.915
744.815
744.715
744.59
744.48
744.295
744.065
743.95
743.67
743.4
743.07
742.75
742.38
742.075
741.715
741.375
741.07
740.745
740.455
740.155
739.8
739.53
739.26
739.07
738.825
738.65
738.53
738.405
738.45
738.475
738.42
738.475
738.37
738.305
738.15
737.9
737.66
737.49
737.275
737.06
736.9
736.725
736.62
736.59
736.54
736.48
736.515
736.655
736.83
736.97
737.11
737.37
737.53
737.86
738.17
738.54
738.85
739.175
739.55
739.81
739.985
740.175
740.26
740.24
740.125
739.945
739.72
739.405
739.15
738.895
738.575
738.24
737.965
737.685
737.41
737.185
736.99
736.745
736.545
736.445
736.295
736.2
736.07
736.02
735.925
735.8
735.73
735.635
735.605
735.625
735.64
735.695
735.73
735.78
735.88
735.97
736.08
736.17
736.25
736.245
736.27
736.33
736.38
736.34
736.285
736.225
736.16
736.1
736.05
735.91
735.81
735.63
735.52
735.37
735.26
735.085
734.955
734.82
734.64
734.38
734.26
734.16
734.06
733.94
733.85
733.8
733.74
733.645
733.575
733.53
733.57
733.61
733.62
733.63
733.735
733.74
733.77
733.805
733.745
733.7
733.56
733.44
733.32
733.155
733.005
732.835
732.69
732.55
732.445
732.29
732.165
732.135
732.02
731.925
731.8
731.7
731.615
731.52
731.48
731.5
731.46
731.425
731.345
731.29
731.295
731.315
731.29
731.245
731.27
731.29
731.31
731.38
731.375
731.415
731.475
731.57
731.59
731.715
731.74
731.81
731.835
731.935
732.015
732.05
731.98
731.96
731.845
731.705
731.565
731.46
731.405
731.38
731.36
731.55
731.59
731.7
731.71
731.745
731.745
731.705
731.595
731.47
731.23
731.14
731.08
731.05
731.04
731.04
731.09
731.13
731.19
731.245
731.255
731.25
731.26
731.21
731.205
731.21
731.15
731.09
730.99
730.925
730.825
730.71
730.58
730.48
730.385
730.28
730.21
730.1
729.98
729.915
729.915
729.875
729.84
729.925
729.95
729.86
729.92
729.93
729.875
729.885
729.955
729.88
729.86
729.8
729.72
729.645
729.6
729.575
729.47
729.47
729.315
729.23
729.245
729.18
729.05
728.91
728.81
728.7
728.54
728.48
728.355
728.2
728.165
728.08
728
727.93
727.855
727.675
727.63
727.6
727.56
727.53
727.48
727.435
727.41
727.305
727.275
727.25
727.115
727.17
727.08
727
726.92
726.9
726.81
726.81
726.77
726.71
726.65
726.62
726.565
726.52
726.42
726.37
726.28
726.18
726.1
726.06
725.99
725.92
725.875
725.79
725.79
725.72
725.645
725.57
725.43
725.27
725.09
724.985
724.96
724.765
724.63
724.48
724.34
724.145
724.06
723.975
723.93
723.815
723.76
723.73
723.76
723.81
723.745
723.76
723.77
723.8
723.89
723.83
723.765
723.785
723.78
723.785
723.655
723.585
723.445
723.35
723.32
723.24
723.16
722.995
722.885
722.815
722.77
722.68
722.585
722.51
722.45
722.38
722.37
722.345
722.31
722.24
722.175
722.165
722.115
722.03
721.85
721.75
721.66
721.53
721.36
721.27
721.185
721.155
721.1
721.03
720.99
720.96
720.96
720.95
721.005
721.07
721.055
721.08
721.16
721.15
721.15
721.14
721.15
721.24
721.28
721.325
721.265
721.32
721.385
721.43
721.44
721.455
721.44
721.42
721.38
721.37
721.375
721.42
721.48
721.48
721.55
721.56
721.615
721.73
721.725
721.775
721.78
721.735
721.88
721.99
722.045
722.07
722.18
722.28
722.31
722.42
722.43
722.435
722.53
722.51
722.57
722.675
722.7
722.69
722.735
722.81
722.815
722.845
722.8
722.83
722.875
722.885
722.895
722.98
722.97
723.03
723.09
723.12
723.195
723.24
723.3
723.29
723.37
723.425
723.465
723.5
723.5
723.475
723.455
723.47
723.42
723.34
723.25
723.22
723.19
723.125
723.09
723.05
722.98
722.97
722.99
722.93
722.91
722.88
722.87
722.875
722.9
722.885
722.995
723.04
723.02
723.02
722.94
722.77
722.695
722.53
722.35
722.23
722.095
722.005
721.935
721.88
721.82
721.69
721.53
721.45
721.42
721.375
721.315
721.24
721.165
721.17
721.215
721.21
721.24
721.245
721.275
721.21
721.16
721.15
721.06
720.845
720.64
720.54
720.4
720.24
720.03
719.85
719.66
719.505
719.32
719.18
719.09
718.915
718.735
718.615
718.515
718.5
718.48
718.44
718.41
718.33
718.37
718.35
718.4
718.365
718.395
718.375
718.4
718.39
718.33
718.3
718.265
718.24
718.18
718.165
718.08
717.97
717.88
717.82
717.71
717.55
717.43
717.31
717.19
717.02
716.88
716.795
716.63
716.49
716.31
716.215
716.095
716.02
715.975
715.85
715.705
715.69
715.575
715.5
715.48
715.46
715.435
715.48
715.515
715.555
715.58
715.555
715.56
715.475
715.44
715.39
715.32
715.2
715.075
714.93
714.89
714.8
714.725
714.615
714.47
714.445
714.41
714.32
714.245
714.22
714.17
714.11
714.04
713.97
713.89
713.8
713.75
713.735
713.69
713.705
713.735
713.74
713.705
713.64
713.61
713.595
713.63
713.64
713.66
713.63
713.6
713.51
713.48
713.47
713.35
713.275
713.2
713.145
713.07
712.935
712.865
712.735
712.565
712.41
712.23
712.07
711.905
711.83
711.63
711.51
711.375
711.195
711.09
710.905
710.83
710.77
710.73
710.645
710.58
710.54
710.47
710.37
710.365
710.3
710.26
710.19
710.22
710.19
710.165
710.16
710.145
710.15
710.2
710.215
710.3
710.28
710.27
710.325
710.345
710.36
710.41
710.425
710.385
710.32
710.31
710.25
710.16
710.08
709.92
709.81
709.72
709.63
709.63
709.66
709.58
709.48
709.52
709.54
709.565
709.61
709.63
709.76
709.76
709.84
709.935
710.115
710.335
710.535
710.665
710.83
710.955
711.02
711.125
711.21
711.205
711.225
711.21
711.21
711.23
711.21
711.225
711.2
711.185
711.17
711.07
711.03
711.05
711.045
711.08
711.145
711.13
711.24
711.26
711.28
711.28
711.245
711.25
711.255
711.23
711.24
711.3
711.275
711.36
711.43
711.545
711.525
711.6
711.63
711.68
711.69
711.755
711.7
711.76
711.8
711.8
711.815
711.83
711.91
711.94
712.04
712.08
712.145
712.24
712.345
712.465
712.575
712.7
712.805
712.89
713.035
713.165
713.315
713.46
713.63
713.77
713.855
713.955
714.005
714.105
714.225
714.23
714.26
714.3
714.335
714.38
714.48
714.495
714.61
714.715
714.87
714.99
715.15
715.21
715.285
715.475
715.615
715.71
715.81
715.93
716.095
716.2
716.305
716.375
716.52
716.68
716.8
716.955
717.025
717.01
717.09
717.16
717.235
717.28
717.375
717.42
717.46
717.53
717.64
717.655
717.72
717.765
717.83
717.82
717.8
717.84
717.9
718.005
718.02
718.045
718.085
718.165
718.175
718.27
718.32
718.33
718.285
718.29
718.3
718.3
718.31
718.35
718.345
718.32
718.365
718.385
718.355
718.36
718.44
718.41
718.385
718.3
718.32
718.335
718.25
718.2
718.195
718.16
718.16
718.125
718.08
718.02
717.945
717.91
717.89
717.85
717.815
717.76
717.695
717.7
717.625
717.61
717.575
717.5
717.45
717.37
717.335
717.27
717.21
717.12
717.03
716.93
716.835
716.72
716.635
716.425
716.28
716.2
716.07
715.92
715.85
715.82
715.74
715.67
715.61
715.545
715.465
715.4
715.37
715.315
715.285
715.23
715.235
715.18
715.18
715.185
715.19
715.12
715.085
715.11
715.09
715.045
715.03
714.97
714.87
714.81
714.66
714.595
714.44
714.26
714.11
713.96
713.805
713.625
713.495
713.355
713.255
713.08
712.985
712.875
712.815
712.77
712.66
712.6
712.45
712.28
712.13
711.98
711.89
711.77
711.63
711.525
711.355
711.21
711.1
710.99
710.89
710.82
710.76
710.7
710.605
710.625
710.58
710.655
710.61
710.555
710.53
710.57
710.635
710.66
710.61
710.665
710.69
710.735
710.755
710.92
711.005
711.1
711.145
711.19
711.28
711.29
711.385
711.39
711.38
711.25
711.235
711.22
711.215
711.19
711.13
711.045
711.01
710.92
710.86
710.78
710.75
710.725
710.685
710.62
710.6
710.575
710.525
710.54
710.57
710.53
710.555
710.5
710.57
710.61
710.58
710.62
710.615
710.58
710.62
710.67
710.665
710.705
710.72
710.775
710.77
710.84
710.91
710.945
710.97
711.015
711
711.05
711.11
711.125
711.18
711.25
711.34
711.42
711.6
711.7
711.87
712.01
712.17
712.335
712.555
712.73
712.88
713
713.11
713.27
713.38
713.44
713.54
713.62
713.685
713.735
713.77
713.87
713.93
713.94
713.96
713.985
714.05
714.04
714.07
714.065
714.105
714.22
714.22
714.24
714.27
714.3
714.295
714.375
714.38
714.39
714.465
714.515
714.58
714.645
714.665
714.74
714.78
714.865
714.915
714.95
714.975
714.99
715.015
715.035
715.11
715.115
715.105
715.115
715.18
715.265
715.345
715.41
715.57
715.7
715.865
715.985
716.155
716.36
716.59
716.78
716.995
717.14
717.32
717.51
717.61
717.765
717.885
717.94
717.99
718.04
718.19
718.305
718.4
718.495
718.565
718.67
718.79
718.81
718.83
718.89
718.99
718.99
718.98
719.035
719.12
719.16
719.15
719.14
719.17
719.19
719.215
719.25
719.25
719.33
719.37
719.495
719.575
719.68
719.815
719.9
720.035
720.155
720.37
720.5
720.65
720.81
720.935
721.07
721.13
721.21
721.25
721.285
721.22
721.345
721.32
721.36
721.45
721.49
721.535
721.59
721.62
721.765
721.735
721.8
721.885
721.94
721.97
721.87
721.88
721.82
721.76
721.82
721.94
721.985
722.03
722.1
722.085
722.1
722.19
722.31
722.4
722.58
722.705
722.825
722.895
722.93
722.975
723.04
723
723.01
722.95
722.875
722.76
722.62
722.54
722.325
722.215
722.15
722.005
721.98
721.89
721.8
721.785
721.715
721.66
721.64
721.615
721.63
721.67
721.705
721.705
721.77
721.805
721.81
721.85
721.935
721.945
721.9
721.84
721.745
721.6
721.505
721.385
721.2
721.185
720.99
720.89
720.76
720.63
720.49
720.305
720.15
720.12
719.985
719.94
719.885
719.8
719.755
719.765
719.74
719.725
719.595
719.54
719.52
719.4
719.27
719.12
718.96
718.91
718.85
718.75
718.62
718.52
718.39
718.27
718.19
718.12
718
718.02
717.98
717.98
717.92
717.94
717.92
717.87
717.93
717.855
717.75
717.7
717.65
717.54
717.45
717.41
717.345
717.265
717.2
717.09
717
717.05
716.98
716.96
716.98
716.975
717.01
716.93
716.96
716.95
716.905
716.875
716.82
716.655
716.525
716.41
716.26
716.16
715.965
715.82
715.63
715.5
715.33
715.07
714.87
714.61
714.35
714.11
713.82
713.515
713.145
712.91
712.61
712.37
712.05
711.76
711.55
711.215
710.925
710.635
710.385
710.16
709.935
709.695
709.45
709.3
709.1
709.005
708.8
708.69
708.615
708.53
708.415
708.375
708.25
708.15
708.06
707.86
707.73
707.55
707.41
707.28
707.07
706.9
706.77
706.59
706.39
706.17
705.98
705.67
705.365
705.19
705.035
704.76
704.49
704.33
704.15
703.91
703.765
703.49
703.32
703.175
703.04
702.845
702.66
702.515
702.33
702.11
701.925
701.76
701.59
701.39
701.2
700.985
700.8
700.685
700.46
700.27
700.145
699.96
699.735
699.64
699.52
699.39
699.31
699.155
698.985
698.77
698.725
698.66
698.48
698.29
698.11
698.07
697.905
697.755
697.595
697.5
697.36
697.14
696.99
696.86
696.66
696.51
696.29
696.155
696.025
695.88
695.69
695.57
695.48
695.37
695.18
695.01
694.92
694.715
694.61
694.44
694.28
694.065
693.97
693.855
693.68
693.52
693.4
693.22
693.11
693.03
692.9
692.765
692.63
692.51
692.41
692.23
692.07
691.96
691.855
691.65
691.49
691.42
691.205
691.12
690.99
690.94
690.85
690.79
690.73
690.53
690.355
690.17
689.935
689.815
689.56
689.4
689.12
688.87
688.605
688.355
688.115
687.85
687.59
687.295
687.02
686.78
686.54
686.35
686.12
685.935
685.81
685.655
685.61
685.51
685.49
685.49
685.455
685.43
685.46
685.49
685.42
685.41
685.34
685.235
685.14
685.005
684.87
684.72
684.55
684.415
684.265
684.09
683.96
683.855
683.76
683.665
683.56
683.52
683.43
683.4
683.36
683.36
683.31
683.26
683.265
683.21
683.265
683.25
683.225
683.23
683.33
683.31
683.31
683.3
683.26
683.195
683.08
683.055
682.93
682.86
682.78
682.665
682.665
682.595
682.53
682.5
682.37
682.475
682.415
682.35
682.365
682.38
682.37
682.39
682.38
682.34
682.32
682.31
682.34
682.365
682.32
682.295
682.26
682.26
682.21
682.28
682.29
682.34
682.355
682.365
682.41
682.36
682.365
682.38
682.37
682.335
682.365
682.39
682.34
682.295
682.29
682.245
682.26
682.245
682.255
682.21
682.27
682.22
682.2
682.26
682.32
682.44
682.48
682.515
682.51
682.54
682.57
682.575
682.55
682.48
682.46
682.36
682.29
682.26
682.18
682.12
682.065
682.02
681.96
681.97
682
681.95
681.965
681.945
681.98
682.06
682.12
682.185
682.3
682.35
682.35
682.425
682.405
682.355
682.3
682.31
682.205
682.15
682.075
682
681.945
681.895
681.935
681.9
681.88
681.815
681.72
681.8
681.8
681.76
681.72
681.68
681.68
681.64
681.585
681.6
681.53
681.46
681.48
681.45
681.365
681.3
681.3
681.31
681.375
681.42
681.5
681.45
681.515
681.59
681.635
681.56
681.57
681.56
681.5
681.48
681.42
681.4
681.31
681.28
681.22
681.255
681.28
681.28
681.22
681.14
681.2
681.23
681.325
681.465
681.605
681.78
682.02
682.21
682.365
682.58
682.77
682.96
683.08
683.33
683.425
683.6
683.695
683.76
683.775
683.76
683.67
683.48
683.215
682.865
682.62
682.455
682.39
682.445
682.5
682.49
682.41
682.23
682.07
681.89
681.75
681.57
681.54
681.48
681.625
681.735
682.02
682.17
682.455
682.61
682.67
682.76
682.755
682.58
682.45
682.27
681.99
681.72
681.36
680.955
680.7
680.3
680.06
679.78
679.54
679.285
679.06
678.805
678.63
678.47
678.415
678.37
678.365
678.39
678.37
678.385
678.44
678.41
678.36
678.29
678.235
678.1
677.945
677.81
677.65
677.5
677.29
677.17
677.075
676.98
676.96
676.93
676.96
676.96
676.93
676.89
676.78
676.74
676.695
676.7
676.62
676.55
676.56
676.61
676.51
676.64
676.71
676.66
676.67
676.72
676.615
676.5
676.395
676.295
676.28
676.31
676.33
676.43
676.51
676.63
676.79
676.86
676.91
676.91
676.87
676.72
676.6
676.28
676.12
675.84
675.71
675.555
675.41
675.32
675.25
675.265
675.18
675.165
675.11
675.075
675.16
675.18
675.21
675.36
675.37
675.41
675.335
675.315
675.28
675.225
675.14
675.08
674.99
674.89
674.875
674.85
674.81
674.8
674.83
674.81
674.875
674.9
674.93
674.98
675.025
675.045
675.135
675.15
675.22
675.25
675.245
675.17
675.09
675
674.83
674.73
674.64
674.565
674.46
674.42
674.34
674.3
674.23
674.225
674.23
674.28
674.325
674.36
674.45
674.615
674.8
675.105
675.18
675.39
675.415
675.385
675.3
675.095
674.79
674.39
674.12
673.765
673.4
673.09
672.81
672.51
672.29
672.1
671.925
671.79
671.625
671.51
671.41
671.3
671.18
671.075
670.92
670.74
670.53
670.295
670.06
669.865
669.755
669.67
669.605
669.52
669.575
669.65
669.71
669.815
669.905
669.91
669.88
669.84
669.755
669.67
669.62
669.595
669.49
669.415
669.28
669.255
669.14
669.11
669.05
669.025
668.95
668.88
668.9
668.875
668.9
668.88
668.88
668.9
668.88
668.92
668.97
668.99
669.07
669.23
669.355
669.44
669.635
669.76
669.88
670.135
670.375
670.68
670.94
671.25
671.46
671.68
671.8
671.865
671.915
671.9
671.97
671.94
671.9
671.715
671.62
671.52
671.45
671.37
671.285
671.24
671.225
671.18
671.16
671.23
671.25
671.19
671.25
671.325
671.38
671.53
671.69
671.835
672.035
672.14
672.245
672.305
672.29
672.27
672.23
672.15
672.105
672.04
672.09
672.065
672.04
672.065
672.055
672.1
672.135
672.205
672.345
672.455
672.61
672.7
672.75
672.81
672.81
672.795
672.62
672.535
672.385
672.22
671.99
671.83
671.63
671.41
671.27
671.1
670.97
670.78
670.62
670.52
670.43
670.385
670.34
670.275
670.25
670.175
670.155
670.11
670.075
670.04
670.005
669.925
669.82
669.655
669.46
669.3
669.145
668.95
668.71
668.405
668.19
667.985
667.82
667.645
667.47
667.345
667.12
666.955
666.88
666.8
666.71
666.6
666.52
666.42
666.31
666.255
666.17
666.05
665.95
665.8
665.68
665.575
665.52
665.41
665.32
665.16
665.065
664.95
664.85
664.675
664.56
664.365
664.165
664.01
663.87
663.69
663.475
663.345
663.25
663.07
662.88
662.8
662.72
662.545
662.4
662.265
662.085
661.92
661.765
661.525
661.4
661.185
661.07
660.95
660.77
660.625
660.45
660.28
660.06
659.91
659.74
659.61
659.47
659.265
659.13
658.985
658.845
658.675
658.505
658.33
658.19
658.05
657.9
657.75
657.7
657.58
657.51
657.48
657.465
657.41
657.38
657.29
657.25
657.155
657.1
657.065
656.895
656.81
656.68
656.66
656.66
656.55
656.54
656.44
656.38
656.335
656.26
656.135
656.02
655.86
655.7
655.525
655.405
655.24
655.07
654.9
654.74
654.56
654.445
654.245
654.17
654.03
653.9
653.81
653.69
653.55
653.45
653.295
653.19
653.03
652.92
652.78
652.705
652.655
652.585
652.46
652.38
652.38
652.315
652.25
652.16
652.07
651.945
651.81
651.75
651.63
651.59
651.49
651.47
651.41
651.375
651.32
651.3
651.235
651.115
651.06
650.985
650.97
650.86
650.83
650.7
650.68
650.64
650.57
650.52
650.415
650.34
650.28
650.2
650.14
650.01
649.95
649.9
649.84
649.8
649.72
649.65
649.49
649.39
649.29
649.21
649.12
649.03
648.92
648.89
648.84
648.82
648.84
648.76
648.725
648.72
648.73
648.69
648.69
648.655
648.615
648.58
648.53
648.46
648.44
648.42
648.36
648.28
648.23
648.165
648.11
648.07
648.07
648.105
648.085
648.05
648.09
648.11
648.095
648.105
648.095
648.05
647.98
647.835
647.665
647.535
647.37
647.185
647.08
647.01
646.98
646.895
646.79
646.695
646.625
646.57
646.51
646.48
646.38
646.27
646.155
645.98
645.79
645.65
645.53
645.315
645.09
644.96
644.82
644.725
644.59
644.49
644.5
644.63
644.75
644.975
645.15
645.23
645.33
645.245
644.96
644.65
644.16
643.72
643.25
642.925
642.685
642.53
642.39
642.255
642.21
642.09
642.02
641.95
641.89
641.785
641.685
641.6
641.45
641.365
641.15
641.04
640.99
640.91
640.86
640.84
640.79
640.735
640.75
640.75
640.68
640.63
640.595
640.55
640.55
640.48
640.47
640.47
640.47
640.51
640.5
640.55
640.55
640.54
640.55
640.56
640.565
640.55
640.535
640.505
640.51
640.525
640.55
640.57
640.55
640.555
640.57
640.51
640.51
640.45
640.36
640.27
640.16
640.1
639.995
639.89
639.84
639.795
639.84
639.79
639.82
639.825
639.86
639.86
639.795
639.75
639.62
639.56
639.38
639.19
639.115
638.99
638.83
638.65
638.435
638.24
638.06
637.905
637.74
637.58
637.47
637.35
637.29
637.195
637.14
637.025
636.93
636.81
636.6
636.4
636.28
636.15
636.01
635.87
635.76
635.63
635.495
635.41
635.285
635.165
635.015
634.94
634.84
634.81
634.7
634.68
634.69
634.68
634.7
634.625
634.59
634.53
634.445
634.31
634.125
633.89
633.64
633.325
632.93
632.62
632.25
631.875
631.515
631.26
630.98
630.735
630.55
630.34
630.01
629.86
629.74
629.55
629.43
629.42
629.33
629.32
629.245
629.21
629.1
628.97
628.84
628.62
628.435
628.2
628.015
627.83
627.695
627.53
627.4
627.275
627.14
627.035
626.92
626.82
626.74
626.66
626.55
626.47
626.395
626.27
626.13
626.04
625.91
625.785
625.65
625.54
625.415
625.33
625.2
625.05
624.95
624.82
624.705
624.5
624.315
624.14
623.92
623.72
623.465
623.31
623.185
623.05
622.9
622.78
622.64
622.47
622.285
622.16
622.04
621.84
621.615
621.34
621.115
620.955
620.755
620.53
620.32
620.125
619.91
619.75
619.585
619.45
619.25
619.02
618.8
618.565
618.26
618.01
617.805
617.495
617.23
616.92
616.67
616.42
616.18
615.85
615.61
615.415
615.21
615.02
614.8
614.555
614.41
614.225
614.05
613.92
613.77
613.605
613.425
613.25
613.095
612.91
612.71
612.51
612.305
612.12
611.95
611.745
611.58
611.41
611.25
611.055
610.955
610.855
610.75
610.63
610.53
610.39
610.39
610.27
610.13
609.945
609.785
609.59
609.435
609.28
609.17
609.01
608.88
608.71
608.56
608.48
608.39
608.235
608.16
608.04
607.94
607.85
607.77
607.64
607.635
607.65
607.56
607.49
607.42
607.42
607.36
607.36
607.31
607.34
607.31
607.31
607.32
607.25
607.25
607.27
607.27
607.25
607.23
607.2
607.105
607.05
607
606.91
606.83
606.74
606.65
606.59
606.47
606.39
606.32
606.26
606.18
606.11
606.03
605.98
605.94
605.905
605.88
605.79
605.705
605.61
605.56
605.32
605.155
605.05
604.85
604.75
604.63
604.585
604.52
604.425
604.44
604.475
604.5
604.5
604.5
604.485
604.425
604.4
604.38
604.34
604.28
604.21
604.15
604.13
604.09
604
603.96
603.88
603.84
603.79
603.735
603.66
603.56
603.55
603.5
603.45
603.41
603.35
603.26
603.21
603.16
603.1
603.045
602.89
602.9
602.79
602.73
602.68
602.5
602.44
602.38
602.295
602.23
602.17
602.06
601.985
601.94
601.91
601.81
601.745
601.715
601.69
601.69
601.71
601.685
601.63
601.59
601.545
601.55
601.48
601.43
601.37
601.29
601.215
601.13
601.01
600.9
600.84
600.76
600.74
600.7
600.725
600.7
600.69
600.655
600.635
600.63
600.63
600.61
600.54
600.505
600.505
600.515
600.505
600.35
600.315
600.285
600.24
600.195
600.09
600.01
599.95
599.83
599.735
599.665
599.57
599.44
599.35
599.2
599.13
599.03
598.95
598.91
598.86
598.77
598.75
598.7
598.65
598.655
598.6
598.545
598.425
598.4
598.33
598.26
598.16
598.04
597.87
597.68
597.43
597.13
596.81
596.49
596.235
596.04
595.865
595.655
595.52
595.44
595.37
595.34
595.27
595.18
595.12
595.08
595
594.92
594.805
594.71
594.59
594.47
594.37
594.3
594.17
594.05
593.93
593.81
593.7
593.585
593.5
593.4
593.32
593.215
593.11
593.01
592.9
592.795
592.725
592.69
592.58
592.48
592.395
592.31
592.21
592.13
592.075
592.065
592.01
591.99
591.965
591.93
591.97
591.97
591.87
591.85
591.775
591.71
591.61
591.57
591.45
591.37
591.2
591.03
590.915
590.79
590.66
590.54
590.41
590.3
590.2
590.11
590.07
590.01
589.93
589.9
589.84
589.8
589.72
589.64
589.56
589.495
589.42
589.34
589.235
589.1
588.98
588.935
588.89
588.77
588.66
588.585
588.53
588.49
588.49
588.43
588.355
588.28
588.275
588.25
588.25
588.25
588.28
588.36
588.45
588.48
588.6
588.73
588.81
588.875
588.895
588.91
588.91
588.915
588.93
588.88
588.77
588.72
588.58
588.45
588.33
588.125
587.995
587.8
587.61
587.48
587.29
587.15
587.025
586.83
586.705
586.59
586.435
586.35
586.21
586.09
585.93
585.805
585.7
585.57
585.47
585.3
585.27
585.155
585.1
585.04
584.97
584.89
584.81
584.76
584.7
584.66
584.58
584.535
584.51
584.49
584.4
584.32
584.235
584.17
584.085
583.98
583.865
583.79
583.735
583.63
583.58
583.51
583.39
583.31
583.265
583.21
583.13
583.1
583.05
583.06
583.05
583.04
583.03
583.03
583.01
582.97
582.97
582.92
582.93
582.92
582.945
582.95
582.95
582.97
582.97
582.95
582.92
582.915
582.905
582.875
582.85
582.8
582.7
582.64
582.55
582.44
582.32
582.22
582.13
582.02
581.975
581.88
581.72
581.59
581.51
581.41
581.33
581.27
581.17
581.12
581.035
580.99
580.945
580.84
580.82
580.79
580.775
580.715
580.68
580.56
580.52
580.445
580.325
580.22
580.07
579.965
579.885
579.78
579.695
579.62
579.495
579.415
579.29
579.17
579.135
579.02
578.945
578.82
578.665
578.525
578.355
578.17
577.975
577.86
577.69
577.52
577.37
577.265
577.11
577
576.895
576.76
576.68
576.59
576.495
576.38
576.285
576.185
576.07
575.97
575.87
575.84
575.72
575.615
575.57
575.51
575.4
575.4
575.375
575.34
575.31
575.22
575.2
575.195
575.2
575.18
575.095
574.98
574.92
574.82
574.685
574.59
574.48
574.33
574.23
574.17
574.09
574.01
573.945
573.87
573.805
573.77
573.73
573.62
573.56
573.53
573.5
573.45
573.41
573.38
573.32
573.26
573.27
573.22
573.21
573.2
573.16
573.12
573.12
573.085
573.08
573.06
573.03
572.98
572.985
572.93
572.89
572.835
572.8
572.795
572.82
572.8
572.745
572.76
572.72
572.68
572.69
572.62
572.525
572.47
572.4
572.33
572.24
572.14
572.09
572.03
571.92
571.835
571.75
571.74
571.68
571.62
571.58
571.51
571.43
571.375
571.28
571.21
571.16
571.12
571.03
570.91
570.89
570.81
570.765
570.61
570.57
570.47
570.38
570.32
570.23
570.15
570.08
570.035
570.015
569.92
569.83
569.76
569.725
569.74
569.72
569.68
569.67
569.58
569.52
569.49
569.42
569.35
569.275
569.16
569.09
568.955
568.89
568.815
568.71
568.55
568.495
568.46
568.4
568.33
568.25
568.21
568.165
568.12
568.06
568.005
567.86
567.815
567.8
567.725
567.69
567.585
567.5
567.465
567.4
567.33
567.26
567.22
567.11
567.05
566.94
566.81
566.665
566.575
566.45
566.4
566.34
566.24
566.14
566.115
566.075
566
565.885
565.81
565.81
565.84
565.79
565.77
565.76
565.77
565.8
565.86
565.9
565.9
565.88
565.875
565.805
565.73
565.62
565.5
565.35
565.13
564.945
564.8
564.74
564.615
564.445
564.33
564.285
564.215
564.175
564.115
564.115
564.03
563.98
563.98
563.9
563.87
563.87
563.9
563.96
564
564.04
564.045
564.06
564.05
564
564
564.02
564.03
564.01
563.89
563.91
563.82
563.74
563.585
563.4
563.305
563.245
563.13
563.01
562.935
562.84
562.81
562.8
562.74
562.68
562.615
562.53
562.49
562.39
562.33
562.29
562.205
562.17
562.16
562.09
562.08
562.02
561.91
561.82
561.74
561.69
561.61
561.42
561.31
561.175
560.99
560.88
560.77
560.625
560.445
560.36
560.28
560.245
560.22
560.16
560.175
560.24
560.26
560.265
560.25
560.29
560.35
560.37
560.37
560.43
560.43
560.43
560.41
560.37
560.345
560.39
560.34
560.28
560.24
560.33
560.31
560.36
560.35
560.28
560.195
560.205
560.23
560.2
560.14
560.025
559.89
559.885
559.9
559.815
559.775
559.685
559.59
559.57
559.51
559.48
559.425
559.38
559.28
559.24
559.195
559.25
559.19
559.16
559.085
559.08
559.075
559.04
559.045
559.08
559
559.03
559.04
558.99
558.93
558.86
558.835
558.83
558.805
558.75
558.67
558.68
558.66
558.65
558.66
558.63
558.6
558.53
558.55
558.505
558.49
558.45
558.35
558.355
558.29
558.24
558.26
558.22
558.18
558.12
558.065
558.06
558.03
558.045
558.055
558.09
558.05
558.085
558.14
558.14
558.11
558.09
558.05
558.02
557.97
557.93
557.92
557.905
557.87
557.8
557.84
557.83
557.75
557.68
557.64
557.57
557.555
557.5
557.375
557.35
557.36
557.31
557.295
557.25
557.2
557.09
557.07
557.07
557.01
556.935
556.89
556.82
556.82
556.78
556.735
556.715
556.635
556.52
556.56
556.47
556.46
556.43
556.39
556.34
556.3
556.34
556.34
556.32
556.23
556.175
556.175
556.22
556.26
556.26
556.33
556.34
556.375
556.435
556.48
556.49
556.46
556.41
556.47
556.53
556.54
556.57
556.57
556.55
556.43
556.41
556.365
556.36
556.305
556.23
556.165
556.075
555.99
555.91
555.77
555.625
555.58
555.47
555.355
555.33
555.28
555.23
555.19
555.12
555.035
555.12
555.14
555.085
554.98
554.95
554.915
554.91
554.815
554.73
554.695
554.67
554.62
554.575
554.49
554.38
554.35
554.31
554.28
554.24
554.22
554.14
554.15
554.09
554.055
554.035
553.995
553.925
553.86
553.84
553.81
553.72
553.68
553.665
553.6
553.5
553.47
553.44
553.39
553.33
553.295
553.21
553.19
553.17
553.13
553.07
553.035
553
552.97
552.95
552.97
552.955
552.905
552.88
552.845
552.885
552.82
552.82
552.825
552.79
552.72
552.65
552.65
552.63
552.6
552.56
552.555
552.505
552.45
552.43
552.385
552.385
552.3
552.265
552.17
552.145
552.1
552.02
551.99
551.955
551.925
551.95
551.9
551.85
551.79
551.74
551.71
551.655
551.63
551.54
551.505
551.455
551.34
551.23
551.12
550.985
550.81
550.675
550.565
550.52
550.42
550.31
550.17
550.185
550.06
550.015
549.95
549.89
549.79
549.72
549.62
549.63
549.57
549.57
549.51
549.5
549.45
549.45
549.4
549.36
549.325
549.35
549.32
549.23
549.22
549.21
549.11
549
548.91
548.89
548.88
548.86
548.82
548.78
548.765
548.7
548.645
548.59
548.57
548.495
548.48
548.435
548.39
548.42
548.38
548.3
548.235
548.15
548.085
548.085
548.04
547.97
547.89
547.85
547.8
547.76
547.72
547.69
547.66
547.68
547.64
547.59
547.57
547.61
547.59
547.545
547.52
547.52
547.46
547.4
547.355
547.28
547.19
547.11
547.065
546.97
546.86
546.75
546.66
546.58
546.55
546.46
546.28
546.205
546.165
546.08
545.995
545.93
545.85
545.82
545.79
545.75
545.62
545.52
545.45
545.35
545.26
545.12
545.07
544.99
544.925
544.86
544.78
544.64
544.47
544.38
544.255
544.2
544.145
544.165
544.17
544.3
544.37
544.47
544.58
544.64
544.64
544.58
544.505
544.32
544.09
543.915
543.72
543.52
543.3
543.205
543.03
542.785
542.66
542.455
542.36
542.23
542.08
541.96
541.865
541.81
541.735
541.68
541.59
541.535
541.43
541.4
541.3
541.235
541.09
540.95
540.875
540.815
540.67
540.57
540.46
540.395
540.37
540.3
540.225
540.1
539.95
539.885
539.88
539.83
539.8
539.675
539.55
539.46
539.4
539.32
539.25
539.14
539.015
538.93
538.82
538.695
538.58
538.49
538.36
538.24
538.085
537.99
537.88
537.72
537.555
537.44
537.31
537.23
537.065
536.94
536.87
536.78
536.67
536.53
536.405
536.3
536.18
536.12
535.99
535.845
535.735
535.58
535.44
535.35
535.26
535.15
535.04
534.93
534.77
534.68
534.585
534.47
534.36
534.25
534.145
534.09
534.01
533.9
533.79
533.66
533.605
533.505
533.47
533.4
533.33
533.26
533.24
533.19
533.17
533.16
533.12
533.08
532.955
532.87
532.84
532.84
532.8
532.76
532.71
532.715
532.63
532.6
532.55
532.54
532.475
532.415
532.37
532.42
532.325
532.25
532.18
532.27
532.365
532.29
532.19
532.12
532.17
532.115
532.06
532.025
532
531.98
531.96
531.94
531.94
531.92
531.955
531.885
531.87
531.91
531.905
531.85
531.83
531.81
531.81
531.76
531.78
531.8
531.78
531.72
531.74
531.805
531.82
531.805
531.77
531.755
531.76
531.755
531.665
531.625
531.62
531.56
531.54
531.54
531.49
531.51
531.495
531.43
531.45
531.38
531.39
531.375
531.32
531.34
531.28
531.28
531.27
531.24
531.265
531.28
531.325
531.385
531.41
531.38
531.39
531.42
531.47
531.525
531.515
531.56
531.58
531.585
531.59
531.64
531.6
531.64
531.65
531.66
531.57
531.58
531.54
531.49
531.41
531.4
531.375
531.425
531.38
531.42
531.355
531.3
531.3
531.255
531.28
531.29
531.225
531.185
531.23
531.205
531.24
531.245
531.28
531.26
531.3
531.32
531.325
531.29
531.29
531.28
531.31
531.33
531.345
531.36
531.36
531.31
531.28
531.3
531.295
531.3
531.305
531.33
531.3
531.25
531.22
531.18
531.14
531.105
531.075
531.08
531.05
531.04
531.03
531.03
531.03
531.03
531.03
531.05
531.06
531.05
531.03
531.04
531.015
531.01
531
531.055
531.08
531.065
531.08
531.075
531.105
531.05
531.03
530.92
530.89
530.865
530.82
530.82
530.78
530.775
530.76
530.74
530.76
530.74
530.705
530.675
530.64
530.655
530.635
530.625
530.57
530.51
530.45
530.385
530.33
530.31
530.26
530.2
530.2
530.15
530.1
530.105
530.1
530.04
529.98
529.92
529.87
529.85
529.87
529.83
529.76
529.715
529.74
529.75
529.75
529.76
529.72
529.63
529.58
529.53
529.53
529.44
529.395
529.38
529.36
529.29
529.23
529.13
529.025
528.94
528.88
528.86
528.78
528.745
528.655
528.58
528.46
528.37
528.315
528.24
528.1
527.995
527.94
527.79
527.73
527.59
527.51
527.41
527.27
527.155
527.01
526.9
526.675
526.57
526.46
526.365
526.205
526.025
525.87
525.86
525.69
525.53
525.41
525.32
525.24
525.1
524.95
524.86
524.76
524.65
524.55
524.425
524.28
524.19
524.13
524.02
523.96
523.86
523.77
523.69
523.57
523.47
523.38
523.28
523.235
523.15
523.055
522.95
522.895
522.825
522.74
522.56
522.4
522.23
522.1
522.01
521.91
521.77
521.665
521.49
521.37
521.19
521.055
520.95
520.83
520.67
520.55
520.33
520.25
520.15
520.065
519.93
519.81
519.66
519.53
519.36
519.25
519.18
519.04
518.93
518.85
518.725
518.59
518.485
518.39
518.25
518.11
517.93
517.73
517.54
517.4
517.235
517.08
516.96
516.84
516.68
516.49
516.335
516.22
516.135
515.94
515.86
515.74
515.62
515.45
515.29
515.22
515.04
514.9
514.73
514.61
514.5
514.36
514.22
514.075
513.93
513.76
513.56
513.37
513.28
513.14
513.02
512.87
512.73
512.56
512.4
512.31
512.23
512.07
511.94
511.825
511.66
511.55
511.465
511.37
511.27
511.1
510.97
510.825
510.68
510.515
510.38
510.21
510.06
509.9
509.8
509.6
509.45
509.28
509.1
508.94
508.775
508.6
508.335
508.13
507.935
507.75
507.59
507.38
507.17
506.94
506.805
506.6
506.42
506.275
506.03
505.87
505.71
505.535
505.37
505.12
504.99
504.8
504.64
504.48
504.34
504.205
504.06
503.83
503.66
503.47
503.355
503.2
503.03
502.875
502.73
502.55
502.4
502.28
502.06
501.95
501.81
501.66
501.545
501.34
501.2
501.06
500.855
500.69
500.53
500.36
500.22
500.1
499.95
499.75
499.59
499.46
499.31
499.145
499
498.88
498.76
498.635
498.515
498.36
498.26
498.11
497.94
497.83
497.76
497.645
497.53
497.43
497.295
497.145
497.04
496.89
496.8
496.72
496.61
496.48
496.39
496.18
496.05
495.92
495.84
495.755
495.64
495.575
495.51
495.45
495.38
495.275
495.22
495.04
494.96
494.82
494.765
494.71
494.61
494.54
494.47
494.39
494.285
494.22
494.15
494
493.935
493.825
493.72
493.66
493.56
493.42
493.33
493.28
493.19
493.1
493.03
492.96
492.91
492.79
492.73
492.67
492.6
492.55
492.53
492.43
492.3
492.2
492.15
492.13
492.11
492.025
491.965
491.9
491.855
491.78
491.71
491.63
491.54
491.48
491.48
491.42
491.32
491.24
491.2
491.14
491.09
491.06
490.99
490.98
490.97
490.93
490.92
490.885
490.83
490.77
490.735
490.69
490.66
490.6
490.62
490.62
490.56
490.51
490.49
490.46
490.505
490.485
490.45
490.47
490.47
490.42
490.375
490.34
490.325
490.34
490.3
490.295
490.3
490.26
490.24
490.21
490.205
490.18
490.16
490.14
490.1
490.08
490.09
490.085
490.12
490.135
490.16
490.21
490.21
490.22
490.215
490.22
490.22
490.23
490.22
490.18
490.16
490.21
490.24
490.28
490.32
490.36
490.38
490.38
490.34
490.4
490.47
490.515
490.55
490.555
490.57
490.57
490.61
490.65
490.68
490.7
490.7
490.72
490.775
490.82
490.83
490.88
490.88
490.91
490.96
490.99
491.04
491.095
491.13
491.185
491.21
491.285
491.31
491.37
491.39
491.46
491.55
491.555
491.54
491.64
491.7
491.78
491.85
491.89
491.93
491.99
492.06
492.07
492.11
492.1
492.26
492.225
492.2
492.26
492.34
492.38
492.44
492.52
492.575
492.66
492.76
492.83
492.92
493.005
493.17
493.23
493.31
493.4
493.53
493.675
493.71
493.79
493.88
493.94
494.01
494.05
494.11
494.165
494.26
494.38
494.46
494.53
494.62
494.765
494.87
494.95
495.05
495.155
495.285
495.385
495.49
495.65
495.81
495.96
496.07
496.19
496.32
496.45
496.6
496.72
496.87
496.99
497.11
497.245
497.4
497.57
497.695
497.83
497.98
498.115
498.28
498.45
498.62
498.755
498.925
499.115
499.29
499.46
499.64
499.81
500.02
500.15
500.285
500.57
500.755
500.92
501.055
501.26
501.435
501.58
501.81
501.98
502.13
502.3
502.46
502.65
502.81
503.03
503.185
503.375
503.6
503.8
503.97
504.14
504.3
504.44
504.64
504.78
504.96
505.09
505.255
505.43
505.615
505.81
505.97
506.17
506.34
506.555
506.77
506.985
507.22
507.43
507.6
507.87
508.075
508.28
508.485
508.74
508.89
509.16
509.41
509.52
509.835
510.12
510.4
510.61
510.89
511.13
511.365
511.67
511.85
512.09
512.32
512.545
512.77
513.01
513.235
513.385
513.56
513.77
514.03
514.22
514.44
514.66
514.9
515.18
515.395
515.65
515.89
516.125
516.39
516.69
516.935
517.225
517.44
517.72
518.03
518.26
518.53
518.765
519.01
519.26
519.51
519.77
520.04
520.27
520.55
520.825
521.025
521.26
521.54
521.84
522.13
522.285
522.55
522.81
523.15
523.435
523.67
523.94
524.22
524.48
524.77
525.08
525.32
525.61
525.965
526.285
526.61
526.955
527.38
527.755
528.115
528.55
528.955
529.35
529.77
530.18
530.53
530.9
531.18
531.4
531.65
531.92
532.18
532.46
532.77
533.17
533.585
533.96
534.305
534.61
535
535.355
535.75
536.105
536.4
536.715
536.99
537.28
537.525
537.825
538.08
538.36
538.705
539.01
539.35
539.66
539.965
540.34
540.645
540.97
541.305
541.615
541.99
542.275
542.58
542.75
543.02
543.27
543.515
543.73
543.96
544.2
544.405
544.66
544.92
545.17
545.48
545.73
545.99
546.235
546.45
546.7
546.94
547.16
547.42
547.69
547.965
548.24
548.53
548.78
549.025
549.3
549.55
549.77
550.01
550.26
550.56
550.81
551.145
551.375
551.63
551.84
552.11
552.315
552.53
552.73
552.94
553.14
553.38
553.57
553.75
553.905
554.07
554.19
554.34
554.57
554.76
554.95
555.16
555.34
555.52
555.695
555.85
556.06
556.29
556.45
556.68
556.86
557.05
557.3
557.525
557.76
558.01
558.21
558.35
558.555
558.79
558.955
559.2
559.345
559.51
559.71
559.86
559.97
560.08
560.22
560.36
560.52
560.715
560.89
560.9
561.135
561.255
561.335
561.42
561.63
561.86
562.08
562.26
562.43
562.59
562.755
562.91
563.11
563.27
563.45
563.605
563.74
563.9
563.99
564.09
564.325
564.52
564.675
564.88
565.12
565.35
565.51
565.78
566
566.26
566.47
566.735
566.99
567.27
567.56
567.86
568.11
568.425
568.73
569.01
569.29
569.5
569.655
569.8
569.945
570.05
570.14
570.26
570.35
570.39
570.36
570.35
570.44
570.54
570.63
570.675
570.77
570.89
570.95
571.06
571.16
571.25
571.37
571.5
571.59
571.65
571.745
571.82
571.86
571.955
572.005
572.03
572.05
572.01
572.07
572.09
572.14
572.22
572.26
572.34
572.39
572.47
572.585
572.64
572.665
572.73
572.84
572.935
572.97
573.17
573.26
573.37
573.44
573.52
573.585
573.72
573.78
573.875
573.9
573.99
574.035
574.11
574.17
574.275
574.4
574.485
574.57
574.76
574.86
575
575.09
575.2
575.28
575.36
575.52
575.72
575.84
575.95
576.04
576.175
576.295
576.315
576.37
576.45
576.51
576.54
576.63
576.79
576.88
576.99
577.085
577.23
577.34
577.46
577.56
577.73
577.83
577.95
578.105
578.32
578.455
578.55
578.635
578.795
578.82
578.83
578.855
578.85
578.77
578.75
578.63
578.6
578.615
578.61
578.62
578.665
578.695
578.77
578.83
578.93
579.04
579.09
579.13
579.16
579.195
579.17
579.24
579.32
579.3
579.31
579.32
579.35
579.385
579.47
579.54
579.59
579.635
579.68
579.72
579.78
579.87
579.97
580.025
580.11
580.16
580.27
580.34
580.38
580.46
580.53
580.62
580.63
580.7
580.75
580.81
580.85
580.885
580.93
581.02
581.1
581.155
581.21
581.23
581.27
581.27
581.34
581.43
581.465
581.5
581.51
581.59
581.61
581.67
581.67
581.69
581.775
581.8
581.91
582.01
582.14
582.2
582.295
582.42
582.55
582.675
582.81
582.9
583.04
583.145
583.19
583.22
583.25
583.27
583.25
583.2
583.18
583.245
583.3
583.36
583.385
583.44
583.545
583.61
583.61
583.68
583.74
583.77
583.725
583.725
583.71
583.68
583.72
583.75
583.76
583.79
583.835
583.85
583.825
583.81
583.755
583.62
583.47
583.38
583.36
583.3
583.25
583.17
583.11
583.1
583.1
583.11
583.13
583.09
583.085
583.08
583.155
583.19
583.19
583.17
583.26
583.3
583.315
583.42
583.525
583.56
583.57
583.75
583.89
583.98
584.075
584.18
584.24
584.29
584.365
584.395
584.47
584.505
584.56
584.605
584.645
584.61
584.58
584.58
584.56
584.565
584.56
584.54
584.54
584.52
584.48
584.52
584.56
584.58
584.615
584.65
584.61
584.615
584.675
584.76
584.86
584.915
584.97
585.1
585.145
585.21
585.29
585.31
585.32
585.4
585.54
585.59
585.685
585.71
585.68
585.765
585.875
585.985
585.99
586.08
586.14
586.27
586.305
586.43
586.43
586.45
586.45
586.59
586.69
586.78
586.78
586.895
586.98
587.02
587.1
587.17
587.24
587.31
587.325
587.31
587.26
587.235
587.21
587.21
587.25
587.225
587.21
587.22
587.21
587.3
587.23
587.21
587.19
587.19
587.21
587.21
587.18
587.17
587.17
587.21
587.22
587.29
587.325
587.38
587.38
587.4
587.47
587.57
587.59
587.595
587.575
587.59
587.57
587.46
587.32
587.17
587.04
586.86
586.725
586.665
586.6
586.59
586.485
586.45
586.33
586.34
586.33
586.385
586.41
586.495
586.51
586.52
586.44
586.35
586.24
586.2
586.13
585.97
585.81
585.645
585.525
585.4
585.285
585.14
585.075
585.01
584.86
584.79
584.78
584.69
584.63
584.61
584.555
584.51
584.46
584.35
584.22
584.07
583.89
583.76
583.58
583.425
583.26
583.085
582.88
582.71
582.435
582.085
581.79
581.56
581.33
581.16
580.97
580.83
580.59
580.385
580.21
580.06
579.88
579.79
579.68
579.485
579.33
579.2
579.015
578.91
578.8
578.61
578.475
578.4
578.355
578.28
578.13
577.98
577.88
577.79
577.72
577.62
577.5
577.36
577.25
577.1
577.03
576.93
576.82
576.75
576.69
576.68
576.65
576.65
576.695
576.69
576.62
576.65
576.56
576.58
576.62
576.67
576.65
576.475
576.52
576.46
576.54
576.48
576.42
576.41
576.405
576.4
576.43
576.495
576.54
576.58
576.62
576.61
576.65
576.67
576.705
576.67
576.72
576.75
576.81
576.87
576.79
576.76
576.75
576.75
576.71
576.8
576.81
576.83
576.84
576.79
576.78
576.83
576.86
576.91
576.97
577.02
577.12
577.23
577.39
577.6
577.79
577.94
578.12
578.37
578.56
578.74
578.97
579.215
579.33
579.4
579.445
579.395
579.25
579.14
579.08
578.99
578.93
578.85
578.87
578.93
579.09
579.24
579.4
579.52
579.63
579.81
579.96
580.055
580.17
580.22
580.205
580.19
580.14
580.13
580.14
580.21
580.31
580.45
580.6
580.725
580.91
581.23
581.395
581.52
581.6
581.63
581.61
581.63
581.6
581.56
581.52
581.46
581.41
581.36
581.31
581.26
581.21
581.22
581.255
581.39
581.525
581.6
581.78
582.01
582.13
582.29
582.47
582.52
582.63
582.61
582.56
582.37
582.26
582.15
581.995
581.97
581.97
581.955
581.96
582
582.09
582.15
582.255
582.3
582.36
582.43
582.47
582.52
582.59
582.545
582.48
582.41
582.355
582.32
582.375
582.35
582.28
582.19
582.14
582.08
582.06
582.06
581.98
581.95
581.96
582.065
582.165
582.255
582.36
582.475
582.58
582.7
582.78
582.895
582.97
583.05
583.165
583.27
583.31
583.42
583.49
583.615
583.68
583.81
583.91
583.995
584.13
584.25
584.41
584.5
584.55
584.665
584.78
584.94
585.05
585.18
585.26
585.37
585.535
585.79
585.87
586.095
586.31
586.425
586.57
586.65
586.73
586.74
586.77
586.82
586.89
586.97
587.06
587.09
587.18
587.3
587.45
587.565
587.74
587.85
587.93
588.04
588.07
588.12
588.145
588.2
588.26
588.28
588.26
588.26
588.31
588.37
588.435
588.47
588.53
588.67
588.765
588.88
588.99
589.1
589.23
589.385
589.505
589.57
589.625
589.7
589.84
589.91
590.025
590.22
590.305
590.375
590.45
590.43
590.435
590.46
590.45
590.45
590.475
590.475
590.57
590.6
590.745
590.825
591.04
591.235
591.46
591.6
591.75
591.94
592.08
592.24
592.33
592.52
592.725
592.89
593
593.095
593.255
593.32
593.51
593.64
593.76
593.83
593.92
594.07
594.185
594.34
594.51
594.735
594.955
595.295
595.7
596.11
596.45
596.815
597.09
597.295
597.46
597.725
597.97
598.185
598.5
598.68
598.815
598.98
599.195
599.35
599.55
599.85
600.075
600.27
600.45
600.69
600.96
601.14
601.34
601.58
601.74
601.975
602.145
602.255
602.36
602.49
602.63
602.75
602.97
603.08
603.19
603.275
603.34
603.405
603.525
603.575
603.67
603.79
603.96
604.095
604.24
604.43
604.52
604.65
604.77
605.005
605.21
605.37
605.61
605.82
606.03
606.205
606.35
606.49
606.61
606.88
607.06
607.275
607.46
607.665
607.81
608.03
608.21
608.35
608.46
608.54
608.63
608.77
608.88
608.995
609
609.085
609.19
609.34
609.48
609.65
609.84
610.025
610.23
610.465
610.68
610.87
611.08
611.295
611.5
611.67
611.87
612.065
612.24
612.535
612.755
613.01
613.24
613.38
613.52
613.625
613.78
613.86
613.86
613.84
613.86
613.95
614.07
614.26
614.395
614.555
614.74
614.96
615.13
615.26
615.38
615.48
615.535
615.59
615.59
615.65
615.69
615.69
615.71
615.66
615.66
615.66
615.655
615.71
615.74
615.81
615.88
615.87
615.92
615.86
615.77
615.69
615.53
615.48
615.38
615.275
615.165
615.04
614.95
614.83
614.76
614.66
614.66
614.62
614.62
614.62
614.7
614.71
614.72
614.74
614.785
614.84
614.99
615.04
615.14
615.25
615.37
615.4
615.48
615.57
615.76
615.9
615.97
616.07
616.13
616.2
616.355
616.42
616.54
616.65
616.84
617.01
617.13
617.2
617.315
617.42
617.585
617.73
617.905
618.095
618.24
618.37
618.55
618.74
618.885
619.05
619.265
619.525
619.785
619.97
620.15
620.4
620.575
620.905
621.14
621.36
621.55
621.75
621.98
622.19
622.42
622.66
622.91
623.18
623.395
623.62
623.82
624.06
624.23
624.33
624.47
624.57
624.74
624.9
625.14
625.36
625.705
626.005
626.36
626.68
627.055
627.5
627.845
628.245
628.56
628.84
629.225
629.485
629.7
629.8
630.03
630.305
630.59
630.91
631.17
631.46
631.72
632.03
632.27
632.455
632.55
632.67
632.785
632.93
633.06
633.185
633.14
633.275
633.425
633.5
633.54
633.65
633.795
633.995
634.235
634.46
634.69
635.23
635.745
636.23
636.705
637.18
637.705
638.175
638.49
638.68
638.7
638.79
638.86
638.93
639.075
639.18
639.31
639.47
639.63
639.8
640.07
640.345
640.48
640.66
640.8
640.91
641.005
641.07
641.13
641.23
641.28
641.26
641.315
641.385
641.45
641.54
641.735
641.83
641.95
642.1
642.23
642.415
642.55
642.65
642.835
643.075
643.33
643.59
643.815
644.01
644.25
644.555
644.735
644.915
645.11
645.225
645.34
645.51
645.66
645.835
646
646.15
646.32
646.51
646.735
646.85
646.93
646.93
646.97
647.09
647.24
647.325
647.355
647.405
647.475
647.54
647.64
647.69
647.805
647.98
648.07
648.12
648.23
648.235
648.29
648.31
648.315
648.445
648.49
648.54
648.63
648.73
648.83
648.91
648.91
649
649.135
649.125
649.13
649.12
649.005
648.85
648.72
648.56
648.39
648.2
648.05
647.84
647.62
647.365
647.2
647.05
646.865
646.665
646.45
646.28
646.15
645.96
645.85
645.77
645.65
645.54
645.415
645.2
644.975
644.79
644.71
644.64
644.49
644.395
644.29
644.175
644.155
644.05
643.94
643.855
643.81
643.7
643.605
643.535
643.335
643.23
643.405
643.67
643.85
644
644.25
644.445
644.66
644.82
645.03
645.1
645.1
645.06
645.01
645.05
645.08
645.19
645.22
645.28
645.39
645.5
645.62
645.775
645.875
645.98
646.17
646.34
646.48
646.73
646.96
647.16
647.35
647.575
647.75
647.965
648.285
648.475
648.63
648.835
649.01
649.14
649.31
649.515
649.76
649.87
649.99
650.15
650.34
650.44
650.61
650.775
650.855
650.88
650.995
651.11
651.17
651.27
651.4
651.56
651.65
651.745
651.895
652
652.14
652.31
652.51
652.76
652.965
653.11
653.29
653.58
653.845
654
654.24
654.46
654.67
654.835
655.035
655.265
655.56
655.805
655.985
656.275
656.49
656.71
657.005
657.23
657.43
657.71
657.95
658.265
658.53
658.69
658.955
659.27
659.545
659.88
660.13
660.35
660.57
660.81
661
661.22
661.455
661.685
661.93
662.13
662.4
662.69
662.975
663.22
663.475
663.76
664.055
664.34
664.53
664.74
665.02
665.29
665.53
665.78
666.01
666.235
666.52
666.795
667.06
667.275
667.46
667.68
667.86
668.06
668.35
668.575
668.8
668.97
669.19
669.4
669.66
669.865
670.06
670.27
670.5
670.765
670.99
671.17
671.42
671.7
671.925
672.205
672.46
672.72
672.86
673.085
673.37
673.57
673.865
674.18
674.45
674.68
674.91
675.15
675.37
675.545
675.7
675.97
676.22
676.565
676.89
677.145
677.41
677.645
677.93
678.26
678.63
679.005
679.285
679.59
679.925
680.16
680.44
680.77
681.1
681.49
681.9
682.21
682.535
682.78
683.08
683.32
683.51
683.72
683.965
684.125
684.2
684.435
684.67
684.88
685.005
685.13
685.29
685.475
685.74
686.01
686.285
686.48
686.685
686.905
687.12
687.405
687.65
687.93
688.16
688.395
688.59
688.75
689.005
689.315
689.56
689.82
689.995
690.185
690.435
690.67
690.99
691.27
691.61
691.9
692.205
692.53
692.78
693.21
693.58
693.99
694.445
694.86
695.25
695.64
696.05
696.42
696.865
697.275
697.64
697.96
698.225
698.44
698.7
698.89
699.08
699.21
699.32
699.54
699.74
699.96
700.155
700.325
700.59
700.8
700.995
701.245
701.555
701.92
702.3
702.645
702.98
703.23
703.57
703.885
704.18
704.535
704.84
705.145
705.42
705.69
705.93
706.175
706.39
706.51
706.665
706.845
706.99
707.185
707.4
707.65
707.885
708.08
708.275
708.68
709
709.23
709.445
709.62
709.925
710.215
710.51
710.81
711.14
711.35
711.56
711.835
712.135
712.38
712.57
712.76
712.98
713.2
713.44
713.645
713.83
713.97
714.14
714.31
714.47
714.635
714.79
714.9
715.055
715.21
715.37
715.58
715.705
715.935
716.13
716.29
716.495
716.61
716.785
717.065
717.34
717.585
717.805
718.04
718.265
718.54
718.8
719.125
719.35
719.62
719.91
720.255
720.555
720.81
721.05
721.37
721.61
721.85
722.105
722.27
722.405
722.555
722.66
722.79
722.915
723.14
723.42
723.575
723.855
724.075
724.295
724.57
724.855
725.05
725.285
725.435
725.58
725.74
725.79
725.855
725.975
726.025
726.08
726.17
726.245
726.285
726.42
726.475
726.485
726.59
726.655
726.76
726.89
727.04
727.125
727.18
727.26
727.5
727.71
727.9
728.12
728.305
728.43
728.57
728.7
728.915
729.08
729.275
729.34
729.445
729.485
729.52
729.59
729.605
729.65
729.815
729.94
730.03
730.09
730.11
730.11
730.19
730.23
730.32
730.38
730.44
730.53
730.565
730.62
730.635
730.63
730.675
730.78
730.81
730.855
730.84
730.77
730.855
730.9
731.015
731.07
731.085
731.18
731.22
731.225
731.27
731.315
731.32
731.42
731.445
731.5
731.565
731.645
731.6
731.71
731.79
731.825
731.815
731.865
731.92
731.94
731.94
731.89
731.795
731.76
731.83
731.835
731.85
731.825
731.84
731.77
731.745
731.715
731.745
731.76
731.84
731.865
731.885
731.88
731.885
732.03
732.115
732.12
732.27
732.405
732.49
732.6
732.59
732.63
732.63
732.66
732.65
732.6
732.485
732.48
732.43
732.4
732.295
732.27
732.37
732.375
732.37
732.35
732.335
732.29
732.27
732.315
732.415
732.46
732.53
732.59
732.66
732.71
732.785
732.89
733
733.04
733.075
733.2
733.4
733.505
733.535
733.455
733.4
733.435
733.39
733.325
733.255
733.205
733.2
733.12
733.04
732.91
732.85
732.82
732.72
732.65
732.55
732.51
732.5
732.45
732.425
732.32
732.255
732.17
732.085
732
731.99
731.95
731.92
731.76
731.64
731.51
731.38
731.235
731.01
730.87
730.755
730.58
730.44
730.29
730.08
729.85
729.75
729.64
729.47
729.365
729.295
729.1
729.045
728.99
728.92
728.83
728.735
728.615
728.435
728.27
728.13
728.05
727.84
727.695
727.48
727.225
727.015
726.92
726.845
726.7
726.51
726.37
726.215
726.105
726.04
726.02
725.98
725.98
725.9
725.88
725.84
725.84
725.81
725.825
725.845
725.835
725.895
725.895
725.92
725.915
725.805
725.77
725.8
725.725
725.555
725.55
725.665
725.775
725.875
726.035
726.24
726.36
726.39
726.39
726.435
726.45
726.455
726.35
726.155
726.04
726.27
726.8
727.25
727.615
727.92
728.22
728.625
729.04
729.205
729.31
729.545
729.73
729.78
729.915
730.03
730.19
730.33
730.505
730.79
731.025
731.39
731.75
732.115
732.38
732.6
732.94
733.275
733.57
733.715
733.89
733.9
733.945
734
734.09
734.06
734.16
734.27
734.185
734.18
734.3
734.465
734.72
734.975
735.285
735.705
735.995
736.23
736.31
736.5
736.91
737.33
737.705
737.95
738.3
738.63
738.97
739.275
739.51
739.76
739.965
740.255
740.59
740.86
741.1
741.32
741.385
741.66
741.89
742.1
742.32
742.56
742.85
743.11
743.41
743.705
744.055
744.39
744.655
745.025
745.4
745.785
746.175
746.59
746.935
747.16
747.4
747.65
747.845
748.05
748.305
748.49
748.7
748.88
749.12
749.325
749.605
749.905
750.18
750.455
750.775
751.11
751.41
751.72
752.095
752.55
752.84
753.15
753.54
753.97
754.25
754.58
754.85
755.06
755.37
755.63
755.91
756.115
756.3
756.54
756.775
756.88
757.06
757.16
757.2
757.235
757.295
757.335
757.41
757.53
757.67
757.84
758.1
758.36
758.65
758.94
759.155
759.28
759.4
759.465
759.67
759.835
760.015
760.19
760.475
760.73
760.98
761.255
761.51
761.8
762.09
762.435
762.69
762.92
763.16
763.335
763.42
763.52
763.545
763.59
763.64
763.75
763.78
763.89
763.96
764.13
764.295
764.505
764.72
765.065
765.34
765.705
766.05
766.38
766.97
767.39
767.905
768.2
768.57
768.835
769.18
769.33
769.53
769.73
769.875
769.985
770.04
770.035
770.11
770.28
770.405
770.55
770.65
770.74
770.75
770.86
770.885
770.94
770.98
771
770.97
771.01
770.98
770.92
770.93
770.96
771.03
771.08
771.07
771.045
771.02
770.955
770.91
770.92
770.905
770.86
770.8
770.675
770.665
770.635
770.665
770.76
770.695
770.62
770.65
770.68
770.64
770.615
770.68
770.71
770.8
770.83
770.89
770.92
770.98
771.1
771.265
771.395
771.54
771.67
771.88
772.09
772.185
772.31
772.455
772.55
772.565
772.6
772.55
772.51
772.54
772.6
772.6
772.56
772.47
772.42
772.395
772.58
772.79
773.06
773.205
773.315
773.38
773.44
773.38
773.305
773.22
773.1
772.91
772.775
772.79
772.77
772.76
772.75
772.73
772.69
772.665
772.545
772.49
772.485
772.48
772.43
772.385
772.42
772.435
772.585
772.66
772.745
772.85
772.935
772.995
773.11
773.175
773.22
773.27
773.38
773.415
773.51
773.41
773.37
773.38
773.37
773.35
773.265
773.21
773.12
773.075
773.06
773.065
773.005
773.01
772.95
772.96
772.94
772.95
772.94
772.955
772.905
772.88
772.86
772.87
772.92
772.97
773.105
773.155
773.245
773.27
773.37
773.43
773.37
773.33
773.34
773.35
773.37
773.35
773.345
773.34
773.4
773.42
773.395
773.35
773.53
773.71
773.86
773.945
774.175
774.44
774.555
774.64
774.615
774.645
774.67
774.7
774.67
774.68
774.775
774.875
774.92
775.045
775.15
775.185
775.29
775.42
775.49
775.58
775.6
775.61
775.72
775.76
775.795
775.85
775.855
775.86
775.865
775.795
775.74
775.66
775.63
775.61
775.61
775.685
775.83
775.89
775.95
775.955
776.01
776.12
776.275
776.35
776.41
776.51
776.59
776.68
776.73
776.82
776.925
777.05
777.175
777.32
777.44
777.55
777.625
777.79
777.985
778.12
778.27
778.37
778.555
778.71
778.87
779.04
779.21
779.335
779.49
779.7
780.05
780.305
780.56
780.965
781.305
781.635
781.88
782.07
782.24
782.33
782.43
782.485
782.63
782.75
782.9
783.06
783.25
783.46
783.62
783.82
784.13
784.405
784.635
784.83
785.075
785.345
785.555
785.805
786.03
786.16
786.39
786.56
786.75
786.97
787.175
787.38
787.615
787.9
788.29
788.575
788.87
789.15
789.39
789.54
789.71
789.88
790.04
790.155
790.24
790.275
790.34
790.29
790.26
790.23
790.21
790.14
790.17
790.17
790.2
790.255
790.26
790.26
790.365
790.54
790.61
790.765
790.885
791.06
791.15
791.23
791.29
791.27
791.23
791.19
790.925
790.12
789.945
789.87
789.86
789.85
789.9
790.1
790.225
790.365
790.65
790.985
796.905
796.995
794.875
791.95
791.295
791.4
791.385
791
799.545
800.2
799.225
797.72
790.56
789.885
789.855
790.09
790.33
790.7
793.075
792.43
791.34
790.04
790.02
790.31
790.83
791.12
791.5
791.89
792.205
792.435
792.645
793.105
793.39
793.84
794.275
794.62
795
795.36
795.74
796.195
796.81
797.545
798.34
799.425
800.33
801.43
802.565
803.6
804.55
805.12
805.645
805.94
806.05
806.05
805.92
805.71
805.54
805.225
805.195
805.08
805.01
804.94
804.91
805.06
805.215
805.395
805.55
805.72
806.05
806.465
806.85
807.16
807.235
807.295
807.45
807.64
807.865
807.975
808.125
808.27
808.33
808.46
808.58
808.75
808.96
809.2
809.42
809.58
