42701037
42702062
42703022
42704045
42705070
42706030
42707053
42708077
42709037
42710061
42711022
42712045
42713070
42714030
42715053
42716077
42717037
42718062
42719021
42720045
42721070
42722030
42723053
42724077
42725036
42726062
42727022
42728045
42729070
42730029
42731054
42732077
42733037
42734062
42735023
42736045
42737071
42738030
42739054
42740077
42741037
42742062
42743022
42744046
42745070
42746030
42747054
42748077
42749039
42750063
42751023
42752046
42753071
42754031
42755054
42756014
42757039
42758064
42759023
42760047
42761072
42762032
42763055
42764015
42765040
42766064
42767024
42768047
42769072
42770031
42771055
42772015
42773040
42774064
42775023
42776047
42777072
42778032
42779055
42780015
42781039
42782064
42783023
42784047
42785071
42786031
42787055
42788015
42789040
42790064
42791024
42792048
42793073
42794033
42795057
42796017
42797041
42798065
42799025
42800049
42801073
42802033
42803056
42804017
42805041
42806065
42807024
42808049
42809073
42810033
42811056
42812016
42813041
42814065
42815024
42816049
42817073
42818032
42819056
42820016
42821041
42822065
42823024
42824049
42825073
42826032
42827056
42828016
42829041
42830065
42831024
42832049
42833073
42834032
42835056
42836016
42837041
42838065
42839024
42840049
42841072
42842032
42843056
42844016
42845040
42846064
42847024
42848049
42849072
42850032
42851056
42852016
42853040
42854064
42855024
42856049
42857072
42858032
42859056
42860016
42861040
42862064
42863024
42864049
42865072
42866032
42867056
42868016
42869040
42870064
42871024
42872049
42873072
42874032
42875056
42876015
42877040
42878064
42879024
42880048
42881072
42882032
42883056
42884015
42885040
42886064
42887024
42888048
42889072
42890031
42891055
42892015
42893040
42894064
42895023
42896049
42897072
42898031
42899055
42900015
42901040
42902063
42903023
42904048
42905071
42906031
42907055
42908015
42909040
42910063
42911023
42912048
42913071
42914031
42915055
42916015
42917039
42918063
42919023
42920048
42921071
42922031
42923055
42924015
42925039
42926063
42927023
42928048
42929071
42930031
42931055
42932015
42933040
42934063
42935023
42936048
42937071
42938031
42939055
42940015
42941039
42942063
42943023
42944048
42945071
42946031
42947055
42948014
42949039
42950063
42951023
42952047
42953071
42954031
42955055
42956014
42957039
42958062
42959022
42960048
42961071
42962072
42963032
42964057
42965017
42966041
42967064
42968024
42969049
42970072
42971032
42972057
42973017
42974041
42975064
42976024
42977049
42978072
42979032
42980057
42981017
42982041
42983064
42984024
42985049
42986072
42987032
42988057
42989017
42990041
42991064
42992024
42993049
42994072
42995032
42996057
42997017
42998040
42999064
43000024
43001049
43002072
43003032
43004057
43005017
43006040
43007063
43008024
43009050
43010073
43011033
43012057
43013018
43014041
43015066
43016026
43017049
43018073
43019033
43020057
43021018
43022041
43023065
43024026
43025049
43026072
43027032
43028057
43029017
43030041
43031065
43032025
43033049
43034072
43035033
43036058
43037018
43038041
43039066
43040026
43041050
43042073
43043033
43044058
43045018
43046042
43047066
43048026
43049050
43050073
43051033
43052058
43053018
43054041
43055066
43056026
43057050
43058073
43059033
43060058
43061018
43062042
43063066
43064026
43065050
43066073
43067033
43068057
43069018
43070041
43071066
43072025
43073049
43074073
43075033
43076057
43077018
43078041
43079065
43080025
43081049
43082073
43083033
43084057
43085017
43086041
43087065
43088026
43089049
43090072
43091033
43092057
43093017
43094041
43095065
43096026
43097049
43098072
43099032
43100057
43101017
43102041
43103065
43104025
43105049
43106072
43107033
43108057
43109017
43110041
43111065
43112025
43113049
43114029
43115053
43116077
43117037
43118060
43119020
43120045
43121069
43122029
43123052
43124077
43125037
43126060
43127020
43128046
43129069
43130029
43131052
43132077
43133037
43134060
43135020
43136045
43137068
43138028
43139052
43140077
43141037
43142060
43143020
43144044
43145068
43146029
43147054
43148077
43149048
43150072
43151032
43152032
43153056
43154080
43155040
43156065
43157088
43158048
43159072
43160032
43161056
43162080
43163040
43164064
43165088
43166048
43167071
43168032
43169066
43170090
43171049
43172075
43173035
43174058
43175081
43176042
43177066
43178090
43179050
43180074
43181035
43182058
43183081
43184042
43185066
43186090
43187050
43188078
43189038
43190061
43191094
43192054
43193078
43194038
43195061
43196086
43197046
43198069
43199094
43200054
43201078
43202036
43203076
43204099
43205059
43206084
43207044
43208068
43209049
43210067
43211091
43212051
43213076
43214099
43215059
43216084
43217107
43218068
43219090
43220050
43221076
43222110
43223071
43224084
43225107
43226067
43227097
43228121
43229082
43230105
43231066
43232084
43233107
43234067
43235090
43236115
43237075
43238099
43239123
43240085
43241084
43242107
43243131
43244090
43245110
43246135
43247095
43248119
43249113
43250140
43251100
43252125
43253153
43254113
43255137
43256096
43257120
43258145
43259125
43260125
43261148
43262108
43263133
43264156
43265117
43266165
43267115
43268146
43269125
43270148
43271173
43272133
43273156
43274188
43275148
43276146
43277170
43278194
43279155
43280178
43281138
43282163
43283187
43284146
43285170
43286190
43287150
43288175
43289198
43290158
43291183
43292143
43293154
43294156
43295198
43296223
43297215
43298214
43299175
43300216
43301184
43302220
43303244
43304204
43305200
43306225
43307248
43308208
43309230
43310254
43311244
43312264
43313225
43314248
43315273
43316233
43317256
43318270
43319250
43320274
43321234
43322258
43323282
43324236
43325260
43326284
43327244
43328239
43329264
43330287
43331254
43332278
43333237
43334262
43335285
43336262
43337289
43338249
43339274
43340259
43341318
43342312
43343326
43344285
43345309
43346269
43347294
43348317
43349277
43350302
43351329
43352289
43353314
43354274
43355287
43356312
43357285
43358309
43359333
43360293
43361317
43362314
43363326
43364297
43365343
43366304
43367327
43368315
43369339
43370347
43371363
43372328
43373324
43374347
43375347
43376365
43377388
43378348
43379395
43380387
43381377
43382401
43383362
43384422
43385365
43386395
43387381
43388401
43389424
43390431
43391391
43392415
43393422
43394446
43395432
43396455
43397424
43398447
43399451
43400475
43401434
43402458
43403428
43404455
43405478
43406438
43407483
43408503
43409465
43410488
43411481
43412493
43413536
43414548
43415508
43416515
43417538
43418524
43419516
43420566
43421573
43422532
43423591
43424552
43425558
43426608
43427611
43428571
43429594
43430606
43431623
43432584
43433635
43434623
43435646
43436606
43437631
43438651
43439658
43440631
43441673
43442632
43443675
43444671
43445678
43446703
43447682
43448716
43449672
43450687
43451751
43452711
43453740
43454756
43455756
43456736
43457758
43458756
43459780
43460787
43461797
43462772
43463795
43464777
43465822
43466846
43467817
43468837
43469842
43470862
43471872
43472872
43473874
43474897
43475900
43476906
43477930
43478918
43479932
43480917
43481955
43482950
43483974
43484922
43485972
43486981
43488003
43488995
43490028
43491052
43492037
43493085
43494055
43495060
43496102
43497095
43498120
43499110
43500145
43501175
43502160
43503160
43504158
43505165
43506195
43507180
43508240
43509220
43510240
43511200
43512233
43513227
43514235
43515297
43516301
43517262
43518285
43519311
43520301
43521262
43522291
43523315
43524275
43525303
43526331
43527361
43528352
43529333
43530381
43531346
43532372
43533389
43534386
43535346
43536405
43537365
43538389
43539413
43540389
43541405
43542429
43543453
43544413
43545436
43546396
43547411
43548425
43549449
43550445
43551469
43552473
43553461
43554447
43555471
43556511
43557505
43558499
43559523
43560539
43561499
43562521
43563524
43564511
43565534
43566559
43567519
43568550
43569509
43570532
43571557
43572532
43573556
43574546
43575570
43576530
43577554
43578570
43579594
43580554
43581579
43582576
43583536
43584561
43585584
43586544
43587569
43588592
43589599
43590559
43591559
43592594
43593618
43594578
43595602
43596562
43597586
43598610
43599570
43600594
43601600
43602624
43603578
43604602
43605625
43606585
43607610
43608633
43609594
43610618
43611578
43612602
43613625
43614585
43615610
43616634
43617594
43618618
43619578
43620602
43621625
43622585
43623610
43624634
43625594
43626618
43627613
43628590
43629613
43630638
43631598
43632622
43633645
43634605
43635630
43636590
43637606
43638630
43639654
43640613
43641638
43642598
43643621
43644645
43645605
43646630
43647653
43648613
43649638
43650598
43651621
43652645
43653605
43654629
43655653
43656613
43657638
43658598
43659638
43660598
43661621
43662645
43663605
43664629
43665653
43666613
43667637
43668598
43669621
43670645
43671605
43672629
43673653
43674613
43675638
43676598
43677621
43678645
43679605
43680629
43681653
43682612
43683637
43684598
43685621
43686644
43687604
43688629
43689652
43690612
43691637
43692598
43693620
43694645
43695604
43696629
43697652
43698612
43699637
43700597
43701620
43702644
43703604
43704629
43705652
43706612
43707637
43708597
43709620
43710644
43711604
43712629
43713652
43714612
43715637
43716597
43717621
43718646
43719606
43720630
43721653
43722613
43723638
43724598
43725621
43726647
43727606
43728629
43729653
43730613
43731638
43732598
43733621
43734646
43735606
43736629
43737653
43738613
43739638
43740598
43741621
43742646
43743606
43744629
43745652
43746613
43747638
43748598
43749621
43750646
43751606
43752629
43753652
43754612
43755638
43756597
43757621
43758646
43759606
43760629
43761652
43762612
43763638
43764598
43765621
43766645
43767606
43768630
43769655
43770616
43771639
43772599
43773622
43774647
43775607
43776631
43777655
43778615
43779639
43780599
43781622
43782647
43783607
43784630
43785655
43786615
43787639
43788599
43789622
43790647
43791607
43792630
43793655
43794615
43795638
43796599
43797622
43798647
43799607
43800630
43801655
43802615
43803639
43804599
43805622
43806646
43807606
43808630
43809655
43810616
43811639
43812599
43813623
43814647
43815607
43816631
43817655
43818615
43819639
43820599
43821622
43822647
43823607
43824631
43825655
43826615
43827639
43828599
43829622
43830647
43831607
43832631
43833655
43834615
43835639
43836599
43837622
43838647
43839607
43840631
43841655
43842615
43843639
43844599
43845622
43846647
43847607
43848630
43849655
43850615
43851639
43852599
43853622
43854647
43855607
43856631
43857655
43858615
43859639
43860598
43861622
43862646
43863607
43864630
43865655
43866615
43867638
43868598
43869622
43870646
43871606
43872630
43873655
43874615
43875638
43876598
43877622
43878646
43879606
43880630
43881654
43882615
43883638
43884598
43885622
43886646
43887606
43888630
43889654
43890614
43891638
43892598
43893622
43894646
43895606
43896631
43897590
43898615
43899639
43900599
43901624
43902647
43903607
43904631
43905590
43906615
43907639
43908598
43909623
43910647
43911607
43912631
43913590
43914615
43915638
43916599
43917623
43918646
43919606
43920630
43921590
43922615
43923638
43924598
43925623
43926647
43927606
43928630
43929590
43930615
43931638
43932598
43933623
43934646
43935606
43936630
43937590
43938615
43939638
43940598
43941623
43942646
43943606
43944630
43945590
43946614
43947638
43948598
43949623
43950646
43951606
43952630
43953590
43954615
43955638
43956598
43957623
43958646
43959606
43960630
43961589
43962615
43963638
43964598
43965623
43966646
43967606
43968630
43969589
43970615
43971638
43972598
43973623
43974646
43975606
43976630
43977589
43978614
43979637
43980598
43981623
43982646
43983606
43984629
43985589
43986614
43987638
43988598
43989622
43990646
43991606
43992629
43993589
43994614
43995637
43996598
43997622
43998646
43999606
44000630
44001589
44002614
44003637
44004597
44005622
44006645
44007606
44008629
44009589
44010614
44011637
44012597
44013622
44014645
44015606
44016629
44017589
44018614
44019637
44020597
44021622
44022645
44023606
44024629
44025589
44026614
44027638
44028597
44029622
44030645
44031606
44032629
44033589
44034614
44035637
44036597
44037622
44038646
44039606
44040631
44041592
44042615
44043638
44044599
44045623
44046647
44047607
44048632
44049591
44050615
44051638
44052599
44053623
44054647
44055607
44056631
44057591
44058615
44059638
44060598
44061623
44062646
44063607
44064632
44065592
44066616
44067639
44068600
44069624
44070647
44071608
44072632
44073592
44074616
44075639
44076599
44077624
44078647
44079607
44080632
44081592
44082616
44083639
44084599
44085623
44086647
44087607
44088632
44089592
44090615
44091639
44092599
44093623
44094647
44095607
44096632
44097592
44098615
44099639
44100599
44101623
44102647
44103607
44104632
44105592
44106615
44107639
44108599
44109623
44110647
44111607
44112632
44113592
44114615
44115638
44116599
44117623
44118647
44119607
44120631
44121592
44122615
44123638
44124599
44125623
44126647
44127607
44128631
44129591
44130616
44131640
44132600
44133624
44134647
44135608
44136632
44137592
44138616
44139640
44140601
44141624
44142647
44143608
44144632
44145592
44146616
44147640
44148601
44149624
44150647
44151608
44152632
44153592
44154615
44155640
44156600
44157623
44158647
44159607
44160632
44161592
44162616
44163641
44164601
44165624
44166648
44167608
44168632
44169593
44170616
44171641
44172601
44173624
44174648
44175608
44176632
44177593
44178616
44179640
44180601
44181624
44182648
44183608
44184632
44185592
44186616
44187641
44188601
44189624
44190648
44191608
44192632
44193592
44194616
44195641
44196601
44197624
44198648
44199608
44200632
44201592
44202616
44203640
44204600
44205624
44206647
44207607
44208632
44209592
44210616
44211640
44212601
44213624
44214648
44215609
44216633
44217593
44218616
44219641
44220601
44221625
44222650
44223609
44224633
44225593
44226616
44227641
44228601
44229624
44230649
44231609
44232633
44233593
44234616
44235642
44236601
44237624
44238649
44239609
44240633
44241593
44242616
44243641
44244601
44245624
44246649
44247609
44248632
44249593
44250616
44251641
44252601
44253624
44254649
44255609
44256632
44257593
44258616
44259641
44260601
44261624
44262649
44263608
44264632
44265592
44266615
44267641
44268601
44269624
44270649
44271609
44272632
44273592
44274615
44275641
44276601
44277624
44278649
44279608
44280632
44281592
44282615
44283640
44284600
44285624
44286649
44287608
44288632
44289592
44290615
44291640
44292600
44293624
44294649
44295608
44296632
44297592
44298615
44299640
44300600
44301623
44302648
44303608
44304632
44305592
44306615
44307640
44308600
44309623
44310648
44311608
44312632
44313592
44314615
44315641
44316600
44317623
44318648
44319608
44320632
44321592
44322615
44323640
44324600
44325623
44326648
44327608
44328631
44329592
44330616
44331641
44332600
44333624
44334649
44335608
44336632
44337592
44338615
44339641
44340600
44341624
44342649
44343608
44344632
44345592
44346615
44347641
44348600
44349623
44350648
44351608
44352632
44353592
44354615
44355641
44356600
44357624
44358648
44359608
44360632
44361592
44362615
44363641
44364600
44365624
44366648
44367608
44368631
44369592
44370615
44371640
44372600
44373623
44374648
44375608
44376632
44377592
44378615
44379640
44380600
44381623
44382648
44383608
44384632
44385592
44386615
44387640
44388600
44389623
44390648
44391608
44392632
44393592
44394615
44395640
44396600
44397623
44398647
44399608
44400632
44401591
44402614
44403640
44404600
44405623
44406648
44407607
44408631
44409591
44410615
44411639
44412599
44413623
44414647
44415607
44416631
44417591
44418615
44419639
44420599
44421623
44422647
44423607
44424631
44425591
44426614
44427639
44428599
44429623
44430647
44431607
44432631
44433591
44434614
44435639
44436599
44437623
44438647
44439607
44440631
44441591
44442614
44443639
44444599
44445623
44446647
44447607
44448631
44449591
44450614
44451639
44452599
44453622
44454647
44455607
44456631
44457590
44458614
44459639
44460599
44461622
44462647
44463607
44464631
44465591
44466614
44467639
44468600
44469623
44470583
44471608
44472631
44473591
44474616
44475639
44476600
44477623
44478583
44479608
44480631
44481591
44482616
44483640
44484600
44485623
44486583
44487608
44488631
44489591
44490615
44491640
44492600
44493622
44494583
44495607
44496631
44497591
44498615
44499639
44500599
44501622
44502583
44503607
44504631
44505591
44506615
44507639
44508599
44509622
44510583
44511608
44512632
44513592
44514616
44515640
44516600
44517623
44518583
44519609
44520632
44521592
44522617
44523642
44524601
44525625
44526585
44527608
44528632
44529593
44530617
44531641
44532600
44533625
44534585
44535608
44536632
44537592
44538617
44539640
44540601
44541625
44542585
44543608
44544632
44545592
44546617
44547642
44548600
44549625
44550585
44551608
44552632
44553592
44554616
44555640
44556600
44557625
44558585
44559608
44560632
44561593
44562616
44563640
44564600
44565624
44566585
44567608
44568632
44569592
44570616
44571640
44572600
44573624
44574585
44575608
44576631
44577592
44578616
44579640
44580600
44581625
44582584
44583608
44584632
44585592
44586616
44587640
44588600
44589624
44590585
44591608
44592631
44593592
44594616
44595640
44596600
44597624
44598584
44599609
44600632
44601593
44602617
44603641
44604601
44605625
44606586
44607608
44608632
44609594
44610618
44611641
44612602
44613626
44614586
44615609
44616634
44617594
44618617
44619641
44620601
44621625
44622586
44623609
44624634
44625594
44626617
44627642
44628602
44629627
44630588
44631611
44632637
44633597
44634620
44635645
44636604
44637628
44638589
44639611
44640636
44641597
44642620
44643644
44644604
44645628
44646588
44647612
44648636
44649596
44650619
44651645
44652605
44653628
44654589
44655611
44656636
44657596
44658619
44659645
44660605
44661628
44662588
44663611
44664636
44665596
44666619
44667644
44668604
44669628
44670588
44671611
44672636
44673596
44674619
44675645
44676604
44677628
44678588
44679611
44680636
44681596
44682619
44683644
44684604
44685628
44686588
44687611
44688636
44689596
44690619
44691580
44692605
44693628
44694588
44695613
44696637
44697597
44698620
44699580
44700605
44701628
44702588
44703613
44704637
44705597
44706620
44707580
44708604
44709628
44710589
44711613
44712636
44713596
44714620
44715580
44716604
44717628
44718588
44719613
44720636
44721596
44722620
44723580
44724604
44725628
44726588
44727612
44728636
44729597
44730619
44731580
44732604
44733628
44734588
44735612
44736636
44737596
44738619
44739581
44740605
44741629
44742589
44743613
44744637
44745597
44746620
44747580
44748605
44749629
44750589
44751613
44752637
44753597
44754620
44755580
44756605
44757629
44758589
44759614
44760637
44761597
44762622
44763582
44764605
44765629
44766589
44767614
44768637
44769597
44770622
44771582
44772606
44773629
44774589
44775614
44776637
44777597
44778622
44779582
44780605
44781629
44782589
44783614
44784637
44785597
44786622
44787582
44788605
44789629
44790589
44791613
44792637
44793597
44794622
44795582
44796605
44797629
44798589
44799613
44800637
44801597
44802622
44803582
44804605
44805629
44806588
44807613
44808637
44809596
44810622
44811582
44812605
44813628
44814588
44815613
44816637
44817596
44818621
44819581
44820605
44821629
44822588
44823614
44824637
44825597
44826622
44827582
44828606
44829629
44830589
44831614
44832637
44833598
44834623
44835582
44836606
44837629
44838589
44839614
44840637
44841597
44842622
44843582
44844605
44845629
44846589
44847614
44848637
44849597
44850622
44851582
44852605
44853629
44854589
44855614
44856637
44857597
44858622
44859582
44860605
44861629
44862589
44863613
44864637
44865597
44866622
44867581
44868605
44869629
44870589
44871613
44872637
44873597
44874622
44875581
44876605
44877628
44878588
44879614
44880637
44881597
44882622
44883581
44884605
44885628
44886589
44887614
44888637
44889598
44890623
44891583
44892606
44893632
44894591
44895615
44896638
44897598
44898623
44899583
44900606
44901631
44902591
44903615
44904638
44905598
44906623
44907583
44908606
44909631
44910591
44911615
44912638
44913598
44914623
44915583
44916606
44917631
44918591
44919614
44920638
44921598
44922623
44923583
44924606
44925631
44926591
44927614
44928638
44929597
44930623
44931583
44932606
44933631
44934591
44935614
44936638
44937597
44938622
44939582
44940606
44941631
44942590
44943615
44944638
44945598
44946623
44947582
44948606
44949630
44950590
44951614
44952638
44953597
44954622
44955582
44956606
44957630
44958590
44959614
44960637
44961597
44962622
44963582
44964606
44965630
44966590
44967614
44968637
44969597
44970622
44971582
44972606
44973630
44974590
44975614
44976637
44977597
44978622
44979582
44980605
44981630
44982590
44983614
44984637
44985597
44986622
44987582
44988605
44989630
44990590
44991614
44992637
44993597
44994622
44995581
44996605
44997630
44998590
44999614
45000637
45001597
45002622
45003581
45004605
45005630
45006589
45007614
45008636
45009597
45010621
45011581
45012605
45013629
45014589
45015613
45016637
45017597
45018621
45019581
45020605
45021629
45022589
45023613
45024637
45025597
45026621
45027581
45028605
45029629
45030589
45031614
45032636
45033596
45034621
45035581
45036605
45037629
45038589
45039613
45040636
45041596
45042621
45043581
45044604
45045629
45046589
45047613
45048636
45049596
45050621
45051581
45052605
45053629
45054589
45055613
45056636
45057596
45058620
45059581
45060604
45061629
45062589
45063613
45064636
45065596
45066621
45067580
45068604
45069629
45070589
45071612
45072636
45073596
45074620
45075580
45076604
45077629
45078589
45079612
45080636
45081596
45082620
45083580
45084604
45085629
45086589
45087612
45088636
45089596
45090620
45091580
45092604
45093628
45094589
45095612
45096635
45097596
45098620
45099580
45100604
45101628
45102588
45103612
45104636
45105596
45106620
45107580
45108604
45109628
45110588
45111612
45112635
45113596
45114620
45115580
45116604
45117628
45118588
45119612
45120635
45121596
45122620
45123580
45124604
45125628
45126588
45127612
45128635
45129595
45130620
45131580
45132603
45133628
45134588
45135612
45136635
45137595
45138620
45139580
45140603
45141628
45142588
45143611
45144635
45145595
45146620
45147580
45148604
45149628
45150588
45151611
45152635
45153595
45154619
45155579
45156603
45157627
45158588
45159611
45160635
45161595
45162619
45163579
45164603
45165627
45166588
45167611
45168635
45169597
45170620
45171580
45172604
45173628
45174588
45175612
45176637
45177597
45178620
45179580
45180604
45181628
45182588
45183612
45184637
45185597
45186620
45187580
45188604
45189628
45190588
45191612
45192636
45193597
45194620
45195580
45196604
45197628
45198588
45199612
45200636
45201596
45202620
45203580
45204604
45205628
45206588
45207612
45208636
45209596
45210620
45211580
45212603
45213628
45214588
45215611
45216636
45217596
45218619
45219580
45220603
45221628
45222588
45223612
45224636
45225596
45226619
45227580
45228603
45229627
45230588
45231612
45232636
45233596
45234619
45235579
45236603
45237628
45238588
45239611
45240636
45241596
45242619
45243579
45244603
45245627
45246587
45247611
45248636
45249596
45250619
45251579
45252603
45253627
45254587
45255611
45256635
45257596
45258619
45259579
45260603
45261627
45262587
45263611
45264636
45265596
45266619
45267579
45268603
45269627
45270587
45271610
45272635
45273596
45274618
45275579
45276602
45277627
45278587
45279610
45280635
45281595
45282619
45283579
45284602
45285627
45286587
45287610
45288635
45289595
45290619
45291578
45292602
45293627
45294587
45295610
45296635
45297595
45298619
45299578
45300602
45301627
45302587
45303610
45304635
45305595
45306618
45307578
45308602
45309626
45310587
45311610
45312635
45313595
45314618
45315578
45316602
45317627
45318587
45319610
45320635
45321595
45322618
45323578
45324602
45325626
45326587
45327610
45328635
45329595
45330619
45331579
45332602
45333627
45334587
45335610
45336635
45337596
45338619
45339579
45340603
45341627
45342587
45343610
45344635
45345595
45346619
45347579
45348603
45349627
45350587
45351611
45352635
45353595
45354618
45355579
45356602
45357627
45358587
45359611
45360635
45361595
45362618
45363579
45364603
45365627
45366587
45367610
45368635
45369595
45370618
45371578
45372602
45373627
45374587
45375610
45376635
45377595
45378619
45379578
45380602
45381626
45382587
45383610
45384635
45385595
45386618
45387578
45388602
45389626
45390587
45391610
45392635
45393595
45394618
45395578
45396602
45397626
45398586
45399610
45400635
45401594
45402618
45403578
45404602
45405626
45406586
45407609
45408635
45409595
45410618
45411578
45412602
45413626
45414586
45415609
45416635
45417594
45418618
45419578
45420603
45421627
45422587
45423610
45424570
45425595
45426618
45427579
45428603
45429627
45430587
45431610
45432570
45433595
45434618
45435579
45436603
45437626
45438587
45439610
45440570
45441595
45442618
45443579
45444603
45445627
45446587
45447610
45448570
45449595
45450618
45451579
45452603
45453626
45454587
45455610
45456570
45457595
45458618
45459578
45460603
45461626
45462586
45463610
45464570
45465595
45466618
45467578
45468610
45469635
45470595
45471619
45472579
45473603
45474627
45475587
45476610
45477635
45478595
45479619
45480579
45481603
45482627
45483587
45484610
45485635
45486595
45487619
45488579
45489603
45490627
45491587
45492610
45493635
45494595
45495619
45496579
45497603
45498627
45499587
45500610
45501635
45502595
45503618
45504579
45505603
45506627
45507587
45508610
45509635
45510594
45511619
45512579
45513603
45514627
45515587
45516610
45517635
45518594
45519618
45520578
45521603
45522627
45523587
45524610
45525635
45526595
45527619
45528580
45529604
45530628
45531588
45532613
45533636
45534596
45535620
45536580
45537604
45538628
45539588
45540612
45541636
45542596
45543620
45544580
45545604
45546628
45547588
45548613
45549636
45550596
45551620
45552580
45553604
45554628
45555588
45556612
45557636
45558596
45559619
45560580
45561604
45562628
45563588
45564612
45565636
45566596
45567620
45568579
45569604
45570628
45571588
45572613
45573635
45574596
45575619
45576579
45577604
45578628
45579587
45580612
45581635
45582596
45583620
45584579
45585604
45586627
45587588
45588612
45589635
45590595
45591619
45592579
45593603
45594628
45595587
45596612
45597635
45598595
45599619
45600579
45601603
45602627
45603587
45604612
45605635
45606595
45607619
45608579
45609604
45610627
45611587
45612612
45613635
45614595
45615619
45616579
45617604
45618627
45619587
45620612
45621635
45622595
45623619
45624579
45625603
45626627
45627587
45628611
45629572
45630596
45631621
45632580
45633604
45634628
45635588
45636612
45637572
45638596
45639621
45640580
45641604
45642627
45643587
45644612
45645573
45646596
45647620
45648580
45649604
45650628
45651587
45652612
45653572
45654595
45655621
45656580
45657604
45658627
45659587
45660612
45661572
45662595
45663621
45664580
45665604
45666627
45667587
45668612
45669572
45670595
45671620
45672580
45673603
45674627
45675587
45676612
45677572
45678595
45679620
45680580
45681604
45682627
45683587
45684612
45685572
45686595
45687620
45688580
45689603
45690627
45691587
45692612
45693572
45694595
45695620
45696580
45697603
45698626
45699587
45700612
45701571
45702595
45703620
45704580
45705603
45706626
45707587
45708611
45709572
45710594
45711620
45712580
45713603
45714626
45715586
45716611
45717572
45718594
45719621
45720580
45721604
45722627
45723587
45724612
45725572
45726595
45727620
45728580
45729604
45730627
45731587
45732612
45733572
45734595
45735620
45736580
45737604
45738627
45739587
45740612
45741572
45742595
45743620
45744580
45745604
45746627
45747587
45748612
45749572
45750595
45751620
45752580
45753604
45754627
45755587
45756612
45757571
45758595
45759620
45760580
45761603
45762627
45763587
45764612
45765571
45766595
45767620
45768580
45769603
45770626
45771587
45772611
45773571
45774595
45775619
45776579
45777604
45778626
45779586
45780611
45781571
45782595
45783619
45784580
45785603
45786626
45787587
45788611
45789571
45790595
45791619
45792579
45793603
45794626
45795586
45796611
45797571
45798595
45799619
45800579
45801603
45802626
45803586
45804611
45805571
45806594
45807619
45808579
45809603
45810626
45811586
45812611
45813571
45814595
45815619
45816579
45817603
45818626
45819586
45820611
45821571
45822594
45823619
45824579
45825603
45826626
45827586
45828611
45829570
45830594
45831619
45832579
45833603
45834626
45835586
45836611
45837570
45838594
45839619
45840579
45841603
45842626
45843586
45844611
45845570
45846594
45847618
45848579
45849602
45850626
45851586
45852611
45853571
45854594
45855618
45856579
45857602
45858626
45859586
45860610
45861571
45862594
45863618
45864579
45865602
45866625
45867585
45868610
45869570
45870594
45871618
45872578
45873602
45874625
45875586
45876610
45877570
45878594
45879618
45880579
45881602
45882625
45883586
45884610
45885570
45886594
45887618
45888578
45889602
45890625
45891585
45892610
45893570
45894594
45895618
45896578
45897602
45898625
45899585
45900610
45901570
45902593
45903618
45904578
45905602
45906625
45907585
45908609
45909570
45910593
45911618
45912578
45913601
45914625
45915585
45916609
45917569
45918593
45919617
45920578
45921601
45922625
45923585
45924609
45925569
45926593
45927617
45928578
45929601
45930625
45931585
45932609
45933569
45934593
45935617
45936578
45937601
45938624
45939585
45940609
45941569
45942593
45943617
45944577
45945601
45946624
45947585
45948609
45949569
45950593
45951617
45952577
45953601
45954624
45955585
45956609
45957569
45958593
45959617
45960577
45961601
45962624
45963584
45964609
45965569
45966593
45967617
45968578
45969600
45970624
45971585
45972609
45973569
45974593
45975617
45976578
45977600
45978625
45979585
45980609
45981569
45982592
45983617
45984577
45985600
45986624
45987584
45988608
45989569
45990593
45991618
45992578
45993601
45994626
45995586
45996609
45997569
45998593
45999618
46000578
46001601
46002626
46003586
46004610
46005569
46006593
46007617
46008579
46009602
46010627
46011587
46012610
46013570
46014594
46015618
46016578
46017602
46018627
46019588
46020611
46021571
46022595
46023619
46024579
46025603
46026628
46027587
46028611
46029571
46030595
46031619
46032579
46033602
46034628
46035587
46036611
46037571
46038595
46039619
46040579
46041602
46042627
46043587
46044610
46045571
46046595
46047619
46048579
46049602
46050628
46051587
46052610
46053570
46054595
46055619
46056579
46057602
46058627
46059587
46060610
46061570
46062595
46063619
46064579
46065602
46066627
46067587
46068610
46069571
46070596
46071619
46072580
46073603
46074628
46075587
46076611
46077571
46078595
46079619
46080579
46081602
46082627
46083587
46084611
46085571
46086595
46087619
46088580
46089603
46090627
46091587
46092611
46093571
46094595
46095619
46096579
46097602
46098627
46099587
46100610
46101571
46102595
46103619
46104579
46105602
46106627
46107587
46108611
46109571
46110595
46111619
46112579
46113602
46114627
46115587
46116610
46117570
46118595
46119619
46120579
46121602
46122627
46123587
46124611
46125570
46126595
46127619
46128579
46129602
46130627
46131587
46132610
46133570
46134595
46135619
46136579
46137602
46138627
46139587
46140610
46141570
46142595
46143619
46144579
46145602
46146627
46147587
46148611
46149571
46150595
46151619
46152579
46153604
46154627
46155587
46156611
46157571
46158595
46159619
46160579
46161604
46162627
46163587
46164611
46165571
46166595
46167619
46168579
46169604
46170627
46171587
46172611
46173571
46174595
46175619
46176579
46177603
46178627
46179587
46180611
46181571
46182595
46183619
46184579
46185603
46186627
46187587
46188611
46189571
46190595
46191619
46192578
46193603
46194627
46195587
46196610
46197571
46198595
46199619
46200578
46201603
46202627
46203586
46204611
46205570
46206595
46207619
46208578
46209603
46210627
46211587
46212611
46213570
46214595
46215618
46216578
46217603
46218627
46219587
46220610
46221570
46222594
46223618
46224578
46225603
46226626
46227586
46228610
46229570
46230595
46231618
46232578
46233603
46234626
46235586
46236610
46237570
46238595
46239619
46240579
46241604
46242627
46243587
46244611
46245571
46246595
46247619
46248579
46249604
46250627
46251587
46252611
46253571
46254595
46255619
46256579
46257604
46258627
46259587
46260611
46261570
46262595
46263619
46264578
46265604
46266627
46267587
46268610
46269570
46270595
46271618
46272578
46273603
46274626
46275586
46276610
46277570
46278595
46279619
46280579
46281604
46282564
46283587
46284612
46285572
46286595
46287619
46288579
46289604
46290564
46291587
46292612
46293572
46294595
46295619
46296579
46297604
46298564
46299587
46300612
46301572
46302595
46303619
46304579
46305604
46306564
46307587
46308612
46309572
46310595
46311619
46312579
46313604
46314564
46315587
46316612
46317572
46318595
46319618
46320579
46321604
46322563
46323587
46324612
46325572
46326595
46327619
46328578
46329603
46330563
46331587
46332612
46333571
46334595
46335619
46336578
46337603
46338563
46339587
46340612
46341571
46342595
46343618
46344578
46345603
46346563
46347586
46348612
46349571
46350595
46351618
46352578
46353603
46354563
46355586
46356611
46357571
46358595
46359618
46360578
46361603
46362563
46363586
46364611
46365571
46366595
46367618
46368578
46369603
46370563
46371586
46372611
46373571
46374595
46375618
46376578
46377603
46378563
46379586
46380611
46381571
46382595
46383618
46384578
46385603
46386562
46387586
46388610
46389571
46390594
46391617
46392578
46393603
46394562
46395586
46396610
46397570
46398594
46399617
46400578
46401603
46402562
46403586
46404610
46405571
46406594
46407617
46408577
46409602
46410562
46411586
46412611
46413570
46414594
46415617
46416577
46417602
46418562
46419585
46420610
46421570
46422594
46423617
46424577
46425602
46426562
46427586
46428610
46429570
46430594
46431617
46432577
46433602
46434563
46435585
46436610
46437570
46438594
46439618
46440578
46441603
46442563
46443586
46444611
46445571
46446594
46447618
46448578
46449602
46450562
46451586
46452610
46453571
46454594
46455618
46456578
46457602
46458562
46459586
46460610
46461570
46462594
46463617
46464578
46465602
46466562
46467586
46468610
46469570
46470594
46471618
46472578
46473602
46474562
46475586
46476610
46477570
46478594
46479617
46480578
46481602
46482562
46483586
46484610
46485570
46486594
46487617
46488577
46489602
46490562
46491586
46492610
46493570
46494594
46495618
46496577
46497602
46498562
46499585
46500610
46501570
46502594
46503617
46504577
46505602
46506562
46507585
46508610
46509570
46510593
46511617
46512577
46513601
46514562
46515585
46516610
46517570
46518594
46519617
46520577
46521601
46522562
46523586
46524610
46525570
46526593
46527617
46528577
46529601
46530561
46531585
46532610
46533569
46534593
46535616
46536577
46537601
46538561
46539585
46540609
46541569
46542594
46543616
46544577
46545601
46546561
46547585
46548609
46549569
46550593
46551617
46552577
46553601
46554561
46555585
46556609
46557569
46558593
46559616
46560576
46561601
46562561
46563585
46564609
46565569
46566593
46567616
46568576
46569601
46570561
46571585
46572609
46573569
46574593
46575616
46576577
46577601
46578561
46579584
46580609
46581569
46582593
46583616
46584577
46585601
46586561
46587584
46588609
46589570
46590593
46591618
46592578
46593601
46594562
46595585
46596610
46597570
46598594
46599619
46600579
46601602
46602562
46603586
46604611
46605571
46606594
46607619
46608579
46609602
46610562
46611586
46612610
46613571
46614594
46615619
46616579
46617602
46618562
46619586
46620610
46621570
46622594
46623619
46624579
46625602
46626562
46627586
46628610
46629570
46630593
46631618
46632578
46633602
46634562
46635586
46636610
46637570
46638593
46639618
46640579
46641602
46642562
46643586
46644610
46645570
46646593
46647618
46648578
46649602
46650562
46651588
46652611
46653571
46654594
46655619
46656579
46657602
46658562
46659587
46660610
46661571
46662594
46663619
46664579
46665602
46666562
46667587
46668610
46669571
46670594
46671619
46672579
46673602
46674562
46675587
46676611
46677571
46678594
46679619
46680579
46681602
46682562
46683587
46684610
46685570
46686594
46687619
46688579
46689602
46690562
46691587
46692610
46693571
46694594
46695618
46696578
46697602
46698562
46699586
46700610
46701571
46702593
46703619
46704579
46705602
46706562
46707586
46708610
46709571
46710593
46711618
46712579
46713602
46714562
46715586
46716610
46717570
46718593
46719618
46720578
46721601
46722562
46723586
46724610
46725570
46726593
46727618
46728578
46729602
46730561
46731586
46732610
46733570
46734593
46735618
46736578
46737601
46738562
46739586
46740609
46741570
46742593
46743618
46744578
46745601
46746561
46747586
46748610
46749571
46750594
46751619
46752579
46753602
46754563
46755587
46756611
46757571
46758596
46759619
46760579
46761603
46762563
46763588
46764612
46765572
46766596
46767620
46768580
46769604
46770564
46771589
46772612
46773572
46774596
46775621
46776580
46777604
46778566
46779589
46780613
46781573
46782597
46783557
46784581
46785605
46786566
46787589
46788613
46789573
46790597
46791557
46792581
46793605
46794566
46795589
46796613
46797573
46798597
46799557
46800580
46801605
46802566
46803589
46804612
46805573
46806597
46807557
46808581
46809605
46810566
46811588
46812612
46813573
46814597
46815557
46816581
46817605
46818565
46819589
46820612
46821572
46822597
46823557
46824582
46825606
46826566
46827589
46828613
46829575
46830598
46831558
46832582
46833607
46834567
46835590
46836615
46837575
46838598
46839558
46840582
46841607
46842567
46843590
46844615
46845575
46846598
46847559
46848583
46849607
46850567
46851591
46852615
46853576
46854599
46855559
46856583
46857607
46858567
46859590
46860616
46861576
46862599
46863559
46864582
46865607
46866567
46867590
46868615
46869575
46870599
46871559
46872582
46873607
46874567
46875590
46876616
46877575
46878599
46879559
46880582
46881607
46882567
46883590
46884615
46885575
46886599
46887559
46888582
46889607
46890567
46891590
46892615
46893575
46894599
46895559
46896582
46897607
46898567
46899590
46900615
46901575
46902598
46903558
46904584
46905608
46906568
46907591
46908616
46909576
46910599
46911559
46912584
46913608
46914567
46915590
46916616
46917575
46918599
46919559
46920583
46921607
46922568
46923591
46924615
46925575
46926599
46927560
46928583
46929607
46930567
46931591
46932615
46933575
46934599
46935559
46936583
46937607
46938567
46939591
46940616
46941575
46942599
46943559
46944583
46945607
46946567
46947590
46948615
46949575
46950599
46951559
46952583
46953607
46954567
46955590
46956615
46957575
46958598
46959559
46960583
46961607
46962567
46963590
46964615
46965575
46966598
46967558
46968583
46969607
46970567
46971590
46972615
46973574
46974598
46975558
46976583
46977607
46978566
46979590
46980615
46981574
46982598
46983559
46984583
46985607
46986566
46987590
46988614
46989574
46990598
46991558
46992583
46993607
46994566
46995590
46996614
46997575
46998598
46999558
47000583
47001607
47002566
47003590
47004614
47005574
47006598
47007558
47008583
47009606
47010566
47011590
47012614
47013574
47014598
47015558
47016582
47017606
47018566
47019590
47020614
47021574
47022598
47023558
47024582
47025606
47026566
47027589
47028614
47029574
47030598
47031558
47032582
47033606
47034566
47035589
47036614
47037574
47038598
47039558
47040582
47041606
47042566
47043590
47044614
47045574
47046599
47047558
47048583
47049606
47050566
47051590
47052614
47053574
47054598
47055558
47056583
47057606
47058566
47059590
47060614
47061574
47062598
47063558
47064583
47065606
47066566
47067590
47068614
47069574
47070598
47071558
47072583
47073606
47074566
47075590
47076614
47077574
47078598
47079558
47080583
47081606
47082566
47083590
47084614
47085574
47086598
47087557
47088582
47089606
47090566
47091589
47092614
47093574
47094598
47095557
47096582
47097606
47098566
47099589
47100614
47101574
47102598
47103557
47104582
47105606
47106566
47107589
47108614
47109574
47110597
47111557
47112582
47113605
47114566
47115589
47116614
47117574
47118598
47119557
47120582
47121605
47122565
47123589
47124614
47125574
47126597
47127557
47128582
47129605
47130565
47131589
47132613
47133574
47134597
47135557
47136582
47137605
47138565
47139589
47140614
47141573
47142597
47143557
47144582
47145605
47146565
47147589
47148613
47149574
47150598
47151557
47152582
47153606
47154566
47155591
47156614
47157574
47158598
47159557
47160582
47161605
47162566
47163591
47164614
47165574
47166598
47167557
47168582
47169605
47170566
47171590
47172614
47173574
47174597
47175558
47176583
47177606
47178565
47179590
47180614
47181574
47182597
47183557
47184582
47185605
47186565
47187590
47188613
47189574
47190598
47191558
47192583
47193606
47194566
47195591
47196614
47197575
47198598
47199558
47200583
47201607
47202566
47203591
47204614
47205574
47206598
47207558
47208583
47209606
47210566
47211591
47212614
47213574
47214597
47215558
47216583
47217606
47218566
47219591
47220614
47221574
47222597
47223558
47224582
47225606
47226566
47227591
47228614
47229577
47230598
47231557
47232582
47233606
47234566
47235591
47236614
47237574
47238598
47239557
47240583
47241605
47242565
47243591
47244614
47245574
47246597
47247557
47248582
47249605
47250566
47251590
47252614
47253574
47254597
47255557
47256582
47257605
47258565
47259590
47260613
47261574
47262597
47263557
47264582
47265606
47266565
47267590
47268613
47269573
47270597
47271557
47272582
47273605
47274565
47275590
47276613
47277574
47278597
47279557
47280582
47281605
47282565
47283590
47284613
47285573
47286597
47287557
47288582
47289605
47290565
47291589
47292613
47293573
47294597
47295557
47296582
47297605
47298565
47299589
47300613
47301573
47302596
47303556
47304581
47305605
47306565
47307589
47308613
47309573
47310596
47311556
47312581
47313604
47314565
47315589
47316613
47317573
47318596
47319556
47320581
47321605
47322565
47323589
47324613
47325573
47326596
47327556
47328581
47329604
47330564
47331589
47332613
47333573
47334596
47335556
47336581
47337605
47338564
47339590
47340550
47341574
47342598
47343558
47344582
47345605
47346565
47347590
47348550
47349574
47350598
47351558
47352582
47353605
47354566
47355590
47356550
47357574
47358598
47359558
47360582
47361605
47362565
47363590
47364550
47365573
47366598
47367558
47368581
47369605
47370565
47371589
47372549
47373573
47374598
47375558
47376581
47377605
47378565
47379589
47380549
47381573
47382598
47383558
47384581
47385605
47386565
47387589
47388549
47389573
47390597
47391558
47392581
47393604
47394565
47395589
47396549
47397574
47398597
47399558
47400582
47401605
47402565
47403590
47404550
47405574
47406598
47407559
47408582
47409605
47410565
47411590
47412550
47413574
47414598
47415558
47416582
47417605
47418566
47419590
47420550
47421574
47422598
47423558
47424582
47425605
47426565
47427589
47428549
47429573
47430598
47431558
47432581
47433605
47434565
47435590
47436549
47437573
47438598
47439558
47440581
47441605
47442565
47443589
47444549
47445574
47446597
47447558
47448581
47449605
47450565
47451589
47452549
47453573
47454598
47455558
47456581
47457605
47458565
47459589
47460549
47461573
47462597
47463558
47464581
47465605
47466565
47467589
47468549
47469573
47470597
47471558
47472581
47473605
47474565
47475589
47476549
47477573
47478597
47479558
47480581
47481604
47482565
47483589
47484549
47485573
47486597
47487558
47488580
47489604
47490564
47491589
47492549
47493572
47494597
47495557
47496580
47497604
47498565
47499589
47500549
47501574
47502597
47503557
47504580
47505604
47506564
47507589
47508549
47509572
47510597
47511557
47512580
47513604
47514564
47515588
47516549
47517572
47518597
47519557
47520580
47521604
47522564
47523589
47524549
47525572
47526597
47527557
47528580
47529604
47530564
47531588
47532548
47533572
47534597
47535557
47536580
47537604
47538564
47539588
47540548
47541572
47542596
47543557
47544580
47545604
47546564
47547588
47548548
47549571
47550596
47551557
47552580
47553604
47554564
47555588
47556548
47557571
47558596
47559556
47560580
47561603
47562564
47563588
47564548
47565571
47566596
47567556
47568579
47569603
47570563
47571588
47572548
47573571
47574596
47575557
47576579
47577603
47578564
47579588
47580548
47581571
47582596
47583556
47584579
47585603
47586563
47587588
47588548
47589571
47590596
47591556
47592579
47593603
47594563
47595588
47596548
47597571
47598596
47599556
47600579
47601603
47602563
47603588
47604548
47605571
47606596
47607556
47608579
47609603
47610563
47611587
47612548
47613571
47614596
47615556
47616580
47617605
47618565
47619588
47620548
47621572
47622596
47623557
47624580
47625605
47626564
47627588
47628548
47629571
47630596
47631557
47632579
47633605
47634564
47635588
47636548
47637571
47638596
47639556
47640580
47641605
47642564
47643588
47644548
47645571
47646596
47647556
47648579
47649604
47650564
47651588
47652548
47653571
47654597
47655557
47656580
47657605
47658565
47659589
47660549
47661572
47662597
47663557
47664580
47665605
47666565
47667589
47668548
47669572
47670597
47671557
47672580
47673605
47674565
47675588
47676548
47677572
47678597
47679557
47680580
47681605
47682565
47683589
47684549
47685574
47686598
47687557
47688581
47689606
47690565
47691589
47692549
47693574
47694598
47695557
47696581
47697606
47698565
47699589
47700549
47701574
47702597
47703558
47704582
47705606
47706566
47707590
47708550
47709575
47710599
47711558
47712581
47713606
47714566
47715590
47716550
47717574
47718598
47719558
47720581
47721606
47722566
47723589
47724550
47725574
47726598
47727558
47728581
47729606
47730566
47731590
47732550
47733574
47734598
47735558
47736581
47737606
47738566
47739589
47740549
47741574
47742598
47743557
47744581
47745606
47746566
47747590
47748549
47749574
47750598
47751557
47752581
47753606
47754565
47755589
47756549
47757574
47758597
47759557
47760581
47761605
47762565
47763589
47764549
47765574
47766598
47767557
47768581
47769605
47770565
47771589
47772549
47773574
47774597
47775557
47776581
47777605
47778565
47779589
47780549
47781574
47782597
47783557
47784580
47785605
47786565
47787589
47788549
47789573
47790597
47791557
47792581
47793605
47794565
47795589
47796548
47797573
47798597
47799557
47800580
47801605
47802565
47803589
47804548
47805573
47806597
47807557
47808581
47809605
47810565
47811589
47812549
47813573
47814597
47815556
47816580
47817605
47818564
47819589
47820549
47821573
47822596
47823556
47824580
47825605
47826564
47827588
47828548
47829573
47830596
47831556
47832582
47833605
47834566
47835589
47836549
47837574
47838597
47839557
47840582
47841605
47842565
47843589
47844549
47845574
47846597
47847557
47848582
47849605
47850565
47851589
47852549
47853574
47854597
47855557
47856582
47857605
47858565
47859589
47860548
47861574
47862597
47863557
47864582
47865605
47866565
47867589
47868548
47869573
47870597
47871557
47872582
47873605
47874565
47875589
47876548
47877573
47878596
47879557
47880581
47881605
47882565
47883589
47884548
47885573
47886596
47887557
47888581
47889605
47890565
47891588
47892548
47893573
47894596
47895556
47896581
47897605
47898565
47899588
47900549
47901574
47902597
47903557
47904582
47905605
47906565
47907589
47908549
47909574
47910597
47911557
47912582
47913606
47914565
47915589
47916549
47917574
47918597
47919557
47920582
47921605
47922565
47923589
47924549
47925574
47926597
47927557
47928582
47929605
47930565
47931588
47932549
47933573
47934597
47935557
47936582
47937605
47938565
47939588
47940548
47941573
47942597
47943557
47944581
47945605
47946565
47947588
47948548
47949573
47950596
47951557
47952581
47953605
47954565
47955588
47956548
47957573
47958596
47959557
47960581
47961605
47962565
47963588
47964548
47965573
47966596
47967556
47968581
47969605
47970565
47971588
47972548
47973573
47974596
47975556
47976581
47977605
47978565
47979588
47980548
47981573
47982596
47983556
47984581
47985604
47986565
47987588
47988548
47989573
47990596
47991556
47992581
47993604
47994564
47995588
47996548
47997573
47998596
47999556
48000581
48001604
48002564
48003587
48004548
48005573
48006596
48007556
48008580
48009604
48010564
48011588
48012547
48013572
48014596
48015556
48016580
48017604
48018564
48019587
48020547
48021572
48022596
48023556
48024580
48025604
48026564
48027587
48028547
48029572
48030595
48031556
48032580
48033604
48034564
48035587
48036547
48037572
48038595
48039555
48040580
48041604
48042564
48043587
48044547
48045572
48046595
48047555
48048580
48049603
48050564
48051587
48052547
48053572
48054595
48055555
48056580
48057603
48058563
48059587
48060547
48061572
48062595
48063555
48064580
48065603
48066563
48067586
48068547
48069572
48070595
48071555
48072580
48073603
48074563
48075586
48076546
48077572
48078595
48079555
48080580
48081603
48082563
48083586
48084547
48085572
48086594
48087555
48088580
48089603
48090563
48091586
48092546
48093571
48094595
48095555
48096579
48097603
48098564
48099586
48100546
48101571
48102594
48103555
48104580
48105603
48106563
48107586
48108546
48109571
48110594
48111555
48112579
48113603
48114563
48115586
48116546
48117571
48118594
48119555
48120579
48121540
48122564
48123588
48124548
48125572
48126595
48127555
48128580
48129540
48130564
48131588
48132548
48133572
48134595
48135555
48136580
48137540
48138563
48139588
48140548
48141572
48142595
48143556
48144580
48145540
48146564
48147588
48148549
48149572
48150596
48151556
48152580
48153540
48154564
48155588
48156549
48157572
48158595
48159556
48160580
48161540
48162564
48163588
48164549
48165572
48166596
48167556
48168580
48169540
48170564
48171588
48172549
48173572
48174595
48175556
48176580
48177540
48178564
48179588
48180549
48181572
48182595
48183556
48184580
48185540
48186564
48187588
48188548
48189571
48190595
48191556
48192580
48193540
48194564
48195588
48196548
48197571
48198595
48199555
48200580
48201540
48202563
48203588
48204548
48205571
48206595
48207555
48208580
48209540
48210563
48211588
48212548
48213571
48214595
48215556
48216580
48217540
48218563
48219588
48220548
48221571
48222595
48223555
48224580
48225540
48226563
48227588
48228548
48229571
48230595
48231555
48232580
48233540
48234563
48235588
48236548
48237571
48238595
48239555
48240580
48241539
48242563
48243588
48244548
48245571
48246595
48247555
48248579
48249539
48250563
48251587
48252548
48253571
48254595
48255555
48256579
48257539
48258563
48259587
48260548
48261571
48262595
48263555
48264579
48265539
48266562
48267587
48268548
48269571
48270594
48271555
48272579
48273539
48274562
48275587
48276548
48277571
48278594
48279555
48280579
48281539
48282562
48283587
48284547
48285571
48286594
48287554
48288579
48289539
48290562
48291587
48292548
48293570
48294594
48295554
48296579
48297539
48298562
48299587
48300547
48301570
48302594
48303554
48304578
48305538
48306562
48307587
48308547
48309570
48310594
48311554
48312579
48313539
48314562
48315587
48316547
48317570
48318594
48319554
48320578
48321539
48322562
48323587
48324547
48325570
48326594
48327554
48328578
48329538
48330562
48331587
48332547
48333570
48334594
48335556
48336579
48337539
48338563
48339587
48340547
48341571
48342596
48343556
48344579
48345539
48346562
48347587
48348548
48349571
48350596
48351555
48352579
48353539
48354562
48355587
48356548
48357570
48358595
48359556
48360580
48361540
48362563
48363588
48364548
48365572
48366596
48367556
48368580
48369540
48370563
48371588
48372548
48373571
48374596
48375556
48376579
48377540
48378563
48379587
48380548
48381571
48382596
48383556
48384579
48385539
48386563
48387588
48388548
48389571
48390596
48391556
48392579
48393540
48394563
48395588
48396548
48397571
48398596
48399556
48400579
48401539
48402562
48403587
48404548
48405571
48406596
48407556
48408580
48409540
48410565
48411588
48412548
48413571
48414597
48415556
48416580
48417540
48418565
48419588
48420548
48421571
48422596
48423556
48424580
48425540
48426564
48427588
48428548
48429571
48430596
48431556
48432580
48433540
48434564
48435588
48436548
48437571
48438596
48439556
48440580
48441540
48442564
48443588
48444548
48445571
48446596
48447556
48448579
48449539
48450564
48451589
48452549
48453572
48454597
48455557
48456580
48457540
48458565
48459588
48460548
48461572
48462597
48463556
48464580
48465540
48466565
48467588
48468548
48469571
48470597
48471556
48472580
48473540
48474564
48475588
48476548
48477572
48478597
48479556
48480580
48481540
48482564
48483588
48484548
48485571
48486596
48487556
48488580
48489540
48490564
48491588
48492548
48493571
48494596
48495556
48496580
48497540
48498564
48499588
48500549
48501571
48502596
48503556
48504580
48505540
48506564
48507588
48508548
48509571
48510596
48511556
48512579
48513540
48514564
48515588
48516548
48517571
48518596
48519557
48520580
48521540
48522565
48523588
48524549
48525573
48526596
48527556
48528580
48529540
48530565
48531588
48532548
48533573
48534596
48535556
48536580
48537540
48538565
48539588
48540548
48541573
48542596
48543556
48544580
48545540
48546565
48547588
48548548
48549573
48550596
48551557
48552581
48553541
48554565
48555589
48556549
48557574
48558597
48559557
48560581
48561541
48562565
48563589
48564549
48565574
48566597
48567557
48568581
48569540
48570565
48571589
48572548
48573574
48574597
48575557
48576580
48577540
48578565
48579589
48580548
48581574
48582597
48583557
48584580
48585540
48586565
48587590
48588549
48589574
48590535
48591557
48592583
48593542
48594566
48595590
48596549
48597574
48598534
48599557
48600582
48601542
48602566
48603589
48604549
48605574
48606535
48607557
48608582
48609543
48610567
48611590
48612550
48613575
48614535
48615558
48616584
48617543
48618566
48619590
48620550
48621575
48622535
48623558
48624583
48625543
48626566
48627589
48628549
48629574
48630534
48631558
48632583
48633543
48634566
48635589
48636549
48637574
48638534
48639558
48640583
48641543
48642566
48643589
48644549
48645574
48646535
48647557
48648583
48649542
48650566
48651589
48652549
48653574
48654534
48655558
48656583
48657542
48658566
48659589
48660549
48661574
48662534
48663557
48664582
48665542
48666566
48667589
48668549
48669574
48670534
48671557
48672582
48673542
48674566
48675589
48676549
48677574
48678534
48679557
48680582
48681542
48682566
48683589
48684549
48685574
48686534
48687557
48688582
48689542
48690565
48691589
48692549
48693574
48694533
48695557
48696582
48697543
48698566
48699591
48700551
48701575
48702534
48703559
48704584
48705543
48706567
48707592
48708551
48709575
48710536
48711559
48712583
48713543
48714567
48715592
48716552
48717575
48718535
48719561
48720584
48721544
48722568
48723592
48724552
48725576
48726536
48727561
48728584
48729544
48730568
48731593
48732552
48733576
48734536
48735560
48736584
48737544
48738567
48739592
48740552
48741576
48742535
48743561
48744584
48745544
48746567
48747592
48748552
48749576
48750535
48751560
48752584
48753544
48754568
48755592
48756552
48757576
48758535
48759562
48760584
48761544
48762568
48763592
48764553
48765576
48766536
48767561
48768584
48769544
48770568
48771593
48772552
48773576
48774536
48775561
48776584
48777544
48778568
48779593
48780552
48781576
48782536
48783561
48784584
48785544
48786568
48787592
48788552
48789576
48790536
48791561
48792584
48793544
48794568
48795592
48796552
48797576
48798535
48799560
48800584
48801544
48802568
48803592
48804552
48805576
48806536
48807560
48808583
48809544
48810567
48811592
48812552
48813576
48814535
48815560
48816584
48817544
48818567
48819592
48820552
48821575
48822535
48823560
48824584
48825543
48826567
48827592
48828552
48829575
48830535
48831561
48832584
48833543
48834567
48835591
48836552
48837575
48838535
48839560
48840583
48841543
48842567
48843591
48844551
48845575
48846535
48847560
48848583
48849543
48850567
48851591
48852552
48853575
48854535
48855560
48856583
48857543
48858567
48859591
48860552
48861575
48862535
48863560
48864583
48865543
48866567
48867591
48868551
48869575
48870536
48871560
48872584
48873544
48874568
48875592
48876552
48877575
48878535
48879560
48880584
48881544
48882569
48883593
48884553
48885576
48886536
48887561
48888584
48889545
48890569
48891593
48892553
48893576
48894536
48895561
48896584
48897545
48898569
48899593
48900553
48901576
48902536
48903561
48904584
48905544
48906569
48907592
48908553
48909576
48910536
48911561
48912584
48913545
48914569
48915593
48916552
48917576
48918536
48919561
48920584
48921545
48922569
48923592
48924553
48925578
48926538
48927562
48928585
48929545
48930569
48931529
48932554
48933577
48934538
48935561
48936585
48937545
48938569
48939529
48940553
48941578
48942538
48943561
48944585
48945545
48946569
48947529
48948553
48949579
48950539
48951562
48952585
48953546
48954570
48955530
48956554
48957578
48958539
48959562
48960585
48961546
48962570
48963530
48964554
48965578
48966539
48967562
48968585
48969545
48970570
48971530
48972554
48973578
48974538
48975561
48976585
48977545
48978570
48979530
48980553
48981578
48982538
48983561
48984585
48985545
48986570
48987529
48988553
48989578
48990538
48991561
48992585
48993545
48994569
48995529
48996553
48997578
48998538
48999561
49000585
49001545
49002569
49003529
49004554
49005578
49006538
49007561
49008585
49009545
49010569
49011529
49012553
49013577
49014538
49015561
49016585
49017545
49018569
49019529
49020553
49021577
49022538
49023561
49024584
49025545
49026569
49027529
49028554
49029578
49030539
49031561
49032587
49033547
49034570
49035530
49036554
49037578
49038539
49039562
49040586
49041547
49042570
49043530
49044554
49045578
49046538
49047561
49048586
49049546
49050570
49051530
49052554
49053578
49054538
49055561
49056587
49057546
49058570
49059530
49060553
49061578
49062538
49063561
49064586
49065546
49066570
49067530
49068553
49069578
49070538
49071561
49072586
49073546
49074569
49075530
49076553
49077578
49078538
49079561
49080586
49081546
49082569
49083529
49084553
49085578
49086538
49087561
49088586
49089546
49090569
49091529
49092553
49093577
49094538
49095561
49096586
49097546
49098570
49099529
49100553
49101577
49102539
49103561
49104586
49105546
49106569
49107529
49108553
49109577
49110537
49111561
49112586
49113546
49114569
49115529
49116553
49117577
49118537
49119561
49120586
49121546
49122569
49123529
49124552
49125577
49126537
49127561
49128585
49129545
49130569
49131529
49132552
49133577
49134537
49135560
49136585
49137545
49138569
49139529
49140552
49141577
49142537
49143561
49144585
49145545
49146568
49147529
49148552
49149577
49150537
49151561
49152585
49153545
49154569
49155528
49156552
49157577
49158537
49159560
49160585
49161545
49162568
49163529
49164552
49165577
49166537
49167560
49168585
49169545
49170568
49171529
49172552
49173577
49174537
49175560
49176585
49177545
49178568
49179529
49180552
49181577
49182537
49183560
49184585
49185545
49186568
49187528
49188551
49189576
49190537
49191560
49192585
49193545
49194568
49195528
49196551
49197576
49198536
49199560
49200585
49201544
49202568
49203528
49204551
49205576
49206536
49207560
49208585
49209544
49210568
49211528
49212551
49213576
49214536
49215559
49216584
49217544
49218568
49219529
49220552
49221577
49222537
49223560
49224585
49225545
49226568
49227529
49228552
49229577
49230538
49231561
49232585
49233545
49234568
49235529
49236552
49237577
49238537
49239560
49240585
49241545
49242568
49243528
49244552
49245576
49246537
49247560
49248585
49249545
49250568
49251528
49252552
49253576
49254537
49255560
49256585
49257545
49258568
49259528
49260552
49261576
49262537
49263560
49264584
49265544
49266568
49267528
49268551
49269576
49270536
49271559
49272584
49273544
49274568
49275528
49276551
49277576
49278536
49279559
49280584
49281544
49282568
49283528
49284551
49285576
49286536
49287559
49288584
49289544
49290568
49291528
49292551
49293576
49294536
49295559
49296584
49297544
49298567
49299528
49300551
49301575
49302536
49303559
49304584
49305544
49306567
49307527
49308551
49309576
49310536
49311559
49312584
49313543
49314567
49315527
49316550
49317575
49318536
49319559
49320584
49321543
49322567
49323527
49324550
49325576
49326536
49327559
49328584
49329544
49330567
49331528
49332550
49333576
49334535
49335559
49336584
49337544
49338567
49339527
49340550
49341575
49342535
49343559
49344584
49345543
49346567
49347527
49348550
49349575
49350535
49351558
49352583
49353543
49354567
49355527
49356550
49357575
49358535
49359558
49360583
49361543
49362566
49363527
49364550
49365575
49366535
49367558
49368583
49369543
49370567
49371527
49372550
49373575
49374535
49375558
49376583
49377543
49378566
49379527
49380550
49381575
49382535
49383558
49384583
49385543
49386566
49387526
49388550
49389575
49390536
49391559
49392584
49393543
49394567
49395527
49396552
49397575
49398535
49399559
49400583
49401544
49402567
49403527
49404552
49405575
49406536
49407559
49408584
49409544
49410567
49411527
49412552
49413575
49414535
49415558
49416583
49417543
49418566
49419528
49420552
49421576
49422536
49423559
49424584
49425544
49426567
49427527
49428552
49429576
49430536
49431559
49432584
49433544
49434567
49435528
49436552
49437576
49438536
49439559
49440584
49441544
49442567
49443527
49444552
49445576
49446536
49447559
49448584
49449543
49450567
49451527
49452552
49453575
49454536
49455559
49456584
49457543
49458567
49459527
49460552
49461576
49462536
49463559
49464584
49465543
49466567
49467527
49468551
49469576
49470536
49471561
49472584
49473544
49474568
49475529
49476553
49477577
49478537
49479561
49480585
49481545
49482568
49483529
49484553
49485577
49486537
49487561
49488585
49489545
49490569
49491528
49492553
49493577
49494537
49495561
49496585
49497545
49498568
49499529
49500553
49501577
49502537
49503561
49504585
49505544
49506569
49507528
49508553
49509577
49510537
49511561
49512585
49513545
49514569
49515528
49516553
49517577
49518537
49519561
49520585
49521545
49522568
49523528
49524553
49525576
49526537
49527561
49528585
49529545
49530568
49531528
49532553
49533576
49534537
49535561
49536585
49537544
49538568
49539530
49540553
49541577
49542537
49543561
49544522
49545545
49546570
49547530
49548553
49549577
49550537
49551562
49552522
49553545
49554570
49555530
49556553
49557577
49558537
49559561
49560522
49561545
49562570
49563530
49564553
49565577
49566537
49567561
49568522
49569545
49570570
49571530
49572553
49573577
49574537
49575561
49576521
49577544
49578570
49579530
49580553
49581577
49582537
49583561
49584522
49585544
49586570
49587530
49588553
49589577
49590537
49591561
49592521
49593544
49594569
49595530
49596553
49597576
49598536
49599562
49600522
49601545
49602570
49603530
49604553
49605577
49606537
49607562
49608522
49609545
49610570
49611531
49612553
49613577
49614537
49615562
49616522
49617545
49618570
49619531
49620554
49621579
49622539
49623562
49624523
49625546
49626571
49627531
49628572
49629531
49630555
49631580
49632540
49633563
49634523
49635547
49636571
49637532
49638555
49639579
49640540
49641563
49642523
49643547
49644571
49645531
49646555
49647580
49648539
49649563
49650523
49651547
49652571
49653531
49654555
49655579
49656539
49657563
49658523
49659547
49660571
49661531
49662554
49663579
49664539
49665563
49666523
49667546
49668571
49669531
49670554
49671579
49672539
49673563
49674523
49675546
49676571
49677531
49678555
49679579
49680539
49681563
49682522
49683546
49684571
49685531
49686554
49687579
49688539
49689563
49690522
49691546
49692571
49693530
49694555
49695579
49696539
49697563
49698522
49699546
49700570
49701530
49702555
49703579
49704539
49705563
49706522
49707546
49708570
49709530
49710554
49711578
49712538
49713562
49714522
49715546
49716570
49717530
49718554
49719578
49720539
49721562
49722522
49723546
49724570
49725530
49726554
49727578
49728538
49729562
49730522
49731546
49732570
49733530
49734554
49735578
49736538
49737562
49738522
49739545
49740570
49741530
49742553
49743578
49744538
49745562
49746522
49747545
49748570
49749530
49750553
49751578
49752538
49753561
49754521
49755545
49756570
49757530
49758554
49759578
49760538
49761561
49762521
49763545
49764570
49765529
49766553
49767578
49768538
49769561
49770521
49771545
49772569
49773529
49774553
49775578
49776538
49777561
49778521
49779547
49780571
49781530
49782554
49783578
49784539
49785562
49786522
49787547
49788570
49789530
49790554
49791578
49792538
49793561
49794522
49795547
49796570
49797530
49798554
49799578
49800539
49801562
49802521
49803547
49804570
49805530
49806554
49807578
49808538
49809562
49810522
49811546
49812570
49813530
49814553
49815578
49816538
49817561
49818521
49819547
49820570
49821530
49822554
49823578
49824538
49825561
49826522
49827546
49828570
49829530
49830554
49831578
49832538
49833561
49834521
49835546
49836570
49837530
49838553
49839578
49840538
49841561
49842521
49843547
49844569
49845530
49846553
49847578
49848538
49849561
49850521
49851546
49852569
49853529
49854553
49855578
49856538
49857561
49858521
49859547
49860569
49861530
49862553
49863578
49864537
49865561
49866521
49867546
49868569
49869529
49870553
49871578
49872538
49873561
49874521
49875546
49876569
49877529
49878552
49879578
49880538
49881561
49882521
49883545
49884569
49885529
49886552
49887577
49888538
49889561
49890521
49891545
49892569
49893529
49894552
49895577
49896537
49897560
49898521
49899545
49900569
49901529
49902552
49903577
49904537
49905560
49906520
49907545
49908569
49909530
49910553
49911578
49912538
49913561
49914521
49915546
49916569
49917530
49918553
49919580
49920540
49921563
49922523
49923548
49924571
49925531
49926556
49927579
49928540
49929563
49930523
49931548
49932571
49933531
49934555
49935579
49936539
49937563
49938523
49939547
49940571
49941531
49942555
49943579
49944539
49945563
49946523
49947547
49948571
49949531
49950555
49951579
49952539
49953563
49954523
49955547
49956571
49957531
49958555
49959579
49960539
49961563
49962523
49963547
49964571
49965531
49966556
49967579
49968539
49969562
49970522
49971547
49972571
49973531
49974555
49975579
49976539
49977562
49978522
49979548
49980572
49981532
49982556
49983580
49984539
49985565
49986525
49987548
49988571
49989531
49990556
49991580
49992539
49993564
49994524
49995548
49996572
49997531
49998556
49999579
50000539
50001564
50002524
50003548
50004571
50005531
50006556
50007580
50008539
50009564
50010524
50011548
50012571
50013531
50014556
50015580
50016539
50017564
50018524
50019548
50020571
50021531
50022556
50023580
50024539
50025564
50026524
50027548
50028571
50029531
50030556
50031579
50032539
50033564
50034524
50035547
50036571
50037531
50038556
50039579
50040539
50041564
50042524
50043547
50044571
50045531
50046555
50047579
50048539
50049564
50050524
50051547
50052570
50053531
50054555
50055579
50056539
50057564
50058524
50059547
50060571
50061531
50062555
50063578
50064539
50065564
50066524
50067547
50068571
50069530
50070555
50071578
50072538
50073564
50074523
50075547
50076570
50077530
50078555
50079578
50080538
50081563
50082523
50083547
50084570
50085530
50086555
50087578
50088538
50089563
50090523
50091546
50092570
50093530
50094555
50095578
50096538
50097563
50098523
50099546
50100570
50101530
50102555
50103578
50104538
50105563
50106524
50107546
50108570
50109530
50110555
50111578
50112538
50113563
50114522
50115546
50116571
50117530
50118555
50119579
50120539
50121564
50122523
50123547
50124571
50125530
50126555
50127579
50128539
50129564
50130524
50131547
50132571
50133531
50134555
50135579
50136539
50137563
50138523
50139548
50140572
50141532
50142556
50143516
50144539
50145564
50146525
50147548
50148572
50149533
50150557
50151517
50152540
50153565
50154526
50155548
50156573
50157533
50158556
50159517
50160540
50161565
50162525
50163549
50164573
50165533
50166557
50167517
50168540
50169565
50170525
50171548
50172573
50173533
50174557
50175517
50176540
50177565
50178525
50179548
50180573
50181533
50182557
50183517
50184540
50185565
50186524
50187548
50188573
50189533
50190556
50191517
50192540
50193566
50194525
50195549
50196574
50197533
50198558
50199517
50200542
50201566
50202525
50203549
50204574
50205534
50206557
50207517
50208542
50209566
50210525
50211549
50212574
50213533
50214557
50215518
50216542
50217565
50218525
50219548
50220574
50221533
50222557
50223517
50224541
50225566
50226525
50227548
50228573
50229533
50230557
50231517
50232541
50233565
50234525
50235548
50236574
50237533
50238557
50239516
50240541
50241565
50242525
50243549
50244573
50245533
50246557
50247517
50248541
50249565
50250524
50251548
50252573
50253533
50254557
50255516
50256541
50257564
50258524
50259548
50260573
50261533
50262557
50263517
50264541
50265564
50266525
50267548
50268573
50269533
50270557
50271517
50272541
50273564
50274524
50275548
50276572
50277532
50278556
50279516
50280541
50281564
50282524
50283549
50284572
50285532
50286557
50287516
50288541
50289565
50290525
50291549
50292573
50293533
50294557
50295517
50296542
50297565
50298525
50299549
50300573
50301533
50302557
50303517
50304542
50305565
50306525
50307549
50308573
50309533
50310557
50311517
50312542
50313565
50314525
50315548
50316573
50317533
50318557
50319516
50320541
50321565
50322525
50323548
50324573
50325533
50326557
50327516
50328541
50329564
50330524
50331548
50332573
50333533
50334557
50335516
50336541
50337564
50338524
50339548
50340573
50341533
50342557
50343516
50344541
50345564
50346524
50347548
50348573
50349533
50350556
50351516
50352541
50353564
50354524
50355548
50356572
50357533
50358556
50359516
50360541
50361564
50362524
50363548
50364572
50365533
50366556
50367516
50368541
50369564
50370524
50371548
50372573
50373533
50374556
50375516
50376541
50377564
50378524
50379548
50380572
50381533
50382556
50383516
50384541
50385564
50386524
50387548
50388572
50389533
50390556
50391517
50392541
50393565
50394525
50395549
50396573
50397533
50398556
50399516
50400542
50401565
50402525
50403549
50404573
50405533
50406556
50407516
50408541
50409565
50410525
50411549
50412573
50413533
50414557
50415516
50416541
50417565
50418525
50419549
50420573
50421533
50422556
50423516
50424541
50425564
50426525
50427549
50428573
50429533
50430556
50431516
50432541
50433564
50434524
50435549
50436573
50437533
50438556
50439516
50440541
50441564
50442524
50443549
50444573
50445533
50446556
50447516
50448541
50449564
50450524
50451549
50452572
50453532
50454556
50455516
50456541
50457564
50458524
50459549
50460573
50461532
50462555
50463516
50464541
50465564
50466524
50467549
50468572
50469533
50470556
50471517
50472541
50473565
50474525
50475549
50476573
50477533
50478556
50479517
50480541
50481565
50482525
50483549
50484573
50485533
50486556
50487516
50488541
50489565
50490525
50491549
50492573
50493533
50494556
50495516
50496541
50497564
50498525
50499549
50500573
50501533
50502556
50503516
50504541
50505565
50506525
50507549
50508573
50509533
50510556
50511516
50512541
50513564
50514525
50515549
50516573
50517533
50518556
50519516
50520541
50521564
50522524
50523549
50524573
50525533
50526556
50527516
50528540
50529564
50530525
50531549
50532573
50533532
50534556
50535516
50536540
50537564
50538524
50539549
50540573
50541532
50542556
50543516
50544540
50545564
50546524
50547549
50548572
50549532
50550556
50551516
50552540
50553564
50554524
50555549
50556572
50557532
50558555
50559516
50560540
50561564
50562524
50563548
50564572
50565532
50566555
50567515
50568540
50569565
50570525
50571549
50572573
50573533
50574557
50575518
50576541
50577565
50578525
50579549
50580573
50581533
50582557
50583518
50584541
50585565
50586524
50587549
50588572
50589533
50590558
50591517
50592541
50593565
50594524
50595549
50596573
50597532
50598557
50599518
50600540
50601564
50602524
50603549
50604573
50605532
50606557
50607517
50608541
50609564
50610524
50611548
50612572
50613532
50614557
50615517
50616540
50617564
50618524
50619549
50620572
50621532
50622557
50623517
50624540
50625564
50626524
50627549
50628572
50629532
50630557
50631517
50632540
50633564
50634524
50635548
50636572
50637532
50638557
50639517
50640540
50641564
50642525
50643549
50644573
50645533
50646558
50647518
50648541
50649565
50650524
50651549
50652573
50653533
50654557
50655517
50656541
50657564
50658524
50659549
50660572
50661532
50662557
50663517
50664541
50665564
50666524
50667549
50668572
50669533
50670557
50671517
50672541
50673564
50674524
50675549
50676573
50677532
50678557
50679518
50680541
50681564
50682524
50683549
50684572
50685532
50686557
50687517
50688541
50689564
50690524
50691549
50692573
50693532
50694557
50695517
50696540
50697564
50698524
50699549
50700572
50701532
50702557
50703517
50704540
50705564
50706524
50707549
50708572
50709532
50710557
50711517
50712540
50713563
50714524
50715549
50716572
50717532
50718557
50719517
50720540
50721563
50722523
50723548
50724572
50725532
50726557
50727517
50728540
50729563
50730524
50731548
50732571
50733531
50734557
50735516
50736540
50737563
50738523
50739548
50740571
50741531
50742557
50743516
50744540
50745564
50746523
50747548
50748571
50749531
50750556
50751516
50752540
50753563
50754523
50755548
50756571
50757531
50758556
50759516
50760540
50761563
50762523
50763548
50764571
50765532
50766556
50767516
50768539
50769563
50770523
50771548
50772571
50773531
50774556
50775515
50776540
50777563
50778523
50779548
50780571
50781531
50782556
50783515
50784539
50785563
50786522
50787547
50788571
50789531
50790556
50791515
50792539
50793562
50794522
50795547
50796571
50797531
50798555
50799515
50800539
50801562
50802522
50803547
50804571
50805531
50806556
50807515
50808539
50809562
50810522
50811547
50812570
50813530
50814555
50815515
50816539
50817562
50818522
50819547
50820570
50821530
50822555
50823515
50824539
50825562
50826522
50827547
50828570
50829530
50830555
50831515
50832539
50833562
50834522
50835547
50836570
50837530
50838555
50839515
50840538
50841562
50842522
50843547
50844570
50845530
50846555
50847515
50848538
50849562
50850522
50851547
50852570
50853530
50854555
50855515
50856538
50857562
50858522
50859548
50860507
50861531
50862556
50863516
50864539
50865564
50866524
50867548
50868507
50869531
50870556
50871515
50872539
50873563
50874524
50875548
50876507
50877531
50878556
50879515
50880539
50881563
50882523
50883547
50884507
50885530
50886555
50887515
50888539
50889563
50890524
50891547
50892507
50893531
50894555
50895515
50896539
50897564
50898523
50899547
50900507
50901531
50902556
50903515
50904539
50905563
50906523
50907547
50908507
50909531
50910555
50911515
50912539
50913563
50914523
50915547
50916506
50917530
50918555
50919515
50920538
50921563
50922523
50923547
50924506
50925530
50926555
50927515
50928539
50929563
50930523
50931547
50932506
50933530
50934555
50935514
50936539
50937563
50938523
50939547
50940506
50941530
50942555
50943515
50944538
50945563
50946523
50947546
50948506
50949530
50950554
50951514
50952538
50953562
50954523
50955546
50956506
50957530
50958554
50959514
50960538
50961562
50962523
50963546
50964507
50965530
50966554
50967514
50968538
50969562
50970522
50971546
50972506
50973530
50974554
50975514
50976538
50977562
50978522
50979546
50980506
50981530
50982554
50983514
50984538
50985562
50986522
50987546
50988506
50989529
50990554
50991514
50992538
50993562
50994522
50995546
50996506
50997529
50998554
50999514
51000538
51001562
51002522
51003546
51004505
51005529
51006554
51007514
51008537
51009562
51010522
51011545
51012506
51013530
51014555
51015515
51016538
51017563
51018523
51019546
51020506
51021530
51022554
51023515
51024538
51025563
51026523
51027546
51028506
51029530
51030555
51031514
51032538
51033563
51034523
51035546
51036506
51037530
51038555
51039514
51040538
51041562
51042523
51043546
51044506
51045530
51046554
51047514
51048538
51049562
51050523
51051546
51052506
51053530
51054554
51055514
51056538
51057562
51058522
51059546
51060505
51061530
51062554
51063514
51064538
51065562
51066523
51067546
51068505
51069530
51070554
51071514
51072537
51073562
51074522
51075546
51076506
51077529
51078554
51079514
51080537
51081562
51082522
51083546
51084505
51085529
51086553
51087514
51088537
51089562
51090522
51091546
51092505
51093529
51094554
51095514
51096537
51097562
51098522
51099546
51100507
51101531
51102554
51103515
51104538
51105563
51106523
51107546
51108506
51109531
51110555
51111515
51112539
51113564
51114524
51115547
51116507
51117531
51118556
51119515
51120538
51121563
51122524
51123547
51124507
51125531
51126556
51127516
51128541
51129564
51130524
51131548
51132508
51133532
51134556
51135516
51136540
51137564
51138524
51139548
51140508
51141533
51142556
51143516
51144540
51145564
51146524
51147547
51148508
51149532
51150556
51151516
51152540
51153564
51154524
51155548
51156508
51157532
51158556
51159516
51160540
51161564
51162524
51163547
51164508
51165532
51166556
51167516
51168540
51169564
51170524
51171547
51172507
51173532
51174555
51175516
51176540
51177564
51178524
51179547
51180507
51181532
51182555
51183516
51184540
51185564
51186523
51187547
51188507
51189531
51190555
51191515
51192540
51193563
51194524
51195547
51196507
51197532
51198555
51199515
51200540
51201564
51202523
51203547
51204507
51205531
51206556
51207515
51208540
51209564
51210523
51211547
51212507
51213531
51214555
51215515
51216539
51217564
51218524
51219547
51220507
51221531
51222555
51223515
51224539
51225563
51226523
51227546
51228507
51229531
51230555
51231515
51232539
51233563
51234523
51235546
51236507
51237531
51238555
51239515
51240539
51241564
51242523
51243547
51244506
51245531
51246556
51247516
51248540
51249565
51250524
51251549
51252510
51253533
51254556
51255516
51256541
51257564
51258524
51259549
51260509
51261532
51262557
51263516
51264541
51265564
51266524
51267549
51268509
51269532
51270556
51271516
51272541
51273564
51274524
51275549
51276509
51277532
51278556
51279516
51280541
51281564
51282524
51283549
51284509
51285532
51286556
51287516
51288540
51289564
51290524
51291549
51292509
51293532
51294556
51295516
51296541
51297564
51298524
51299549
51300510
51301532
51302556
51303516
51304540
51305564
51306524
51307549
51308510
51309533
51310557
51311516
51312541
51313564
51314524
51315549
51316510
51317533
51318557
51319516
51320541
51321564
51322525
51323550
51324509
51325533
51326557
51327516
51328541
51329564
51330524
51331549
51332509
51333533
51334556
51335516
51336541
51337564
51338524
51339549
51340509
51341532
51342556
51343516
51344541
51345564
51346524
51347549
51348510
51349534
51350558
51351518
51352542
51353502
51354525
51355550
51356510
51357533
51358558
51359518
51360542
51361502
51362525
51363550
51364510
51365533
51366558
51367518
51368541
51369502
51370525
51371549
51372509
51373533
51374558
51375518
51376541
51377501
51378525
51379549
51380509
51381533
51382557
51383517
51384542
51385501
51386525
51387549
51388510
51389534
51390558
51391518
51392542
51393502
51394525
51395550
51396510
51397534
51398558
51399518
51400542
51401502
51402525
51403550
51404510
51405533
51406558
51407518
51408542
51409502
51410525
51411550
51412510
51413534
51414558
51415518
51416542
51417501
51418525
51419550
51420510
51421533
51422558
51423518
51424542
51425501
51426525
51427550
51428510
51429533
51430558
51431518
51432541
51433501
51434525
51435549
51436510
51437533
51438558
51439518
51440541
51441501
51442525
51443549
51444509
51445533
51446558
51447518
51448541
51449501
51450525
51451549
51452510
51453533
51454558
51455517
51456541
51457501
51458525
51459549
51460509
51461533
51462557
51463518
51464541
51465501
51466524
51467549
51468509
51469533
51470557
51471518
51472541
51473501
51474525
51475549
51476509
51477533
51478557
51479517
51480541
51481501
51482524
51483549
51484509
51485533
51486557
51487517
51488541
51489500
51490524
51491549
51492509
51493533
51494557
51495517
51496541
51497500
51498524
51499549
51500509
51501533
51502557
51503517
51504541
51505500
51506524
51507548
51508508
51509532
51510557
51511517
51512540
51513500
51514524
51515548
51516508
51517532
51518557
51519518
51520541
51521501
51522526
51523549
51524509
51525533
51526557
51527518
51528541
51529501
51530526
51531549
51532509
51533533
51534557
51535517
51536541
51537501
51538526
51539549
51540509
51541533
51542557
51543517
51544541
51545501
51546526
51547549
51548509
51549533
51550557
51551517
51552541
51553501
51554526
51555550
51556510
51557534
51558558
51559518
51560541
51561501
51562527
51563551
51564511
51565536
51566559
51567519
51568542
51569502
51570527
51571551
51572511
51573535
51574559
51575519
51576542
51577502
51578528
51579550
51580510
51581536
51582559
51583519
51584542
51585502
51586527
51587550
51588510
51589535
51590559
51591519
51592542
51593502
51594527
51595550
51596510
51597547
51598507
51599532
51600556
51601516
51602539
51603563
51604523
51605547
51606507
51607531
51608556
51609516
51610539
51611563
51612523
51613547
51614507
51615531
51616556
51617516
51618539
51619563
51620523
51621547
51622508
51623531
51624556
51625516
51626539
51627564
51628523
51629548
51630507
51631531
51632556
51633516
51634539
51635563
51636522
51637547
51638507
51639531
51640555
51641515
51642539
51643563
51644522
51645547
51646507
51647530
51648555
51649515
51650539
51651562
51652523
51653547
51654507
51655530
51656555
51657515
51658538
51659563
51660522
51661547
51662507
51663531
51664555
51665515
51666538
51667562
51668522
51669546
51670507
51671530
51672555
51673515
51674538
51675562
51676522
51677546
51678506
51679530
51680555
51681515
51682538
51683562
51684522
51685546
51686506
51687530
51688555
51689515
51690538
51691562
51692522
51693546
51694507
51695530
51696554
51697515
51698538
51699562
51700522
51701546
51702506
51703530
51704555
51705515
51706538
51707562
51708522
51709546
51710506
51711530
51712554
51713515
51714538
51715562
51716522
51717546
51718506
51719530
51720554
51721514
51722538
51723562
51724521
51725546
51726506
51727529
51728554
51729514
51730537
51731561
51732521
51733546
51734506
51735529
51736554
51737514
51738537
51739561
51740521
51741546
51742506
51743529
51744554
51745515
51746538
51747499
51748523
51749547
51750507
51751530
51752555
51753515
51754538
51755498
51756523
51757546
51758506
51759530
51760555
51761515
51762538
51763498
51764523
51765546
51766506
51767530
51768555
51769515
51770538
51771498
51772523
51773546
51774507
51775529
51776555
51777515
51778538
51779498
51780523
51781546
51782506
51783530
51784555
51785514
51786538
51787498
51788522
51789546
51790506
51791530
51792555
51793514
51794537
51795498
51796522
51797546
51798506
51799529
51800554
51801514
51802537
51803498
51804522
51805546
51806506
51807529
51808554
51809514
51810538
51811498
51812522
51813546
51814506
51815529
51816554
51817514
51818537
51819498
51820522
51821546
51822506
51823529
51824554
51825513
51826538
51827497
51828522
51829546
51830505
51831529
51832554
51833514
51834537
51835497
51836522
51837546
51838506
51839529
51840554
51841513
51842537
51843497
51844522
51845545
51846505
51847529
51848554
51849513
51850537
51851498
51852521
51853546
51854505
51855529
51856554
51857513
51858537
51859497
51860521
51861545
51862505
51863529
51864554
51865513
51866537
51867498
51868522
51869545
51870505
51871529
51872554
51873513
51874537
51875497
51876521
51877545
51878505
51879528
51880553
51881513
51882537
51883497
51884521
51885545
51886505
51887528
51888553
51889513
51890537
51891497
51892521
51893545
51894505
51895528
51896553
51897513
51898537
51899497
51900521
51901545
51902505
51903528
51904553
51905513
51906536
51907497
51908521
51909545
51910505
51911528
51912553
51913513
51914536
51915496
51916521
51917544
51918505
51919528
51920554
51921513
51922537
51923497
51924522
51925546
51926505
51927529
51928554
51929513
51930537
51931497
51932521
51933545
51934505
51935529
51936553
51937513
51938537
51939497
51940521
51941545
51942505
51943529
51944553
51945513
51946537
51947497
51948521
51949545
51950505
51951529
51952553
51953513
51954537
51955497
51956521
51957546
51958505
51959530
51960554
51961514
51962538
51963497
51964522
51965546
51966506
51967530
51968554
51969514
51970538
51971497
51972522
51973546
51974506
51975530
51976554
51977514
51978538
51979497
51980522
51981545
51982505
51983530
51984553
51985513
51986537
51987497
51988522
51989545
51990505
51991530
51992554
51993513
51994537
51995497
51996522
51997545
51998505
51999530
52000553
52001513
52002537
52003497
52004521
52005545
52006505
52007530
52008553
52009513
52010537
52011497
52012521
52013545
52014505
52015530
52016553
52017514
52018537
52019496
52020521
52021545
52022505
52023530
52024553
52025513
52026537
52027496
52028521
52029545
52030505
52031530
52032553
52033513
52034537
52035496
52036521
52037545
52038504
52039530
52040553
52041513
52042537
52043496
52044521
52045544
52046504
52047529
52048553
52049513
52050537
52051496
52052521
52053544
52054504
52055529
52056553
52057513
52058536
52059496
52060521
52061545
52062504
52063529
52064553
52065512
52066537
52067496
52068521
52069544
52070504
52071529
52072552
52073512
52074536
52075496
52076521
52077545
52078504
52079529
52080552
52081512
52082536
52083496
52084521
52085544
52086504
52087529
52088552
52089512
52090536
52091496
52092521
52093544
52094504
52095529
52096552
52097512
52098536
52099497
52100522
52101545
52102505
52103530
52104553
52105513
52106537
52107497
52108521
52109544
52110505
52111530
52112553
52113513
52114537
52115497
52116521
52117544
52118504
52119529
52120553
52121513
52122536
52123496
52124521
52125544
52126504
52127529
52128553
52129513
52130536
52131497
52132521
52133544
52134504
52135530
52136553
52137512
52138536
52139496
52140521
52141544
52142504
52143529
52144553
52145512
52146536
52147496
52148521
52149544
52150504
52151529
52152552
52153512
52154538
52155498
52156522
52157545
52158505
52159530
52160553
52161513
52162538
52163498
52164521
52165545
52166505
52167530
52168553
52169513
52170538
52171498
52172521
52173545
52174505
52175530
52176553
52177513
52178537
52179497
52180521
52181544
52182504
52183529
52184553
52185513
52186537
52187498
52188521
52189544
52190504
52191529
52192553
52193513
52194537
52195498
52196522
52197544
52198504
52199529
52200553
52201513
52202537
52203497
52204521
52205544
52206504
52207529
52208553
52209513
52210538
52211498
52212522
52213545
52214505
52215530
52216553
52217513
52218538
52219498
52220522
52221545
52222505
52223530
52224553
52225513
52226538
52227498
52228522
52229545
52230505
52231530
52232553
52233514
52234538
52235498
52236522
52237545
52238505
52239530
52240553
52241513
52242538
52243498
52244522
52245545
52246505
52247530
52248553
52249514
52250537
52251497
52252522
52253545
52254505
52255530
52256554
52257514
52258539
52259498
52260522
52261547
52262507
52263531
52264554
52265514
52266538
52267498
52268522
52269547
52270507
52271530
52272554
52273514
52274538
52275498
52276522
52277547
52278507
52279530
52280554
52281514
52282539
52283498
52284522
52285547
52286507
52287530
52288554
52289514
52290539
52291499
52292522
52293548
52294507
52295531
52296555
52297514
52298539
52299500
52300523
52301548
52302508
52303531
52304492
52305516
52306540
52307500
52308523
52309548
52310508
52311531
52312492
52313516
52314540
52315500
52316523
52317548
52318508
52319531
52320492
52321516
52322540
52323500
52324523
52325548
52326508
52327531
52328492
52329516
52330539
52331500
52332523
52333549
52334508
52335531
52336491
52337516
52338539
52339501
52340524
52341549
52342509
52343532
52344492
52345517
52346540
52347501
52348524
52349549
52350509
52351532
52352492
52353516
52354540
52355500
52356524
52357548
52358508
52359532
52360492
52361516
52362540
52363500
52364523
52365548
52366508
52367532
52368492
52369516
52370540
52371500
52372523
52373549
52374508
52375531
52376492
52377516
52378540
52379500
52380523
52381549
52382508
52383531
52384492
52385516
52386540
52387500
52388523
52389548
52390508
52391531
52392492
52393516
52394540
52395500
52396523
52397548
52398508
52399531
52400492
52401516
52402540
52403500
52404523
52405548
52406507
52407531
52408491
52409517
52410540
52411501
52412525
52413549
52414508
52415532
52416492
52417517
52418540
52419500
52420526
52421550
52422509
52423533
52424493
52425517
52426541
52427501
52428526
52429549
52430509
52431533
52432493
52433518
52434541
52435501
52436526
52437549
52438509
52439532
52440493
52441517
52442541
52443501
52444525
52445549
52446509
52447533
52448493
52449517
52450541
52451501
52452526
52453549
52454509
52455533
52456493
52457517
52458541
52459500
52460525
52461549
52462509
52463532
52464492
52465517
52466541
52467500
52468525
52469549
52470509
52471532
52472492
52473517
52474541
52475500
52476526
52477549
52478508
52479532
52480492
52481517
52482540
52483500
52484525
52485548
52486509
52487532
52488492
52489517
52490540
52491500
52492525
52493548
52494508
52495532
52496492
52497516
52498540
52499500
52500525
52501548
52502508
52503532
52504492
52505517
52506540
52507500
52508525
52509548
52510508
52511532
52512491
52513517
52514540
52515500
52516525
52517548
52518508
52519532
52520491
52521516
52522540
52523515
52524538
52525498
52526522
52527546
52528506
52529530
52530555
52531514
52532538
52533498
52534521
52535546
52536506
52537530
52538554
52539514
52540538
52541498
52542521
52543546
52544506
52545530
52546554
52547514
52548538
52549498
52550522
52551546
52552506
52553530
52554554
52555514
52556539
52557498
52558523
52559546
52560507
52561530
52562555
52563515
52564539
52565498
52566524
52567547
52568506
52569551
52570511
52571536
52572559
52573520
52574544
52575504
52576527
52577551
52578565
52579524
52580534
52581558
52582517
52583541
52584566
52585526
52586549
52587575
52588534
52589557
52590517
52591541
52592566
52593526
52594549
52595574
52596534
52597555
52598579
52599539
52600564
52601524
52602547
52603571
52604531
52605555
52606579
52607578
52608587
52609547
52610571
52611531
52612555
52613579
52614539
52615563
52616587
52617547
52618571
52619567
52620590
52621550
52622587
52623547
52624564
52625587
52626547
52627571
52628595
52629555
52630579
52631603
52632563
52633587
52634547
52635571
52636595
52637555
52638579
52639603
52640564
52641586
52642547
52643570
52644597
52645557
52646580
52647605
52648565
52649588
52650548
52651573
52652596
52653556
52654580
52655605
52656565
52657588
52658568
52659593
52660553
52661577
52662600
52663560
52664585
52665600
52666560
52667584
52668608
52669569
52670594
52671554
52672577
52673602
52674562
52675585
52676609
52677569
52678593
52679554
52680577
52681602
52682562
52683585
52684609
52685569
52686594
52687553
52688577
52689601
52690562
52691585
52692609
52693569
52694593
52695553
52696577
52697601
52698562
52699585
52700609
52701569
52702593
52703553
52704577
52705601
52706587
52707612
52708572
52709596
52710556
52711580
52712604
52713564
52714587
52715612
52716572
52717596
52718556
52719579
52720604
52721564
52722587
52723612
52724572
52725595
52726556
52727579
52728604
52729564
52730587
52731612
52732587
52733619
52734579
52735627
52736634
52737594
52738617
52739578
52740602
52741626
52742585
52743609
52744634
52745593
52746617
52747578
52748602
52749626
52750586
52751593
52752617
52753642
52754603
52755626
52756586
52757611
52758634
52759594
52760618
52761578
52762603
52763627
52764586
52765611
52766634
52767594
52768618
52769578
52770602
52771626
52772586
52773611
52774634
52775594
52776618
52777578
52778603
52779626
52780586
52781611
52782634
52783594
52784618
52785577
52786602
52787626
52788586
52789612
52790635
52791595
52792619
52793578
52794643
52795603
52796627
52797586
52798612
52799635
52800595
52801619
52802643
52803603
52804626
52805587
52806612
52807634
52808617
52809641
52810601
52811625
52812648
52813608
52814633
52815657
52816615
52817638
52818663
52819623
52820646
52821671
52822631
52823655
52824615
52825638
52826663
52827623
52828646
52829671
52830631
52831654
52832614
52833638
52834663
52835623
52836646
52837671
52838631
52839654
52840614
52841637
52842662
52843623
52844646
52845671
52846668
52847628
52848652
52849676
52850636
52851661
52852621
52853644
52854668
52855628
52856652
52857676
52858636
52859661
52860621
52861644
52862632
52863656
52864680
52865640
52866664
52867625
52868647
52869672
52870632
52871656
52872680
52873640
52874664
52875624
52876647
52877672
52878632
52879656
52880681
52881648
52882644
52883667
52884692
52885652
52886675
52887635
52888660
52889683
52890644
52891668
52892693
52893653
52894676
52895636
52896661
52897684
52898645
52899669
52900693
52901653
52902676
52903636
52904661
52905684
52906644
52907669
52908693
52909653
52910676
52911636
52912661
52913684
52914644
52915669
52916650
52917647
52918683
52919707
52920667
52921691
52922652
52923675
52924700
52925660
52926683
52927707
52928667
52929691
52930652
52931675
52932700
52933660
52934683
52935707
52936667
52937691
52938652
52939675
52940700
52941660
52942683
52943707
52944667
52945692
52946651
52947675
52948700
52949660
52950683
52951707
52952667
52953691
52954651
52955675
52956700
52957660
52958683
52959707
52960667
52961691
52962651
52963674
52964700
52965659
52966683
52967706
52968666
52969691
52970652
52971675
52972701
52973660
52974684
52975644
52976668
52977692
52978652
52979675
52980700
52981660
52982683
52983644
52984668
52985704
52986665
52987673
52988699
52989659
52990681
52991696
52992656
52993681
52994704
52995664
52996689
52997712
52998672
52999696
53000681
53001704
53002664
53003689
53004712
53005672
53006712
53007672
53008696
53009721
53010681
53011704
53012664
53013689
53014712
53015672
53016696
53017721
53018680
53019704
53020664
53021689
53022712
53023672
53024692
53025716
53026676
53027700
53028724
53029684
53030709
53031668
53032692
53033709
53034732
53035692
53036682
53037718
53038743
53039702
53040726
53041750
53042710
53043734
53044694
53045718
53046742
53047702
53048726
53049751
53050711
53051734
53052695
53053719
53054743
53055703
53056728
53057751
53058711
53059735
53060695
53061720
53062744
53063704
53064728
53065752
53066711
53067735
53068695
53069720
53070744
53071703
53072728
53073752
53074711
53075735
53076697
53077721
53078744
53079704
53080729
53081753
53082712
53083737
53084697
53085721
53086744
53087708
53088765
53089725
53090753
53091778
53092745
53093769
53094730
53095753
53096778
53097738
53098793
53099808
53100815
53101869
53102890
53103925
53104950
53105958
53107040
53108106
53109150
53110251
53111375
53112381
53113423
53114514
53115509
53116545
53117505
53118528
53119578
53120601
53121612
53122575
53123649
53124673
53125633
53126658
53127681
53128641
53129743
53130768
53131768
53132791
53133751
53134775
53135735
53136759
53137783
53138743
53139768
53140791
53141751
53142775
53143791
53144751
53145774
53146799
53147759
53148783
53149743
53150767
53151791
53152799
53153759
53154782
53155743
53156767
53157791
53158785
53159824
53160784
53161809
53162769
53163775
53164799
53165792
53166868
53167848
53168883
53169843
53170899
53171859
53172882
53173908
53174868
53175907
53176894
53177854
53178879
53179862
53180887
53181910
53182870
53183894
53184919
53185879
53186902
53187862
53188888
53189910
53190870
53191894
53192918
53193879
53194902
53195882
53196958
53197979
53199062
