-35.898
-40.624
-38.372
-33.291
-29.138
-30.078
-35.798
-30.204
-35.51
-38.762
-35.069
-38.967
-35.855
-38.703
-34.144
-43.74
-30.508
-30.387
-30.21
-37.137
-32.655
-34.009
-34.664
-30.177
-28.092
-29.301
-28.861
-34.319
-36.01
-35.464
-35.868
-35.881
-40.936
-36.421
-33.568
-41.933
-36.518
-40.015
-34.944
-32.7
-40.434
-33.602
-39.463
-34.288
-37.288
-39.635
-37.068
-42.982
-38.217
-39.909
-35.446
-33.955
-34.153
-40.082
-35.978
-40.751
-35.477
-34.535
-32.459
-28.311
-26.333
-35.08
-34.368
-38.683
-35.645
-38.062
-37.58
-36.397
-37.033
-35.35
-39.584
-40.389
-33.2
-41.618
-38.514
-34.36
-33.937
-35.263
-36.839
-41.006
-38.874
-39.651
-39.794
-37.592
-39.734
-45.254
-42.249
-49.631
-46.048
-49.584
-43.529
-43.805
-48.851
-43.194
-34.119
-35.905
-38.215
-39.028
-37.963
-38.147
-35.269
-33.912
-36.992
-41.233
-37.654
-40.943
-34.492
-36.061
-32.178
-36.042
-36.555
-26.322
-28.927
-37.247
-33.5
-31.774
-30.58
-38.586
-33.455
-32.63
-30.808
-32.852
-33.391
-28.054
-32.757
-34.679
-37.248
-36.322
-36.187
-33.774
-36.396
-36.227
-34.387
-35.216
-33.318
-34.137
-35.881
-38.791
-37.045
-33.59
-37.514
-35.013
-34.49
-40.25
-37.894
-32.362
-31.088
-34.348
-35.083
-34.266
-40.849
-37.905
-40.859
-32.825
-37.663
-32.837
-35.418
-37.882
-37.33
-37.173
-34.198
-35.924
-32.272
-34.946
-36.247
-33.569
-33.511
-31.83
-36.925
-35.262
-38.511
-35.487
-33.686
-39.26
-39.809
-38.184
-42.59
-46.486
-42.02
-38.612
-41.538
-40.21
-43.072
-42.419
-41.109
-43.538
-42.325
-43.642
-42.746
-42.478
-40.433
-41.175
-42.147
-39.963
-40.077
-36.027
-39.057
-45.732
-44.685
-40.946
-45.23
-47.202
-41.536
-40.033
-45.202
-40.55
-48.878
-44.368
-43.355
-46.224
-45.002
-45.065
-48.223
-45.337
-43.827
-46.978
-47.689
-46.769
-47.671
-45.873
-46.825
-47.113
-49.88
-48.795
-49.59
-48.863
-46.078
-47.78
-51.99
-46.235
-50.508
-55.013
-55.967
-55.194
-52.333
-53.12
-49.131
-46.226
-54.886
-55.979
-54.901
-56.94
-50.997
-50.95
-57.251
-54.832
-51.92
-47.951
-42.233
-47.461
-48.782
-44.912
-46.292
-45.784
-46.379
-47.713
-39.825
-38.742
-34.816
-33.015
-39.321
-31.626
-28.571
-28.188
-27.227
-34.259
-33.354
-34.172
-38.071
-39.466
-33.638
-34.617
-32.86
-34.847
-35.386
-34.271
-38.48
-38.617
-35.708
-35.32
-36.495
-29.272
-29.802
-31.98
-28.036
-31.188
-33.975
-29.439
-26.649
-26.898
-32.412
-26.897
-21.957
-30.986
-28.965
-32.193
-31.237
-25.815
-32.21
-28.403
-30.326
-27.01
-26.121
-30.517
-27.707
-27.537
-31.831
-27.657
-23.989
-21.797
-24.051
-26.647
-21.2
-20.619
-24.644
-25.521
-25.025
-26.951
-26.43
-24.386
-26.254
-26.406
-27.635
-22.03
-27.704
-28.794
-28.618
-28.449
-29.471
-27.081
-27.352
-30.663
-35.333
-32.859
-35.559
-36.9
-38.268
-34.94
-37.795
-31.818
-32.109
-31.305
-27.962
-26.352
-25.709
-25.466
-24.385
-22.919
-21.078
-22.381
-28.003
-23.497
-24.249
-20.979
-23.126
-29.161
-28.657
-33.101
-28.645
-31.284
-29.36
-28.469
-29.701
-31.868
-27.233
-28.195
-21.888
-29.253
-28.111
-33.312
-28.342
-29.455
-24.249
-27.73
-32.353
-25.154
-23.684
-26.123
-20.31
-19.024
-22.709
-23.761
-22.418
-33.304
-32.933
-30.952
-32.704
-30.35
-25.928
-24.756
-25.23
-21.317
-26.198
-24.946
-25.336
-28.526
-27.743
-26.892
-27.45
-24.996
-22.815
-22.927
-26.146
-30.538
-24.542
-28.853
-24.624
-29.963
-26.95
-26.943
-28.399
-28.206
-26.073
-21.222
-15.372
-17.89
-17.626
-25.816
-23.491
-23.092
-22.601
-20.174
-26.421
-28.093
-26.61
-24.411
-26.884
-30.76
-28.038
-25.123
-21.972
-21.428
-19.762
-22.08
-25.335
-27.494
-27.014
-26.845
-25.748
-25.986
-26.583
-27.158
-26.388
-21.13
-22.995
-24.702
-22.62
-24.825
-24.698
-22.987
-25.055
-24.807
-27.715
-32.575
-26.995
-27.047
-28.319
-29.57
-29.688
-32.035
-30.183
-27.939
-32.308
-30.197
-28.903
-26.83
-32.526
-29.894
-34.081
-31.402
-30.59
-31.493
-30.864
-31.841
-32.276
-34.754
-34.671
-35.386
-32.11
-31.685
-31.687
-32.192
-31.519
-33.683
-33.129
-33.951
-37.749
-35.661
-32.98
-34.307
-31.072
-30.432
-30.225
-30.063
-27.346
-32.2
-29.522
-29.37
-31.523
-33.008
-29.61
-33.505
-26.255
-30.233
-37.609
-30.043
-29.676
-32.654
-31.588
-34.432
-29.71
-30.891
-27.982
-33.367
-32.355
-32.079
-31.117
-27.555
-22.964
-28.749
-30.284
-33.574
-33.925
-28.549
-27.247
-31.249
-29.666
-29.488
-30.356
-35.733
-32.835
-34.464
-33.326
-38.246
-36.545
-30.338
-28.051
-32.763
-32.027
-36.948
-36.672
-34.333
-32.3
-30.951
-33.586
-34.629
-33.894
-35.563
-36.916
-39.281
-41.331
-41.188
-36.228
-34.435
-38.051
-34.674
-33.968
-37.577
-41.621
-38.932
-37.609
-38.979
-41.819
-43.042
-43.555
-44.03
-45.302
-47.89
-51.795
-58.288
-58.819
nan
nan
nan
nan
nan
nan
nan
nan
nan
nan
nan
nan
nan
nan
nan
nan
nan
nan
nan
nan
nan
nan
nan
nan
nan
nan
nan
nan
nan
nan
nan
nan
nan
nan
nan
nan
nan
nan
nan
nan
nan
nan
nan
nan
nan
nan
nan
nan
nan
nan
nan
nan
nan
nan
nan
nan
nan
nan
nan
nan
nan
nan
nan
nan
nan
nan
nan
nan
nan
nan
nan
nan
nan
nan
nan
nan
nan
nan
nan
nan
nan
nan
nan
nan
nan
nan
nan
nan
nan
nan
nan
nan
nan
nan
nan
nan
nan
nan
nan
nan
nan
nan
nan
nan
nan
nan
nan
nan
nan
nan
nan
nan
nan
nan
nan
nan
nan
nan
nan
nan
nan
nan
nan
nan
nan
nan
nan
nan
nan
nan
nan
nan
nan
nan
nan
nan
nan
nan
nan
nan
nan
nan
nan
nan
nan
nan
nan
nan
nan
nan
nan
nan
nan
nan
nan
nan
nan
nan
nan
nan
nan
nan
nan
nan
nan
nan
nan
nan
nan
nan
nan
nan
nan
nan
nan
nan
nan
nan
nan
nan
nan
nan
nan
nan
nan
nan
nan
nan
nan
nan
nan
nan
nan
nan
nan
nan
nan
nan
nan
nan
nan
nan
nan
nan
nan
nan
nan
nan
nan
nan
nan
nan
nan
nan
nan
nan
nan
nan
nan
nan
nan
nan
nan
nan
nan
nan
nan
nan
nan
nan
nan
nan
nan
nan
nan
nan
nan
nan
nan
nan
nan
nan
nan
nan
nan
nan
nan
nan
nan
nan
nan
nan
nan
nan
nan
nan
nan
nan
nan
nan
nan
nan
nan
nan
nan
nan
nan
nan
nan
nan
nan
nan
nan
nan
nan
nan
nan
nan
nan
nan
nan
nan
nan
nan
nan
nan
nan
nan
nan
nan
nan
nan
nan
nan
nan
nan
nan
nan
nan
nan
nan
nan
nan
nan
nan
nan
nan
nan
nan
nan
nan
nan
nan
nan
nan
nan
nan
nan
nan
nan
nan
nan
nan
nan
nan
nan
nan
nan
nan
nan
nan
nan
nan
nan
nan
nan
nan
nan
nan
nan
nan
nan
nan
nan
nan
nan
nan
nan
nan
nan
nan
nan
nan
nan
nan
nan
nan
nan
nan
nan
nan
nan
nan
nan
nan
nan
nan
nan
nan
nan
nan
nan
nan
nan
nan
nan
nan
nan
nan
nan
nan
nan
nan
nan
nan
nan
nan
nan
nan
nan
nan
nan
nan
nan
nan
nan
nan
nan
nan
nan
nan
nan
nan
nan
nan
nan
nan
nan
nan
nan
nan
nan
nan
nan
nan
nan
nan
nan
nan
nan
nan
nan
nan
nan
nan
nan
nan
nan
nan
nan
nan
nan
nan
nan
nan
nan
nan
nan
nan
nan
nan
nan
nan
nan
nan
nan
nan
nan
nan
nan
nan
nan
nan
nan
nan
nan
nan
nan
nan
nan
nan
nan
nan
nan
nan
nan
nan
nan
nan
nan
nan
nan
nan
nan
nan
nan
nan
nan
nan
nan
nan
nan
-55.58
-55.478
-51.511
-54.498
-55.109
-52.227
-52.191
-52.372
-49.651
-49.166
-45.097
-40.757
-35.055
-31.161
-33.031
-35.342
-38.161
-39.269
-37.96
-33.96
-36.772
-35.551
-36.001
-38.914
-37.892
-40.279
-42.132
-35.77
-35.483
-29.931
-31.586
-33.318
-30.451
-29.464
-24.373
-22.036
-23.483
-25.14
-23.75
-30.022
-36.933
-24.907
-29.216
-36.428
-32.489
-28.64
-25.904
-24.025
-30.71
-27.633
-28.122
-30.578
-32.525
-33.491
-29.503
-32.565
-32.155
-30.616
-34.61
-34.059
-27.685
-27.434
-28.733
-23.79
-26.261
-27.332
-27.307
-21.55
-26.014
-24.102
-25.969
-30.755
-33.617
-32.837
-33.407
-33.647
-35.821
-35.457
-29.437
-36.181
-38.813
-35.043
-32.537
-29.382
-33.506
-39.859
-35.249
-36.155
-30.01
-28.458
-31.562
-30.504
-28.703
-30.688
-36.174
-38.872
-35.071
-39.25
-36.636
-42.576
-43.269
-41.008
-34.479
-31.725
-36.936
-34.653
-34.411
-37.216
-31.996
-29.917
-32.577
-35.626
-28.793
-34.583
-33.831
-32.985
-32.597
-33.24
-35.44
-35.125
-36.702
-39.783
-36.607
-33.952
-29.732
-32.169
-33.494
-29.541
-24.093
-20.504
-20.104
-26.35
-28.951
-31.066
-32.458
-31.792
-35.095
-34.133
-31.843
-32.11
-30.453
-34.563
-34.025
-30.711
-26.462
-26.768
-29.205
-27.816
-24.968
-21.28
-29.334
-26.709
-21.152
-18.431
-20.67
-21.201
-23.722
-21.301
-18.42
-22.645
-28.368
-27.242
-23.148
-23.479
-27.295
-23.541
-21.708
-28.291
-27.969
-24.187
-23.124
-28.123
-34.913
-31.347
-27.692
-27.012
-30.404
-27.406
-32.521
-34.808
-29.418
-35.533
-27.993
-30.062
-29.267
-30.173
-33.216
-31.567
-29.556
-26.359
-22.682
-31.676
-25.989
-28.573
-26.937
-24.977
-32.359
-30.72
-33.957
-30.229
-28.384
-26.463
-29.481
-33.741
-33.936
-34.362
-35.781
-34.269
-31.691
-31.596
-36.116
-31.946
-28.24
-29.773
-28.494
-35.297
-29.694
-34.115
-37.332
-35.251
-40.581
-36.846
-40.779
-36.039
-31.915
-36.655
-37.528
-37.807
-37.682
-37.973
-35.723
-40.269
-33.557
-29.856
-34.68
-35.227
-29.045
-32.722
-36.188
-34.393
-35.034
-33.944
-36.806
-31.034
-36.116
-38.737
-32.903
-34.816
-32.231
-37.202
-31.712
-35.834
-36.203
-35.219
-34.434
-36.881
-34.793
-37.805
-40.429
-37.329
-40.674
-38.631
-38.844
-41.339
-39.44
-41.618
-42.363
-43.01
-41.301
-36.618
-36.447
-35.196
-37.498
-44.132
-43.011
-42.55
-38.455
-32.242
-41.114
-38.873
-43.878
-38.25
-37.221
-40.164
-39.188
-37.427
-34.314
-34.77
-38.736
-33.447
-34.525
-34.03
-34.139
-36.514
-33.061
-43.091
-35.924
-37.395
-36.379
-38.555
-38.624
-38.977
-34.954
-34.663
-36.305
-39.645
-36.417
-35.533
-37.864
-39.598
-36.828
-35.756
-36.299
-37.206
-40.035
-35.164
-35.171
-42.645
-44.412
-41.639
-35.832
-40.109
-38.144
-39.549
-39.409
-38.867
-34.526
-36.113
-41.839
-39.925
-38.944
-42.207
-37.658
-33.762
-39.412
-41.616
-39.29
-33.656
-40.179
-39.922
-41.944
-38.26
-36.917
-43.659
-40.923
-40.966
-37.45
-38.846
-38.922
-44.807
-39.501
-41.382
-39.36
-40.036
-39.793
-45.894
-42.314
-39.996
-42.671
-46.926
-42.63
-53.765
-43.46
-46.746
-49.54
-51.817
-53.949
-55.93
-50.866
-49.814
-53.244
-45.817
-47.644
-48.89
-47.582
-48.652
-51.215
-54.344
-51.581
-54.534
-51.434
-49.123
-51.259
-49.806
-54.724
-51.757
-53.353
-51.433
-58.179
-55.455
-57.243
-55.815
-54.122
-57.325
-57.042
-51.914
-49.47
-53.722
-54.426
-52.018
-44.372
-47.901
-49.245
-50.094
-46.871
-48.293
-50.25
-53.218
-52.039
-47.678
-50.66
-48.283
-50.355
-52.885
-53.142
-52.192
-50.097
-49.509
-53.732
-53.051
-53.435
-49.643
-49.838
-47.66
-48.654
-51.301
-46.174
-46.61
-47.137
-42.316
-40.432
-37.734
-40.609
-35.237
-40.041
-44.505
-39.27
-38.02
-38.884
-45.311
-42.651
-46.685
-47.469
-47.236
-40.714
-39.471
-47.176
-46.675
-47.614
-49.895
-44.051
-42.589
-48.933
-49.556
-46.913
-48.592
-47.306
-43.01
-50.099
-44.295
-43.848
-46.193
-44.529
-47.731
-44.99
-45.599
-46.038
-46.879
-46.635
-48.337
-48.418
-48.36
-51.985
-44.828
-50.22
-49.138
-50.807
-46.248
-48.104
-48.021
-48.149
-45.738
-48.925
-49.459
-46.93
-47.748
-43.19
-50.675
-51.293
-52.778
-50.648
-44.894
-49.923
-50.788
-52.867
-50.356
-55.43
-48.357
-46.015
-45.171
-48.744
-54.946
-56.768
-56.131
-51.915
-53.374
-57.983
-55.07
-51.245
-53.031
-59.625
-50.191
-50.744
-53.844
-54.88
-58.606
-63.908
-56.485
-50.71
-49.722
-51.203
-52.9
-52.948
-53.805
-54.855
-57.152
-60.857
-67.47
-80.838
nan
nan
nan
nan
nan
nan
nan
nan
nan
nan
nan
nan
nan
nan
nan
nan
nan
nan
nan
nan
nan
nan
nan
nan
nan
nan
nan
nan
nan
nan
nan
nan
nan
nan
nan
nan
nan
nan
nan
nan
nan
nan
nan
nan
nan
nan
nan
nan
nan
nan
nan
nan
nan
nan
nan
nan
nan
nan
nan
nan
nan
nan
nan
nan
nan
nan
nan
nan
nan
nan
nan
nan
nan
nan
nan
nan
nan
nan
nan
nan
nan
nan
nan
nan
nan
nan
nan
nan
nan
nan
nan
nan
nan
nan
nan
nan
nan
nan
nan
nan
nan
nan
nan
nan
nan
nan
nan
nan
nan
nan
nan
nan
nan
nan
nan
nan
nan
nan
nan
nan
nan
nan
nan
nan
nan
nan
nan
nan
nan
nan
nan
nan
nan
nan
nan
nan
nan
nan
nan
nan
nan
nan
nan
nan
nan
nan
nan
nan
nan
nan
nan
nan
nan
nan
nan
nan
nan
nan
nan
nan
nan
nan
nan
nan
nan
nan
nan
nan
nan
nan
nan
nan
nan
nan
nan
nan
nan
nan
nan
nan
nan
nan
nan
nan
nan
nan
nan
nan
nan
nan
nan
nan
nan
nan
nan
nan
nan
nan
nan
nan
nan
nan
nan
nan
nan
nan
nan
nan
nan
nan
nan
nan
nan
nan
nan
nan
nan
nan
nan
nan
nan
nan
nan
nan
nan
nan
nan
nan
nan
nan
nan
nan
nan
nan
nan
nan
nan
nan
nan
nan
nan
nan
nan
nan
nan
nan
nan
nan
nan
nan
nan
nan
nan
nan
nan
nan
nan
nan
nan
nan
nan
nan
nan
nan
nan
nan
nan
nan
nan
nan
nan
nan
nan
nan
nan
nan
nan
nan
nan
nan
nan
nan
nan
nan
nan
nan
nan
nan
nan
nan
nan
nan
nan
nan
nan
nan
nan
nan
nan
nan
nan
nan
nan
nan
nan
nan
nan
nan
nan
nan
nan
nan
nan
nan
nan
nan
nan
nan
nan
nan
nan
nan
nan
nan
nan
nan
nan
nan
nan
nan
nan
nan
nan
nan
nan
nan
nan
nan
nan
nan
nan
nan
nan
nan
nan
nan
nan
nan
nan
nan
nan
nan
nan
nan
nan
nan
nan
nan
nan
nan
nan
nan
nan
nan
nan
nan
nan
nan
nan
nan
nan
nan
nan
nan
nan
nan
nan
nan
nan
nan
nan
nan
nan
nan
nan
nan
nan
nan
nan
nan
nan
nan
nan
nan
nan
nan
nan
nan
nan
nan
nan
nan
nan
nan
nan
nan
nan
nan
nan
nan
nan
nan
nan
nan
nan
nan
nan
nan
nan
nan
nan
nan
nan
nan
nan
nan
nan
nan
nan
nan
nan
nan
nan
nan
nan
nan
nan
nan
nan
nan
nan
nan
nan
nan
nan
nan
nan
nan
nan
nan
nan
nan
nan
-69.163
-67.151
-65.129
-64.065
-63.565
-65.232
-65.051
-64.022
-61.123
-60.119
-59.571
-57.889
-58.119
-59.955
-60.343
-58.912
-58.112
-57.233
-56.906
-58.35
-64.459
-71.775
-67.05
-67.814
-69.667
-68.979
-68.737
-70.468
-68.987
-68.168
-67.293
-67.911
-66.951
-64.747
-73.754
-72.521
-76.026
-71.779
-72.4
-68.868
-69.673
-67.327
-70.353
-65.364
-63.984
-70.232
-76.199
-72.817
-72.43
-72.701
-73.256
-73.268
-75.19
-76.656
-72.591
-70.362
-70.674
-73.765
-71.312
-73.15
-76.766
-72.262
-72.978
-74.629
-75.468
-72.212
-78.792
-75.203
-79.003
-75.809
-76.101
-77.019
-79.397
-82.323
-76.813
-80.928
-83.208
-80.748
-80.279
-79.265
-78.618
-79.434
-80.943
-82.238
-80.733
-81.069
-80.029
-84.798
-80.643
-80.073
-82.658
-78.124
-82.653
-78.447
-81.275
-80.227
-79.784
-79.598
-76.817
-78.21
-77.515
-75.66
-75.239
-77.269
-74.914
-75.313
-75.156
-74.644
-72.337
-67.234
-68.654
-73.364
-68.478
-66.464
-64.928
-75.075
-74.581
-70.866
-68.559
-64.72
-64.786
-72.249
-70.549
-70.096
-68.638
-67.269
-65.932
-62.646
-61.737
-65.602
-66.598
-66.934
-62.733
-66.394
-70.134
-68.216
-71.81
-69.601
-67.854
-66.068
-66.293
-66.749
-65.335
-61.494
-60.888
-66.221
-59.146
-56.212
-59.518
-59.029
-59.353
-59.237
-56.37
-58.372
-51.524
-52.138
-51.074
-53.446
-50.395
-50.363
-55.162
-53.431
-52.515
-58.82
-58.978
-57.531
-59.971
-60.622
-57.511
-56.857
-61.272
-61.555
-54.138
-49.518
-47.766
-51.1
-49.388
-47.855
-44.452
-42.125
-42.572
-42.109
-39.897
-38.821
-42.756
-48.74
-43.677
-44.878
-47.701
-37.766
-38.24
-48.779
-40.942
-43.676
-38.311
-37.316
-45.346
-39.588
-40.496
-41.123
-39.292
-37.736
-42.162
-42.372
-46.17
-42.194
-45.81
-43.027
-48.527
-47.315
-47.747
-45.073
-46.188
-50.198
-51.374
-53.772
-49.991
-43.345
-43.01
-43.628
-47.508
-55.084
-54.272
-55.741
-54.64
-59.521
-55.069
-51.081
-49.442
-52.189
-50.454
-49.898
-46.067
-49.324
-57.837
-55.904
-49.827
-54.799
-52.872
-48.202
-56.268
-53.357
-52.769
-54.699
-55.277
-51.731
-60.125
-52.199
-55.238
-59.077
-56.549
-55.789
-59.529
-56.16
-53.933
-59.488
-59.845
-58.654
-61.369
-60.832
-58.125
-63.005
-58.435
-54.686
-56.65
-56.168
-53.893
-54.282
-52.868
-51.385
-44.543
-42.272
-40.73
-40.434
-34.51
-33.424
-32.374
-35.631
-37.778
-43.039
-41.05
-37.79
-39.339
-36.037
-35.081
-40.468
-35.083
-39.558
-38.442
-39.316
-35.828
-34.119
-30.873
-30.002
-30.942
-34.184
-30.679
-35.964
-42.938
-42.486
-32.639
-33.715
-32.149
-33.257
-34.036
-32.212
-38.124
-40.811
-38.889
-39.486
-34.329
-32.104
-37.248
-36.244
-35.996
-36.938
-40.785
-38.209
-35.911
-37.159
-36.958
-41.314
-33.685
-30.465
-32.866
-37.337
-40.878
-37.143
-37.188
-34.083
-36.96
-34.968
-32.451
-35.116
-39.339
-36.936
-39.31
-37.396
-35.089
-36.454
-36.984
-38.666
-42.652
-42.47
-41.754
-35.68
-36.304
-36.135
-39.198
-33.648
-36.619
-38.655
-37.061
-33.325
-37.611
-41.964
-37.038
-36.007
-40.612
-42.403
-41.451
-40.436
-35.266
-36.181
-38.556
-37.5
-36.819
-42.603
-39.823
-41.207
-42.952
-37.119
-40.896
-34.612
-40.553
-42.947
-38.641
-38.062
-32.07
-37.245
-37.911
-34.913
-39.617
-37.055
-42.096
-41.659
-44.051
-47.361
-43.596
-42.596
-39.944
-38.752
-45.332
-43.916
-38.909
-36.389
-34.422
-35.938
-31.628
-31.963
-32.498
-41.253
-41.368
-34.808
-34.611
-34.461
-35.696
-39.757
-34.931
-31.508
-35.888
-36.307
-40.723
-38.665
-40.179
-41.996
-38.362
-37.745
-33.274
-35.426
-36.033
-38.707
-36.741
-30.599
-34.532
-31.558
-36.088
-44.177
-41.798
-37.657
-34.959
-38.524
-37.62
-34.481
-34.033
-36.98
-30.47
-34.621
-36.25
-36.902
-36.851
-41.2
-40.656
-39.246
-38.395
-38.551
-32.081
-35.544
-34.855
-34.148
-35.416
-38.764
-40.502
-38.267
-41.332
-37.975
-38.634
-38.861
-32.792
-29.459
-31.988
-28.353
-30.711
-35.109
-30.584
-36.539
-35.413
-38.313
-35.57
-37.198
-43.166
-35.501
-36.242
-39.449
-34.415
-39.723
-37.038
-37.006
-40.181
-37.425
-37.155
-43.056
-37.615
-35.424
-41.565
-41.624
-41.024
-40.552
-42.898
-39.452
-38.972
-38.885
-37.791
-29.141
-29.039
-31.645
-38.191
-37.241
-45.48
-45.068
-35.662
-34.5
-34.549
-39.962
-36.146
-36.06
-34.804
-38.364
-39.479
-38.136
-36.157
-35.993
-40.495
-34.811
-42.123
-34.126
-34.662
-40.867
-39.668
-38.03
-38.082
-37.256
-34.888
-34.691
-36.797
-39.473
-38.943
-38.567
-40.121
-43.327
-47.471
-49.922
-51.157
-49.362
-48.859
-50.447
-52.336
-52.078
-51.046
-54.967
-58.178
-52.095
-59.206
nan
nan
nan
nan
nan
nan
nan
nan
nan
nan
nan
nan
nan
nan
nan
nan
nan
nan
nan
nan
nan
nan
nan
nan
nan
nan
nan
nan
nan
nan
nan
nan
nan
nan
nan
nan
nan
nan
nan
nan
nan
nan
nan
nan
nan
nan
nan
nan
nan
nan
nan
nan
nan
nan
nan
nan
nan
nan
nan
nan
nan
nan
nan
nan
nan
nan
nan
nan
nan
nan
nan
nan
nan
nan
nan
nan
nan
nan
nan
nan
nan
nan
nan
nan
nan
nan
nan
nan
nan
nan
nan
nan
nan
nan
nan
nan
nan
nan
nan
nan
nan
nan
nan
nan
nan
nan
nan
nan
nan
nan
nan
nan
nan
nan
nan
nan
nan
nan
nan
nan
nan
nan
nan
nan
nan
nan
nan
nan
nan
nan
nan
nan
nan
nan
nan
nan
nan
nan
nan
nan
nan
nan
nan
nan
nan
nan
nan
nan
nan
nan
nan
nan
nan
nan
nan
nan
nan
nan
nan
nan
nan
nan
nan
nan
nan
nan
nan
nan
nan
nan
nan
nan
nan
nan
nan
nan
nan
nan
nan
nan
nan
nan
nan
nan
nan
nan
nan
nan
nan
nan
nan
nan
nan
nan
nan
nan
nan
nan
nan
nan
nan
nan
nan
nan
nan
nan
nan
nan
nan
nan
nan
nan
nan
nan
nan
nan
nan
nan
nan
nan
nan
nan
nan
nan
nan
nan
nan
nan
nan
nan
nan
nan
nan
nan
nan
nan
nan
nan
nan
nan
nan
nan
nan
nan
nan
nan
nan
nan
nan
nan
nan
nan
nan
nan
nan
nan
nan
nan
nan
nan
nan
nan
nan
nan
nan
nan
nan
nan
nan
nan
nan
nan
nan
nan
nan
nan
nan
nan
nan
nan
nan
nan
nan
nan
nan
nan
nan
nan
nan
nan
nan
nan
nan
nan
nan
nan
nan
nan
nan
nan
nan
nan
nan
nan
nan
nan
nan
nan
nan
nan
nan
nan
nan
nan
nan
nan
nan
nan
nan
nan
nan
nan
nan
nan
nan
nan
nan
nan
nan
nan
nan
nan
nan
nan
nan
nan
nan
nan
nan
nan
nan
nan
nan
nan
nan
nan
nan
nan
nan
nan
nan
nan
nan
nan
nan
nan
nan
nan
nan
nan
nan
nan
nan
nan
nan
nan
nan
nan
nan
nan
nan
nan
nan
nan
nan
nan
nan
nan
nan
nan
nan
nan
nan
nan
nan
nan
nan
nan
nan
nan
nan
nan
nan
nan
nan
nan
nan
nan
nan
nan
nan
nan
nan
nan
nan
nan
nan
nan
nan
nan
nan
nan
nan
nan
nan
nan
nan
nan
nan
nan
nan
nan
nan
nan
nan
nan
nan
nan
nan
nan
nan
nan
nan
nan
nan
nan
nan
nan
nan
nan
nan
nan
nan
nan
nan
nan
nan
nan
nan
nan
nan
nan
nan
nan
nan
nan
-55.239
-53.495
-49.859
-51.35
-46.836
-42.037
-39.651
-38.457
-38.743
-42.388
-43.983
-36.352
-34.423
-39.051
-45.751
-38.671
-33.864
-33.782
-36.805
-36.123
-36.565
-36.062
-36.715
-46.858
-36.985
-41.386
-38.699
-45.594
-44.528
-40.788
-39.678
-41.544
-44.111
-47.712
-41.479
-41.625
-38.029
-40.469
-38.714
-45.824
-42.649
-38.739
-36.228
-37.838
-40.406
-40.599
-36.063
-34.115
-36.776
-40.264
-34.861
-38.686
-35.466
-37.735
-36.167
-39.053
-37.671
-37.885
-37.654
-35.784
-34.984
-37.648
-40.167
-34.578
-39.952
-42.693
-37.19
-40.112
-38.679
-40.59
-36.026
-39.534
-34.438
-31.375
-37.926
-41.704
-41.01
-38.87
-37.184
-32.487
-38.974
-48.909
-45.603
-52.522
-57.499
-54.345
-44.471
-51.867
-44.471
-39.062
-34.814
-39.142
-33.523
-37.79
-33.823
-33.256
-31.292
-33.603
-36.699
-37.697
-36.132
-33.869
-32.561
-35.129
-32.026
-33.504
-34.884
-35.723
-31.711
-28.177
-28.282
-35.484
-33.427
-35.077
-32.211
-37.231
-34.753
-35.043
-37.577
-34.209
-33.283
-36.676
-40.319
-42.528
-40.88
-43.685
-42.912
-52.745
-53.114
-48.657
-44.983
-50.179
-50.881
-49.748
-45.08
-40.899
-43.929
-42.484
-40.73
-46.468
-39.652
-40.594
-46.256
-43.875
-45.677
-42.055
-43.497
-41.053
-43.441
-47.408
-46.199
-41.456
-44.388
-42.426
-40.671
-44.64
-47.049
-45.277
-39.501
-38.577
-45.146
-42.889
-38.159
-44.79
-42.265
-41.89
-41.658
-45.094
-41.205
-41.019
-42.354
-42.166
-42.381
-39.574
-41.427
-48.505
-48.019
-57.264
-53.309
-50.507
-49.018
-47.862
-47.432
-49.596
-48.85
-47.784
-39.882
-39.273
-43.252
-40.112
-48.064
-44.019
-40.196
-38.376
-42.355
-42.815
-38.445
-36.945
-32.836
-34.116
-35.12
-34.736
-43.284
-43.069
-38.569
-38.649
-40.032
-32.286
-43.161
-39.924
-41.105
-41.362
-38.16
-36
-34.044
-33.373
-32.633
-35.187
-34.603
-34.518
-38.063
-43.166
-45.041
-46.092
-41.446
-40.574
-41.927
-37.343
-38.518
-35.428
-32.412
-32.298
-35.129
-32.784
-29.529
-32.731
-40.829
-37.802
-34.332
-30.413
-32.636
-36.084
-36.113
-38.044
-41.013
-43.474
-40.952
-36.807
-39.429
-34.754
-37.511
-31.008
-32.182
-30.966
-33.381
-30.623
-29.48
-28.993
-32.794
-33.905
-22.578
-25.476
-31.053
-23.988
-25.198
-25.803
-24.796
-25.473
-24.439
-30.081
-25.281
-25.009
-26.889
-31.365
-27.317
-27.857
-29.9
-25.521
-21.976
-25.449
-30.668
-27.552
-22.358
-22.593
-30.442
-30.558
-30.163
-23.803
-23.354
-27.975
-24.23
-28.51
-35.042
-35.937
-30.217
-30.963
-29.841
-27.704
-28.708
-32.208
-22.827
-25.91
-35.678
-28.67
-25.607
-24.01
-24.279
-23.111
-25.921
-32.671
-34.342
-23.356
-29.968
-34.327
-30.652
-25.75
-34.379
-30.48
-33.016
-31.954
-31.209
-28.264
-21.884
-27.35
-24.854
-31.318
-27.311
-22.535
-24.618
-27.92
-34.732
-26.596
-25.94
-26.728
-24.545
-24.984
-22.764
-20.066
-21.166
-25.819
-25.579
-26.549
-25.959
-27.579
-32.387
-35.705
-32.361
-28.867
-30.159
-33.102
-29.414
-27.44
-26.45
-26.95
-27.437
-32.739
-26.889
-33.29
-25.119
-27.545
-26.427
-22.809
-19.171
-24.206
-22.588
-27.669
-26.026
-24.589
-20.877
-22.635
-23.344
-28.667
-31.529
-29.804
-30.513
-30.849
-27.604
-29.24
-33.194
-28.272
-25.973
-30.677
-31.49
-31.319
-29.931
-29.091
-26.962
-25.657
-21.015
-25.422
-27.593
-22.719
-22.527
-24.345
-30.467
-29.726
-33.321
-31.374
-27.609
-29.195
-30.008
-33.34
-29.889
-28.093
-29.371
-35.882
-34.938
-31.101
-34.329
-28.264
-32.475
-30.153
-27.999
-33.156
-27.586
-30.399
-34.751
-31.087
-29.677
-30.721
-28.329
-33.962
-25.102
-36.749
-30.349
-26.353
-33.871
-34.48
-34.786
-31.772
-31.305
-32.241
-31.515
-32.449
-32.166
-33.842
-29.729
-29.915
-33.615
-28.681
-29.51
-31.713
-31.679
-28.958
-34.919
-27.628
-30.484
-28.891
-27.012
-28.504
-31.238
-27.878
-29.982
-29.024
-36.293
-33.796
-35.27
-39.693
-39.813
-40.122
-37.57
-33.507
-38.159
-37.952
-44.272
-40.209
-43.72
-47.963
-41.099
-46.904
-43.995
-46.973
-42.687
-38.005
-41.572
-44.679
-38.963
-33.445
-35.936
-38.424
-31.977
-30.369
-32.72
-32.919
-35.814
-33.41
-36.121
-34.923
-35.021
-38.008
-36.322
-34.074
-28.868
-27.685
-31.385
-30.766
-35.308
-36.177
-31.586
-34.888
-34.717
-33.639
-36.572
-31.073
-33.92
-34.109
-30.737
-27.296
-34.151
-37.092
-39.295
-35.196
-39.827
-38.402
-37.273
-34.452
-31.55
-36.318
-27.782
-22.372
-25.277
-26.711
-30.806
-35.72
-36.576
-30.82
-29.2
-37.359
-31.625
-36.008
-37.81
-33.987
-31.797
-31.755
-33.717
-34.858
-36.329
-36.466
-36.487
-35.028
-37.568
-36.902
-38.886
-40.134
-38.039
-34.427
-34.901
-39.742
-39.526
-37.048
-36.883
-41.152
-39.868
-34.973
-34.361
-36.027
-38.234
-38.781
-37.641
-36.903
-37.261
-37.858
-39.511
-40.999
-41.761
-42.543
-43.707
-48.353
-53.741
-73.955
nan
nan
nan
nan
nan
nan
nan
nan
nan
nan
nan
nan
nan
nan
nan
nan
nan
nan
nan
nan
nan
nan
nan
nan
nan
nan
nan
nan
nan
nan
nan
nan
nan
nan
nan
nan
nan
nan
nan
nan
nan
nan
nan
nan
nan
nan
nan
nan
nan
nan
nan
nan
nan
nan
nan
nan
nan
nan
nan
nan
nan
nan
nan
nan
nan
nan
nan
nan
nan
nan
nan
nan
nan
nan
nan
nan
nan
nan
nan
nan
nan
nan
nan
nan
nan
nan
nan
nan
nan
nan
nan
nan
nan
nan
nan
nan
nan
nan
nan
nan
nan
nan
nan
nan
nan
nan
nan
nan
nan
nan
nan
nan
nan
nan
nan
nan
nan
nan
nan
nan
nan
nan
nan
nan
nan
nan
nan
nan
nan
nan
nan
nan
nan
nan
nan
nan
nan
nan
nan
nan
nan
nan
nan
nan
nan
nan
nan
nan
nan
nan
nan
nan
nan
nan
nan
nan
nan
nan
nan
nan
nan
nan
nan
nan
nan
nan
nan
nan
nan
nan
nan
nan
nan
nan
nan
nan
nan
nan
nan
nan
nan
nan
nan
nan
nan
nan
nan
nan
nan
nan
nan
nan
nan
nan
nan
nan
nan
nan
nan
nan
nan
nan
nan
nan
nan
nan
nan
nan
nan
nan
nan
nan
nan
nan
nan
nan
nan
nan
nan
nan
nan
nan
nan
nan
nan
nan
nan
nan
nan
nan
nan
nan
nan
nan
nan
nan
nan
nan
nan
nan
nan
nan
nan
nan
nan
nan
nan
nan
nan
nan
nan
nan
nan
nan
nan
nan
nan
nan
nan
nan
nan
nan
nan
nan
nan
nan
nan
nan
nan
nan
nan
nan
nan
nan
nan
nan
nan
nan
nan
nan
nan
nan
nan
nan
nan
nan
nan
nan
nan
nan
nan
nan
nan
nan
nan
nan
nan
nan
nan
nan
nan
nan
nan
nan
nan
nan
nan
nan
nan
nan
nan
nan
nan
nan
nan
nan
nan
nan
nan
nan
nan
nan
nan
nan
nan
nan
nan
nan
nan
nan
nan
nan
nan
nan
nan
nan
nan
nan
nan
nan
nan
nan
nan
nan
nan
nan
nan
nan
nan
nan
nan
nan
nan
nan
nan
nan
nan
nan
nan
nan
nan
nan
nan
nan
nan
nan
nan
nan
nan
nan
nan
nan
nan
nan
nan
nan
nan
nan
nan
nan
nan
nan
nan
nan
nan
nan
nan
nan
nan
nan
nan
nan
nan
nan
nan
nan
nan
nan
nan
nan
nan
nan
nan
nan
nan
nan
nan
nan
nan
nan
nan
nan
nan
nan
nan
nan
nan
nan
nan
nan
nan
nan
nan
nan
nan
nan
nan
nan
nan
-42.084
-39.362
-39.033
-38.822
-35.906
-33.402
-31.908
-32.469
-37.569
-37.673
-34.653
-36.298
-31.679
-31.113
-33.151
-36.95
-35.446
-32.073
-28.441
-30.441
-35.145
-30.17
-30.794
-32.851
-25.588
-28.417
-26.654
-22.036
-23.729
-25.221
-21.952
-23.608
-24.174
-23.411
-21.303
-26.862
-23.297
-21.948
-18.498
-21.461
-26.065
-28.162
-22.471
-23.765
-25.982
-30.83
-29.571
-34.374
-33.726
-28.976
-32.08
-30.441
-26.009
-30.083
-31.564
-28.924
-33.338
-32.073
-28.612
-27.763
-28.547
-31.282
-34.219
-35.818
-30.353
-29.338
-29.413
-30.433
-33.092
-31.235
-26.993
-27.598
-29.537
-34.339
-29.396
-26.52
-24.691
-23.197
-25.001
-26.299
-29.874
-33.573
-36.972
-36.807
-37.822
-40.037
-36.494
-34.825
-36.48
-33.391
-28.93
-27.549
-28.888
-27.348
-25.865
-31.753
-43.105
-38.249
-29.341
-25.075
-28.338
-35.638
-37.345
-36
-34.694
-41.215
-36.753
-38.796
-36.65
-34.479
-38.488
-34.119
-28.208
-34.856
-29.634
-33.324
-30.116
-27.55
-30.534
-37.171
-33.656
-35.199
-29.713
-27.768
-26.914
-28.376
-28.709
-29.999
-28.935
-29.33
-32.137
-36.834
-30.119
-27.059
-27.67
-32.574
-38.11
-40.009
-33.357
-34.609
-37.492
-35.177
-37.861
-35.583
-40.96
-36.627
-35.833
-36.054
-37.606
-33.028
-38.865
-36.685
-30.93
-30.487
-32.981
-32.086
-29.408
-28.908
-31.111
-27.539
-26.438
-27.038
-29.4
-36.408
-30.32
-33.371
-32.935
-32.14
-28.733
-31.966
-28.035
-30.27
-29.508
-29.852
-30.594
-27.683
-30.183
-29.039
-28.291
-29.97
-26.865
-28.794
-27.756
-29.832
-30.437
-29.948
-28.446
-29.907
-25.016
-29.809
-28.909
-22.821
-29.664
-25.95
-25.121
-33.731
-25.72
-24.322
-22.882
-27.427
-27.228
-30.157
-30.646
-30.161
-30.855
-27.973
-29.501
-31.378
-29.991
-29.483
-29.988
-28.981
-30.088
-22.827
-22.951
-25.315
-26.491
-32.165
-35.622
-30.516
-29.766
-34.814
-34.335
-37.731
-35.555
-44.541
-42.393
-42.761
-43.551
-41.815
-39.422
-39.085
-36.411
-36.109
-35.829
-29.982
-26.368
-24.543
-25.348
-25.025
-27.228
-25.063
-27.63
-32.915
-41.407
-35.781
-29.475
-31.65
-31.467
-29.746
-28.575
-31.6
-30.584
-29.68
-29.958
-28.92
-32.447
-27.935
-31.729
-31.972
-32.539
-30.347
-35.375
-31.606
-32.934
-34.368
-36.032
-35.536
-36.186
-41.117
-37.516
-34.154
-33.368
-35.008
-38.064
-40.986
-43.197
-47.162
-44.568
-35.564
-31.026
-28.012
-30.157
-43.641
-45.663
-41.099
-37.926
-35.953
-38.182
-34.881
-32.246
-32.348
-28.885
-26.54
-34.775
-38.723
-35.249
-33.832
-36.125
-36.265
-36.306
-38.47
-37.346
-37.345
-35.526
-36.956
-35.182
-43.061
-40.199
-37.4
-35.774
-36.336
-33.51
-40.655
-38.546
-35.927
-39
-40.411
-40.305
-40.927
-40.702
-41.882
-43.23
-43.404
-39.503
-46.842
-47.151
-46.698
-47.445
-42.167
-43.819
-42.579
-51.58
-46.888
-47.517
-45.952
-46.428
-43.358
-42.582
-41.535
-36.276
-34.819
-36.146
-31.016
-37.975
-33.897
-35.074
-40.236
-41.647
-31.858
-34.343
-46.5
-40.359
-36.927
-36.779
-43.755
-50.936
-50.062
-49.54
-51.358
-52.471
-53.795
-51.636
-51.741
-54.01
-57.321
-55.406
-56.834
-54.298
-51.844
-49.146
-46.199
-44.854
-45.531
-55.116
-50.657
-53.501
-59.862
-57.496
-54.671
-56.91
-54.854
-50.643
-50.048
-46.111
-45.193
-48.361
-55.905
-55.458
-56.868
-62.786
-65.586
-66.154
-64.571
-68.502
-56.962
-60.907
-58.258
-59.1
-55.762
-58.417
-64.37
-59.009
-58.455
-48.386
-50.944
-51.222
-44.395
-44.205
-46.642
-44.673
-43.513
-40.904
-44.844
-40.506
-35.169
-39.481
-36.985
-37.39
-39.285
-34.408
-29.927
-38.073
-34.744
-27.727
-32.065
-37.485
-37.331
-32.173
-35.218
-38.895
-45.972
-38.105
-34.738
-30.296
-35.481
-38.368
-33.296
-38.522
-37.642
-33.583
-38.801
-40.843
-34.088
-38.619
-31.399
-33.754
-40.327
-39.529
-37.429
-34.786
-32.409
-35.749
-38.571
-38.975
-37.895
-38.924
-35.166
-34.685
-42.269
-36.973
-38.754
-46.454
-42.453
-41.027
-41.339
-40.694
-42.512
-42.784
-46.77
-42
-45.144
-44.819
-42.342
-37.048
-37.292
-36.749
-39.595
-47.595
-50.592
-43.568
-39.179
-41.516
-42.746
-42.309
-43.112
-42.218
-38.078
-40.244
-43.118
-41.04
-41.388
-40.024
-42.872
-38.785
-39.401
-37.998
-40.028
-42.381
-39.298
-39.925
-49.471
-44.812
-43.866
-42.382
-42.13
-38.286
-39.663
-43.61
-45.981
-47.033
-44.52
-45.057
-44.965
-51.043
-42.999
-43.165
-48.73
-47.894
-50.141
-49.328
-50.268
-50.933
-53.184
-53.953
-56.459
-60.407
-63.144
-58.64
-58.029
-58.717
-60.271
-64.262
-74.388
nan
nan
nan
nan
nan
nan
nan
nan
nan
nan
nan
nan
nan
nan
nan
nan
nan
nan
nan
nan
nan
nan
nan
nan
nan
nan
nan
nan
nan
nan
nan
nan
nan
nan
nan
nan
nan
nan
nan
nan
nan
nan
nan
nan
nan
nan
nan
nan
nan
nan
nan
nan
nan
nan
nan
nan
nan
nan
nan
nan
nan
nan
nan
nan
nan
nan
nan
nan
nan
nan
nan
nan
nan
nan
nan
nan
nan
nan
nan
nan
nan
nan
nan
nan
nan
nan
nan
nan
nan
nan
nan
nan
nan
nan
nan
nan
nan
nan
nan
nan
nan
nan
nan
nan
nan
nan
nan
nan
nan
nan
nan
nan
nan
nan
nan
nan
nan
nan
nan
nan
nan
nan
nan
nan
nan
nan
nan
nan
nan
nan
nan
nan
nan
nan
nan
nan
nan
nan
nan
nan
nan
nan
nan
nan
nan
nan
nan
nan
nan
nan
nan
nan
nan
nan
nan
nan
nan
nan
nan
nan
nan
nan
nan
nan
nan
nan
nan
nan
nan
nan
nan
nan
nan
nan
nan
nan
nan
nan
nan
nan
nan
nan
nan
nan
nan
nan
nan
nan
nan
nan
nan
nan
nan
nan
nan
nan
nan
nan
nan
nan
nan
nan
nan
nan
nan
nan
nan
nan
nan
nan
nan
nan
nan
nan
nan
nan
nan
nan
nan
nan
nan
nan
nan
nan
nan
nan
nan
nan
nan
