56001265
56003764
56006267
56008772
56011263
56013765
56016267
56018764
56021270
56023768
56026264
56028765
56031265
56033766
56036270
56038767
56041263
56043766
56046265
56048766
56051266
56053768
56056308
56058808
56061310
56063808
56066310
56068811
56071311
56073808
56076307
56078810
56081310
56083811
56086307
56088808
56091310
56093808
56096309
56098807
56101311
56103811
56106309
56108809
56111309
56113814
56116353
56118853
56121353
56123855
56126359
56128853
56131357
56133856
56136353
56138854
56141354
56143858
56146358
56148856
56151354
56153853
56156355
56158856
56161353
56163855
56166352
56168853
56171358
56173855
56176398
56178897
56181400
56183898
56186398
56188902
56191401
56193901
56196399
56198900
56201402
56203899
56206397
56208902
56211402
56213897
56216398
56218897
56221401
56223903
56226397
56228901
56231400
56233900
56236445
56238944
56241443
56243946
56246445
56248943
56251442
56253946
56256444
56258942
56261446
56263944
56266443
56268945
56271445
56273942
56276445
56278943
56281442
56283945
56286445
56288946
56291444
56293947
56296493
56298990
56301494
56303990
56306493
56308989
56311491
56313995
56316491
56318988
56321488
56323991
56326493
56328992
56331490
56333989
56336492
56338991
56341493
56343994
56346489
56348991
56351491
56353994
56356534
56359034
56361538
56364035
56366536
56369035
56371538
56374036
56376533
56379034
56381537
56384038
56386533
56389036
56391535
56394037
56396534
56399037
56401533
56404034
56406535
56409033
56411538
56414033
56416582
56419080
56421583
56424082
56426581
56429085
56431586
56434081
56436581
56439083
56441582
56444085
56446585
56449080
56451582
56454080
56456580
56459081
56461584
56464080
56466580
56469079
56471583
56474082
56476632
56479130
56481628
56484129
56486628
56489130
56491629
56494128
56496633
56499133
56501630
56504130
56506629
56509128
56511630
56514133
56516631
56519129
56521628
56524129
56526632
56529131
56531628
56534127
56536674
56539179
56541673
56544173
56546672
56549173
56551674
56554172
56556671
56559174
56561674
56564173
56566672
56569173
56571672
56574178
56576672
56579172
56581673
56584172
56586678
56589173
56591675
56594173
56596718
56599220
56601716
56604215
56606718
56609218
56611717
56614218
56616718
56619220
56621717
56624216
56626719
56629219
56631717
56634217
56636720
56639219
56641718
56644216
56646722
56649217
56651719
56654220
56656759
56659261
56661762
56664264
56666760
56669262
56671762
56674261
56676760
56679261
56681762
56684263
56686761
56689265
56691763
56694264
56696760
56699261
56701762
56704260
56706764
56709261
56711762
56714265
56716806
56719309
56721811
56724306
56726805
56729308
56731808
56734304
56736808
56739306
56741805
56744307
56746806
56749306
56751809
56754306
56756808
56759308
56761806
56764305
56766807
56769309
56771807
56774304
56776853
56779358
56781851
56784351
56786849
56789356
56791853
56794354
56796855
56799355
56801852
56804354
56806850
56809358
56811850
56814351
56816856
56819355
56821851
56824351
56826853
56829352
56831857
56834351
56836900
56839399
56841899
56844399
56846899
56849398
56851897
56854398
56856898
56859397
56861898
56864396
56866897
56869397
56871899
56874396
56876903
56879399
56881899
56884398
56886905
56889397
56891901
56894401
56896948
56899446
56901946
56904445
56906946
56909444
56911944
56914446
56916944
56919446
56921945
56924449
56926947
56929450
56931945
56934448
56936945
56939449
56941946
56944447
56946946
56949444
56951943
56954449
56956993
56959492
56961993
56964496
56966995
56969494
56971993
56974494
56976992
56979496
56981995
56984495
56986994
56989495
56991993
56994493
56996995
56999492
57001991
57004496
57006993
57009494
57011994
57014492
57017041
57019542
57022042
57024543
57027042
57029543
57032042
57034542
57037041
57039543
57042041
57044541
57047039
57049542
57052039
57054539
57057042
57059544
57062039
57064542
57067042
57069539
57072043
57074543
57077090
57079586
57082091
57084587
57087091
57089586
57092086
57094591
57097088
57099587
57102086
57104588
57107091
57109589
57112090
57114585
57117086
57119590
57122088
57124587
57127087
57129587
57132087
57134590
57137130
57139634
57142131
57144636
57147129
57149631
57152130
57154633
57157129
57159630
57162129
57164633
57167130
57169634
57172135
57174630
57177132
57179631
57182132
57184632
57187130
57189631
57192131
57194634
57197193
57199696
57202193
57204694
57207196
57209693
57212194
57214697
57217199
57219697
57222193
57224702
57227197
57229705
57232195
57234695
57237193
57239698
57242199
57244692
57247199
57249694
57252196
57254695
57257242
57259741
57262239
57264741
57267241
57269740
57272237
57274740
57277241
57279739
57282238
57284738
57287240
57289740
57292239
57294737
57297238
57299743
57302242
57304736
57307239
57309738
57312243
57314740
57317290
57319785
57322289
57324784
57327285
57329787
57332285
57334786
57337285
57339785
57342285
57344792
57347285
57349789
57352284
57354788
57357285
57359784
57362285
57364784
57367284
57369784
57372286
57374786
57377330
57379832
57382331
57384832
57387331
57389830
57392330
57394830
57397334
57399832
57402330
57404835
57407332
57409830
57412330
57414831
57417331
57419833
57422330
57424830
57427330
57429829
57432331
57434834
57437375
57439876
57442376
57444875
57447379
57449879
57452376
57454875
57457377
57459877
57462378
57464878
57467375
57469876
57472379
57474877
57477378
57479878
57482380
57484877
57487377
57489879
57492378
57494878
57497422
57499919
57502422
57504922
57507418
57509924
57512422
57514919
57517422
57519921
57522419
57524922
57527418
57529921
57532418
57534920
57537418
57539922
57542422
57544924
57547420
57549919
57552421
57554919
57557464
57559964
57562462
57564964
57567465
57569964
57572467
57574965
57577467
57579964
57582465
57584964
57587462
57589962
57592467
57594966
57597464
57599964
57602464
57604964
57607467
57609964
57612465
57614966
57617512
57620011
57622515
57625013
57627513
57630015
57632513
57635012
57637515
57640013
57642511
57645019
57647516
57650014
57652511
57655011
57657514
57660014
57662512
57665016
57667514
57670014
57672513
57675017
57677559
57680059
57682557
57685056
57687561
57690058
57692557
57695059
57697557
57700058
57702556
57705061
57707559
57710062
57712559
57715058
57717559
57720058
57722559
57725059
57727560
57730057
57732556
57735058
57737601
57740101
57742600
57745102
57747606
57750101
57752600
57755100
57757600
57760102
57762607
57765102
57767603
57770105
57772601
57775105
57777602
57780103
57782605
57785100
57787601
57790103
57792609
57795103
57797647
57800147
57802651
57805151
57807650
57810150
57812647
57815150
57817649
57820147
57822650
57825147
57827645
57830149
57832645
57835149
57837649
57840147
57842646
57845150
57847647
57850147
57852650
57855150
57857689
57860192
57862694
57865194
57867691
57870190
57872690
57875189
57877689
57880189
57882690
57885190
57887688
57890189
57892689
57895189
57897692
57900193
57902691
57905189
57907689
57910190
57912688
57915190
57917738
57920237
57922739
57925237
57927737
57930240
57932741
57935237
57937742
57940237
57942738
57945237
57947737
57950238
57952740
57955240
57957742
57960243
57962737
57965238
57967741
57970241
57972738
57975238
57977780
57980283
57982781
57985282
57987780
57990282
57992780
57995282
57997781
58000283
58002780
58005282
58007787
58010282
58012781
58015283
58017783
58020282
58022784
58025283
58027784
58030282
58032782
58035283
58037827
58040326
58042825
58045327
58047826
58050326
58052828
58055326
58057827
58060328
58062828
58065327
58067827
58070327
58072827
58075324
58077827
58080330
58082827
58085326
58087831
58090327
58092828
58095327
58097871
58100371
58102870
58105369
58107872
58110369
58112873
58115369
58117873
58120369
58122874
58125370
58127871
58130372
58132869
58135368
58137873
58140369
58142870
58145376
58147870
58150374
58152869
58155369
58157921
58160419
58162916
58165419
58167918
58170416
58172917
58175418
58177917
58180417
58182917
58185416
58187918
58190417
58192917
58195416
58197918
58200418
58202918
58205416
58207916
58210416
58212916
58215423
58217965
58220461
58222966
58225464
58227965
58230462
58232961
58235462
58237966
58240461
58242962
58245463
58247961
58250465
58252965
58255462
58257965
58260467
58262967
58265464
58267966
58270463
58272963
58275461
58278010
58280510
58283013
58285508
58288011
58290509
58293014
58295511
58298010
58300509
58303008
58305509
58308008
58310510
58313012
58315508
58318010
58320511
58323014
58325508
58328008
58330511
58333010
58335509
58338055
58340555
58343056
58345555
58348055
58350554
58353058
58355555
58358056
58360556
58363055
58365554
58368056
58370555
58373058
58375555
58378057
58380556
58383057
58385556
58388055
58390556
58393057
58395556
58398102
58400602
58403099
58405601
58408100
58410602
58413101
58415600
58418098
58420599
58423101
58425599
58428099
58430598
58433099
58435601
58438102
58440600
58443101
58445604
58448102
58450599
58453101
58455600
58458145
58460642
58463146
58465643
58468144
58470641
58473143
58475644
58478143
58480644
58483143
58485646
58488143
58490645
58493146
58495643
58498143
58500646
58503143
58505642
58508145
58510644
58513142
58515643
58518191
58520690
58523189
58525689
58528187
58530690
58533190
58535687
58538187
58540690
58543190
58545689
58548188
58550688
58553187
58555689
58558189
58560688
58563191
58565688
58568188
58570687
58573189
58575689
58578237
58580741
58583237
58585736
58588235
58590738
58593236
58595740
58598237
58600736
58603239
58605737
58608234
58610735
58613238
58615737
58618236
58620736
58623236
58625734
58628237
58630734
58633235
58635742
58638284
58640782
58643283
58645783
58648285
58650785
58653286
58655787
58658284
58660783
58663282
58665785
58668283
58670783
58673281
58675782
58678282
58680785
58683285
58685782
58688287
58690781
58693284
58695782
58698327
58700824
58703326
58705824
58708324
58710824
58713328
58715831
58718326
58720826
58723327
58725825
58728327
58730826
58733328
58735825
58738326
58740830
58743325
58745824
58748326
58750826
58753328
58755829
58758369
58760868
58763372
58765870
58768371
58770871
58773372
58775873
58778369
58780877
58783370
58785869
58788368
58790873
58793370
58795867
58798373
58800871
58803368
58805868
58808371
58810873
58813371
58815870
58818414
58820914
58823413
58825917
58828414
58830915
58833414
58835914
58838415
58840914
58843413
58845915
58848416
58850913
58853414
58855915
58858416
58860915
58863415
58865917
58868413
58870917
58873414
58875917
58878496
58880994
58883495
58885999
58888496
58890996
58893494
58895992
58898493
58900994
58903494
58905993
58908495
58910995
58913493
58915995
58918493
58920992
58923495
58925995
58928493
58930995
58933497
58935998
58938541
58941037
58943539
58946042
58948542
58951039
58953542
58956039
58958537
58961042
58963539
58966038
58968539
58971040
58973541
58976038
58978541
58981039
58983538
58986040
58988541
58991044
58993539
58996040
58998584
59001085
59003584
59006083
59008584
59011087
59013583
59016082
59018580
59021086
59023582
59026085
59028584
59031086
59033582
59036086
59038587
59041083
59043583
59046088
59048583
59051087
59053583
59056085
59058630
59061130
59063629
59066131
59068629
59071131
59073632
59076129
59078630
59081132
59083627
59086131
59088627
59091132
59093632
59096129
59098629
59101130
59103630
59106130
59108631
59111126
59113628
59116131
59118675
59121173
59123678
59126172
59128675
59131173
59133673
59136175
59138678
59141179
59143676
59146179
59148672
59151174
59153676
59156175
59158674
59161173
59163675
59166173
59168674
59171177
59173678
59176177
59178718
59181222
59183718
59186221
59188719
59191221
59193717
59196221
59198717
59201217
59203720
59206219
59208719
59211218
59213716
59216221
59218717
59221219
59223718
59226218
59228719
59231218
59233720
59236218
59238762
59241265
59243761
59246265
59248763
59251264
59253764
59256265
59258761
59261263
59263764
59266264
59268767
59271262
59273762
59276264
59278766
59281262
59283761
59286265
59288766
59291265
59293767
59296261
59298811
59301309
59303811
59306309
59308811
59311309
59313811
59316308
59318808
59321311
59323813
59326315
59328814
59331310
59333813
59336311
59338811
59341310
59343809
59346309
59348810
59351310
59353811
59356308
59358859
59361353
59363856
59366355
59368852
59371353
59373852
59376353
59378853
59381353
59383854
59386355
59388855
59391354
59393855
59396352
59398859
59401354
59403854
59406352
59408853
59411356
59413851
59416352
59418900
59421400
59423901
59426396
59428897
59431398
59433899
59436396
59438899
59441398
59443901
59446400
59448896
59451397
59453901
59456398
59458901
59461396
59463900
59466402
59468898
59471400
59473898
59476397
59478943
59481444
59483944
59486446
59488942
59491443
59493946
59496444
59498947
59501446
59503947
59506445
59508944
59511445
59513945
59516442
59518945
59521445
59523948
59526443
59528943
59531447
59533945
59536445
59538993
59541491
59543990
59546491
59548993
59551489
59553993
59556494
59558993
59561494
59563993
59566492
59568994
59571492
59573995
59576494
59578990
59581495
59583995
59586494
59588990
59591493
59593991
59596494
59599039
59601539
59604036
59606536
59609037
59611536
59614035
59616535
59619036
59621535
59624035
59626541
59629034
59631536
59634038
59636535
59639036
59641537
59644036
59646541
59649039
59651536
59654034
59656534
59659080
59661585
59664081
59666581
59669079
59671584
59674080
59676580
59679083
59681584
59684081
59686584
59689080
59691580
59694082
59696581
59699080
59701580
59704083
59706579
59709082
59711582
59714081
59716584
59719125
59721624
59724125
59726625
59729125
59731627
59734129
59736624
59739125
59741624
59744128
59746628
59749126
59751626
59754129
59756626
59759125
59761625
59764125
59766626
59769128
59771629
59774128
59776627
59779172
59781678
59784173
59786677
59789172
59791679
59794176
59796677
59799173
59801675
59804175
59806672
59809177
59811675
59814175
59816676
59819176
59821675
59824173
59826674
59829172
59831673
59834173
59836676
59839220
59841722
59844230
59846725
59849219
59851720
59854222
59856721
59859220
59861722
59864221
59866723
59869219
59871721
59874222
59876721
59879219
59881724
59884227
59886721
59889227
59891721
59894225
59896719
59899261
59901764
59904263
59906763
59909263
59911761
59914261
59916762
59919266
59921767
59924262
59926764
59929268
59931763
59934262
59936762
59939262
59941762
59944263
59946762
59949265
59951763
59954260
59956760
59959308
59961812
59964310
59966810
59969307
59971807
59974307
59976807
59979313
59981806
59984310
59986806
59989306
59991807
59994312
59996809
59999309
60001811
60004306
60006811
60009306
60011812
60014311
60016807
60019355
60021854
60024352
60026853
60029355
60031853
60034352
60036851
60039353
60041853
60044351
60046851
60049353
60051852
60054351
60056853
60059356
60061853
60064352
60066851
60069351
60071852
60074350
60076854
60079398
60081898
60084400
60086898
60089398
60091896
60094397
60096900
60099398
60101898
60104398
60106899
60109403
60111898
60114402
60116897
60119396
60121899
60124402
60126902
60129400
60131899
60134402
60136898
60139446
60141946
60144448
60146948
60149446
60151944
60154446
60156943
60159445
60161944
60164444
60166947
60169445
60171944
60174446
60176948
60179446
60181949
60184446
60186946
60189447
60191947
60194446
60196944
60199489
60201992
60204490
60206991
60209488
60211987
60214490
60216991
60219491
60221988
60224490
60226988
60229489
60231991
60234491
60236992
60239490
60241994
60244493
60246990
60249490
60251987
60254490
60256992
60259531
60262032
60264531
60267034
60269530
60272030
60274533
60277029
60279531
60282036
60284529
60287030
60289532
60292035
60294530
60297032
60299536
60302036
60304530
60307032
60309534
60312032
60314534
60317030
60319578
60322076
60324575
60327073
60329575
60332074
60334577
60337074
60339573
60342073
60344575
60347078
60349579
60352076
60354573
60357073
60359575
60362075
60364575
60367075
60369578
60372076
60374576
60377075
60379619
60382121
60384619
60387121
60389623
60392121
60394621
60397120
60399621
60402122
60404621
60407120
60409623
60412123
60414621
60417119
60419620
60422120
60424623
60427121
60429622
60432120
60434623
60437121
60439668
60442167
60444671
60447166
60449668
60452168
60454668
60457168
60459665
60462166
60464670
60467168
60469670
60472168
60474669
60477167
60479668
60482170
60484666
60487165
60489665
60492168
60494669
60497173
60499713
60502216
60504715
60507212
60509713
60512213
60514712
60517213
60519713
60522214
60524715
60527213
60529718
60532213
60534717
60537215
60539712
60542215
60544716
60547213
60549716
60552213
60554718
60557215
60559757
60562258
60564756
60567256
60569759
60572258
60574758
60577261
60579757
60582259
60584758
60587256
60589760
60592258
60594758
60597261
60599758
60602255
60604758
60607259
60609757
60612260
60614756
60617258
60619804
60622302
60624802
60627302
60629805
60632302
60634804
60637302
60639803
60642303
60644805
60647307
60649805
60652305
60654805
60657302
60659804
60662302
60664802
60667303
60669804
60672304
60674806
60677304
60679849
60682345
60684848
60687346
60689846
60692347
60694847
60697349
60699847
60702349
60704849
60707351
60709849
60712348
60714847
60717351
60719846
60722347
60724850
60727349
60729853
60732345
60734849
60737347
60739894
60742397
60744892
60747393
60749893
60752395
60754895
60757395
60759894
60762397
60764897
60767392
60769893
60772392
60774895
60777392
60779895
60782397
60784894
60787393
60789894
60792393
60794891
60797392
60799938
60802438
60804938
60807437
60809936
60812439
60814942
60817440
60819939
60822441
60824939
60827439
60829938
60832436
60834938
60837436
60839941
60842436
60844939
60847439
60849938
60852438
60854941
60857436
60859989
60862490
60864987
60867487
60869988
60872490
60874988
60877492
60879987
60882486
60884988
60887490
60889987
60892488
60894989
60897489
60899988
60902487
60904987
60907486
60909990
60912489
60914989
60917488
60920033
60922536
60925035
60927537
60930037
60932538
60935035
60937538
60940036
60942535
60945034
60947535
60950035
60952535
60955039
60957534
60960034
60962535
60965037
60967533
60970037
60972539
60975034
60977534
60980086
60982583
60985083
60987588
60990081
60992583
60995082
60997583
61000084
61002583
61005085
61007581
61010085
61012583
61015087
61017585
61020082
61022585
61025084
61027584
61030083
61032583
61035086
61037581
61040129
61042625
61045127
61047629
61050128
61052626
61055128
61057627
61060125
61062626
61065128
61067626
61070126
61072626
61075125
61077625
61080126
61082628
61085126
61087627
61090127
61092626
61095127
61097625
61100170
61102674
61105173
61107677
61110169
61112671
61115173
61117675
61120170
61122671
61125172
61127676
61130170
61132674
61135171
61137674
61140171
61142678
61145171
61147673
61150169
61152672
61155170
61157676
61160218
61162717
61165216
61167715
61170217
61172719
61175216
61177717
61180216
61182717
61185221
61187720
61190215
61192717
61195215
61197718
61200217
61202716
61205222
61207721
61210216
61212719
61215222
61217716
61220256
61222762
61225257
61227760
61230257
61232758
61235260
61237759
61240260
61242758
61245261
61247760
61250260
61252760
61255258
61257757
61260257
61262759
61265258
61267759
61270260
61272760
61275261
61277759
61280305
61282804
61285305
61287804
61290301
61292803
61295302
61297807
61300302
61302806
61305302
61307807
61310304
61312802
61315306
61317805
61320304
61322805
61325303
61327805
61330304
61332803
61335304
61337802
61340349
61342847
61345349
61347850
61350348
61352847
61355349
61357849
61360346
61362848
61365351
61367851
61370348
61372849
61375348
61377847
61380348
61382848
61385353
61387851
61390349
61392848
61395346
61397849
61400394
61402894
61405396
61407896
61410394
61412894
61415396
61417894
61420395
61422896
61425399
61427898
61430398
61432898
61435396
61437897
61440397
61442895
61445395
61447895
61450399
61452895
61455394
61457893
61460437
61462938
61465435
61467939
61470437
61472939
61475436
61477936
61480438
61482943
61485440
61487939
61490437
61492938
61495437
61497939
61500437
61502941
61505437
61507937
61510437
61512937
61515436
61517935
61520487
61522985
61525487
61527988
61530484
61532983
61535484
61537984
61540486
61542988
61545485
61547987
61550484
61552986
61555487
61557982
61560489
61562984
61565487
61567983
61570486
61572987
61575484
61577988
61580534
61583037
61585533
61588038
61590538
61593036
61595538
61598034
61600532
61603034
61605533
61608034
61610537
61613035
61615533
61618040
61620535
61623036
61625536
61628038
61630536
61633033
61635535
61638035
61640575
61643080
61645578
61648078
61650575
61653077
61655577
61658076
61660576
61663082
61665578
61668076
61670581
61673080
61675575
61678078
61680576
61683075
61685575
61688079
61690576
61693076
61695576
61698077
61700624
61703127
61705624
61708127
61710623
61713127
61715624
61718126
61720626
61723123
61725626
61728127
61730623
61733124
61735624
61738122
61740625
61743125
61745627
61748127
61750624
61753124
61755623
61758123
61760669
61763167
61765670
61768169
61770667
61773169
61775668
61778168
61780669
61783169
61785670
61788169
61790673
61793170
61795671
61798168
61800670
61803172
61805673
61808173
61810669
61813166
61815671
61818171
61820718
61823216
61825716
61828215
61830720
61833216
61835718
61838216
61840718
61843217
61845717
61848220
61850718
61853217
61855718
61858220
61860717
61863216
61865720
61868216
61870719
61873218
61875719
61878216
61880762
61883262
61885763
61888262
61890763
61893265
61895762
61898263
61900764
61903261
61905761
61908262
61910763
61913263
61915762
61918265
61920761
61923262
61925760
61928262
61930763
61933265
61935762
61938264
61940805
61943308
61945808
61948307
61950806
61953306
61955806
61958305
61960807
61963311
61965810
61968308
61970807
61973306
61975807
61978306
61980806
61983306
61985809
61988313
61990808
61993309
61995806
61998304
62000848
62003350
62005847
62008349
62010852
62013349
62015848
62018351
62020853
62023349
62025851
62028351
62030852
62033347
62035848
62038349
62040848
62043347
62045848
62048350
62050848
62053350
62055850
62058350
62060894
62063395
62065895
62068393
62070893
62073394
62075894
62078392
62080896
62083398
62085894
62088393
62090895
62093392
62095894
62098392
62100894
62103393
62105893
62108393
62110897
62113395
62115891
62118393
62120938
62123438
62125938
62128434
62130937
62133436
62135942
62138438
62140936
62143435
62145938
62148436
62150939
62153439
62155934
62158436
62160934
62163442
62165938
62168438
62170938
62173436
62175938
62178434
62180981
62183484
62185984
62188483
62190985
62193482
62195985
62198486
62200982
62203484
62205982
62208484
62210983
62213484
62215982
62218482
62220983
62223485
62225984
62228481
62230984
62233481
62235981
62238482
62241036
62243533
62246030
62248533
62251033
62253530
62256031
62258534
62261037
62263532
62266032
62268536
62271037
62273532
62276031
62278535
62281033
62283530
62286034
62288535
62291032
62293533
62296037
62298532
62301081
62303579
62306079
62308584
62311078
62313581
62316081
62318582
62321078
62323577
62326081
62328583
62331083
62333582
62336082
62338580
62341080
62343580
62346078
62348579
62351080
62353581
62356084
62358580
62361123
62363622
62366123
62368626
62371123
62373621
62376123
62378625
62381127
62383622
62386128
62388628
62391126
62393626
62396125
62398624
62401122
62403624
62406124
62408628
62411121
62413626
62416122
62418626
62421171
62423671
62426169
62428668
62431169
62433673
62436167
62438670
62441170
62443671
62446170
62448668
62451167
62453669
62456168
62458671
62461167
62463669
62466172
62468670
62471170
62473674
62476172
62478672
62481214
62483716
62486216
62488715
62491215
62493717
62496215
62498715
62501221
62503719
62506217
62508714
62511218
62513719
62516218
62518716
62521217
62523717
62526218
62528717
62531219
62533717
62536219
62538716
62541266
62543760
62546260
62548761
62551263
62553762
62556262
62558764
62561262
62563762
62566263
62568762
62571262
62573764
62576261
62578762
62581263
62583767
62586261
62588763
62591262
62593764
62596259
62598762
62601319
62603823
62606319
62608818
62611320
62613821
62616320
62618823
62621318
62623826
62626323
62628828
62631318
62633822
62636318
62638824
62641318
62643823
62646320
62648824
62651321
62653826
62656319
62658823
62661368
62663870
62666368
62668868
62671367
62673869
62676370
62678870
62681370
62683869
62686372
62688868
62691370
62693870
62696368
62698869
62701368
62703867
62706369
62708867
62711368
62713866
62716369
62718868
62721412
62723911
62726412
62728913
62731412
62733912
62736413
62738914
62741411
62743910
62746411
62748910
62751411
62753912
62756417
62758913
62761414
62763910
62766420
62768910
62771414
62773913
62776417
62778910
62781455
62783955
62786458
62788954
62791454
62793954
62796458
62798958
62801453
62803954
62806457
62808959
62811455
62813956
62816453
62818957
62821454
62823957
62826456
62828953
62831458
62833954
62836456
62838955
62841502
62844001
62846503
62849001
62851503
62854003
62856502
62859004
62861503
62863999
62866501
62869004
62871503
62874002
62876503
62879001
62881501
62884001
62886501
62889001
62891502
62894001
62896499
62899002
62901547
62904049
62906547
62909051
62911550
62914050
62916550
62919049
62921550
62924050
62926551
62929048
62931549
62934048
62936546
62939049
62941551
62944048
62946547
62949049
62951553
62954049
62956548
62959050
62961597
62964093
62966592
62969093
62971600
62974095
62976593
62979098
62981596
62984095
62986592
62989094
62991595
62994095
62996593
62999094
63001595
63004096
63006596
63009092
63011592
63014097
63016595
63019096
63021642
63024141
63026641
63029140
63031640
63034140
63036640
63039141
63041642
63044140
63046640
63049143
63051642
63054141
63056645
63059142
63061644
63064139
63066639
63069143
63071641
63074142
63076640
63079139
63081683
63084185
63086685
63089185
63091688
63094186
63096685
63099189
63101690
63104184
63106686
63109189
63111685
63114184
63116689
63119186
63121688
63124190
63126686
63129183
63131684
63134186
63136686
63139185
63141731
63144230
63146731
63149232
63151730
63154229
63156730
63159229
63161730
63164232
63166733
63169230
63171730
63174230
63176730
63179230
63181729
63184229
63186734
63189230
63191734
63194230
63196729
63199230
63201772
63204271
63206772
63209275
63211779
63214276
63216772
63219274
63221773
63224274
63226773
63229272
63231774
63234273
63236774
63239274
63241774
63244274
63246776
63249273
63251775
63254273
63256775
63259271
63261819
63264319
63266819
63269320
63271818
63274320
63276820
63279316
63281819
63284316
63286822
63289316
63291815
63294320
63296821
63299319
63301821
63304320
63306818
63309321
63311820
63314320
63316819
63319319
63321870
63324371
63326870
63329375
63331872
63334370
63336869
63339373
63341873
63344372
63346868
63349370
63351871
63354372
63356870
63359372
63361871
63364372
63366873
63369377
63371875
63374372
63376873
63379374
63381918
63384418
63386919
63389423
63391917
63394419
63396918
63399419
63401924
63404421
63406929
63409420
63411925
63414418
63416919
63419419
63421921
63424419
63426918
63429419
63431918
63434419
63436922
63439423
63441964
63444464
63446962
63449464
63451967
63454464
63456963
63459466
63461964
63464465
63466967
63469463
63471964
63474464
63476963
63479463
63481969
63484465
63486965
63489464
63491963
63494465
63496965
63499464
63502015
63504512
63507015
63509511
63512013
63514510
63517013
63519511
63522013
63524510
63527010
63529510
63532009
63534514
63537010
63539511
63542013
63544514
63547012
63549511
63552015
63554517
63557012
63559513
63562057
63564555
63567057
63569555
63572057
63574560
63577054
63579554
63582053
63584552
63587057
63589554
63592056
63594555
63597054
63599558
63602059
63604555
63607056
63609555
63612055
63614557
63617055
63619555
63622102
63624603
63627103
63629600
63632099
63634599
63637099
63639601
63642100
63644604
63647100
63649600
63652101
63654605
63657101
63659600
63662103
63664601
63667102
63669602
63672099
63674602
63677099
63679605
63682147
63684644
63687147
63689645
63692145
63694647
63697148
63699647
63702146
63704646
63707148
63709650
63712145
63714648
63717147
63719645
63722145
63724644
63727144
63729647
63732146
63734645
63737143
63739649
63742190
63744693
63747189
63749695
63752189
63754689
63757191
63759692
63762192
63764692
63767190
63769692
63772192
63774690
63777193
63779689
63782194
63784688
63787190
63789691
63792192
63794689
63797189
63799690
63802235
63804734
63807235
63809733
63812233
63814733
63817233
63819733
63822233
63824733
63827234
63829733
63832233
63834732
63837236
63839735
63842232
63844733
63847234
63849732
63852231
63854731
63857232
63859735
63862278
63864776
63867283
63869782
63872277
63874781
63877277
63879777
63882279
63884779
63887279
63889774
63892278
63894777
63897280
63899779
63902277
63904779
63907279
63909778
63912278
63914777
63917280
63919781
63922323
63924821
63927326
63929819
63932320
63934819
63937318
63939820
63942319
63944820
63947319
63949821
63952320
63954823
63957321
63959821
63962319
63964825
63967319
63969821
63972318
63974821
63977323
63979822
63982365
63984865
63987365
63989870
63992369
63994869
63997367
63999865
64002372
64004868
64007367
64009865
64012367
64014865
64017366
64019866
64022365
64024866
64027371
64029869
64032369
64034867
64037369
64039866
64042412
64044913
64047409
64049909
64052412
64054911
64057412
64059907
64062408
64064913
64067410
64069912
64072410
64074908
64077408
64079910
64082413
64084912
64087408
64089912
64092409
64094911
64097410
64099908
64102455
64104954
64107454
64109952
64112453
64114955
64117453
64119952
64122454
64124952
64127454
64129953
64132452
64134954
64137452
64139952
64142455
64144953
64147453
64149955
64152454
64154957
64157454
64159959
64162502
64165003
64167501
64170002
64172499
64174999
64177501
64180001
64182505
64184998
64187503
64190003
64192503
64195003
64197501
64200002
64202505
64205001
64207500
64210001
64212500
64214998
64217498
64220000
64222551
64225047
64227547
64230045
64232545
64235052
64237548
64240046
64242546
64245047
64247549
64250045
64252547
64255045
64257549
64260045
64262548
64265047
64267548
64270048
64272545
64275045
64277548
64280046
64282593
64285096
64287595
64290092
64292593
64295094
64297595
64300095
64302595
64305092
64307593
64310092
64312591
64315093
64317593
64320102
64322597
64325091
64327593
64330094
64332594
64335094
64337593
64340091
64342640
64345140
64347638
64350141
64352640
64355140
64357638
64360139
64362637
64365138
64367640
64370140
64372639
64375139
64377638
64380139
64382637
64385139
64387640
64390138
64392637
64395139
64397638
64400142
64402689
64405183
64407686
64410186
64412688
64415184
64417684
64420183
64422686
64425185
64427689
64430186
64432689
64435186
64437686
64440185
64442684
64445183
64447685
64450185
64452686
64455184
64457684
64460186
64462732
64465230
64467732
64470233
64472731
64475231
64477734
64480230
64482732
64485233
64487732
64490232
64492733
64495233
64497733
64500232
64502732
64505232
64507731
64510234
64512732
64515233
64517730
64520235
64522777
64525278
64527775
64530273
64532774
64535278
64537778
64540277
64542775
64545274
64547778
64550276
64552776
64555279
64557776
64560275
64562776
64565276
64567775
64570273
64572774
64575274
64577776
64580275
64582819
64585319
64587819
64590322
64592817
64595321
64597819
64600318
64602821
64605322
64607819
64610322
64612820
64615319
64617820
64620320
64622818
64625317
64627818
64630320
64632818
64635316
64637818
64640324
64642864
64645361
64647862
64650362
64652867
64655365
64657863
64660365
64662861
64665364
64667862
64670363
64672863
64675362
64677865
64680363
64682862
64685364
64687866
64690362
64692867
64695365
64697866
64700361
64702909
64705407
64707906
64710404
64712908
64715406
64717906
64720405
64722907
64725408
64727910
64730405
64732906
64735412
64737906
64740409
64742905
64745407
64747911
64750409
64752908
64755405
64757907
64760407
64762949
64765450
64767951
64770451
64772952
64775453
64777951
64780451
64782952
64785450
64787955
64790452
64792951
64795455
64797952
64800448
64802950
64805450
64807950
64810450
64812948
64815450
64817951
64820450
64822994
64825497
64827995
64830495
64832994
64835496
64837996
64840496
64842995
64845496
64847995
64850493
64852996
64855494
64857996
64860497
64862997
64865496
64867994
64870498
64872995
64875494
64877994
64880496
64883042
64885541
64888043
64890543
64893043
64895543
64898039
64900544
64903044
64905541
64908041
64910544
64913041
64915540
64918039
64920544
64923041
64925540
64928042
64930541
64933042
64935540
64938042
64940540
64943088
64945588
64948092
64950592
64953091
64955592
64958094
64960592
64963090
64965593
64968091
64970591
64973090
64975590
64978088
64980589
64983090
64985589
64988089
64990590
64993087
64995590
64998090
65000592
65003138
65005636
65008137
65010635
65013135
65015635
65018139
65020637
65023135
65025636
65028135
65030638
65033135
65035633
65038133
65040635
65043136
65045634
65048134
65050636
65053137
65055633
65058134
65060636
65063179
65065680
65068178
65070680
65073180
65075678
65078181
65080676
65083178
65085681
65088178
65090678
65093178
65095678
65098182
65100678
65103179
65105677
65108177
65110683
65113176
65115679
65118182
65120678
65123223
65125724
65128224
65130722
65133227
65135723
65138225
65140724
65143225
65145722
65148224
65150723
65153222
65155726
65158227
65160723
65163221
65165723
65168227
65170723
65173227
65175722
65178227
65180724
65183266
65185765
65188263
65190768
65193266
65195770
65198264
65200767
65203269
65205767
65208268
65210764
65213269
65215764
65218266
65220765
65223264
65225764
65228264
65230766
65233263
65235765
65238266
65240769
65243315
65245812
65248314
65250814
65253314
65255813
65258315
65260817
65263317
65265815
65268317
65270817
65273314
65275812
65278315
65280813
65283313
65285814
65288315
65290814
65293315
65295814
65298316
65300818
65303359
65305858
65308359
65310859
65313359
65315858
65318359
65320863
65323360
65325857
65328359
65330863
65333357
65335861
65338358
65340863
65343359
65345860
65348360
65350859
65353358
65355861
65358360
65360859
65363404
65365904
65368407
65370902
65373407
65375905
65378408
65380903
65383407
65385906
65388404
65390905
65393404
65395903
65398406
65400904
65403406
65405903
65408408
65410908
65413406
65415903
65418405
65420906
65423451
65425949
65428452
65430950
65433448
65435956
65438452
65440948
65443451
65445949
65448451
65450952
65453455
65455952
65458449
65460951
65463449
65465950
65468451
65470948
65473452
65475948
65478449
65480950
65483494
65486000
65488496
65490996
65493498
65495999
65498496
65500995
65503493
65505995
65508497
65510994
65513496
65515995
65518496
65520994
65523493
65525995
65528498
65530994
65533495
65535998
65538498
65540994
65543539
65546043
65548538
65551040
65553541
65556039
65558542
65561039
65563541
65566039
65568541
65571040
65573537
65576038
65578538
65581037
65583540
65586038
65588542
65591044
65593545
65596038
65598541
65601042
65603583
65606086
65608583
65611087
65613584
65616086
65618588
65621085
65623583
65626082
65628583
65631086
65633586
65636090
65638585
65641088
65643587
65646086
65648585
65651084
65653585
65656088
65658586
65661085
65663672
65666171
65668672
65671172
65673672
65676172
65678673
65681169
65683672
65686172
65688671
65691170
65693669
65696168
65698672
65701171
65703673
65706169
65708669
65711174
65713669
65716170
65718670
65721173
65723717
65726217
65728717
65731221
65733716
65736219
65738718
65741217
65743715
65746219
65748716
65751221
65753722
65756216
65758716
65761216
65763717
65766221
65768719
65771218
65773716
65776216
65778718
65781219
65783761
65786260
65788762
65791261
65793759
65796261
65798758
65801264
65803765
65806259
65808766
65811259
65813762
65816264
65818760
65821259
65823766
65826262
65828761
65831260
65833761
65836260
65838761
65841261
65843804
65846305
65848803
65851302
65853803
65856303
65858801
65861304
65863806
65866302
65868803
65871303
65873804
65876302
65878804
65881304
65883803
65886302
65888802
65891307
65893802
65896304
65898806
65901302
65903852
65906347
65908848
65911346
65913847
65916348
65918849
65921346
65923849
65926346
65928847
65931348
65933846
65936347
65938845
65941345
65943847
65946349
65948847
65951347
65953847
65956347
65958850
65961350
65963892
65966393
65968893
65971393
65973892
65976393
65978894
65981393
65983896
65986394
65988891
65991393
65993891
65996393
65998896
66001395
66003891
66006391
66008892
66011397
66013893
66016392
66018891
66021392
66023940
66026442
66028941
66031444
66033943
66036441
66038942
66041442
66043941
66046444
66048939
66051442
66053945
66056443
66058944
66061440
66063943
66066444
66068942
66071443
66073942
66076442
66078940
66081442
66083984
66086487
66088988
66091489
66093986
66096486
66098987
66101485
66103987
66106487
66108988
66111487
66113986
66116485
66118988
66121485
66123987
66126486
66128989
66131489
66133987
66136488
66138986
66141487
66144031
66146531
66149030
66151531
66154033
66156533
66159034
66161531
66164031
66166533
66169032
66171532
66174036
66176530
66179031
66181533
66184032
66186533
66189031
66191530
66194031
66196533
66199031
66201532
66204077
66206579
66209076
66211578
66214077
66216580
66219078
66221577
66224082
66226578
66229079
66231579
66234077
66236578
66239079
66241578
66244082
66246580
66249078
66251578
66254078
66256579
66259078
66261577
66264127
66266626
66269124
66271628
66274125
66276625
66279125
66281628
66284128
66286626
66289125
66291624
66294126
66296626
66299126
66301624
66304125
66306625
66309124
66311624
66314125
66316629
66319127
66321628
66324178
66326678
66329174
66331676
66334175
66336676
66339175
66341674
66344176
66346675
66349179
66351676
66354177
66356675
66359176
66361676
66364179
66366677
66369179
66371676
66374177
66376677
66379175
66381674
66384221
66386721
66389221
66391727
66394220
66396722
66399219
66401721
66404222
66406723
66409222
66411722
66414223
66416723
66419221
66421723
66424226
66426722
66429222
66431720
66434224
66436724
66439220
66441724
66444307
66446811
66449309
66451813
66454310
66456815
66459309
66461809
66464308
66466812
66469306
66471814
66474308
66476808
66479310
66481806
66484306
66486806
66489306
66491806
66494309
66496806
66499311
66501804
66504352
66506851
66509349
66511853
66514357
66516853
66519351
66521850
66524354
66526850
66529352
66531851
66534351
66536852
66539351
66541851
66544352
66546850
66549357
66551850
66554350
66556849
66559351
66561852
66564397
66566894
66569398
66571892
66574397
66576895
66579398
66581894
66584396
66586895
66589395
66591893
66594393
66596895
66599398
66601895
66604393
66606891
66609398
66611894
66614394
66616894
66619395
66621894
66624438
66626941
66629440
66631941
66634437
66636941
66639438
66641939
66644442
66646939
66649437
66651939
66654439
66656940
66659437
66661940
66664443
66666938
66669440
66671938
66674439
66676943
66679438
66681941
66684484
66686987
66689481
66691988
66694483
66696982
66699482
66701982
66704484
66706985
66709486
66711985
66714485
66716985
66719482
66721984
66724481
66726984
66729485
66731985
66734488
66736983
66739484
66741986
66744527
66747027
66749527
66752033
66754530
66757029
66759526
66762026
66764528
66767027
66769531
66772028
66774530
66777029
66779529
66782034
66784529
66787029
66789527
66792030
66794528
66797027
66799531
66802030
66804577
66807073
66809575
66812073
66814578
66817074
66819574
66822076
66824573
66827073
66829573
66832075
66834575
66837075
66839573
66842075
66844572
66847074
66849578
66852074
66854573
66857077
66859572
66862075
66864623
66867119
66869621
66872119
66874619
66877119
66879621
66882120
66884622
66887121
66889622
66892122
66894623
66897118
66899619
66902124
66904618
66907121
66909619
66912123
66914622
66917120
66919619
66922123
66924665
66927169
66929667
66932164
66934663
66937164
66939664
66942167
66944668
66947167
66949667
66952164
66954666
66957169
66959667
66962166
66964666
66967165
66969669
66972167
66974665
66977164
66979665
66982167
66984712
66987210
66989713
66992210
66994714
66997210
66999711
67002215
67004711
67007213
67009711
67012213
67014710
67017214
67019712
67022214
67024712
67027211
67029711
67032213
67034713
67037211
67039711
67042211
67044753
67047259
67049756
67052256
67054757
67057255
67059759
67062254
67064758
67067257
67069757
67072253
67074757
67077256
67079760
67082256
67084756
67087258
67089759
67092255
67094754
67097258
67099755
67102257
67104812
67107313
67109813
67112313
67114810
67117313
67119814
67122315
67124810
67127315
67129813
67132312
67134815
67137311
67139814
67142315
67144811
67147311
67149813
67152312
67154813
67157315
67159811
67162313
67164892
67167396
67169895
67172396
67174890
67177400
67179894
67182393
67184890
67187392
67189893
67192395
67194894
67197394
67199896
67202394
67204893
67207392
67209894
67212391
67214891
67217396
67219895
67222393
67224939
67227440
67229936
67232436
67234940
67237437
67239936
67242438
67244940
67247438
67249941
67252440
67254940
67257440
67259937
67262436
67264940
67267437
67269935
67272438
67274937
67277438
67279938
67282437
67284989
67287485
67289988
67292488
67294988
67297486
67299989
67302487
67304989
67307487
67309989
67312486
67314986
67317487
67319988
67322487
67324986
67327485
67329987
67332488
67334985
67337485
67339989
67342485
67345036
67347537
67350034
67352537
67355034
67357534
67360038
67362536
67365034
67367538
67370035
67372537
67375034
67377537
67380036
67382536
67385041
67387537
67390034
67392536
67395035
67397535
67400038
67402536
67405088
67407582
67410085
67412584
67415084
67417582
67420086
67422584
67425083
67427583
67430083
67432581
67435083
67437582
67440088
67442585
67445083
67447586
67450084
67452584
67455084
67457582
67460084
67462585
67465128
67467627
67470128
67472627
67475128
67477630
67480128
67482628
67485131
67487629
67490129
67492629
67495127
67497631
67500132
67502626
67505128
67507627
67510127
67512626
67515127
67517627
67520126
67522629
67525175
67527677
67530172
67532671
67535173
67537672
67540171
67542670
67545172
67547672
67550171
67552672
67555172
67557674
67560170
67562671
67565176
67567671
67570170
67572675
67575170
67577673
67580172
67582675
67585217
67587716
67590216
67592717
67595219
67597717
67600217
67602715
67605219
67607716
67610216
67612717
67615217
67617716
67620219
67622718
67625216
67627719
67630216
67632717
67635217
67637715
67640217
67642721
67645269
67647766
67650269
67652769
67655267
67657768
67660270
67662770
67665265
67667769
67670269
67672768
67675268
67677771
67680267
67682768
67685268
67687767
67690267
67692768
67695269
67697766
67700267
67702767
67705317
67707818
67710316
67712814
67715319
67717816
67720317
67722816
67725321
67727817
67730315
67732820
67735318
67737816
67740318
67742818
67745317
67747816
67750316
67752815
67755318
67757814
67760315
67762819
67765361
67767861
67770360
67772863
67775362
67777863
67780364
67782862
67785362
67787862
67790363
67792859
67795363
67797863
67800361
67802861
67805362
67807861
67810366
67812862
67815362
67817861
67820362
67822862
67825411
67827912
67830410
67832910
67835410
67837908
67840411
67842912
67845411
67847909
67850408
67852909
67855413
67857908
67860408
67862908
67865410
67867911
67870410
67872913
67875408
67877916
67880413
67882913
67885456
67887956
67890457
67892956
67895458
67897958
67900456
67902956
67905455
67907955
67910459
67912958
67915459
67917958
67920455
67922958
67925456
67927955
67930460
67932955
67935459
67937959
67940458
67942954
67945508
67948004
67950508
67953005
67955503
67958003
67960504
67963006
67965505
67968004
67970505
67973004
67975505
67978004
67980503
67983002
67985507
67988005
67990504
67993004
67995503
67998004
