nan
-40.60338927
-38.389582407
-33.216087183
-29.062694796
-30.038856289
nan
-30.191058167
-35.395598457
-38.685357195
-35.023744944
-38.782776968
-35.844327996
nan
nan
nan
nan
nan
nan
nan
nan
-33.969555886
-34.435414263
-30.162564598
nan
-29.280527617
-28.634712071
-34.230586162
-35.735590814
-35.399324916
-35.830577381
-35.668549876
-40.894364567
-36.323541852
-33.50852292
-41.955195413
-36.52705864
-39.960052278
-34.885297689
-32.662000115
nan
nan
-39.406673089
nan
-37.263302322
nan
nan
-43.044205114
-38.185619036
-39.970512081
-35.427475017
-33.705291901
-34.100740564
nan
-35.980395682
-40.679293784
-35.445002722
-34.578341836
-32.408313686
-28.268285105
-26.307123853
-35.062124506
-34.305262387
-38.651993392
-35.565650053
-38.062479256
nan
nan
nan
-35.165495849
nan
nan
-33.137640431
-41.726055577
nan
nan
nan
nan
nan
-40.991799841
-38.780775612
-39.636814316
-39.703191069
-37.578931123
-39.730519262
-45.182215484
-42.26084153
-49.617665124
-46.045381271
-49.663289911
-43.439755508
nan
nan
nan
nan
nan
nan
nan
nan
nan
nan
-33.89631227
-36.810875987
-41.063844423
-37.663382923
-40.933836427
-34.420135552
-35.832124893
nan
-35.997204568
-36.514801356
nan
nan
-37.176875865
-33.401322949
-31.780738363
-30.540987093
nan
-33.429207479
-32.612521248
-30.796365862
-32.816530759
-33.317642809
-28.019382902
-32.749419401
-34.680702992
-37.241831485
-36.291781866
-36.171033289
-33.758599149
-36.374873998
-36.175343897
-34.295228838
-35.228100757
-33.283772603
-34.099262064
-35.780321286
-38.715572294
-37.028291032
-33.497045547
-37.509841166
-34.958999285
-34.48823969
-40.085676334
-37.604641648
-32.327535571
-31.077840275
-34.294659682
-35.09042171
-34.220130747
-40.852863104
-37.880624327
-40.815820074
nan
-37.367069335
-32.826962759
-35.412143339
nan
nan
-37.016902215
-34.143812411
nan
-32.272261983
-34.935854729
-36.216462715
-33.547239867
-33.48135667
-31.706112953
-36.982816547
-35.238143492
-38.504878793
-35.443117511
-33.67622029
-39.140324515
-39.783285753
-38.17313221
-42.503998203
-46.424972355
nan
-38.609216836
-41.256110237
nan
-42.880950761
nan
nan
-43.557015089
nan
-43.622610827
nan
-42.440233123
-40.292725083
-41.038178771
-42.15449419
-39.924046643
-39.844950936
-35.978582417
-39.041448967
-45.718669688
-44.657682635
nan
nan
-47.102955755
-41.529369152
-39.96275813
-45.119155853
-40.407293559
-48.865993559
-44.384540844
-43.045031112
-46.175551583
-44.974263501
-45.041044227
-48.085504341
-45.052810561
-43.783185897
-46.897677065
-47.680192859
-46.762728269
-47.461978906
-45.675476805
-46.85268244
-47.073542778
nan
nan
-49.58650878
-48.824979093
-46.034704128
-47.646842712
-51.972116416
-46.185081898
-50.414871246
-55.003358365
-55.96538128
nan
-52.305280852
-53.046587221
-49.127202206
-46.193559728
-54.893284272
-56.039392246
-54.882546648
-56.90636704
-50.970057699
-50.9161553
-57.242170296
nan
-51.884786621
-47.895040121
-42.114712723
-47.608673907
-48.752756476
-44.959435288
-46.295975178
-45.739846936
-46.335932114
-47.771690486
nan
-38.717182042
-34.718170599
-32.987598124
-39.206220217
-31.590903864
-28.459830105
-28.103924654
-27.201632161
-34.251320264
-33.368314258
-34.163572132
nan
-39.448169444
-33.596088528
-34.601065402
-32.800828373
-34.825546657
-35.39005904
-34.251824151
nan
-38.486819285
nan
nan
-36.313614759
-29.242793756
-29.743800821
-31.894716091
-28.027914504
-31.175244165
-33.959388657
-29.420273631
-26.642231114
-26.733075235
-32.372460818
-26.795975222
-21.86662031
-30.980699052
-28.744739604
-32.154331198
-31.150988817
-25.799829084
-32.235254413
-28.36397833
-30.254094454
-27.008824315
-26.075310347
nan
-27.703492746
-27.51846965
-31.739415064
-27.642550774
-23.97838094
-21.761996576
-24.040186587
-26.574067226
-21.183723334
-20.603071099
-24.625401028
-25.430474686
-24.943871063
-26.948449307
-26.395317072
-24.373402056
-26.217679324
-26.385082102
-27.725391243
-22.000618655
-27.722456554
nan
-28.574576847
-28.33896196
-29.259799337
nan
-27.333813138
-30.64739117
-35.180106994
-32.764902837
-35.534709291
-36.872847986
nan
nan
nan
nan
nan
nan
nan
-26.359691596
-25.671358493
-25.391547131
-24.320740013
-22.916418274
-20.949500462
-22.355749872
-27.906289716
-23.477406707
-24.244258841
-20.957793105
-23.113155317
-29.182063858
-28.462037591
nan
-28.62905282
-31.182950942
-29.38487725
-28.448099282
-29.692856384
-31.826881873
-27.22164992
-28.022369312
-21.801218981
-29.220491482
-28.103058161
-33.177423853
-28.237537541
-29.344333619
-24.198181165
-27.724187157
-32.318667777
-25.151295507
-23.675410642
nan
-20.126711316
-18.97242146
-22.694524838
-23.727062164
-22.39408653
-33.227340868
-32.980923235
-30.86743009
-32.716393136
-30.305680805
-25.899028607
-24.683954191
-25.206296776
-21.27180468
-26.205354257
-24.93077806
-25.332754145
-28.479288345
-27.685569009
-26.872007805
-27.435576686
-24.980870608
-22.739569377
-22.864155523
-26.131051733
-30.525992348
-24.4709777
-28.831332496
-24.604939472
-29.941697443
-26.917705166
-26.867580601
-28.3175721
-28.16854395
-26.046470959
-21.10293092
-15.274479431
-17.862038429
-17.6194464
-25.578640717
-23.476790672
-23.080753897
-22.534714694
-20.161224101
-26.263675685
-27.963734215
-26.499000545
-24.342956592
nan
-30.658302945
-27.838314712
-25.146826777
-21.966803779
-21.418728383
-19.684494633
-22.022793478
-25.202712741
-27.439939161
-26.97476337
-26.664969358
-25.699027371
-25.994543705
-26.574873037
-27.146935241
-26.377202955
-21.102845875
-22.945417764
-24.67879037
-22.569723081
-24.776183209
-24.687597585
-22.949425835
-25.043482249
-24.756629523
-27.709124663
-32.44381721
-26.900061222
-26.937087416
-28.278370202
-29.512988071
-29.607124211
-31.961582627
-30.158968788
-27.931115977
nan
nan
nan
nan
nan
-29.729796146
-34.11836044
-31.346123012
-30.474924969
-31.478585497
nan
nan
-32.259662971
-34.614179807
nan
-35.294259907
-32.011816395
-31.471295985
-31.543896394
-32.161156833
-31.522693433
-33.673202905
-33.114292019
-33.876501245
-37.731016123
-35.672895122
-32.955371306
-34.241231931
-31.040727472
-30.179543193
-30.177159444
-30.020296234
-27.327089545
-32.146910373
-29.509166109
-29.197978296
nan
-33.014408525
-29.55427649
-33.54303009
-26.247418962
-30.185197595
nan
-29.99412265
-29.674672774
-32.699900591
-31.486720916
-34.334693555
-29.693558779
-30.860746344
-27.959471052
-33.279344873
-32.289799285
-32.073617533
-31.054976355
-27.399008455
-22.942056419
-28.75365634
-30.28004822
nan
-33.920073379
-28.478337327
-27.209194513
-31.231989821
-29.645495228
-29.39281405
-30.270658319
-35.602841986
-32.82992853
-34.45642381
-33.313219499
nan
-36.548261801
-30.330640784
-28.041867905
-32.677804274
nan
-36.847586073
-36.650198787
-34.164808808
-32.015227788
-30.872406386
-33.535898908
nan
nan
nan
nan
-39.209470539
-41.09107493
nan
-36.244249464
-34.409965814
-37.941769322
-34.584155633
-33.875096047
-37.553488777
nan
nan
-37.559496614
-38.961928453
-41.77863309
-43.041028234
-43.468617593
-43.932332283
-45.114461303
-47.806268416
-51.666659032
-58.161052826
-58.803946269
nan
nan
nan
nan
nan
nan
nan
nan
nan
nan
nan
nan
nan
nan
nan
nan
nan
nan
nan
nan
nan
nan
nan
nan
nan
nan
nan
nan
nan
nan
nan
nan
nan
nan
nan
nan
nan
nan
nan
nan
nan
nan
nan
nan
nan
nan
nan
nan
nan
nan
nan
nan
nan
nan
nan
nan
nan
nan
nan
nan
nan
nan
nan
nan
nan
nan
nan
nan
nan
nan
nan
nan
nan
nan
nan
nan
nan
nan
nan
nan
nan
nan
nan
nan
nan
nan
nan
nan
nan
nan
nan
nan
nan
nan
nan
nan
nan
nan
nan
nan
nan
nan
nan
nan
nan
nan
nan
nan
nan
nan
nan
nan
nan
nan
nan
nan
nan
nan
nan
nan
nan
nan
nan
nan
nan
nan
nan
nan
nan
nan
nan
nan
nan
nan
nan
nan
nan
nan
nan
nan
nan
nan
nan
nan
nan
nan
nan
nan
nan
nan
nan
nan
nan
nan
nan
nan
nan
nan
nan
nan
nan
nan
nan
nan
nan
nan
nan
nan
nan
nan
nan
nan
nan
nan
nan
nan
nan
nan
nan
nan
nan
nan
nan
nan
nan
nan
nan
nan
nan
nan
nan
nan
nan
nan
nan
nan
nan
nan
nan
nan
nan
nan
nan
nan
nan
nan
nan
nan
nan
nan
nan
nan
nan
nan
nan
nan
nan
nan
nan
nan
nan
nan
nan
nan
nan
nan
nan
nan
nan
nan
nan
nan
nan
nan
nan
nan
nan
nan
nan
nan
nan
nan
nan
nan
nan
nan
nan
nan
nan
nan
nan
nan
nan
nan
nan
nan
nan
nan
nan
nan
nan
nan
nan
nan
nan
nan
nan
nan
nan
nan
nan
nan
nan
nan
nan
nan
nan
nan
nan
nan
nan
nan
nan
nan
nan
nan
nan
nan
nan
nan
nan
nan
nan
nan
nan
nan
nan
nan
nan
nan
nan
nan
nan
nan
nan
nan
nan
nan
nan
nan
nan
nan
nan
nan
nan
nan
nan
nan
nan
nan
nan
nan
nan
nan
nan
nan
nan
nan
nan
nan
nan
nan
nan
nan
nan
nan
nan
nan
nan
nan
nan
nan
nan
nan
nan
nan
nan
nan
nan
nan
nan
nan
nan
nan
nan
nan
nan
nan
nan
nan
nan
nan
nan
nan
nan
nan
nan
nan
nan
nan
nan
nan
nan
nan
nan
nan
nan
nan
nan
nan
nan
nan
nan
nan
nan
nan
nan
nan
nan
nan
nan
nan
nan
nan
nan
nan
nan
nan
nan
nan
nan
nan
nan
nan
nan
nan
nan
nan
nan
nan
nan
nan
nan
nan
nan
nan
nan
nan
nan
nan
nan
nan
nan
nan
nan
nan
nan
nan
nan
nan
nan
nan
nan
nan
nan
nan
nan
nan
nan
nan
nan
nan
nan
nan
nan
nan
nan
nan
nan
nan
nan
nan
nan
nan
nan
nan
nan
nan
nan
nan
nan
nan
nan
nan
nan
nan
nan
nan
nan
nan
nan
nan
nan
nan
nan
nan
nan
nan
nan
nan
nan
nan
-55.514936752
-55.336054622
-51.365095308
-54.478674686
nan
-52.182919951
nan
-52.402842351
-49.631961942
-48.957565236
-45.081765947
-40.730269727
-35.031159486
-30.977025408
-32.999552653
-35.304959782
-38.087510282
-39.267689003
-37.964400708
-33.936924929
-36.732524724
-35.557508879
-35.89959608
-38.860044302
-37.764006701
nan
-42.11357498
-35.792865723
-35.483546873
-29.845941
-31.577676136
-33.299503738
-30.392283563
-29.449912186
-24.416118715
-21.99372286
-23.461806666
-25.09042266
-23.678015848
-29.910757576
-36.852785184
-24.800754054
-29.196553157
-36.318706143
-32.450499668
-28.551876426
-25.783946034
-23.987544982
-30.720087627
-27.61347531
-27.959899509
-30.370310818
-32.474359785
-33.561136227
-29.495652152
-32.489803894
-32.141428132
-30.447088552
-34.458412115
-34.045388121
-27.537363371
-27.381582824
-28.68088233
-23.791012262
-26.195619682
-27.218511998
-27.223262373
-21.446810629
-25.894166692
-24.009837914
-25.903796219
-30.645903493
-33.773459652
-32.675396046
-33.38031874
-33.488164102
-35.59057777
-35.362675469
-29.416506794
-36.134029642
nan
-35.05465609
-32.351917614
-29.365210418
-33.397523265
nan
-35.251348083
-36.083980743
-29.964818805
-28.332693002
-31.5463184
-30.452032372
-28.694913379
-30.660500342
-36.174119137
-38.86273
-35.053634352
nan
-36.609250942
-42.579220425
-43.257578327
-41.038221574
-34.420923201
-31.577949793
-36.910614196
-34.594123537
-34.349947877
-37.214177715
-31.984289926
-29.88854087
-32.548230695
-35.50740973
-28.768115
-34.574038475
-33.798606824
-32.871091289
-32.52874442
nan
-35.433240955
nan
-36.706558343
-39.748291984
-36.407174029
-33.935895176
-29.689831202
-32.178230924
-33.472132137
-29.583104865
-24.047077608
-20.461178194
-20.00800309
-26.34133173
-28.890366648
-31.058286408
-32.396118478
-31.60744618
-34.932272629
-34.07279257
nan
-31.948296238
-30.491313262
nan
-34.023574258
-30.603199993
-26.416662297
-26.760499644
-29.063851495
-27.875750911
-24.965942209
-21.261628759
-29.363813525
-26.626840818
-21.153547204
-18.408011071
-20.664332787
-21.173694818
-23.678983971
-21.248231377
-18.351444438
-22.637546637
-28.329333871
-27.193144875
-23.11634625
-23.378567145
-27.343910207
-23.519995044
-21.682173427
-28.191708407
-27.940870259
-24.055694411
-22.936766679
-28.044227652
-34.83552489
nan
nan
-26.987003672
nan
nan
nan
-34.792225911
nan
nan
-27.959350837
nan
nan
nan
-33.208185132
-31.553652321
-29.506970986
-26.370385526
-22.534639307
-31.655552063
-25.997851393
-28.608796606
-26.938336476
-24.974182687
-32.302766035
-30.692795255
-33.850187062
-30.156232569
-28.374960995
-26.438399725
-29.379627203
-33.761955397
-33.931099181
-34.351506165
nan
-34.183390231
-31.553721332
-31.520793466
nan
-31.919057421
nan
-29.750904943
-28.431999257
-35.260543892
-29.674678646
-34.061715885
nan
-35.2645935
-40.578546697
-36.816147618
-40.662178824
-36.041265321
nan
-36.654878034
nan
-37.718434039
nan
nan
nan
nan
nan
nan
-34.661722478
nan
nan
nan
nan
nan
nan
nan
nan
nan
nan
nan
nan
-34.758858916
-32.200169003
nan
-31.633933152
nan
nan
nan
nan
nan
nan
nan
-40.384396333
nan
-40.3651091
nan
-38.859407851
nan
-39.43120558
-41.586962183
nan
-43.008887976
nan
nan
nan
nan
-37.468265957
-44.037190068
-43.001295931
-42.517155223
nan
nan
nan
-38.828680877
-43.712582959
nan
nan
nan
-39.225694693
-37.487667289
nan
nan
nan
-33.347264997
-34.49551598
nan
-34.094754598
-36.509910488
-32.944079287
-43.071475344
-35.855305678
nan
-36.297899396
-38.261702356
-38.556748138
-38.9384125
-34.866423269
-34.587188702
-36.287428109
-39.563937798
-36.396652444
-35.475651978
-37.786661496
-39.606728149
-36.822077541
-35.709643546
-36.303454266
-37.193774228
-39.92575372
-35.098487005
-35.157821986
-42.622656869
-44.366987815
-41.636903442
-35.794632373
-40.13441989
-38.15763652
-39.57046052
-39.279573333
-38.900956942
-34.457624197
-36.0823902
-41.885969817
-39.89231998
-38.931826641
-42.213588429
-37.660387142
-33.759615248
-39.408770647
-41.607491541
-39.264778442
-33.511335454
-40.187297116
-39.839181749
-41.956378
-38.181551763
-36.884393507
-43.637488881
-40.915538723
-40.909724161
-37.376787513
-38.836497047
-38.921692326
-44.814856702
-39.476917804
nan
-39.322434023
-40.049821398
-39.762237734
-45.691279012
nan
-39.968461468
-42.633022213
-46.964303999
nan
nan
-43.27056359
-46.725058188
-49.460438978
-51.805159955
nan
-55.839264106
-50.831033665
-49.829246908
-53.247483718
nan
-47.599918448
nan
nan
nan
-51.181020845
-54.339438015
-51.555922967
-54.54240459
nan
-49.038060357
-51.273483401
-49.771505871
-54.720475339
-51.742876213
-53.328935606
-51.357222621
nan
nan
-57.22339332
-55.798705149
-54.07460776
nan
nan
-51.78655072
nan
-53.745944368
-54.391312512
nan
nan
nan
-49.114384464
-50.090929652
-46.744994442
nan
nan
nan
-51.874719761
-47.661194346
-50.697627055
-48.188285971
-50.158050825
-52.873809317
-53.033682815
-52.103278479
-50.033816646
-49.418496485
-53.737226717
-52.997901583
-53.29775768
nan
-49.821884748
-47.623050482
-48.470715986
-51.284373343
-46.066608645
-46.577102329
-47.114426678
nan
nan
nan
nan
nan
nan
-44.51884207
-39.259166322
-37.935883297
-38.856738688
-45.293953778
-42.588425471
-46.659996237
-47.290848242
-47.226365541
-40.672445388
-39.354287381
-47.183622044
-46.659747218
-47.58131313
-49.830476522
-44.048756232
-42.397187098
-48.956330214
-49.54331426
-46.851046564
-48.554024737
-47.167181407
-42.983699741
-50.141885269
-44.228473544
-43.805829737
-46.171608112
-44.520365556
-47.677340088
-44.988754453
-45.505357858
-45.940167189
-46.880020412
-46.619256468
-48.314469329
-48.419630616
-48.292492867
-51.924124251
-44.83021724
-50.232819499
-48.956930338
-50.761196527
-46.185042264
-48.047028314
-48.015133471
-48.035939844
-45.650002634
-48.749195169
-49.388823279
-46.855263265
-47.750611531
-43.149250987
-50.659743613
-51.210518864
-52.748299347
-50.550329458
-44.868514521
-49.895698291
-50.802545148
nan
-50.326840066
-55.357626585
-48.254342557
-45.956554676
-45.160631708
-48.711956868
-54.940739591
-56.777185099
nan
nan
nan
nan
-55.072072511
-51.224452783
-53.014819748
-59.667149917
-50.019075188
-50.73475409
-53.773367691
nan
nan
-63.865793579
nan
nan
nan
nan
-52.839518567
-52.857457791
-53.773357626
-54.753283152
-57.01996152
-60.676746908
-67.212154575
-80.81816541
nan
nan
nan
nan
nan
nan
nan
nan
nan
nan
nan
nan
nan
nan
nan
nan
nan
nan
nan
nan
nan
nan
nan
nan
nan
nan
nan
nan
nan
nan
nan
nan
nan
nan
nan
nan
nan
nan
nan
nan
nan
nan
nan
nan
nan
nan
nan
nan
nan
nan
nan
nan
nan
nan
nan
nan
nan
nan
nan
nan
nan
nan
nan
nan
nan
nan
nan
nan
nan
nan
nan
nan
nan
nan
nan
nan
nan
nan
nan
nan
nan
nan
nan
nan
nan
nan
nan
nan
nan
nan
nan
nan
nan
nan
nan
nan
nan
nan
nan
nan
nan
nan
nan
nan
nan
nan
nan
nan
nan
nan
nan
nan
nan
nan
nan
nan
nan
nan
nan
nan
nan
nan
nan
nan
nan
nan
nan
nan
nan
nan
nan
nan
nan
nan
nan
nan
nan
nan
nan
nan
nan
nan
nan
nan
nan
nan
nan
nan
nan
nan
nan
nan
nan
nan
nan
nan
nan
nan
nan
nan
nan
nan
nan
nan
nan
nan
nan
nan
nan
nan
nan
nan
nan
nan
nan
nan
nan
nan
nan
nan
nan
nan
nan
nan
nan
nan
nan
nan
nan
nan
nan
nan
nan
nan
nan
nan
nan
nan
nan
nan
nan
nan
nan
nan
nan
nan
nan
nan
nan
nan
nan
nan
nan
nan
nan
nan
nan
nan
nan
nan
nan
nan
nan
nan
nan
nan
nan
nan
nan
nan
nan
nan
nan
nan
nan
nan
nan
nan
nan
nan
nan
nan
nan
nan
nan
nan
nan
nan
nan
nan
nan
nan
nan
nan
nan
nan
nan
nan
nan
nan
nan
nan
nan
nan
nan
nan
nan
nan
nan
nan
nan
nan
nan
nan
nan
nan
nan
nan
nan
nan
nan
nan
nan
nan
nan
nan
nan
nan
nan
nan
nan
nan
nan
nan
nan
nan
nan
nan
nan
nan
nan
nan
nan
nan
nan
nan
nan
nan
nan
nan
nan
nan
nan
nan
nan
nan
nan
nan
nan
nan
nan
nan
nan
nan
nan
nan
nan
nan
nan
nan
nan
nan
nan
nan
nan
nan
nan
nan
nan
nan
nan
nan
nan
nan
nan
nan
nan
nan
nan
nan
nan
nan
nan
nan
nan
nan
nan
nan
nan
nan
nan
nan
nan
nan
nan
nan
nan
nan
nan
nan
nan
nan
nan
nan
nan
nan
nan
nan
nan
nan
nan
nan
nan
nan
nan
nan
nan
nan
nan
nan
nan
nan
nan
nan
nan
nan
nan
nan
nan
nan
nan
nan
nan
nan
nan
nan
nan
nan
nan
nan
nan
nan
nan
nan
nan
nan
nan
nan
nan
nan
nan
nan
nan
nan
nan
nan
nan
nan
nan
nan
nan
nan
nan
nan
nan
nan
nan
nan
nan
nan
nan
nan
nan
nan
nan
nan
nan
nan
nan
nan
nan
nan
nan
-69.106145211
-67.147550684
-65.064631556
-64.009363546
-63.543470713
-65.222494206
nan
-64.012850819
-61.106702045
-60.115165987
-59.564355075
-57.848065673
-58.063749999
-59.849641725
-60.302518225
-58.823356016
-58.058377775
-57.217312062
-56.785292129
-58.344450881
-64.425549952
nan
nan
nan
-69.638614687
-68.878805191
-68.740009655
nan
-68.927822818
-68.220099098
nan
-67.911784175
-66.8228906
-64.702569351
-73.708701098
-72.290807492
-76.006799747
nan
-72.395475978
-68.832019327
-69.687793201
-67.3173425
-70.341012781
nan
-63.81232462
-70.28154457
-76.279714611
nan
-72.408588402
-72.698575659
-73.254034669
-73.253223557
-75.184261409
nan
nan
nan
nan
-73.545783393
-71.253880102
-73.146959979
-76.730101212
nan
-72.92491881
nan
-75.424333628
-72.029390441
-78.668727776
-75.112660854
nan
nan
-76.134956261
-77.041684384
-79.22203565
-82.299096851
-76.700813646
nan
-83.181780601
-80.723368789
-80.277588571
-79.188462608
-78.570841183
-79.343263192
nan
-82.230208399
nan
nan
-79.87220107
-85.029905664
-80.522896737
nan
nan
-78.056684577
-82.686810076
nan
nan
-80.260682699
nan
-79.547223285
-76.662767967
-78.187839152
-77.170432555
nan
-75.180943372
nan
nan
-75.263199215
-75.150901452
-74.53845579
-72.297574266
-67.11092403
-68.555166253
-73.395357135
-68.233494332
-66.353027376
-64.908281932
-74.857821287
-74.445768015
-70.845208932
-68.364716096
-64.643881693
-64.732262736
-72.012868749
-70.514076432
-70.015167892
-68.635767257
-67.253579746
-65.852524573
-62.641350806
-61.726734408
-65.481794996
-66.564453977
-66.828173257
-62.709257185
-66.305091991
-70.095509356
-67.960111264
-71.768423292
nan
nan
-66.005557484
-66.270126635
-66.705364084
-65.393240812
-61.456475543
-60.855607402
-66.188665287
-59.031411407
-56.09790897
-59.49123871
-58.977419044
-59.346427355
-59.23144817
-56.283035491
-58.28970202
-51.513628252
-52.125142118
-51.022654731
-53.37459395
-50.349813499
-50.28522907
nan
nan
-52.464650959
-58.649720144
nan
nan
nan
-60.592167345
-57.352647196
-56.817472699
-61.292804911
-61.453212513
-54.121923603
-49.434196825
-47.707708408
-51.090606977
-49.163839038
-47.796135029
-44.423593913
-42.112660179
-42.557366906
-42.089168111
-39.847620166
-38.702844606
-42.718193597
-48.743635951
-43.619933559
-44.872889197
nan
-37.715074404
-38.053016009
-48.661027234
-40.865734284
-43.657912793
-38.271257408
-37.262868618
-45.285302626
-39.587760119
-40.402775502
-41.093395604
-39.247338279
-37.718380929
-42.114854888
-42.296980688
-45.967774698
-42.118472604
-45.743314377
-42.985202811
-48.437804345
-47.226212392
-47.588507238
-44.876484332
-46.105017824
-50.186658706
-51.285608031
-53.712157602
-49.967385098
-43.342578006
-42.99606833
-43.579374033
-47.398398043
-54.935218963
-54.160569793
-55.683072442
-54.607162113
-59.529117289
nan
nan
-49.396243579
-52.126513909
-50.266341484
-49.73136919
-45.99166726
nan
nan
nan
-49.825121992
-54.69273479
-52.85991053
-48.168438299
-56.256202874
-53.330222147
nan
-54.661429442
-55.201987853
-51.718523077
-60.041847644
-52.186077658
-55.19997377
-59.132279892
nan
nan
-59.465338737
nan
-53.8734345
-59.552284953
-59.825982254
nan
-61.330424597
-60.788119794
-58.100149095
-62.866670643
-58.40918141
-54.645216497
nan
nan
nan
nan
nan
-51.358396616
-44.442818923
-42.258180345
-40.6722416
-40.107036404
-34.460585554
-33.377110967
-32.359762437
-35.554252259
-37.710908491
-42.987754774
-41.001652962
-37.776379372
-39.13249341
-36.022853158
-35.081007847
nan
-35.07367985
-39.44184167
-38.129861015
-39.315215241
-35.788338966
-34.096811054
-30.863542
-29.880718313
-30.922796118
-34.162019707
-30.613389359
-35.793451612
-42.950969975
-42.525542831
-32.547827282
-33.712179815
-32.1111474
-33.183057078
-33.907629582
-32.212683859
-37.995225025
-40.671501962
-38.829509707
-39.455850773
-34.200590207
-31.992836212
-37.1386704
-36.226450536
-35.989643748
-36.842923212
-40.769646736
-38.201403682
-35.896954245
-36.979211323
-36.79800986
-41.319014125
-33.65550099
-30.459341468
-32.820313345
-37.249993469
-40.894102863
-37.121439815
-37.159837671
-34.036684606
-36.990777308
-34.947101015
-32.294936192
-35.121121787
-39.304781138
-36.916938967
-39.300898839
-37.380322635
-35.081081907
-36.454598706
-36.982329116
-38.659641496
-42.574019336
-42.434616973
-41.541249894
-35.582909675
-36.296627482
-36.122858604
-39.047235908
-33.63115063
-36.624194221
-38.572724223
-36.951966178
-33.318750591
-37.535081331
-41.961703169
-37.025136142
-35.975692813
-40.497378805
-42.404912095
-41.371902397
-40.27874938
-35.192359165
-36.108835765
-38.544749138
-37.33096187
-36.754159649
-42.664127225
-39.692704461
-41.164309321
-42.840380177
-37.072030307
-40.853138811
-34.547499808
-40.468181941
-42.960016885
-38.600254224
-38.056860013
-32.011470958
-37.150520792
-37.863756864
-34.901083794
-39.486557036
-37.018217108
-42.175848721
-41.644686463
-44.048429203
-47.375346183
-43.583830566
-42.550112907
-39.892922702
-38.701019642
-45.186081335
-43.89393298
-38.878098608
-36.21343026
-34.283890034
-35.931146368
-31.606294197
-31.89186411
-32.491872276
-41.298455249
-41.31899779
-34.737105353
-34.532528684
-34.462852321
-35.606882668
-39.660545645
-34.784436384
-31.402119327
-35.861868894
-36.290334358
-40.76756116
-38.578181704
-40.068870236
-41.988999523
-38.206226142
-37.668037599
-33.208396077
-35.406360163
-36.009552524
-38.692387387
-36.733241624
-30.545081348
-34.3876961
-31.39011201
-36.067225165
-44.132594382
-41.80649792
-37.54498132
-34.928377051
-38.541047124
-37.577338276
-34.435376547
-34.012990673
-36.756226762
-30.459361975
-34.597798844
-36.095125555
-36.804649959
-36.795552518
-41.190908942
-40.56914468
-39.254609624
-38.399565652
-38.478814834
-32.068287938
-35.541424304
-34.823967537
-34.137832476
-35.403365748
-38.719731991
-40.515966851
-38.25997258
-41.310665642
-37.950397996
-38.634078886
-38.898935861
-32.709618774
-29.420567943
-31.973829638
-28.330349594
-30.697689992
-35.075910072
-30.529444352
-36.492378847
-35.294080491
-38.288939931
-35.505387496
-37.186437429
-43.124965057
-35.491024634
-36.219919125
-39.423653789
-34.340846161
-39.637284674
-36.997552381
-36.974114223
-39.915331567
-37.407444019
-37.150664784
-43.007441178
-37.574518393
-35.348343586
-41.502504204
-41.600552456
-41.021012773
-40.533655077
-42.87754096
-39.446849504
-38.92659779
-38.747841586
-37.781954286
-29.061169407
-28.992049917
-31.545993442
-38.109996478
-37.20870398
-45.453910044
-45.065447664
-35.609199403
-34.443153741
-34.406487198
-39.979902664
-36.08706079
-36.027277896
-34.765603949
-38.340809099
nan
nan
-35.993216202
-35.872517234
nan
nan
nan
nan
nan
nan
nan
nan
-37.942723894
-37.073598885
-34.834139984
-34.620231141
-36.704765286
-39.434759318
-38.939965285
-38.526171509
-39.969722877
-43.337866158
nan
nan
nan
nan
nan
-50.271334156
-52.292381314
-51.947567537
-50.828659828
-54.63789255
-58.054455969
-52.039579
-59.16266151
nan
nan
nan
nan
nan
nan
nan
nan
nan
nan
nan
nan
nan
nan
nan
nan
nan
nan
nan
nan
nan
nan
nan
nan
nan
nan
nan
nan
nan
nan
nan
nan
nan
nan
nan
nan
nan
nan
nan
nan
nan
nan
nan
nan
nan
nan
nan
nan
nan
nan
nan
nan
nan
nan
nan
nan
nan
nan
nan
nan
nan
nan
nan
nan
nan
nan
nan
nan
nan
nan
nan
nan
nan
nan
nan
nan
nan
nan
nan
nan
nan
nan
nan
nan
nan
nan
nan
nan
nan
nan
nan
nan
nan
nan
nan
nan
nan
nan
nan
nan
nan
nan
nan
nan
nan
nan
nan
nan
nan
nan
nan
nan
nan
nan
nan
nan
nan
nan
nan
nan
nan
nan
nan
nan
nan
nan
nan
nan
nan
nan
nan
nan
nan
nan
nan
nan
nan
nan
nan
nan
nan
nan
nan
nan
nan
nan
nan
nan
nan
nan
nan
nan
nan
nan
nan
nan
nan
nan
nan
nan
nan
nan
nan
nan
nan
nan
nan
nan
nan
nan
nan
nan
nan
nan
nan
nan
nan
nan
nan
nan
nan
nan
nan
nan
nan
nan
nan
nan
nan
nan
nan
nan
nan
nan
nan
nan
nan
nan
nan
nan
nan
nan
nan
nan
nan
nan
nan
nan
nan
nan
nan
nan
nan
nan
nan
nan
nan
nan
nan
nan
nan
nan
nan
nan
nan
nan
nan
nan
nan
nan
nan
nan
nan
nan
nan
nan
nan
nan
nan
nan
nan
nan
nan
nan
nan
nan
nan
nan
nan
nan
nan
nan
nan
nan
nan
nan
nan
nan
nan
nan
nan
nan
nan
nan
nan
nan
nan
nan
nan
nan
nan
nan
nan
nan
nan
nan
nan
nan
nan
nan
nan
nan
nan
nan
nan
nan
nan
nan
nan
nan
nan
nan
nan
nan
nan
nan
nan
nan
nan
nan
nan
nan
nan
nan
nan
nan
nan
nan
nan
nan
nan
nan
nan
nan
nan
nan
nan
nan
nan
nan
nan
nan
nan
nan
nan
nan
nan
nan
nan
nan
nan
nan
nan
nan
nan
nan
nan
nan
nan
nan
nan
nan
nan
nan
nan
nan
nan
nan
nan
nan
nan
nan
nan
nan
nan
nan
nan
nan
nan
nan
nan
nan
nan
nan
nan
nan
nan
nan
nan
nan
nan
nan
nan
nan
nan
nan
nan
nan
nan
nan
nan
nan
nan
nan
nan
nan
nan
nan
nan
nan
nan
nan
nan
nan
nan
nan
nan
nan
nan
nan
nan
nan
nan
nan
nan
nan
nan
nan
nan
nan
nan
nan
nan
nan
nan
nan
nan
nan
nan
nan
nan
nan
nan
nan
nan
nan
nan
nan
nan
nan
nan
nan
nan
nan
nan
nan
nan
nan
nan
nan
nan
nan
nan
nan
nan
nan
nan
nan
nan
nan
nan
nan
nan
nan
nan
nan
nan
-53.461247073
-49.779672908
-51.212578902
-46.769843483
-41.958822075
-39.618694351
-38.368022012
-38.707687871
-42.355439849
-43.966123656
-36.336343723
-34.396559347
-38.990176147
-45.699287286
-38.655300173
-33.836997235
-33.742581419
-36.653912188
-36.104828968
-36.31556007
-36.055953328
-36.685698232
-46.867454107
nan
nan
nan
-45.590497742
-44.466516241
-40.78855484
nan
-41.488474227
nan
nan
-41.415510925
-41.627051348
-38.022860553
-40.307954069
-38.559083358
-45.830525132
-42.653731088
-38.649886595
-36.01755531
-37.83257539
-40.352402659
-40.590603139
-36.012311432
-33.995715977
-36.756536575
-40.249910589
-34.850722083
nan
nan
-37.623178718
-36.026956927
nan
-37.604508905
-37.872580927
-37.623315636
-35.776282473
-34.91946787
-37.635663861
-40.187363805
-34.54657565
-39.957412147
-42.620060202
-37.18375269
-39.967451945
-38.612432527
-40.550842866
-36.00094832
nan
-34.418935811
-31.375911262
-37.908654699
-41.69280725
-40.983950984
-38.857253181
-37.123062971
-32.446519995
-38.89441516
-48.88512234
nan
nan
nan
nan
nan
-51.882369374
-44.290470509
-39.05133102
-34.788585843
-39.107876736
-33.51793213
-37.76374296
-33.814367009
-33.258475775
-31.272808223
-33.584095771
-36.72097397
-37.721132596
-36.101547214
-33.849734111
-32.429941936
-35.079910767
-31.975954166
-33.469438912
-34.894119921
-35.575511471
-31.709482817
-28.158439375
-28.191060718
-35.451960162
-33.240457202
-35.068581941
-32.091631798
-37.079206479
-34.748230727
-34.992448305
-37.566402697
-34.048068675
-33.238123285
-36.663415172
-40.318290687
-42.454176911
nan
nan
-42.925011599
nan
nan
-48.551773222
nan
-50.039779136
nan
nan
nan
nan
nan
nan
-40.625419799
-46.479919831
-39.413093102
-40.517889442
-46.334145877
-43.865521983
-45.557230775
-42.055032554
-43.429575481
-41.053095231
-43.266164265
-47.251281846
-46.171894091
nan
nan
nan
nan
-44.627801215
-47.016743794
nan
nan
nan
nan
-42.817954704
-38.139315367
-44.774013333
-42.255237979
-41.861601699
-41.537386181
-45.098080373
-41.155840797
-41.031609434
-42.340977023
-42.11289133
-42.378954225
-39.555712889
nan
-48.521925559
nan
nan
-53.286581182
-50.380708894
-49.01508372
-47.724886096
nan
nan
-48.843054689
-47.721153754
-39.84189816
-39.234521104
-43.20523015
-39.980044744
-47.992804548
-43.941269333
-40.134373487
-38.351413018
-42.34677858
-42.725193164
-38.443167369
-36.935925714
-32.793777117
-34.095656567
-35.035388036
-34.678570254
-43.276146497
-43.076183344
-38.45942469
-38.61740892
-39.942287469
-32.244322127
-43.04278927
-39.952769083
-40.877896477
-41.260727857
-38.138743397
-35.917228295
-34.026333233
-33.31941292
-32.582431701
-35.172363698
-34.532585781
-34.420947438
-38.049026727
-43.174888256
-44.909763151
nan
nan
-40.562998992
nan
-37.36566858
-38.482496926
nan
-32.239666799
-32.273157982
-35.081613331
-32.729436833
-29.517667157
-32.670894927
-40.832285332
-37.646609429
-34.32997783
-30.397183232
-32.497241828
-36.029565942
-35.975426852
-38.021643551
nan
-43.426320629
nan
-36.761509794
nan
nan
nan
-31.009637598
-32.141111887
-30.951179224
-33.33872554
-30.564092711
-29.473525214
-28.948595933
-32.783980833
-33.868348061
-22.549076838
-25.465783919
-31.059367524
-23.967798766
-25.171071003
-25.772175029
-24.761361167
-25.256523715
-24.351384907
-30.065094064
-25.220268789
-24.834388706
-26.755286798
-31.357482176
-27.334810743
-27.848931181
-29.878835618
-25.489275828
-21.944682467
-25.446614722
-30.675031355
-27.533509687
-22.227873923
-22.586700528
-30.457242673
-30.5886311
-30.01542859
-23.71828196
-23.345503184
-27.703374838
-24.211434752
-28.510622208
nan
nan
-30.097565011
-30.962585124
-29.807971376
-27.630260326
-28.688407091
-32.134959669
-22.821606852
-25.872312423
-35.761651282
-28.693718587
-25.551959442
-23.994453048
-24.261504861
-23.079987702
-25.798936765
-32.557917339
-34.350284664
-23.284658547
-29.918246222
nan
-30.512453711
-25.693340132
-34.424788191
-30.445343113
-33.001276755
-31.865832548
-31.105067411
-28.208874662
-21.878768214
nan
-24.838275319
nan
-27.048682512
-22.52996998
-24.483813511
-27.958489341
-34.597492667
-26.58048347
-25.857780165
-26.68234436
-24.400204982
-24.934873538
-22.711569079
-20.044544337
-21.10743068
-25.808311322
-25.551881903
-26.345310714
-25.913102931
-27.525475691
-32.34434408
-35.770780823
-32.369964116
-28.78160532
-30.168066853
-33.001579874
-29.328666694
-27.270219289
-26.330445588
-26.949341954
-27.319842008
-32.563998869
-26.826653576
-33.159528226
-25.090535983
-27.545024893
-26.441615075
-22.759766627
-19.166908707
-24.210120717
-22.542615505
-27.651006937
-26.023794289
-24.572769489
-20.764362294
-22.626290481
-23.337235312
-28.595092647
-31.538790688
-29.799023697
-30.498274821
-30.855622785
-27.541242336
-29.263641559
-32.962884532
-28.222871951
-25.884582343
-30.637050871
nan
-31.310278622
-29.917106985
-29.069536087
-26.903241799
-25.631553826
-20.981896237
-25.3699071
-27.532550568
-22.703168148
-22.509191795
-24.312033553
-30.295027158
-29.716858971
-33.306539454
-31.370973908
-27.609787686
-29.180082494
-29.927292175
-33.327231866
-29.85919836
-28.068903464
-29.077010737
-35.88853923
nan
-31.088922278
-34.359676312
-28.116638341
-32.421490504
-30.144105232
-27.939672111
-33.007385851
-27.575686799
-30.360726536
-34.725433798
-31.058962923
nan
nan
nan
nan
nan
nan
nan
nan
-33.843879998
-34.440430419
-34.740797799
-31.758512748
-31.252963839
-32.202472251
-31.335617732
-32.397653384
-32.1261608
nan
nan
nan
-33.513245662
nan
-29.493915776
-31.713201243
-31.584954458
-28.883405624
-34.8935729
-27.59353251
-30.403745604
-28.838224197
-27.005333539
-28.427791691
-31.217686942
-27.867142075
-29.971088153
-28.943820857
-36.229369086
-33.777452385
-35.27115823
-39.617157845
-39.801029263
-40.025903587
-37.536311449
-33.502580787
-38.155975275
-37.946983822
nan
-40.165624252
-43.565519313
nan
nan
nan
nan
nan
nan
nan
nan
nan
nan
nan
nan
nan
nan
nan
-32.733985513
nan
-35.845108558
-33.297817068
nan
nan
-35.003342253
-37.855388434
-36.234716812
-33.916027512
-28.842714263
-27.644324803
-31.273426335
-30.738522023
-35.257568493
-36.177024186
-31.565956478
-34.768259741
nan
-33.650441166
-36.573684229
-31.013280736
nan
nan
-30.67490162
-27.250535718
nan
-37.081237643
-39.261800669
-35.158182693
-39.829259045
-38.314125409
-37.232768494
-34.37398909
-31.44035686
-36.40150858
-27.597155523
-22.349232163
-25.262558202
-26.705716932
-30.764910101
-35.706035564
nan
-30.807286799
-29.164618607
-37.352254242
-31.578911209
-36.008967499
-37.81488538
nan
-31.794658656
-31.746715839
nan
-34.670700331
nan
nan
-36.486338319
-35.000446529
nan
-36.919154389
-38.945310906
-39.98034351
nan
-34.43411889
-34.904422887
-39.707756255
-39.42814904
-36.900770739
-36.870850572
nan
-39.864317424
-34.824374977
-34.315172987
-36.017586097
-38.146268127
-38.799854708
-37.60512928
-36.821187588
-37.208972127
-37.855490891
-39.501301542
-40.9944837
-41.766192921
-42.516521047
-43.635551533
-48.039915894
-53.60612852
-73.967578699
nan
nan
nan
nan
nan
nan
nan
nan
nan
nan
nan
nan
nan
nan
nan
nan
nan
nan
nan
nan
nan
nan
nan
nan
nan
nan
nan
nan
nan
nan
nan
nan
nan
nan
nan
nan
nan
nan
nan
nan
nan
nan
nan
nan
nan
nan
nan
nan
nan
nan
nan
nan
nan
nan
nan
nan
nan
nan
nan
nan
nan
nan
nan
nan
nan
nan
nan
nan
nan
nan
nan
nan
nan
nan
nan
nan
nan
nan
nan
nan
nan
nan
nan
nan
nan
nan
nan
nan
nan
nan
nan
nan
nan
nan
nan
nan
nan
nan
nan
nan
nan
nan
nan
nan
nan
nan
nan
nan
nan
nan
nan
nan
nan
nan
nan
nan
nan
nan
nan
nan
nan
nan
nan
nan
nan
nan
nan
nan
nan
nan
nan
nan
nan
nan
nan
nan
nan
nan
nan
nan
nan
nan
nan
nan
nan
nan
nan
nan
nan
nan
nan
nan
nan
nan
nan
nan
nan
nan
nan
nan
nan
nan
nan
nan
nan
nan
nan
nan
nan
nan
nan
nan
nan
nan
nan
nan
nan
nan
nan
nan
nan
nan
nan
nan
nan
nan
nan
nan
nan
nan
nan
nan
nan
nan
nan
nan
nan
nan
nan
nan
nan
nan
nan
nan
nan
nan
nan
nan
nan
nan
nan
nan
nan
nan
nan
nan
nan
nan
nan
nan
nan
nan
nan
nan
nan
nan
nan
nan
nan
nan
nan
nan
nan
nan
nan
nan
nan
nan
nan
nan
nan
nan
nan
nan
nan
nan
nan
nan
nan
nan
nan
nan
nan
nan
nan
nan
nan
nan
nan
nan
nan
nan
nan
nan
nan
nan
nan
nan
nan
nan
nan
nan
nan
nan
nan
nan
nan
nan
nan
nan
nan
nan
nan
nan
nan
nan
nan
nan
nan
nan
nan
nan
nan
nan
nan
nan
nan
nan
nan
nan
nan
nan
nan
nan
nan
nan
nan
nan
nan
nan
nan
nan
nan
nan
nan
nan
nan
nan
nan
nan
nan
nan
nan
nan
nan
nan
nan
nan
nan
nan
nan
nan
nan
nan
nan
nan
nan
nan
nan
nan
nan
nan
nan
nan
nan
nan
nan
nan
nan
nan
nan
nan
nan
nan
nan
nan
nan
nan
nan
nan
nan
nan
nan
nan
nan
nan
nan
nan
nan
nan
nan
nan
nan
nan
nan
nan
nan
nan
nan
nan
nan
nan
nan
nan
nan
nan
nan
nan
nan
nan
nan
nan
nan
nan
nan
nan
nan
nan
nan
nan
nan
nan
nan
nan
nan
nan
nan
nan
nan
nan
nan
nan
nan
nan
nan
nan
nan
nan
nan
nan
nan
nan
nan
nan
nan
nan
nan
nan
nan
-42.039372395
-39.34930279
-38.996573174
-38.608189624
-35.765919402
-33.361400824
-31.877049885
-32.44165239
-37.50986864
-37.663859832
nan
nan
nan
nan
nan
-36.760490371
-35.350888943
-32.042772084
-28.255313325
-30.412895151
-35.198955033
-30.140604267
-30.767522736
-32.74910188
-25.510127367
-28.359861431
-26.652528387
-21.978839327
-23.705473891
-25.06226751
-21.810533257
-23.586644142
-24.11935428
-23.355597144
-21.169427033
-26.854152921
-23.26344748
-21.923722068
-18.457780069
-21.456701048
-26.098321699
-28.166318142
-22.464149129
-23.656864331
-25.976158684
-30.743633914
-29.560290008
-34.35845162
-33.746852145
-28.94831961
-32.073382403
-30.31987876
-26.001509164
-29.975948448
-31.532588402
-28.88384911
nan
nan
-28.516206356
-27.605110338
-28.55454047
-31.265590909
-34.199671795
nan
-30.326131533
-29.116892392
-29.38359718
-30.403921691
-33.063794571
-31.148470977
-26.942334797
-27.53905634
-29.422339822
-34.293229249
-29.370731503
-26.510809872
-24.67935662
-23.083433581
-24.831092711
-26.277604304
-29.798255755
-33.407810894
-36.948897771
-36.733051296
-37.725141738
-40.056950795
-36.472078827
-34.810547125
-36.432687457
-33.356760607
-28.806431531
-27.427680729
-28.869959656
-27.164029651
-25.755343663
-31.738172202
-43.202168402
-38.094190181
-29.283626242
-25.05943188
-28.311042854
-35.624028136
-37.298963394
-35.976909058
-34.632071733
-41.186975364
-36.767438392
-38.785761766
-36.5691985
-34.419653501
-38.4318435
-34.057134171
-28.163275497
-34.690322626
-29.58857039
-33.292305104
-30.115393861
-27.40856438
-30.534030386
-37.159299153
-33.658328514
-35.073556056
-29.680390612
-27.766567773
-26.880418221
-28.254018446
-28.385593769
-29.991274396
-28.915546567
-29.290366557
-32.05883684
-36.551724885
-30.104035461
-27.036588388
-27.662752001
-32.538134796
-38.001711744
-40.01870409
-33.264934086
-34.494647834
-37.465317543
-35.210586152
-37.787028071
-35.569808994
-40.912944675
-36.608555687
-35.78056157
-36.048293176
-37.531626807
-33.004290042
nan
-36.559896054
-30.931039374
-30.310774508
-32.917878692
-31.994567617
-29.332745193
-28.793751679
-31.097715249
-27.488241198
-26.382165109
-26.919685113
-29.395611792
-36.394006743
-30.291722578
-33.320288383
nan
-32.178363416
-28.682027519
-31.864664814
-27.954876075
-30.251869098
nan
-29.840016695
-30.57608292
-27.579154459
-29.999892702
-28.957853423
-28.286684801
-29.954517337
-26.816647528
-28.792333577
-27.746512192
-29.809805031
-30.287038531
-29.945326203
-28.311630857
-29.860341
-25.000673108
-29.807312526
-28.771067034
-22.800612844
-29.639302042
-25.934539848
-25.039195366
-33.724063674
-25.635861993
-24.286516119
-22.71777215
-27.354052326
-27.135110091
-30.083876237
-30.558185647
-30.067200799
-30.688578742
-27.959554446
-29.481691518
-31.366285407
-29.93288155
-29.396590424
-29.95166304
-28.998238017
-30.087560722
-22.78698172
-22.931003753
-25.299714646
-26.478223644
-32.106094683
-35.61231927
-30.369874063
-29.64084212
-34.771884895
-34.319082923
-37.554352887
-35.474408781
-44.530690544
-42.299860815
-42.72272
-43.544120046
nan
-39.417516832
-39.033874131
-36.299575068
-36.050407983
-35.81446166
nan
nan
nan
nan
nan
nan
nan
nan
nan
-41.166879721
-35.768019833
nan
-31.654452984
-31.471739662
-29.693484447
-28.5648464
-31.591074494
-30.52981742
-29.647771549
-29.872482666
-28.887686601
-32.391587104
-27.926577367
-31.545760966
-31.962298583
-32.484623064
-30.313798335
-35.361949991
-31.61029562
-32.94317177
-34.300345375
nan
-35.531446638
-36.127636139
-41.133676034
-37.397060547
-34.149624096
-33.216865135
-34.876616467
-38.04738237
-40.794398631
-43.057383566
-47.154597927
-44.581400709
-35.424201431
-30.99107154
-27.977417497
-30.147888346
-43.698217347
-45.6581735
-41.053878146
-37.859519249
-35.87705781
nan
-34.850380706
-32.20149292
-32.318197562
-28.765052778
-26.526175833
-34.681347309
-38.735046998
-35.242303306
-33.791848853
-35.924449927
-36.266308765
-36.274653259
-38.372362855
-37.361916156
-37.272942384
-35.507704747
nan
-35.13294706
nan
-40.138006392
-37.372271238
-35.629301348
-36.360782451
-33.498218199
-40.534886899
-38.529009862
-35.842933112
-38.988276534
-40.396192555
-40.247580904
nan
nan
nan
-43.165400847
nan
nan
nan
-47.132525536
nan
nan
-42.082253682
-43.68482484
-42.564436079
-51.58568419
-46.668537716
-47.507599658
-45.88621752
-46.386895538
-43.347512892
-42.468776068
-41.554652669
-36.243536265
-34.789137464
-36.091740902
-30.982131
-37.937153181
-33.862926662
-35.040840267
-40.081027802
-41.623092725
-31.814556532
-34.327335702
-46.45545577
-40.300659133
-36.851177559
-36.581905674
-43.602584139
-50.968202246
-50.029114236
-49.420895026
-51.345938616
-52.438985988
-53.753952552
-51.495389884
-51.713025306
nan
-57.193441692
nan
-56.827959354
nan
-51.787786434
-49.03036653
-46.20246259
-44.798553695
-45.514134421
-54.937025704
nan
-53.479039482
-59.720297828
-57.422331952
-54.663165974
-56.92624878
-54.844993506
-50.648975021
-50.030437986
-46.090132944
-45.179792859
-48.223707161
-55.868892177
-55.38644525
-56.798408138
nan
-65.5510478
nan
-64.52367112
nan
nan
nan
nan
nan
nan
nan
-64.428643619
nan
nan
nan
nan
-51.163191561
-44.353826728
-44.161198098
-46.523654592
nan
nan
nan
-44.803632398
-40.463623031
-34.996653786
-39.450697736
-36.979695696
-37.324086405
-39.283671122
-34.383258338
-29.915898884
-38.07151565
-34.634839142
-27.724727543
-31.993602908
-37.470692442
-37.193996599
-32.106280934
-35.232314286
-38.844254449
nan
nan
-34.571738332
-30.178605827
-35.373508302
-38.377316308
-33.196241749
-38.45178792
-37.632632411
-33.568181029
-38.728851291
nan
-34.077014897
-38.630237512
-31.265269567
-33.630647348
-40.299653603
-39.393509014
nan
-34.770578612
-32.349849044
-35.686386469
-38.446873418
-38.969183597
-37.684210904
-38.795017066
-35.09338371
nan
-42.226500825
-36.918954043
-38.697698759
-46.468363697
-42.432917803
nan
nan
nan
nan
-42.776894302
-46.795465714
-41.911579254
-45.154765345
-44.829308805
-42.325776561
-36.885252406
-37.231187521
-36.564292497
-39.536066576
-47.427897246
-50.58016115
-43.334215012
-39.171771483
-41.504790639
-42.684872038
-42.268549218
-43.010167193
-42.166447985
-38.054113112
-40.235878529
-43.100691489
-41.008482878
-41.318660315
-39.995828393
-42.76757267
-38.781141458
-39.190804781
-37.910722567
-40.010999927
-42.384124135
-39.225991254
-39.826681531
-49.262632791
-44.787805818
-43.747169791
-42.403882578
-42.095755338
-38.162484826
-39.641825004
-43.451319359
-45.933757394
-47.012240807
-44.380291385
-44.866419306
-44.872012658
-51.16679532
-42.973349855
-43.120548042
-48.600761735
-47.725593526
-50.082505852
nan
nan
-50.898977527
-53.169308121
-53.952423235
-56.34282152
-60.331265784
-63.218623002
-58.533517385
-57.955238713
-58.680123364
-60.241309988
-64.176667114
-74.364301769
nan
nan
nan
nan
nan
nan
nan
nan
nan
nan
nan
nan
nan
nan
nan
nan
nan
nan
nan
nan
nan
nan
nan
nan
nan
nan
nan
nan
nan
nan
nan
nan
nan
nan
nan
nan
nan
nan
nan
nan
nan
nan
nan
nan
nan
nan
nan
nan
nan
nan
nan
nan
nan
nan
nan
nan
nan
nan
nan
nan
nan
nan
nan
nan
nan
nan
nan
nan
nan
nan
nan
nan
nan
nan
nan
nan
nan
nan
nan
nan
nan
nan
nan
nan
nan
nan
nan
nan
nan
nan
nan
nan
nan
nan
nan
nan
nan
nan
nan
nan
nan
nan
nan
nan
nan
nan
nan
nan
nan
nan
nan
nan
nan
nan
nan
nan
nan
nan
nan
nan
nan
nan
nan
nan
nan
nan
nan
nan
nan
nan
nan
nan
nan
nan
nan
nan
nan
nan
nan
nan
nan
nan
nan
nan
nan
nan
nan
nan
nan
nan
nan
nan
nan
nan
nan
nan
nan
nan
nan
nan
nan
nan
nan
nan
nan
nan
nan
nan
nan
nan
nan
nan
nan
nan
nan
nan
nan
nan
nan
nan
nan
nan
nan
nan
nan
nan
nan
nan
nan
nan
nan
nan
nan
nan
nan
nan
nan
nan
nan
nan
nan
nan
nan
nan
nan
nan
nan
nan
nan
nan
nan
nan
nan
nan
nan
nan
nan
nan
nan
nan
nan
nan
nan
nan
nan
nan
nan
nan
nan
