-23.319999695
-23.420000076
-23.420000076
-24.25
-25
-25.559999466
-25.88999939
-26.430000305
-27.149999619
-27.659999847
-27.670000076
-27.479999542
-27.010000229
-26.510000229
-26.170000076
-25.829999924
-25.520000458
-25.270000458
-24.950000763
-24.670000076
-24.61000061
-24.709999084
-24.879999161
-25.11000061
-25.489999771
-25.930000305
-26.100000381
-26.13999939
-26.149999619
-26.100000381
-26.040000916
-26
-25.959999084
-25.879999161
-25.790000916
-25.659999847
-25.590000153
-25.559999466
-25.590000153
-25.629999161
-25.670000076
-25.809999466
-25.920000076
-25.840000153
-25.579999924
-25.270000458
-24.940000534
-24.649999619
-24.399999619
-24.219999313
-24.059999466
-23.850000381
-23.700000763
-23.700000763
-23.719999313
-23.760000229
-23.819999695
-23.979999542
-24.120000839
-24.219999313
-24.329999924
-24.450000763
-24.450000763
-24.620000839
-24.75
-24.879999161
-24.989999771
-25.11000061
-25.180000305
-25.209999084
-25.219999313
-25.170000076
-25.100000381
-25.090000153
-25.090000153
-25.049999237
-24.909999847
-24.719999313
-24.600000381
-24.600000381
-24.709999084
-24.870000839
-24.989999771
-25.049999237
-25.100000381
-25.149999619
-25.219999313
-25.350000381
-25.440000534
-25.479999542
-25.450000763
-25.399999619
-25.399999619
-25.260000229
-25.260000229
-25.399999619
-25.549999237
-25.600000381
-25.649999619
-25.520000458
-25.200000763
-24.989999771
-24.879999161
-24.819999695
-24.870000839
-25
-25.180000305
-25.409999847
-25.569999695
-25.629999161
-25.629999161
-25.649999619
-25.680000305
-25.700000763
-25.819999695
-25.989999771
-26.069999695
-26.100000381
-26.159999847
-26.180000305
-26.200000763
-26.13999939
-26.13999939
-25.819999695
-25.620000839
-25.36000061
-25.11000061
-25.030000687
-25.079999924
-25.180000305
-25.399999619
-25.659999847
-25.709999084
-25.75
-25.879999161
-26.020000458
-26.200000763
-26.379999161
-26.430000305
-26.549999237
-26.659999847
-26.63999939
-26.569999695
-26.520000458
-26.540000916
-26.719999313
-26.809999466
-26.799999237
-26.809999466
-26.770000458
-26.61000061
-26.559999466
-26.690000534
-26.930000305
-27.149999619
-27.450000763
-27.75
-27.950000763
-28.13999939
-28.299999237
-28.440000534
-28.590000153
-28.790000916
-29.049999237
-29.299999237
-29.559999466
-29.809999466
-30.020000458
-30.129999161
-30.25
-30.350000381
-30.420000076
-30.440000534
-30.420000076
-30.38999939
-30.38999939
-30.440000534
-30.5
-30.549999237
-30.450000763
-30.209999084
-29.969999313
-29.969999313
-29.530000687
-29.309999466
-29.159999847
-29.020000458
-28.829999924
-28.590000153
-28.340000153
-28.100000381
-27.86000061
-27.680000305
-27.579999924
-27.620000839
-27.739999771
-27.819999695
-27.850000381
-27.950000763
-27.989999771
-27.850000381
-27.719999313
-27.690000534
-27.620000839
-27.479999542
-27.350000381
-27.309999466
-27.319999695
-27.36000061
-27.409999847
-27.370000839
-27.200000763
-27.030000687
-26.780000687
-26.399999619
-26.040000916
-25.86000061
-25.719999313
-25.579999924
-25.530000687
-25.530000687
-25.61000061
-25.690000534
-25.760000229
-25.879999161
-25.899999619
-25.940000534
-26.010000229
-26.010000229
-26.120000839
-26.299999237
-26.440000534
-26.549999237
-26.549999237
-26.5
-26.489999771
-26.569999695
-26.690000534
-26.86000061
-27.030000687
-27.059999466
-26.979999542
-26.979999542
-26.86000061
-26.75
-26.739999771
-26.780000687
-26.809999466
-26.770000458
-26.680000305
-26.530000687
-26.450000763
-26.469999313
-26.549999237
-26.530000687
-26.579999924
-26.829999924
-27.159999847
-27.409999847
-27.63999939
-27.850000381
-28.069999695
-28.280000687
-28.430000305
-28.489999771
-28.370000839
-28.010000229
-27.549999237
-27.270000458
-27.11000061
-27
-27.030000687
-27.270000458
-27.620000839
-27.899999619
-27.989999771
-28.11000061
-28.309999466
-28.489999771
-28.600000381
-28.680000305
-28.670000076
-28.629999161
-28.579999924
-28.549999237
-28.559999466
-28.549999237
-28.590000153
-28.75
-28.989999771
-29.170000076
-29.299999237
-29.340000153
-29.319999695
-29.340000153
-29.38999939
-29.399999619
-29.420000076
-29.579999924
-29.840000153
-30.079999924
-30.239999771
-30.239999771
-30.079999924
-30.040000916
-30.010000229
-29.920000076
-29.75
-29.629999161
-29.61000061
-29.61000061
-29.549999237
-29.420000076
-29.319999695
-29.200000763
-29.030000687
-28.940000534
-28.959999084
-29.020000458
-29.100000381
-29.270000458
-29.350000381
-29.299999237
-29.200000763
-29.049999237
-28.969999313
-29.020000458
-29.069999695
-29.059999466
-29.030000687
-29.030000687
-29.079999924
-29.079999924
-28.780000687
-28.559999466
-28.459999084
-28.450000763
-28.5
-28.700000763
-28.969999313
-29.129999161
-29.219999313
-29.329999924
-29.430000305
-29.549999237
-29.620000839
-29.690000534
-29.770000458
-29.870000839
-29.86000061
-29.709999084
-29.489999771
-29.25
-29.120000839
-28.989999771
-28.930000305
-28.950000763
-28.969999313
-29.020000458
-29.030000687
-29.049999237
-29.120000839
-29.120000839
-29.540000916
-29.719999313
-29.909999847
-30.129999161
-30.38999939
-30.579999924
-30.670000076
-30.690000534
-30.700000763
-30.620000839
-30.350000381
-30
-29.680000305
-29.340000153
-28.940000534
-28.61000061
-28.38999939
-28.129999161
-27.899999619
-27.790000916
-27.739999771
-27.680000305
-27.670000076
-27.739999771
-27.799999237
-27.780000687
-27.760000229
-27.770000458
-27.760000229
-27.760000229
-27.850000381
-27.979999542
-28.129999161
-28.350000381
-28.620000839
-28.86000061
-29.059999466
-29.25
-29.420000076
-29.559999466
-29.629999161
-29.590000153
-29.510000229
-29.430000305
-29.36000061
-29.290000916
-29.129999161
-28.86000061
-28.690000534
-28.700000763
-28.780000687
-28.780000687
-28.670000076
-28.569999695
-28.559999466
-28.540000916
-28.450000763
-28.319999695
-28.149999619
-28.149999619
-27.969999313
-27.989999771
-28.010000229
-28.049999237
-28.13999939
-28.280000687
-28.409999847
-28.530000687
-28.540000916
-28.489999771
-28.469999313
-28.420000076
-28.379999161
-28.38999939
-28.440000534
-28.479999542
-28.489999771
-28.530000687
-28.579999924
-28.63999939
-28.739999771
-28.780000687
-28.739999771
-28.799999237
-28.899999619
-28.940000534
-28.950000763
-28.959999084
-29.069999695
-29.260000229
-29.399999619
-29.469999313
-29.5
-29.540000916
-29.540000916
-29.489999771
-29.459999084
-29.38999939
-29.270000458
-29.229999542
-29.209999084
-29.260000229
-29.38999939
-29.489999771
-29.670000076
-29.829999924
-29.950000763
-30.069999695
-30.229999542
-30.309999466
-30.329999924
-30.340000153
-30.379999161
-30.399999619
-30.379999161
-30.299999237
-30.219999313
-30.209999084
-30.260000229
-30.260000229
-30.36000061
-30.38999939
-30.370000839
-30.270000458
-30.200000763
-30.260000229
-30.379999161
-30.430000305
-30.370000839
-30.309999466
-30.209999084
-30.020000458
-29.799999237
-29.620000839
-29.430000305
-29.200000763
-28.959999084
-28.649999619
-28.329999924
-28.11000061
-27.979999542
-27.909999847
-27.879999161
-27.879999161
-27.819999695
-27.709999084
-27.61000061
-27.540000916
-27.549999237
-27.569999695
-27.559999466
-27.559999466
-27.549999237
-27.590000153
-27.61000061
-27.540000916
-27.370000839
-27.120000839
-26.850000381
-26.670000076
-26.569999695
-26.520000458
-26.440000534
-26.370000839
-26.340000153
-26.299999237
-26.36000061
-26.670000076
-26.909999847
-26.959999084
-27
-27.090000153
-27.190000534
-27.219999313
-27.239999771
-27.290000916
-27.370000839
-27.450000763
-27.450000763
-27.450000763
-27.5
-27.559999466
-27.629999161
-27.75
-27.899999619
-28.069999695
-28.200000763
-28.25
-28.13999939
-27.920000076
-27.75
-27.559999466
-27.329999924
-27.100000381
-26.930000305
-26.840000153
-26.790000916
-26.700000763
-26.61000061
-26.590000153
-26.629999161
-26.729999542
-26.840000153
-26.909999847
-26.909999847
-26.879999161
-26.86000061
-26.850000381
-26.86000061
-26.870000839
-26.870000839
-26.879999161
-26.870000839
-26.850000381
-26.850000381
-26.88999939
-26.950000763
-26.989999771
-27.010000229
-27.049999237
-27.069999695
-27.040000916
-26.959999084
-26.899999619
-26.86000061
-26.809999466
-26.700000763
-26.61000061
-26.600000381
-26.659999847
-26.729999542
-26.840000153
-26.930000305
-26.940000534
-26.909999847
-26.850000381
-26.75
-26.680000305
-26.780000687
-26.780000687
-27.020000458
-27.180000305
-27.370000839
-27.440000534
-27.38999939
-27.319999695
-27.319999695
-27.370000839
-27.38999939
-27.440000534
-27.530000687
-27.569999695
-27.549999237
-27.590000153
-27.659999847
-27.680000305
-27.729999542
-27.790000916
-27.829999924
-27.809999466
-27.799999237
-27.850000381
-27.959999084
-28.059999466
-28.13999939
-28.229999542
-28.340000153
-28.510000229
-28.629999161
-28.680000305
-28.719999313
-28.790000916
-28.899999619
-29.040000916
-29.180000305
-29.420000076
-29.670000076
-29.870000839
-29.979999542
-30.049999237
-30
-29.780000687
-29.450000763
-29.079999924
-28.75
-28.459999084
-28.309999466
-28.209999084
-28.190000534
-28.239999771
-28.290000916
-28.36000061
-28.379999161
-28.319999695
-28.290000916
-28.329999924
-28.340000153
-28.309999466
-28.229999542
-28.229999542
-28.229999542
-28.180000305
-28.079999924
-27.979999542
-27.879999161
-27.870000839
-27.959999084
-28.020000458
-28.059999466
-28.120000839
-28.120000839
-28.079999924
-28.069999695
-28.030000687
-27.979999542
-27.979999542
-28.020000458
-28.079999924
-28.079999924
-28.059999466
-28.079999924
-28.209999084
-28.440000534
-28.620000839
-28.690000534
-28.670000076
-28.670000076
-28.709999084
-28.760000229
-28.850000381
-28.909999847
-28.909999847
-28.840000153
-28.739999771
-28.700000763
-28.709999084
-28.700000763
-28.649999619
-28.620000839
-28.700000763
-28.819999695
-28.940000534
-29.030000687
-29.129999161
-29.280000687
-29.430000305
-29.510000229
-29.540000916
-29.420000076
-29.190000534
-28.940000534
-28.739999771
-28.600000381
-28.479999542
-28.370000839
-28.329999924
-28.329999924
-28.340000153
-28.290000916
-28.290000916
-28.260000229
-28.299999237
-28.260000229
-28.219999313
-28.229999542
-28.260000229
-28.25
-28.200000763
-28.159999847
-28.13999939
-28.090000153
-28.020000458
-27.989999771
-27.879999161
-27.739999771
-27.590000153
-27.370000839
-27.129999161
-26.909999847
-26.709999084
-26.559999466
-26.540000916
-26.569999695
-26.549999237
-26.459999084
-26.409999847
-26.350000381
-26.290000916
-26.299999237
-26.430000305
-26.579999924
-26.770000458
-26.950000763
-27.100000381
-27.180000305
-27.309999466
-27.510000229
-27.680000305
-27.819999695
-27.969999313
-28.049999237
-28.13999939
-28.170000076
-28.149999619
-28.059999466
-27.959999084
-27.870000839
-27.780000687
-27.760000229
-27.729999542
-27.719999313
-27.719999313
-27.709999084
-27.690000534
-27.659999847
-27.629999161
-27.579999924
-27.569999695
-27.600000381
-27.600000381
-27.700000763
-27.719999313
-27.799999237
-27.909999847
-27.979999542
-28.069999695
-28.13999939
-28.13999939
-28.13999939
-28.149999619
-28.200000763
-28.260000229
-28.319999695
-28.350000381
-28.36000061
-28.409999847
-28.440000534
-28.430000305
-28.5
-28.569999695
-28.600000381
-28.61000061
-28.600000381
-28.579999924
-28.540000916
-28.510000229
-28.450000763
-28.379999161
-28.299999237
-28.219999313
-28.13999939
-28.040000916
-27.969999313
-27.969999313
-27.969999313
-27.809999466
-27.629999161
-27.469999313
-27.379999161
-27.399999619
-27.530000687
-27.659999847
-27.709999084
-27.670000076
-27.579999924
-27.459999084
-27.440000534
-27.489999771
-27.549999237
-27.61000061
-27.670000076
-27.780000687
-27.86000061
-27.899999619
-27.930000305
-28
-28.059999466
-28.11000061
-28.129999161
-28.129999161
-28.100000381
-28.120000839
-28.129999161
-28.120000839
-28.129999161
-28.13999939
-28.170000076
-28.190000534
-28.180000305
-28.13999939
-28.120000839
-28.159999847
-28.170000076
-28.200000763
-28.260000229
-28.350000381
-28.340000153
-28.290000916
-28.229999542
-28.129999161
-27.969999313
-27.780000687
-27.659999847
-27.61000061
-27.590000153
-27.569999695
-27.549999237
-27.579999924
-27.590000153
-27.579999924
-27.530000687
-27.450000763
-27.409999847
-27.430000305
-27.489999771
-27.489999771
-27.440000534
-27.370000839
-27.399999619
-27.450000763
-27.510000229
-27.569999695
-27.620000839
-27.680000305
-27.700000763
-27.690000534
-27.709999084
-27.739999771
-27.709999084
-27.670000076
-27.690000534
-27.75
-27.829999924
-27.940000534
-28.040000916
-28.170000076
-28.229999542
-28.200000763
-28.090000153
-28.090000153
-27.850000381
-27.780000687
-27.809999466
-27.920000076
-28.100000381
-28.219999313
-28.270000458
-28.350000381
-28.450000763
-28.579999924
-28.760000229
-28.909999847
-28.940000534
-28.909999847
-28.870000839
-28.840000153
-28.75
-28.63999939
-28.540000916
-28.440000534
-28.38999939
-28.420000076
-28.459999084
-28.5
-28.600000381
-28.680000305
-28.760000229
-28.799999237
-28.799999237
-28.770000458
-28.709999084
-28.670000076
-28.719999313
-28.809999466
-28.950000763
-29.129999161
-29.229999542
-29.290000916
-29.319999695
-29.370000839
-29.459999084
-29.590000153
-29.709999084
-29.790000916
-29.819999695
-29.819999695
-29.829999924
-29.840000153
-29.829999924
-29.870000839
-29.989999771
-30.149999619
-30.36000061
-30.559999466
-30.770000458
-30.959999084
-31.079999924
-31.170000076
-31.180000305
-31.180000305
-30.899999619
-30.729999542
-30.469999313
-30.180000305
-29.909999847
-29.670000076
-29.38999939
-29.180000305
-29.090000153
-29.040000916
-28.969999313
-28.899999619
-28.809999466
-28.729999542
-28.770000458
-28.819999695
-28.829999924
-28.799999237
-28.799999237
-28.909999847
-28.979999542
-28.989999771
-29.030000687
-29.079999924
-29.149999619
-29.299999237
-29.489999771
-29.649999619
-29.780000687
-29.88999939
-29.959999084
-29.979999542
-30.040000916
-30.100000381
-30.13999939
-30.159999847
-30.229999542
-30.309999466
-30.38999939
-30.309999466
-30.069999695
-29.840000153
-29.629999161
-29.450000763
-29.340000153
-29.329999924
-29.36000061
-29.399999619
-29.5
-29.670000076
-29.850000381
-29.989999771
-30.040000916
-30.049999237
-30.120000839
-30.209999084
-30.290000916
-30.370000839
-30.420000076
-30.420000076
-30.489999771
-30.459999084
-30.399999619
-30.36000061
-30.38999939
-30.440000534
-30.530000687
-30.549999237
-30.530000687
-30.479999542
-30.399999619
-30.25
-30.090000153
-29.989999771
-29.909999847
-29.86000061
-29.850000381
-29.850000381
-29.870000839
-29.959999084
-30.059999466
-30.159999847
-30.270000458
-30.469999313
-30.709999084
-30.930000305
