3726583397
3726583398
3726583399
3726583400
3726583401
3726583402
3726583403
3726583404
3726583405
3726583406
3726583407
3726583408
3726583409
3726583410
3726583411
3726583412
3726583413
3726583414
3726583415
3726583416
3726583417
3726583418
3726583419
3726583420
3726583421
3726583422
3726583423
3726583424
3726583425
3726583426
3726583427
3726583428
3726583429
3726583430
3726583431
3726583432
3726583433
3726583434
3726583435
3726583436
3726583437
3726583438
3726583439
3726583440
3726583441
3726583442
3726583443
3726583444
3726583445
3726583446
3726583447
3726583448
3726583449
3726583450
3726583451
3726583452
3726583453
3726583454
3726583455
3726583456
3726583457
3726583458
3726583459
3726583460
3726583461
3726583462
3726583463
3726583464
3726583465
3726583466
3726583467
3726583468
3726583469
3726583470
3726583471
3726583472
3726583473
3726583474
3726583475
3726583476
3726583477
3726583478
3726583479
3726583480
3726583481
3726583482
3726583483
3726583484
3726583485
3726583486
3726583487
3726583488
3726583489
3726583490
3726583491
3726583492
3726583493
3726583494
3726583495
3726583496
3726583497
3726583498
3726583499
3726583500
3726583501
3726583502
3726583503
3726583504
3726583505
3726583506
3726583507
3726583508
3726583509
3726583510
3726583511
3726583512
3726583513
3726583514
3726583515
3726583516
3726583517
3726583518
3726583519
3726583520
3726583521
3726583522
3726583523
3726583524
3726583525
3726583526
3726583527
3726583528
3726583529
3726583530
3726583531
3726583532
3726583533
3726583534
3726583535
3726583536
3726583537
3726583538
3726583539
3726583540
3726583541
3726583542
3726583543
3726583544
3726583545
3726583546
3726583547
3726583548
3726583549
3726583550
3726583551
3726583552
3726583553
3726583554
3726583555
3726583556
3726583557
3726583558
3726583559
3726583560
3726583561
3726583562
3726583563
3726583564
3726583565
3726583566
3726583567
3726583568
3726583569
3726583570
3726583571
3726583572
3726583573
3726583574
3726583575
3726583576
3726583577
3726583578
3726583579
3726583580
3726583581
3726583582
3726583583
3726583584
3726583585
3726583586
3726583587
3726583588
3726583589
3726583590
3726583591
3726583592
3726583593
3726583594
3726583595
3726583596
3726583597
3726583598
3726583599
3726583600
3726583601
3726583602
3726583603
3726583604
3726583605
3726583606
3726583607
3726583608
3726583609
3726583610
3726583611
3726583612
3726583613
3726583614
3726583615
3726583616
3726583617
3726583618
3726583619
3726583620
3726583621
3726583622
3726583623
3726583624
3726583625
3726583626
3726583627
3726583628
3726583629
3726583630
3726583631
3726583632
3726583633
3726583634
3726583635
3726583636
3726583637
3726583638
3726583639
3726583640
3726583641
3726583642
3726583643
3726583644
3726583645
3726583646
3726583647
3726583648
3726583649
3726583650
3726583651
3726583652
3726583653
3726583654
3726583655
3726583656
3726583657
3726583658
3726583659
3726583660
3726583661
3726583662
3726583663
3726583664
3726583665
3726583666
3726583667
3726583668
3726583669
3726583670
3726583671
3726583672
3726583673
3726583674
3726583675
3726583676
3726583677
3726583678
3726583679
3726583680
3726583681
3726583682
3726583683
3726583684
3726583685
3726583686
3726583687
3726583688
3726583689
3726583690
3726583691
3726583692
3726583693
3726583694
3726583695
3726583696
3726583697
3726583698
3726583699
3726583700
3726583701
3726583702
3726583703
3726583704
3726583705
3726583706
3726583707
3726583708
3726583709
3726583710
3726583711
3726583712
3726583713
3726583714
3726583715
3726583716
3726583717
3726583718
3726583719
3726583720
3726583721
3726583722
3726583723
3726583724
3726583725
3726583726
3726583727
3726583728
3726583729
3726583730
3726583731
3726583732
3726583733
3726583734
3726583735
3726583736
3726583737
3726583738
3726583739
3726583740
3726583741
3726583742
3726583743
3726583744
3726583745
3726583746
3726583747
3726583748
3726583749
3726583750
3726583751
3726583752
3726583753
3726583754
3726583755
3726583756
3726583757
3726583758
3726583759
3726583760
3726583761
3726583762
3726583763
3726583764
3726583765
3726583766
3726583767
3726583768
3726583769
3726583770
3726583771
3726583772
3726583773
3726583774
3726583775
3726583776
3726583777
3726583778
3726583779
3726583780
3726583781
3726583782
3726583783
3726583784
3726583785
3726583786
3726583787
3726583788
3726583789
3726583790
3726583791
3726583792
3726583793
3726583794
3726583795
3726583796
3726583797
3726583798
3726583799
3726583800
3726583801
3726583802
3726583803
3726583804
3726583805
3726583806
3726583807
3726583808
3726583809
3726583810
3726583811
3726583812
3726583813
3726583814
3726583815
3726583816
3726583817
3726583818
3726583819
3726583820
3726583821
3726583822
3726583823
3726583824
3726583825
3726583826
3726583827
3726583828
3726583829
3726583830
3726583831
3726583832
3726583833
3726583834
3726583835
3726583836
3726583837
3726583838
3726583839
3726583840
3726583841
3726583842
3726583843
3726583844
3726583845
3726583846
3726583847
3726583848
3726583849
3726583850
3726583851
3726583852
3726583853
3726583854
3726583855
3726583856
3726583857
3726583858
3726583859
3726583860
3726583861
3726583862
3726583863
3726583864
3726583865
3726583866
3726583867
3726583868
3726583869
3726583870
3726583871
3726583872
3726583873
3726583874
3726583875
3726583876
3726583877
3726583878
3726583879
3726583880
3726583881
3726583882
3726583883
3726583884
3726583885
3726583886
3726583887
3726583888
3726583889
3726583890
3726583891
3726583892
3726583893
3726583894
3726583895
3726583896
3726583897
3726583898
3726583899
3726583900
3726583901
3726583902
3726583903
3726583904
3726583905
3726583906
3726583907
3726583908
3726583909
3726583910
3726583911
3726583912
3726583913
3726583914
3726583915
3726583916
3726583917
3726583918
3726583919
3726583920
3726583921
3726583922
3726583923
3726583924
3726583925
3726583926
3726583927
3726583928
3726583929
3726583930
3726583931
3726583932
3726583933
3726583934
3726583935
3726583936
3726583937
3726583938
3726583939
3726583940
3726583941
3726583942
3726583943
3726583944
3726583945
3726583946
3726583947
3726583948
3726583949
3726583950
3726583951
3726583952
3726583953
3726583954
3726583955
3726583956
3726583957
3726583958
3726583959
3726583960
3726583961
3726583962
3726583963
3726583964
3726583965
3726583966
3726583967
3726583968
3726583969
3726583970
3726583971
3726583972
3726583973
3726583974
3726583975
3726583976
3726583977
3726583978
3726583979
3726583980
3726583981
3726583982
3726583983
3726583984
3726583985
3726583986
3726583987
3726583988
3726583989
3726583990
3726583991
3726583992
3726583993
3726583994
3726583995
3726583996
3726583997
3726583998
3726583999
3726584000
3726584001
3726584002
3726584003
3726584004
3726584005
3726584006
3726584007
3726584008
3726584009
3726584010
3726584011
3726584012
3726584013
3726584014
3726584015
3726584016
3726584017
3726584018
3726584019
3726584020
3726584021
3726584022
3726584023
3726584024
3726584025
3726584026
3726584027
3726584028
3726584029
3726584030
3726584031
3726584032
3726584033
3726584034
3726584035
3726584036
3726584037
3726584038
3726584039
3726584040
3726584041
3726584042
3726584043
3726584044
3726584045
3726584046
3726584047
3726584048
3726584049
3726584050
3726584051
3726584052
3726584053
3726584054
3726584055
3726584056
3726584057
3726584058
3726584059
3726584060
3726584061
3726584062
3726584063
3726584064
3726584065
3726584066
3726584067
3726584068
3726584069
3726584070
3726584071
3726584072
3726584073
3726584074
3726584075
3726584076
3726584077
3726584078
3726584079
3726584080
3726584081
3726584082
3726584083
3726584084
3726584085
3726584086
3726584087
3726584088
3726584089
3726584090
3726584091
3726584092
3726584093
3726584094
3726584095
3726584096
3726584097
3726584098
3726584099
3726584100
3726584101
3726584102
3726584103
3726584104
3726584105
3726584106
3726584107
3726584108
3726584109
3726584110
3726584111
3726584112
3726584113
3726584114
3726584115
3726584116
3726584117
3726584118
3726584119
3726584120
3726584121
3726584122
3726584123
3726584124
3726584125
3726584126
3726584127
3726584128
3726584129
3726584130
3726584131
3726584132
3726584133
3726584134
3726584135
3726584136
3726584137
3726584138
3726584139
3726584140
3726584141
3726584142
3726584143
3726584144
3726584145
3726584146
3726584147
3726584148
3726584149
3726584150
3726584151
3726584152
3726584153
3726584154
3726584155
3726584156
3726584157
3726584158
3726584159
3726584160
3726584161
3726584162
3726584163
3726584164
3726584165
3726584166
3726584167
3726584168
3726584169
3726584170
3726584171
3726584172
3726584173
3726584174
3726584175
3726584176
3726584177
3726584178
3726584179
3726584180
3726584181
3726584182
3726584183
3726584184
3726584185
3726584186
3726584187
3726584188
3726584189
3726584190
3726584191
3726584192
3726584193
3726584194
3726584195
3726584196
3726584197
3726584198
3726584199
3726584200
3726584201
3726584202
3726584203
3726584204
3726584205
3726584206
3726584207
3726584208
3726584209
3726584210
3726584211
3726584212
3726584213
3726584214
3726584215
3726584216
3726584217
3726584218
3726584219
3726584220
3726584221
3726584222
3726584223
3726584224
3726584225
3726584226
3726584227
3726584228
3726584229
3726584230
3726584231
3726584232
3726584233
3726584234
3726584235
3726584236
3726584237
3726584238
3726584239
3726584240
3726584241
3726584242
3726584243
3726584244
3726584245
3726584246
3726584247
3726584248
3726584249
3726584250
3726584251
3726584252
3726584253
3726584254
3726584255
3726584256
3726584257
3726584258
3726584259
3726584260
3726584261
3726584262
3726584263
3726584264
3726584265
3726584266
3726584267
3726584268
3726584269
3726584270
3726584271
3726584272
3726584273
3726584274
3726584275
3726584276
3726584277
3726584278
3726584279
3726584280
3726584281
3726584282
3726584283
3726584284
3726584285
3726584286
3726584287
3726584288
3726584289
3726584290
3726584291
3726584292
3726584293
3726584294
3726584295
3726584296
3726584297
3726584298
3726584299
3726584300
3726584301
3726584302
3726584303
3726584304
3726584305
3726584306
3726584307
3726584308
3726584309
3726584310
3726584311
3726584312
3726584313
3726584314
3726584315
3726584316
3726584317
3726584318
3726584319
3726584320
3726584321
3726584322
3726584323
3726584324
3726584325
3726584326
3726584327
3726584328
3726584329
3726584330
3726584331
3726584332
3726584333
3726584334
3726584335
3726584336
3726584337
3726584338
3726584339
3726584340
3726584341
3726584342
3726584343
3726584344
3726584345
3726584346
3726584347
3726584348
3726584349
3726584350
3726584351
3726584352
3726584353
3726584354
3726584355
3726584356
3726584357
3726584358
3726584359
3726584360
3726584361
3726584362
3726584363
3726584364
3726584365
3726584366
3726584367
3726584368
3726584369
3726584370
3726584371
3726584372
3726584373
3726584374
3726584375
3726584376
3726584377
3726584378
3726584379
3726584380
3726584381
3726584382
3726584383
3726584384
3726584385
3726584386
3726584387
3726584388
3726584389
3726584390
3726584391
3726584392
3726584393
3726584394
3726584395
3726584396
3726584397
3726584398
3726584399
3726584400
3726584401
3726584402
3726584403
3726584404
3726584405
3726584406
3726584407
3726584408
3726584409
3726584410
3726584411
3726584412
3726584413
3726584414
3726584415
3726584416
3726584417
3726584418
3726584419
3726584420
3726584421
3726584422
3726584423
3726584424
3726584425
3726584426
3726584427
3726584428
3726584429
3726584430
3726584431
3726584432
3726584433
3726584434
3726584435
3726584436
3726584437
3726584438
3726584439
3726584440
3726584441
3726584442
3726584443
3726584444
3726584445
