-74.74230957
-74.742073059
-74.742073059
-74.741607666
-74.741386414
-74.741172791
-74.740951538
-74.740737915
-74.740539551
-74.740341187
-74.740142822
-74.739936829
-74.739753723
-74.739562988
-74.739356995
-74.73915863
-74.738952637
-74.738746643
-74.738540649
-74.738327026
-74.738121033
-74.73790741
-74.737701416
-74.737503052
-74.737297058
-74.737098694
-74.736907959
-74.736709595
-74.73651886
-74.736320496
-74.736129761
-74.735939026
-74.735740662
-74.735549927
-74.735359192
-74.735160828
-74.734970093
-74.734771729
-74.734573364
-74.734382629
-74.734176636
-74.73399353
-74.733802795
-74.733596802
-74.733421326
-74.733230591
-74.733047485
-74.73285675
-74.732681274
-74.732513428
-74.732322693
-74.732147217
-74.73197937
-74.731796265
-74.731643677
-74.731468201
-74.731300354
-74.731132507
-74.730957031
-74.730796814
-74.730621338
-74.730453491
-74.730453491
-74.73008728
-74.729919434
-74.729736328
-74.729553223
-74.729370117
-74.729187012
-74.728996277
-74.728813171
-74.728630066
-74.728439331
-74.728248596
-74.72807312
-74.727867126
-74.72769165
-74.727508545
-74.72731781
-74.727127075
-74.726951599
-74.726768494
-74.726593018
-74.726402283
-74.726219177
-74.726043701
-74.725860596
-74.72567749
-74.725486755
-74.725311279
-74.725128174
-74.724952698
-74.724746704
-74.724571228
-74.724380493
-74.724182129
-74.723991394
-74.723800659
-74.723617554
-74.723426819
-74.723228455
-74.72303772
-74.722839355
-74.722648621
-74.722450256
-74.722251892
-74.722061157
-74.721870422
-74.721679688
-74.721488953
-74.721313477
-74.721122742
-74.720916748
-74.720733643
-74.720542908
-74.720352173
-74.720161438
-74.719970703
-74.719787598
-74.719596863
-74.719413757
-74.719223022
-74.719223022
-74.718849182
-74.718658447
-74.718467712
-74.718276978
-74.718078613
-74.717887878
-74.717697144
-74.717506409
-74.717308044
-74.71711731
-74.716926575
-74.71672821
-74.716537476
-74.716339111
-74.716148376
-74.715950012
-74.715751648
-74.715560913
-74.715362549
-74.715171814
-74.71497345
-74.714782715
-74.714576721
-74.714393616
-74.714202881
-74.713996887
-74.713798523
-74.713607788
-74.713409424
-74.71321106
-74.713020325
-74.71282196
-74.712631226
-74.712432861
-74.712226868
-74.712043762
-74.711830139
-74.711631775
-74.711433411
-74.711227417
-74.711021423
-74.7108078
-74.710601807
-74.710388184
-74.710166931
-74.709960938
-74.709739685
-74.709518433
-74.70929718
-74.709083557
-74.708847046
-74.708618164
-74.708389282
-74.708152771
-74.70791626
-74.707702637
-74.707473755
-74.707252502
-74.707023621
-74.707023621
-74.706581116
-74.706359863
-74.70614624
-74.705932617
-74.705718994
-74.705513
-74.705299377
-74.705093384
-74.704879761
-74.704673767
-74.704460144
-74.704246521
-74.704048157
-74.703842163
-74.703643799
-74.703437805
-74.703239441
-74.703033447
-74.702842712
-74.702629089
-74.702430725
-74.702232361
-74.702026367
-74.701843262
-74.701637268
-74.701446533
-74.701248169
-74.701057434
-74.700866699
-74.700668335
-74.7004776
-74.700279236
-74.700080872
-74.699882507
-74.699676514
-74.699478149
-74.699279785
-74.699081421
-74.698890686
-74.698692322
-74.698501587
-74.698310852
-74.698112488
-74.697921753
-74.697731018
-74.697540283
-74.697349548
-74.697158813
-74.696983337
-74.696777344
-74.696586609
-74.696403503
-74.69619751
-74.695999146
-74.695800781
-74.695602417
-74.695396423
-74.695213318
-74.695007324
-74.695007324
-74.694618225
-74.694419861
-74.694229126
-74.694030762
-74.693832397
-74.693641663
-74.693443298
-74.693237305
-74.69304657
-74.692840576
-74.692642212
-74.692436218
-74.692237854
-74.69203186
-74.691833496
-74.691642761
-74.691436768
-74.691253662
-74.691062927
-74.690879822
-74.690696716
-74.690513611
-74.690330505
-74.6901474
-74.689956665
-74.68977356
-74.689567566
-74.689369202
-74.689170837
-74.688972473
-74.688766479
-74.688568115
-74.688362122
-74.688163757
-74.687957764
-74.687759399
-74.687561035
-74.687362671
-74.687156677
-74.686958313
-74.686752319
-74.686538696
-74.686332703
-74.68611908
-74.685913086
-74.685691833
-74.685493469
-74.685272217
-74.685066223
-74.6848526
-74.684638977
-74.684432983
-74.684211731
-74.683990479
-74.683776855
-74.683563232
-74.683326721
-74.683120728
-74.682899475
-74.682899475
-74.68245697
-74.682243347
-74.682029724
-74.681808472
-74.681587219
-74.681373596
-74.681137085
-74.680931091
-74.680709839
-74.680496216
-74.680267334
-74.68006134
-74.679840088
-74.679618835
-74.679412842
-74.679176331
-74.678970337
-74.678756714
-74.678543091
-74.678329468
-74.678123474
-74.677902222
-74.677688599
-74.677467346
-74.677261353
-74.677047729
-74.676826477
-74.676620483
-74.67640686
-74.676193237
-74.675971985
-74.675750732
-74.67552948
-74.675308228
-74.675086975
-74.674873352
-74.674636841
-74.674423218
-74.674186707
-74.673957825
-74.673728943
-74.67350769
-74.673278809
-74.673057556
-74.672836304
-74.672622681
-74.672401428
-74.672187805
-74.671966553
-74.67175293
-74.671531677
-74.671318054
-74.671096802
-74.670883179
-74.670661926
-74.670440674
-74.670227051
-74.670013428
-74.669792175
-74.669792175
-74.6693573
-74.669143677
-74.668930054
-74.668708801
-74.668487549
-74.668266296
-74.668052673
-74.667831421
-74.667617798
-74.667396545
-74.667182922
-74.66696167
-74.666748047
-74.666526794
-74.666313171
-74.666091919
-74.665870667
-74.665657043
-74.66544342
-74.665229797
-74.665023804
-74.664810181
-74.664596558
-74.664390564
-74.664176941
-74.663978577
-74.663780212
-74.663566589
-74.663368225
-74.663162231
-74.662956238
-74.662750244
-74.662536621
-74.662322998
-74.662117004
-74.661911011
-74.661712646
-74.661491394
-74.66129303
-74.661071777
-74.660873413
-74.660652161
-74.660438538
-74.660217285
-74.660003662
-74.65978241
-74.659568787
-74.659347534
-74.659126282
-74.658912659
-74.658691406
-74.658477783
-74.65827179
-74.658073425
-74.657867432
-74.657676697
-74.657478333
-74.657287598
-74.657096863
-74.657096863
-74.656700134
-74.65650177
-74.656303406
-74.656097412
-74.655899048
-74.655693054
-74.655487061
-74.655288696
-74.655090332
-74.654876709
-74.654678345
-74.654457092
-74.654258728
-74.654052734
-74.653839111
-74.653633118
-74.653396606
-74.653190613
-74.65297699
-74.652763367
-74.652542114
-74.652328491
-74.652107239
-74.651893616
-74.651672363
-74.651451111
-74.651237488
-74.651016235
-74.650810242
-74.650596619
-74.650382996
-74.650177002
-74.649971008
-74.649757385
-74.649551392
-74.649353027
-74.649139404
-74.648933411
-74.648712158
-74.648498535
-74.648277283
-74.64806366
-74.647842407
-74.647621155
-74.647399902
-74.64717865
-74.646949768
-74.646728516
-74.646499634
-74.646270752
-74.6460495
-74.645820618
-74.645599365
-74.645370483
-74.645141602
-74.644920349
-74.644691467
-74.644470215
-74.644241333
-74.644241333
-74.643791199
-74.643562317
-74.643341064
-74.643112183
-74.642883301
-74.64264679
-74.642433167
-74.642219543
-74.64201355
-74.641792297
-74.641578674
-74.641372681
-74.641166687
-74.640953064
-74.64074707
-74.640541077
-74.640342712
-74.64012146
-74.639923096
-74.639709473
-74.639503479
-74.639289856
-74.639076233
-74.638870239
-74.638656616
-74.638450623
-74.638237
-74.638031006
-74.637817383
-74.637611389
-74.637397766
-74.637191772
-74.636993408
-74.636779785
-74.636581421
-74.636383057
-74.636177063
-74.635986328
-74.635803223
-74.635612488
-74.635421753
-74.635231018
-74.635047913
-74.634857178
-74.634666443
-74.634483337
-74.634277344
-74.634086609
-74.633903503
-74.63369751
-74.633506775
-74.633323669
-74.633117676
-74.632926941
-74.632736206
-74.632537842
-74.632347107
-74.632156372
-74.631973267
-74.631973267
-74.631576538
-74.631393433
-74.631210327
-74.631019592
-74.630828857
-74.630638123
-74.630447388
-74.630256653
-74.630073547
-74.629867554
-74.629669189
-74.629470825
-74.629272461
-74.629066467
-74.628860474
-74.628646851
-74.628448486
-74.628227234
-74.62802887
-74.627822876
-74.627616882
-74.627410889
-74.627197266
-74.626998901
-74.626800537
-74.626586914
-74.626403809
-74.626197815
-74.625999451
-74.625801086
-74.625602722
-74.625396729
-74.625213623
-74.625007629
-74.624809265
-74.624610901
-74.624412537
-74.624206543
-74.624008179
-74.623809814
-74.62361145
-74.623413086
-74.623199463
-74.622993469
-74.622787476
-74.622581482
-74.622367859
-74.622146606
-74.621948242
-74.62172699
-74.621528625
-74.621322632
-74.621109009
-74.620903015
-74.620697021
-74.620483398
-74.620277405
-74.620071411
-74.619857788
-74.619857788
-74.61945343
-74.619247437
-74.619041443
-74.618843079
-74.618637085
-74.618431091
-74.618232727
-74.618019104
-74.61781311
-74.617607117
-74.617401123
-74.617202759
-74.616989136
-74.616783142
-74.616577148
-74.616363525
-74.616157532
-74.615951538
-74.615753174
-74.615539551
-74.615341187
-74.615142822
-74.614936829
-74.614753723
-74.614547729
-74.614349365
-74.614151001
-74.613952637
-74.613746643
-74.613548279
-74.613342285
-74.613136292
-74.612930298
-74.612716675
-74.612510681
-74.612297058
-74.612098694
-74.6118927
-74.611686707
-74.611480713
-74.61126709
-74.611053467
-74.610839844
-74.610618591
-74.610397339
-74.610183716
-74.609947205
-74.609733582
-74.60949707
-74.609283447
-74.609046936
-74.608833313
-74.608612061
-74.608390808
-74.608169556
-74.607948303
-74.607727051
-74.607513428
-74.607292175
-74.607292175
-74.6068573
-74.606643677
-74.606430054
-74.606216431
-74.606002808
-74.605781555
-74.605560303
-74.60534668
-74.605133057
-74.604919434
-74.60471344
-74.604492188
-74.604278564
-74.604057312
-74.603851318
-74.603637695
-74.603416443
-74.60320282
-74.602989197
-74.602767944
-74.602546692
-74.602333069
-74.602119446
-74.601913452
-74.6016922
-74.601478577
-74.601272583
-74.60105896
-74.600852966
-74.600639343
-74.60043335
-74.600219727
-74.600013733
-74.59980011
-74.599586487
-74.599372864
-74.599159241
-74.598953247
-74.598731995
-74.598518372
-74.598297119
-74.598091125
-74.597877502
-74.59765625
-74.597450256
-74.597236633
-74.59703064
-74.596817017
-74.596618652
-74.596412659
-74.596199036
-74.595993042
-74.595779419
-74.595573425
-74.595359802
-74.595153809
-74.594940186
-74.594741821
-74.594543457
-74.594543457
-74.59413147
-74.593933105
-74.593727112
-74.593528748
-74.593322754
-74.59311676
-74.592933655
-74.592727661
-74.592521667
-74.592323303
-74.59211731
-74.591911316
-74.591712952
-74.591506958
-74.591308594
-74.591110229
-74.590911865
-74.590713501
-74.590507507
-74.590309143
-74.590103149
-74.589897156
-74.589691162
-74.589492798
-74.589286804
-74.589080811
-74.588882446
-74.588676453
-74.588478088
-74.588272095
-74.58807373
-74.587867737
-74.587669373
-74.587463379
-74.587272644
-74.58706665
-74.586868286
-74.586669922
-74.586471558
-74.586273193
-74.5860672
-74.585876465
-74.585678101
-74.585479736
-74.585281372
-74.585083008
-74.584877014
-74.584663391
-74.584457397
-74.584251404
-74.58405304
-74.583839417
-74.583633423
-74.583427429
-74.583229065
-74.583023071
-74.582817078
-74.582611084
-74.58241272
-74.58241272
-74.581993103
-74.581787109
-74.581573486
-74.581367493
-74.581161499
-74.580963135
-74.580749512
-74.580543518
-74.580337524
-74.580131531
-74.579917908
-74.579711914
-74.57951355
-74.579307556
-74.579101562
-74.578903198
-74.578697205
-74.578491211
-74.578292847
-74.578086853
-74.577880859
-74.577667236
-74.577461243
-74.577262878
-74.577041626
-74.576843262
-74.576622009
-74.576408386
-74.576187134
-74.57598114
-74.575759888
-74.575546265
-74.575332642
-74.575119019
-74.574897766
-74.574676514
-74.574462891
-74.574241638
-74.574020386
-74.573791504
-74.573577881
-74.573356628
-74.573143005
-74.572929382
-74.572723389
-74.572502136
-74.572303772
-74.57208252
-74.571876526
-74.571670532
-74.571472168
-74.571273804
-74.57106781
-74.570869446
-74.570671082
-74.570472717
-74.570266724
-74.570083618
-74.569869995
-74.569869995
-74.569473267
-74.569267273
-74.569068909
-74.568870544
-74.56867218
-74.568466187
-74.568283081
-74.568077087
-74.567886353
-74.567687988
-74.567489624
-74.567298889
-74.567100525
-74.566902161
-74.566703796
-74.566513062
-74.566307068
-74.566108704
-74.565910339
-74.565696716
-74.565490723
-74.5652771
-74.565063477
-74.564849854
-74.564628601
-74.564407349
-74.564193726
-74.563957214
-74.563743591
-74.563522339
-74.563301086
-74.563079834
-74.562858582
-74.562637329
-74.562423706
-74.562210083
-74.56199646
-74.561782837
-74.561561584
-74.561347961
-74.561141968
-74.560943604
-74.560722351
-74.560516357
-74.560317993
-74.560112
-74.559913635
-74.559700012
-74.559501648
-74.559288025
-74.559082031
-74.558883667
-74.558670044
-74.558456421
-74.558250427
-74.558036804
-74.557830811
-74.557617188
-74.557411194
-74.557411194
-74.556976318
-74.556770325
-74.556549072
-74.55632782
-74.556106567
-74.555892944
-74.555671692
-74.555458069
-74.555236816
-74.555023193
-74.554801941
-74.554588318
-74.554367065
-74.554161072
-74.553947449
-74.553726196
-74.553520203
-74.55330658
-74.553092957
-74.552879333
-74.552658081
-74.552436829
-74.552223206
-74.552009583
-74.55178833
-74.551567078
-74.551353455
-74.551116943
-74.55090332
-74.550682068
-74.550460815
-74.550231934
-74.550010681
-74.549781799
-74.549560547
-74.549339294
-74.549110413
-74.54888916
-74.548667908
-74.548446655
-74.548233032
-74.547996521
-74.547782898
-74.547561646
-74.547340393
-74.547119141
-74.546897888
-74.546676636
-74.546463013
-74.546226501
-74.546020508
-74.545799255
-74.545578003
-74.54535675
-74.545143127
-74.544929504
-74.544723511
-74.544502258
-74.544288635
-74.544288635
-74.543861389
-74.543647766
-74.543441772
-74.543228149
-74.543022156
-74.542808533
-74.54258728
-74.542381287
-74.542167664
-74.541946411
-74.541740417
-74.541526794
-74.541313171
-74.541099548
-74.540893555
-74.540672302
-74.540458679
-74.540252686
-74.540031433
-74.53981781
-74.539596558
-74.539382935
-74.539169312
-74.538948059
-74.538726807
-74.538513184
-74.538299561
-74.538078308
-74.537857056
-74.537651062
-74.537437439
-74.537216187
-74.536987305
-74.536773682
-74.536552429
-74.536331177
-74.536102295
-74.535881042
-74.535652161
-74.535423279
-74.535179138
-74.534942627
-74.534698486
-74.534461975
-74.534217834
-74.533973694
-74.533729553
-74.533493042
-74.533248901
-74.532997131
-74.53276825
-74.532531738
-74.532302856
-74.532058716
-74.531822205
-74.531593323
-74.531356812
-74.531143188
-74.530906677
-74.530906677
-74.530471802
-74.530258179
-74.530036926
-74.529823303
-74.529586792
-74.529373169
-74.529136658
-74.528923035
-74.528701782
-74.5284729
-74.528251648
-74.528030396
-74.527809143
-74.527580261
-74.527359009
-74.527137756
-74.526916504
-74.526687622
-74.52646637
-74.526252747
-74.526016235
-74.525802612
-74.52558136
-74.525360107
-74.525146484
-74.524932861
