-110.52290344
-110.5236969
-110.5236969
-110.52539825
-110.52619934
-110.52709961
-110.5279007
-110.52880096
-110.52970123
-110.53070068
-110.53160095
-110.5326004
-110.53350067
-110.53440094
-110.53530121
-110.53620148
-110.53700256
-110.53790283
-110.53869629
-110.53959656
-110.54039764
-110.54129791
-110.542099
-110.54299927
-110.54380035
-110.54470062
-110.54560089
-110.54650116
-110.54740143
-110.5483017
-110.54910278
-110.55000305
-110.55090332
-110.55180359
-110.55269623
-110.55349731
-110.55439758
-110.55529785
-110.55619812
-110.55699921
-110.55789948
-110.55879974
-110.55970001
-110.5605011
-110.56140137
-110.56230164
-110.56310272
-110.56400299
-110.56479645
-110.56559753
-110.56639862
-110.56729889
-110.56809998
-110.56890106
-110.56970215
-110.57050323
-110.57129669
-110.57209778
-110.57289886
-110.57369995
-110.57460022
-110.57540131
-110.57540131
-110.57710266
-110.57790375
-110.57879639
-110.57959747
-110.58049774
-110.58129883
-110.5821991
-110.58300018
-110.58390045
-110.58470154
-110.58560181
-110.58640289
-110.58730316
-110.58809662
-110.58899689
-110.58979797
-110.59069824
-110.59149933
-110.59230042
-110.59320068
-110.59400177
-110.59490204
-110.59570312
-110.59660339
-110.59750366
-110.59829712
-110.59919739
-110.60009766
-110.60089874
-110.60179901
-110.6026001
-110.60350037
-110.60440063
-110.60520172
-110.60610199
-110.60700226
-110.60780334
-110.60870361
-110.60959625
-110.61039734
-110.61119843
-110.61209869
-110.61289978
-110.61380005
-110.61460114
-110.6155014
-110.61640167
-110.61730194
-110.61810303
-110.6190033
-110.61990356
-110.6207962
-110.62159729
-110.62249756
-110.62339783
-110.6242981
-110.62519836
-110.62609863
-110.6269989
-110.6269989
-110.62870026
-110.62960052
-110.63050079
-110.63130188
-110.63220215
-110.63300323
-110.6339035
-110.63469696
-110.63559723
-110.6364975
-110.63729858
-110.63819885
-110.63909912
-110.63999939
-110.64089966
-110.64179993
-110.6427002
-110.64360046
-110.64450073
-110.645401
-110.64630127
-110.64720154
-110.64810181
-110.64900208
-110.64990234
-110.65080261
-110.65170288
-110.65260315
-110.65350342
-110.65450287
-110.65540314
-110.65630341
-110.65720367
-110.65820312
-110.65910339
-110.66010284
-110.66100311
-110.66200256
-110.66300201
-110.66390228
-110.66490173
-110.66590118
-110.66690063
-110.66790009
-110.66889954
-110.66999817
-110.67099762
-110.67199707
-110.67299652
-110.67410278
-110.67510223
-110.67610168
-110.67720032
-110.67819977
-110.67919922
-110.68029785
-110.6812973
-110.68229675
-110.68340302
-110.68340302
-110.68540192
-110.68640137
-110.68740082
-110.68830109
-110.68930054
-110.69029999
-110.69129944
-110.69219971
-110.69319916
-110.69409943
-110.69509888
-110.69599915
-110.69689941
-110.69789886
-110.69879913
-110.69979858
-110.70069885
-110.7016983
-110.70259857
-110.70349884
-110.70449829
-110.70539856
-110.70629883
-110.70729828
-110.70819855
-110.70909882
-110.71009827
-110.71099854
-110.7118988
-110.71279907
-110.71369934
-110.71459961
-110.71549988
-110.71640015
-110.71730042
-110.7181015
-110.71900177
-110.71990204
-110.72070312
-110.72160339
-110.72250366
-110.7233963
-110.72429657
-110.72509766
-110.72599792
-110.72689819
-110.72779846
-110.72869873
-110.729599
-110.73049927
-110.73139954
-110.7322998
-110.73320007
-110.73410034
-110.73500061
-110.73590088
-110.73680115
-110.73770142
-110.73860168
-110.73860168
-110.74040222
-110.74140167
-110.74230194
-110.74320221
-110.74410248
-110.74500275
-110.74590302
-110.74680328
-110.74770355
-110.74859619
-110.74949646
-110.75039673
-110.751297
-110.75219727
-110.75309753
-110.7539978
-110.75499725
-110.75589752
-110.75689697
-110.75779724
-110.75879669
-110.75980377
-110.76069641
-110.76170349
-110.76260376
-110.7634964
-110.76450348
-110.76540375
-110.76629639
-110.76719666
-110.76820374
-110.76909637
-110.76999664
-110.77100372
-110.77200317
-110.77290344
-110.77390289
-110.77490234
-110.77580261
-110.77680206
-110.77780151
-110.77870178
-110.77970123
-110.78070068
-110.78160095
-110.7826004
-110.78359985
-110.7845993
-110.78559875
-110.78659821
-110.78759766
-110.78859711
-110.78959656
-110.79060364
-110.79149628
-110.79250336
-110.79360199
-110.79460144
-110.79560089
-110.79560089
-110.79759979
-110.79869843
-110.79969788
-110.80069733
-110.80169678
-110.80269623
-110.80370331
-110.80470276
-110.80570221
-110.80670166
-110.80770111
-110.80870056
-110.80970001
-110.81069946
-110.81169891
-110.81259918
-110.81359863
-110.81459808
-110.81559753
-110.81659698
-110.81759644
-110.81860352
-110.81960297
-110.82050323
-110.82150269
-110.82250214
-110.82350159
-110.82450104
-110.82550049
-110.82640076
-110.82740021
-110.82839966
-110.82939911
-110.83029938
-110.83129883
-110.83229828
-110.83319855
-110.834198
-110.83519745
-110.8361969
-110.83719635
-110.83820343
-110.83920288
-110.84020233
-110.84120178
-110.84220123
-110.84320068
-110.84420013
-110.84519958
-110.84619904
-110.84719849
-110.84819794
-110.84919739
-110.85019684
-110.85119629
-110.85209656
-110.85310364
-110.85410309
-110.85510254
-110.85510254
-110.85710144
-110.85810089
-110.85910034
-110.86009979
-110.86109924
-110.86219788
-110.86319733
-110.86430359
-110.86530304
-110.86630249
-110.86740112
-110.86840057
-110.86940002
-110.87039948
-110.87139893
-110.87229919
-110.87329865
-110.8742981
-110.87519836
-110.87619781
-110.87709808
-110.87799835
-110.8789978
-110.87989807
-110.88079834
-110.88179779
-110.88269806
-110.88369751
-110.88459778
-110.88549805
-110.8864975
-110.88739777
-110.88839722
-110.88929749
-110.89029694
-110.89129639
-110.89230347
-110.89320374
-110.89420319
-110.89520264
-110.89620209
-110.89720154
-110.89820099
-110.89920044
-110.90019989
-110.90119934
-110.90219879
-110.90319824
-110.90419769
-110.90509796
-110.90609741
-110.90709686
-110.90809631
-110.90899658
-110.91000366
-110.91100311
-110.91190338
-110.91290283
-110.9138031
-110.9138031
-110.91570282
-110.91670227
-110.91760254
-110.91860199
-110.91950226
-110.92050171
-110.92140198
-110.92240143
-110.92340088
-110.92430115
-110.9253006
-110.92630005
-110.92720032
-110.92819977
-110.92910004
-110.93009949
-110.93109894
-110.93199921
-110.93299866
-110.93399811
-110.93489838
-110.93589783
-110.93689728
-110.93789673
-110.938797
-110.93979645
-110.94080353
-110.94180298
-110.94280243
-110.9437027
-110.94470215
-110.9457016
-110.94670105
-110.9477005
-110.94869995
-110.9496994
-110.95069885
-110.9516983
-110.95269775
-110.9536972
-110.95469666
-110.95570374
-110.95670319
-110.95770264
-110.95870209
-110.95970154
-110.96070099
-110.96170044
-110.96269989
-110.96379852
-110.96479797
-110.96579742
-110.96679688
-110.96790314
-110.96890259
-110.96990204
-110.97090149
-110.97200012
-110.97299957
-110.97299957
-110.97499847
-110.97609711
-110.97709656
-110.97810364
-110.97910309
-110.98010254
-110.98120117
-110.98220062
-110.98320007
-110.98429871
-110.98529816
-110.98629761
-110.98729706
-110.98829651
-110.98930359
-110.99030304
-110.99130249
-110.99220276
-110.99320221
-110.99420166
-110.99510193
-110.99610138
-110.99700165
-110.99790192
-110.99890137
-110.99980164
-111.0007019
-111.00170135
-111.00260162
-111.00350189
-111.00450134
-111.00540161
-111.00630188
-111.00730133
-111.0082016
-111.00910187
-111.01010132
-111.01100159
-111.01190186
-111.01280212
-111.01370239
-111.01460266
-111.01550293
-111.0164032
-111.01730347
-111.01820374
-111.01899719
-111.01989746
-111.02089691
-111.02179718
-111.02269745
-111.02359772
-111.02449799
-111.02539825
-111.02629852
-111.02729797
-111.02819824
-111.02909851
-111.02999878
-111.02999878
-111.0318985
-111.03279877
-111.03379822
-111.03469849
-111.03559875
-111.03659821
-111.03749847
-111.03849792
-111.03939819
-111.04039764
-111.04129791
-111.04229736
-111.04319763
-111.0440979
-111.04499817
-111.04589844
-111.04679871
-111.04769897
-111.04859924
-111.04949951
-111.05039978
-111.05130005
-111.05220032
-111.05310059
-111.05410004
-111.05500031
-111.05590057
-111.05680084
-111.05770111
-111.05860138
-111.05950165
-111.06040192
-111.06130219
-111.06220245
-111.06310272
-111.06400299
-111.06490326
-111.06580353
-111.06680298
-111.06770325
-111.06860352
-111.06950378
-111.07039642
-111.07129669
-111.07219696
-111.07309723
-111.0739975
-111.07489777
-111.07579803
-111.0766983
-111.07759857
-111.07849884
-111.07949829
-111.08039856
-111.08129883
-111.0821991
-111.08309937
-111.08399963
-111.0848999
-111.0848999
-111.08670044
-111.08760071
-111.08850098
-111.08950043
-111.0904007
-111.09130096
-111.09220123
-111.09320068
-111.09410095
-111.09500122
-111.09590149
-111.09690094
-111.09780121
-111.09870148
-111.09970093
-111.1006012
-111.10150146
-111.10250092
-111.10340118
-111.10430145
-111.1053009
-111.10620117
-111.10720062
-111.10810089
-111.10910034
-111.11000061
-111.11100006
-111.11190033
-111.11289978
-111.11389923
-111.1147995
-111.11579895
-111.1167984
-111.11779785
-111.11869812
-111.11969757
-111.12069702
-111.12169647
-111.12270355
-111.123703
-111.12480164
-111.12580109
-111.12680054
-111.12779999
-111.12870026
-111.12969971
-111.13059998
-111.13159943
-111.13259888
-111.13349915
-111.1344986
-111.13539886
-111.13639832
-111.13729858
-111.13829803
-111.1391983
-111.14019775
-111.1411972
-111.14209747
-111.14209747
-111.14399719
-111.14499664
-111.14589691
-111.14689636
-111.14779663
-111.1486969
-111.14969635
-111.15059662
-111.1516037
-111.15249634
-111.15350342
-111.15440369
-111.15540314
-111.15630341
-111.15720367
-111.15820312
-111.15910339
-111.16010284
-111.16100311
-111.16200256
-111.16290283
-111.16390228
-111.16480255
-111.165802
-111.16680145
-111.16770172
-111.16870117
-111.16970062
-111.17060089
-111.17160034
-111.17259979
-111.17350006
-111.17449951
-111.17549896
-111.17649841
-111.17739868
-111.17839813
-111.17939758
-111.18029785
-111.1812973
-111.18229675
-111.18319702
-111.18419647
-111.18520355
-111.186203
-111.18720245
-111.1882019
-111.18920135
-111.19020081
-111.19110107
-111.19210052
-111.19309998
-111.19409943
-111.19499969
-111.19599915
-111.19689941
-111.19789886
-111.19879913
-111.19979858
-111.19979858
-111.2016983
-111.20259857
-111.20359802
-111.20459747
-111.20549774
-111.20649719
-111.20739746
-111.20839691
-111.20929718
-111.21029663
-111.2111969
-111.21219635
-111.21309662
-111.21399689
-111.21499634
-111.21589661
-111.21679688
-111.21769714
-111.21869659
-111.21959686
-111.22049713
-111.22129822
-111.22219849
-111.22309875
-111.22399902
-111.22489929
-111.22579956
-111.22669983
-111.2276001
-111.22850037
-111.22940063
-111.2303009
-111.23120117
-111.23210144
-111.23300171
-111.23390198
-111.23480225
-111.2358017
-111.23670197
-111.23760223
-111.23860168
-111.23950195
-111.2405014
-111.24140167
-111.24240112
-111.24330139
-111.24430084
-111.24520111
-111.24610138
-111.24710083
-111.2480011
-111.24890137
-111.24990082
-111.25080109
-111.25170135
-111.25270081
-111.25360107
-111.25450134
-111.25550079
-111.25550079
-111.25730133
-111.2582016
-111.25920105
-111.26010132
-111.26110077
-111.26200104
-111.26300049
-111.26390076
-111.26490021
-111.26580048
-111.26670074
-111.2677002
-111.26869965
-111.26959991
-111.27059937
-111.27149963
-111.27249908
-111.27339935
-111.2743988
-111.27539825
-111.27629852
-111.27729797
-111.27819824
-111.27919769
-111.28019714
-111.28109741
-111.28209686
-111.28299713
-111.28399658
-111.28489685
-111.2858963
-111.28679657
-111.28780365
-111.28869629
-111.28970337
-111.29060364
-111.29149628
-111.29250336
-111.29340363
-111.29429626
-111.29519653
-111.29620361
-111.29709625
-111.29799652
-111.2990036
-111.29989624
-111.30079651
-111.30169678
-111.30269623
-111.3035965
-111.30449677
-111.30539703
-111.30639648
-111.30729675
-111.3082962
-111.30919647
-111.31009674
-111.31109619
-111.31199646
-111.31199646
-111.31390381
-111.31490326
-111.31580353
-111.31680298
-111.31770325
-111.3187027
-111.31960297
-111.32060242
-111.32150269
-111.32250214
-111.3234024
-111.32430267
-111.32530212
-111.32620239
-111.32720184
-111.32810211
-111.32910156
-111.33000183
-111.33100128
-111.33190155
-111.332901
-111.33380127
-111.33480072
-111.33570099
-111.33660126
-111.33750153
-111.33850098
-111.33940125
-111.34030151
-111.34130096
-111.34220123
-111.3431015
-111.34400177
-111.34490204
-111.34590149
-111.34680176
-111.34770203
-111.34860229
-111.34960175
-111.35050201
-111.35140228
-111.35230255
-111.353302
-111.35420227
-111.35510254
-111.35610199
-111.35700226
-111.35790253
-111.35890198
-111.35980225
-111.36070251
-111.36170197
-111.36260223
-111.3635025
-111.36450195
-111.36540222
-111.36640167
-111.36730194
-111.36830139
-111.36830139
-111.37010193
-111.37110138
-111.37200165
-111.37290192
-111.37390137
-111.37480164
-111.37580109
-111.37670135
-111.37770081
-111.37870026
-111.37960052
-111.38059998
-111.38159943
-111.38249969
-111.38349915
-111.3844986
-111.38539886
-111.38639832
-111.38739777
-111.38829803
-111.38929749
-111.39019775
-111.3911972
-111.39219666
-111.39309692
-111.39409637
-111.39499664
-111.39600372
-111.39700317
-111.39790344
-111.39890289
-111.39990234
-111.40080261
-111.40180206
-111.40280151
-111.40370178
-111.40470123
-111.40570068
-111.40670013
-111.40769958
-111.40869904
-111.40969849
-111.41069794
-111.41169739
-111.41269684
-111.41369629
-111.41470337
-111.41570282
-111.41670227
-111.41770172
-111.41870117
-111.41970062
-111.42070007
-111.42169952
-111.42279816
-111.42379761
-111.42489624
-111.42590332
-111.42690277
-111.42690277
-111.42900085
-111.43009949
-111.43109894
-111.43209839
-111.43309784
-111.43409729
-111.43509674
-111.43609619
-111.43710327
-111.43800354
-111.43900299
-111.44000244
-111.44100189
-111.44190216
-111.44290161
-111.44390106
-111.44480133
-111.44580078
-111.44680023
-111.4477005
-111.44869995
-111.4496994
-111.45069885
-111.45159912
-111.45259857
-111.45359802
-111.45459747
-111.45559692
-111.45659637
-111.45760345
-111.45860291
-111.45960236
-111.46060181
-111.46160126
-111.46260071
-111.46360016
-111.46459961
-111.46569824
-111.46669769
-111.46769714
-111.46869659
-111.46970367
-111.47070312
-111.47170258
-111.47270203
-111.47370148
-111.47470093
-111.4756012
-111.47660065
-111.4776001
-111.47859955
-111.479599
-111.48059845
-111.48169708
-111.48269653
-111.48370361
-111.48470306
-111.48570251
-111.48670197
-111.48670197
-111.48880005
-111.4897995
-111.49079895
-111.4917984
-111.49289703
-111.49389648
-111.49490356
-111.49590302
-111.49700165
-111.4980011
-111.49900055
-111.5
-111.50099945
-111.5019989
-111.50299835
-111.5039978
-111.50509644
-111.50610352
-111.50700378
-111.50810242
-111.50910187
-111.51010132
-111.51110077
-111.51210022
-111.51309967
-111.5141983
