26.559999466
26.399999619
26.399999619
25.520000458
24.819999695
24.290000916
23.909999847
23.25
22.469999313
22.020000458
21.840000153
21.729999542
21.870000839
22.069999695
22.229999542
22.479999542
22.739999771
22.950000763
23.270000458
23.469999313
23.440000534
23.25
23
22.75
22.340000153
21.969999313
21.86000061
21.75
21.569999695
21.520000458
21.520000458
21.540000916
21.549999237
21.590000153
21.659999847
21.809999466
21.950000763
22.049999237
22.059999466
21.959999084
21.790000916
21.5
21.170000076
20.950000763
20.86000061
20.75
20.629999161
20.469999313
20.229999542
19.920000076
19.670000076
19.530000687
19.370000839
19.100000381
18.86000061
18.700000763
18.63999939
18.690000534
18.86000061
19.040000916
19.190000534
19.36000061
19.36000061
19.770000458
19.969999313
20.209999084
20.459999084
20.579999924
20.649999619
20.729999542
20.809999466
20.920000076
20.979999542
20.979999542
20.899999619
20.829999924
20.770000458
20.780000687
20.770000458
20.670000076
20.520000458
20.38999939
20.340000153
20.260000229
20.25
20.25
20.280000687
20.239999771
20.260000229
20.379999161
20.540000916
20.729999542
20.729999542
21.219999313
21.36000061
21.350000381
21.309999466
21.280000687
21.229999542
21.329999924
21.540000916
21.690000534
21.819999695
21.909999847
21.899999619
21.75
21.510000229
21.25
21.100000381
21.049999237
21.11000061
21.13999939
21.190000534
21.260000229
21.239999771
21.200000763
21.200000763
21.170000076
21.049999237
20.959999084
20.870000839
20.850000381
20.850000381
21.079999924
21.200000763
21.409999847
21.530000687
21.530000687
21.489999771
21.549999237
21.540000916
21.549999237
21.549999237
21.61000061
21.63999939
21.739999771
21.780000687
21.819999695
21.870000839
21.829999924
21.680000305
21.700000763
21.739999771
21.819999695
21.840000153
21.799999237
21.840000153
21.899999619
21.930000305
21.930000305
21.959999084
21.879999161
21.680000305
21.579999924
21.659999847
21.850000381
22.090000153
22.290000916
22.36000061
22.38999939
22.489999771
22.649999619
22.850000381
23.010000229
23.229999542
23.469999313
23.629999161
23.909999847
24.149999619
24.430000305
24.700000763
25.040000916
25.329999924
25.479999542
25.579999924
25.620000839
25.629999161
25.540000916
25.38999939
25.209999084
25.069999695
24.950000763
24.950000763
24.569999695
24.290000916
23.989999771
23.760000229
23.629999161
23.579999924
23.510000229
23.450000763
23.440000534
23.430000305
23.379999161
23.149999619
22.88999939
22.670000076
22.530000687
22.440000534
22.440000534
22.579999924
22.579999924
22.469999313
22.329999924
22.239999771
22.129999161
21.989999771
21.829999924
21.709999084
21.649999619
21.659999847
21.680000305
21.670000076
21.799999237
22.100000381
22.319999695
22.329999924
22.260000229
22.209999084
22.129999161
22
21.870000839
21.700000763
21.549999237
21.420000076
21.36000061
21.350000381
21.319999695
21.309999466
21.25
21.180000305
21.170000076
21.229999542
21.450000763
21.790000916
22.069999695
22.239999771
22.280000687
22.200000763
22.090000153
22.030000687
21.969999313
21.969999313
21.850000381
21.870000839
21.86000061
21.829999924
21.870000839
21.930000305
22.030000687
22.149999619
22.239999771
22.350000381
22.489999771
22.61000061
22.700000763
22.559999466
22.260000229
21.989999771
21.680000305
21.270000458
20.870000839
20.530000687
20.36000061
20.319999695
20.469999313
20.809999466
21.209999084
21.479999542
21.760000229
22.11000061
22.38999939
22.510000229
22.520000458
22.620000839
22.709999084
22.629999161
22.440000534
22.329999924
22.319999695
22.370000839
22.559999466
22.799999237
23.030000687
23.280000687
23.489999771
23.63999939
23.709999084
23.629999161
23.479999542
23.430000305
23.459999084
23.629999161
23.840000153
23.979999542
24.149999619
24.309999466
24.450000763
24.459999084
24.36000061
24.229999542
24.190000534
24.190000534
24.469999313
24.520000458
24.590000153
24.590000153
24.649999619
24.590000153
24.430000305
24.260000229
24.209999084
24.239999771
24.25
24.329999924
24.409999847
24.420000076
24.36000061
24.280000687
24.129999161
24
23.840000153
23.850000381
23.850000381
23.879999161
23.840000153
23.719999313
23.649999619
23.729999542
23.86000061
23.979999542
24.030000687
24.030000687
24.340000153
24.540000916
24.629999161
24.760000229
24.909999847
25
25.069999695
25.209999084
25.370000839
25.440000534
25.38999939
25.270000458
25.059999466
24.819999695
24.559999466
24.309999466
24.180000305
24.159999847
24.219999313
24.280000687
24.290000916
24.36000061
24.420000076
24.370000839
24.340000153
24.309999466
24.260000229
24.229999542
24.090000153
24.090000153
23.959999084
24.100000381
24.299999237
24.450000763
24.5
24.479999542
24.469999313
24.399999619
24.290000916
24.170000076
24.190000534
24.299999237
24.350000381
24.399999619
24.440000534
24.38999939
24.229999542
24.069999695
23.870000839
23.649999619
23.530000687
23.5
23.379999161
23.129999161
22.899999619
22.819999695
22.780000687
22.739999771
22.770000458
22.770000458
23.190000534
23.399999619
23.510000229
23.450000763
23.299999237
23.229999542
23.229999542
23.25
23.329999924
23.450000763
23.579999924
23.760000229
23.979999542
24.159999847
24.290000916
24.440000534
24.579999924
24.709999084
24.629999161
24.319999695
23.920000076
23.510000229
23.090000153
22.629999161
22.090000153
21.670000076
21.5
21.540000916
21.670000076
21.670000076
22.059999466
22.25
22.420000076
22.540000916
22.590000153
22.600000381
22.549999237
22.600000381
22.790000916
23.020000458
23.159999847
23.290000916
23.409999847
23.530000687
23.709999084
23.86000061
23.979999542
24.020000458
24.059999466
24.120000839
24.170000076
24.309999466
24.440000534
24.420000076
24.309999466
24.290000916
24.239999771
24.129999161
23.86000061
23.559999466
23.370000839
23.260000229
23.200000763
23.129999161
23.120000839
23.200000763
23.38999939
23.600000381
23.86000061
24.069999695
24.309999466
24.479999542
24.559999466
24.670000076
24.780000687
24.969999313
25.170000076
25.25
25.25
25.229999542
25.239999771
25.180000305
25.13999939
25.159999847
25.200000763
25.239999771
25.260000229
25.219999313
25.190000534
25.190000534
25.239999771
25.270000458
25.36000061
25.450000763
25.370000839
25.020000458
24.600000381
24.209999084
23.920000076
23.620000839
23.409999847
23.309999466
23.219999313
23.13999939
23.11000061
23.120000839
23.200000763
23.329999924
23.409999847
23.38999939
23.350000381
23.329999924
23.309999466
23.299999237
23.329999924
23.409999847
23.530000687
23.61000061
23.569999695
23.440000534
23.329999924
23.200000763
23.030000687
22.75
22.370000839
22.049999237
21.770000458
21.530000687
21.319999695
21.090000153
20.930000305
20.909999847
20.989999771
21.129999161
21.280000687
21.530000687
21.629999161
21.530000687
21.510000229
21.629999161
21.659999847
21.620000839
21.600000381
21.629999161
21.61000061
21.600000381
21.520000458
21.38999939
21.260000229
21.260000229
21.069999695
21.040000916
21.090000153
21.149999619
21.209999084
21.25
21.290000916
21.38999939
21.600000381
21.850000381
22.049999237
22.280000687
22.569999695
22.850000381
23.100000381
23.219999313
23.260000229
23.290000916
23.25
23.129999161
23
22.86000061
22.700000763
22.620000839
22.590000153
22.540000916
22.450000763
22.36000061
22.270000458
22.180000305
22.100000381
22.049999237
22.069999695
22.120000839
22.149999619
22.200000763
22.25
22.270000458
22.329999924
22.379999161
22.469999313
22.649999619
22.920000076
23.159999847
23.280000687
23.420000076
23.549999237
23.63999939
23.540000916
23.38999939
23.299999237
23.200000763
23.180000305
23.200000763
23.219999313
23.25
23.319999695
23.299999237
23.129999161
23.129999161
22.899999619
22.809999466
22.719999313
22.75
22.88999939
22.950000763
22.940000534
22.920000076
22.940000534
22.950000763
22.909999847
22.989999771
23.100000381
23.120000839
23.190000534
23.260000229
23.219999313
23.079999924
22.899999619
22.709999084
22.540000916
22.309999466
22.120000839
22.010000229
22.010000229
22.040000916
22.090000153
22.190000534
22.420000076
22.709999084
22.950000763
23.11000061
23.200000763
23.25
23.270000458
23.200000763
23.079999924
23.069999695
23.159999847
23.260000229
23.450000763
23.760000229
24.159999847
24.479999542
24.75
24.940000534
25
25.040000916
25.049999237
25.020000458
25.020000458
24.979999542
24.88999939
24.86000061
24.719999313
24.489999771
24.319999695
24.25
24.180000305
24.180000305
24.010000229
24.010000229
24.11000061
24.209999084
24.309999466
24.290000916
24.200000763
24.11000061
24
23.870000839
23.840000153
23.829999924
23.809999466
23.86000061
23.950000763
24.020000458
24.010000229
24.049999237
24.13999939
24.280000687
24.370000839
24.290000916
24.040000916
23.809999466
23.709999084
23.649999619
23.590000153
23.530000687
23.479999542
23.399999619
23.370000839
23.379999161
23.469999313
23.569999695
23.649999619
23.690000534
23.790000916
23.979999542
24.079999924
24.049999237
23.959999084
23.850000381
23.760000229
23.649999619
23.479999542
23.38999939
23.350000381
23.329999924
23.399999619
23.450000763
23.479999542
23.440000534
23.36000061
23.340000153
23.309999466
23.180000305
23
22.819999695
22.75
22.75
22.510000229
22.38999939
22.379999161
22.38999939
22.38999939
22.350000381
22.38999939
22.5
22.590000153
22.629999161
22.649999619
22.61000061
22.520000458
22.450000763
22.370000839
22.290000916
22.280000687
22.36000061
22.5
22.709999084
22.870000839
22.88999939
22.850000381
22.799999237
22.709999084
22.590000153
22.540000916
22.559999466
22.600000381
22.620000839
22.540000916
22.469999313
22.399999619
22.379999161
22.370000839
22.280000687
22.120000839
22.059999466
22.069999695
22.11000061
22.100000381
22.120000839
22.13999939
22.280000687
22.5
22.729999542
22.950000763
23.100000381
23.129999161
23.11000061
23.069999695
22.969999313
22.909999847
22.879999161
22.86000061
22.829999924
22.850000381
22.920000076
22.979999542
22.979999542
23.11000061
23.180000305
23.170000076
23.120000839
23.079999924
23.030000687
23.040000916
23.120000839
23.170000076
23.180000305
23.120000839
23
22.899999619
22.819999695
22.760000229
22.670000076
22.649999619
22.700000763
22.760000229
22.840000153
22.959999084
23.079999924
23.239999771
23.440000534
23.600000381
23.680000305
23.719999313
23.809999466
23.899999619
23.979999542
24.030000687
24.11000061
24.090000153
24.049999237
24.200000763
24.399999619
24.680000305
24.870000839
24.950000763
24.790000916
24.469999313
24.190000534
23.959999084
23.790000916
23.670000076
23.569999695
23.450000763
23.260000229
23.079999924
22.88999939
22.700000763
22.489999771
22.290000916
22.209999084
22.13999939
22.13999939
22.170000076
22.229999542
22.319999695
22.319999695
22.420000076
22.399999619
22.379999161
22.319999695
22.180000305
22.049999237
21.940000534
21.899999619
21.930000305
22
22
21.930000305
21.920000076
21.909999847
21.930000305
22.020000458
22.219999313
22.440000534
22.680000305
23
23.459999084
23.930000305
24.219999313
24.36000061
24.420000076
24.489999771
24.579999924
24.649999619
24.709999084
24.780000687
24.799999237
24.739999771
24.579999924
24.350000381
24.159999847
24.069999695
24.040000916
24.010000229
23.809999466
23.600000381
23.409999847
23.239999771
23.079999924
22.909999847
22.819999695
22.760000229
22.739999771
22.790000916
22.930000305
23.069999695
23.120000839
23.190000534
23.260000229
23.309999466
23.350000381
23.290000916
23.290000916
23.409999847
23.61000061
23.61000061
24.040000916
24.280000687
24.459999084
24.510000229
24.450000763
24.420000076
24.409999847
24.370000839
24.329999924
24.260000229
24.090000153
23.88999939
23.809999466
23.780000687
23.780000687
23.799999237
23.840000153
23.930000305
24.040000916
24.180000305
24.280000687
24.309999466
24.36000061
24.459999084
24.520000458
24.569999695
24.600000381
24.649999619
24.760000229
24.870000839
25.010000229
25.11000061
25.129999161
25.100000381
25.040000916
24.930000305
24.88999939
24.879999161
24.870000839
24.86000061
24.799999237
24.709999084
24.629999161
24.600000381
24.63999939
24.680000305
24.63999939
24.590000153
24.530000687
24.469999313
24.440000534
24.430000305
24.379999161
24.319999695
24.190000534
24.059999466
23.979999542
23.920000076
23.870000839
23.870000839
23.690000534
23.510000229
23.440000534
23.469999313
23.510000229
23.579999924
23.739999771
23.850000381
23.840000153
23.809999466
23.819999695
23.840000153
23.909999847
23.959999084
23.930000305
23.879999161
23.899999619
23.950000763
23.969999313
23.940000534
24
24.129999161
24.219999313
24.299999237
24.340000153
24.290000916
24.149999619
24.090000153
24.040000916
24.040000916
24.170000076
24.340000153
24.510000229
24.680000305
24.88999939
25.059999466
25.200000763
25.36000061
25.590000153
26
26.440000534
26.780000687
27.020000458
27.13999939
27.11000061
27.030000687
26.989999771
26.969999313
26.909999847
26.799999237
26.649999619
26.530000687
26.399999619
26.229999542
26.010000229
25.760000229
25.469999313
25.180000305
24.88999939
24.88999939
24.479999542
24.469999313
24.579999924
24.680000305
24.760000229
24.829999924
24.909999847
24.989999771
25
24.989999771
24.909999847
24.930000305
24.959999084
24.940000534
24.899999619
24.879999161
24.88999939
24.909999847
24.870000839
24.799999237
24.719999313
24.659999847
24.590000153
24.430000305
24.229999542
24.040000916
