3726583416.1
3726583417.1
3726583418.1
3726583419.1
3726583420.1
3726583421.1
3726583422.1
3726583423.1
3726583424.1
3726583425.1
3726583426.1
3726583427.1
3726583428.1
3726583429.1
3726583430.1
3726583431.1
3726583432.1
3726583433.1
3726583434.1
3726583435.1
3726583436.1
3726583437.1
3726583438.1
3726583439.1
3726583440.1
3726583441.1
3726583442.1
3726583443.1
3726583444.1
3726583445.1
3726583446.1
3726583447.1
3726583448.1
3726583449.1
3726583450.1
3726583451.1
3726583452.1
3726583453.1
3726583454.1
3726583455.1
3726583456.1
3726583457.1
3726583458.1
3726583459.1
3726583460.1
3726583461.1
3726583462.1
3726583463.1
3726583464.1
3726583465.1
3726583466.1
3726583467.1
3726583468.1
3726583469.1
3726583470.1
3726583471.1
3726583472.1
3726583473.1
3726583474.1
3726583475.1
3726583476.1
3726583477.1
3726583478.1
3726583479.1
3726583480.1
3726583481.1
3726583482.1
3726583483.1
3726583484.1
3726583485.1
3726583486.1
3726583487.1
3726583488.1
3726583489.1
3726583490.1
3726583491.1
3726583492.1
3726583493.1
3726583494.1
3726583495.1
3726583496.1
3726583497.1
3726583498.1
3726583499.1
3726583500.1
3726583501.1
3726583502.1
3726583503.1
3726583504.1
3726583505.1
3726583506.1
3726583507.1
3726583508.1
3726583509.1
3726583510.1
3726583511.1
3726583512.1
3726583513.1
3726583514.1
3726583515.1
3726583516.1
3726583517.1
3726583518.1
3726583519.1
3726583520.1
3726583521.1
3726583522.1
3726583523.1
3726583524.1
3726583525.1
3726583526.1
3726583527.1
3726583528.1
3726583529.1
3726583530.1
3726583531.1
3726583532.1
3726583533.1
3726583534.1
3726583535.1
3726583536.1
3726583537.1
3726583538.1
3726583539.1
3726583540.1
3726583541.1
3726583542.1
3726583543.1
3726583544.1
3726583545.1
3726583546.1
3726583547.1
3726583548.1
3726583549.1
3726583550.1
3726583551.1
3726583552.1
3726583553.1
3726583554.1
3726583555.1
3726583556.1
3726583557.1
3726583558.1
3726583559.1
3726583560.1
3726583561.1
3726583562.1
3726583563.1
3726583564.1
3726583565.1
3726583566.1
3726583567.1
3726583568.1
3726583569.1
3726583570.1
3726583571.1
3726583572.1
3726583573.1
3726583574.1
3726583575.1
3726583576.1
3726583577.1
3726583578.1
3726583579.1
3726583580.1
3726583581.1
3726583582.1
3726583583.1
3726583584.1
3726583585.1
3726583586.1
3726583587.1
3726583588.1
3726583589.1
3726583590.1
3726583591.1
3726583592.1
3726583593.1
3726583594.1
3726583595.1
3726583596.1
3726583597.1
3726583598.1
3726583599.1
3726583600.1
3726583601.1
3726583602.1
3726583603.1
3726583604.1
3726583605.1
3726583606.1
3726583607.1
3726583608.1
3726583609.1
3726583610.1
3726583611.1
3726583612.1
3726583613.1
3726583614.1
3726583615.1
3726583616.1
3726583617.1
3726583618.1
3726583619.1
3726583620.1
3726583621.1
3726583622.1
3726583623.1
3726583624.1
3726583625.1
3726583626.1
3726583627.1
3726583628.1
3726583629.1
3726583630.1
3726583631.1
3726583632.1
3726583633.1
3726583634.1
3726583635.1
3726583636.1
3726583637.1
3726583638.1
3726583639.1
3726583640.1
3726583641.1
3726583642.1
3726583643.1
3726583644.1
3726583645.1
3726583646.1
3726583647.1
3726583648.1
3726583649.1
3726583650.1
3726583651.1
3726583652.1
3726583653.1
3726583654.1
3726583655.1
3726583656.1
3726583657.1
3726583658.1
3726583659.1
3726583660.1
3726583661.1
3726583662.1
3726583663.1
3726583664.1
3726583665.1
3726583666.1
3726583667.1
3726583668.1
3726583669.1
3726583670.1
3726583671.1
3726583672.1
3726583673.1
3726583674.1
3726583675.1
3726583676.1
3726583677.1
3726583678.1
3726583679.1
3726583680.1
3726583681.1
3726583682.1
3726583683.1
3726583684.1
3726583685.1
3726583686.1
3726583687.1
3726583688.1
3726583689.1
3726583690.1
3726583691.1
3726583692.1
3726583693.1
3726583694.1
3726583695.1
3726583696.1
3726583697.1
3726583698.1
3726583699.1
3726583700.1
3726583701.1
3726583702.1
3726583703.1
3726583704.1
3726583705.1
3726583706.1
3726583707.1
3726583708.1
3726583709.1
3726583710.1
3726583711.1
3726583712.1
3726583713.1
3726583714.1
3726583715.1
3726583716.1
3726583717.1
3726583718.1
3726583719.1
3726583720.1
3726583721.1
3726583722.1
3726583723.1
3726583724.1
3726583725.1
3726583726.1
3726583727.1
3726583728.1
3726583729.1
3726583730.1
3726583731.1
3726583732.1
3726583733.1
3726583734.1
3726583735.1
3726583736.1
3726583737.1
3726583738.1
3726583739.1
3726583740.1
3726583741.1
3726583742.1
3726583743.1
3726583744.1
3726583745.1
3726583746.1
3726583747.1
3726583748.1
3726583749.1
3726583750.1
3726583751.1
3726583752.1
3726583753.1
3726583754.1
3726583755.1
3726583756.1
3726583757.1
3726583758.1
3726583759.1
3726583760.1
3726583761.1
3726583762.1
3726583763.1
3726583764.1
3726583765.1
3726583766.1
3726583767.1
3726583768.1
3726583769.1
3726583770.1
3726583771.1
3726583772.1
3726583773.1
3726583774.1
3726583775.1
3726583776.1
3726583777.1
3726583778.1
3726583779.1
3726583780.1
3726583781.1
3726583782.1
3726583783.1
3726583784.1
3726583785.1
3726583786.1
3726583787.1
3726583788.1
3726583789.1
3726583790.1
3726583791.1
3726583792.1
3726583793.1
3726583794.1
3726583795.1
3726583796.1
3726583797.1
3726583798.1
3726583799.1
3726583800.1
3726583801.1
3726583802.1
3726583803.1
3726583804.1
3726583805.1
3726583806.1
3726583807.1
3726583808.1
3726583809.1
3726583810.1
3726583811.1
3726583812.1
3726583813.1
3726583814.1
3726583815.1
3726583816.1
3726583817.1
3726583818.1
3726583819.1
3726583820.1
3726583821.1
3726583822.1
3726583823.1
3726583824.1
3726583825.1
3726583826.1
3726583827.1
3726583828.1
3726583829.1
3726583830.1
3726583831.1
3726583832.1
3726583833.1
3726583834.1
3726583835.1
3726583836.1
3726583837.1
3726583838.1
3726583839.1
3726583840.1
3726583841.1
3726583842.1
3726583843.1
3726583844.1
3726583845.1
3726583846.1
3726583847.1
3726583848.1
3726583849.1
3726583850.1
3726583851.1
3726583852.1
3726583853.1
3726583854.1
3726583855.1
3726583856.1
3726583857.1
3726583858.1
3726583859.1
3726583860.1
3726583861.1
3726583862.1
3726583863.1
3726583864.1
3726583865.1
3726583866.1
3726583867.1
3726583868.1
3726583869.1
3726583870.1
3726583871.1
3726583872.1
3726583873.1
3726583874.1
3726583875.1
3726583876.1
3726583877.1
3726583878.1
3726583879.1
3726583880.1
3726583881.1
3726583882.1
3726583883.1
3726583884.1
3726583885.1
3726583886.1
3726583887.1
3726583888.1
3726583889.1
3726583890.1
3726583891.1
3726583892.1
3726583893.1
3726583894.1
3726583895.1
3726583896.1
3726583897.1
3726583898.1
3726583899.1
3726583900.1
3726583901.1
3726583902.1
3726583903.1
3726583904.1
3726583905.1
3726583906.1
3726583907.1
3726583908.1
3726583909.1
3726583910.1
3726583911.1
3726583912.1
3726583913.1
3726583914.1
3726583915.1
3726583916.1
3726583917.1
3726583918.1
3726583919.1
3726583920.1
3726583921.1
3726583922.1
3726583923.1
3726583924.1
3726583925.1
3726583926.1
3726583927.1
3726583928.1
3726583929.1
3726583930.1
3726583931.1
3726583932.1
3726583933.1
3726583934.1
3726583935.1
3726583936.1
3726583937.1
3726583938.1
3726583939.1
3726583940.1
3726583941.1
3726583942.1
3726583943.1
3726583944.1
3726583945.1
3726583946.1
3726583947.1
3726583948.1
3726583949.1
3726583950.1
3726583951.1
3726583952.1
3726583953.1
3726583954.1
3726583955.1
3726583956.1
3726583957.1
3726583958.1
3726583959.1
3726583960.1
3726583961.1
3726583962.1
3726583963.1
3726583964.1
3726583965.1
3726583966.1
3726583967.1
3726583968.1
3726583969.1
3726583970.1
3726583971.1
3726583972.1
3726583973.1
3726583974.1
3726583975.1
3726583976.1
3726583977.1
3726583978.1
3726583979.1
3726583980.1
3726583981.1
3726583982.1
3726583983.1
3726583984.1
3726583985.1
3726583986.1
3726583987.1
3726583988.1
3726583989.1
3726583990.1
3726583991.1
3726583992.1
3726583993.1
3726583994.1
3726583995.1
3726583996.1
3726583997.1
3726583998.1
3726583999.1
3726584000.1
3726584001.1
3726584002.1
3726584003.1
3726584004.1
3726584005.1
3726584006.1
3726584007.1
3726584008.1
3726584009.1
3726584010.1
3726584011.1
3726584012.1
3726584013.1
3726584014.1
3726584015.1
3726584016.1
3726584017.1
3726584018.1
3726584019.1
3726584020.1
3726584021.1
3726584022.1
3726584023.1
3726584024.1
3726584025.1
3726584026.1
3726584027.1
3726584028.1
3726584029.1
3726584030.1
3726584031.1
3726584032.1
3726584033.1
3726584034.1
3726584035.1
3726584036.1
3726584037.1
3726584038.1
3726584039.1
3726584040.1
3726584041.1
3726584042.1
3726584043.1
3726584044.1
3726584045.1
3726584046.1
3726584047.1
3726584048.1
3726584049.1
3726584050.1
3726584051.1
3726584052.1
3726584053.1
3726584054.1
3726584055.1
3726584056.1
3726584057.1
3726584058.1
3726584059.1
3726584060.1
3726584061.1
3726584062.1
3726584063.1
3726584064.1
3726584065.1
3726584066.1
3726584067.1
3726584068.1
3726584069.1
3726584070.1
3726584071.1
3726584072.1
3726584073.1
3726584074.1
3726584075.1
3726584076.1
3726584077.1
3726584078.1
3726584079.1
3726584080.1
3726584081.1
3726584082.1
3726584083.1
3726584084.1
3726584085.1
3726584086.1
3726584087.1
3726584088.1
3726584089.1
3726584090.1
3726584091.1
3726584092.1
3726584093.1
3726584094.1
3726584095.1
3726584096.1
3726584097.1
3726584098.1
3726584099.1
3726584100.1
3726584101.1
3726584102.1
3726584103.1
3726584104.1
3726584105.1
3726584106.1
3726584107.1
3726584108.1
3726584109.1
3726584110.1
3726584111.1
3726584112.1
3726584113.1
3726584114.1
3726584115.1
3726584116.1
3726584117.1
3726584118.1
3726584119.1
3726584120.1
3726584121.1
3726584122.1
3726584123.1
3726584124.1
3726584125.1
3726584126.1
3726584127.1
3726584128.1
3726584129.1
3726584130.1
3726584131.1
3726584132.1
3726584133.1
3726584134.1
3726584135.1
3726584136.1
3726584137.1
3726584138.1
3726584139.1
3726584140.1
3726584141.1
3726584142.1
3726584143.1
3726584144.1
3726584145.1
3726584146.1
3726584147.1
3726584148.1
3726584149.1
3726584150.1
3726584151.1
3726584152.1
3726584153.1
3726584154.1
3726584155.1
3726584156.1
3726584157.1
3726584158.1
3726584159.1
3726584160.1
3726584161.1
3726584162.1
3726584163.1
3726584164.1
3726584165.1
3726584166.1
3726584167.1
3726584168.1
3726584169.1
3726584170.1
3726584171.1
3726584172.1
3726584173.1
3726584174.1
3726584175.1
3726584176.1
3726584177.1
3726584178.1
3726584179.1
3726584180.1
3726584181.1
3726584182.1
3726584183.1
3726584184.1
3726584185.1
3726584186.1
3726584187.1
3726584188.1
3726584189.1
3726584190.1
3726584191.1
3726584192.1
3726584193.1
3726584194.1
3726584195.1
3726584196.1
3726584197.1
3726584198.1
3726584199.1
3726584200.1
3726584201.1
3726584202.1
3726584203.1
3726584204.1
3726584205.1
3726584206.1
3726584207.1
3726584208.1
3726584209.1
3726584210.1
3726584211.1
3726584212.1
3726584213.1
3726584214.1
3726584215.1
3726584216.1
3726584217.1
3726584218.1
3726584219.1
3726584220.1
3726584221.1
3726584222.1
3726584223.1
3726584224.1
3726584225.1
3726584226.1
3726584227.1
3726584228.1
3726584229.1
3726584230.1
3726584231.1
3726584232.1
3726584233.1
3726584234.1
3726584235.1
3726584236.1
3726584237.1
3726584238.1
3726584239.1
3726584240.1
3726584241.1
3726584242.1
3726584243.1
3726584244.1
3726584245.1
3726584246.1
3726584247.1
3726584248.1
3726584249.1
3726584250.1
3726584251.1
3726584252.1
3726584253.1
3726584254.1
3726584255.1
3726584256.1
3726584257.1
3726584258.1
3726584259.1
3726584260.1
3726584261.1
3726584262.1
3726584263.1
3726584264.1
3726584265.1
3726584266.1
3726584267.1
3726584268.1
3726584269.1
3726584270.1
3726584271.1
3726584272.1
3726584273.1
3726584274.1
3726584275.1
3726584276.1
3726584277.1
3726584278.1
3726584279.1
3726584280.1
3726584281.1
3726584282.1
3726584283.1
3726584284.1
3726584285.1
3726584286.1
3726584287.1
3726584288.1
3726584289.1
3726584290.1
3726584291.1
3726584292.1
3726584293.1
3726584294.1
3726584295.1
3726584296.1
3726584297.1
3726584298.1
3726584299.1
3726584300.1
3726584301.1
3726584302.1
3726584303.1
3726584304.1
3726584305.1
3726584306.1
3726584307.1
3726584308.1
3726584309.1
3726584310.1
3726584311.1
3726584312.1
3726584313.1
3726584314.1
3726584315.1
3726584316.1
3726584317.1
3726584318.1
3726584319.1
3726584320.1
3726584321.1
3726584322.1
3726584323.1
3726584324.1
3726584325.1
3726584326.1
3726584327.1
3726584328.1
3726584329.1
3726584330.1
3726584331.1
3726584332.1
3726584333.1
3726584334.1
3726584335.1
3726584336.1
3726584337.1
3726584338.1
3726584339.1
3726584340.1
3726584341.1
3726584342.1
3726584343.1
3726584344.1
3726584345.1
3726584346.1
3726584347.1
3726584348.1
3726584349.1
3726584350.1
3726584351.1
3726584352.1
3726584353.1
3726584354.1
3726584355.1
3726584356.1
3726584357.1
3726584358.1
3726584359.1
3726584360.1
3726584361.1
3726584362.1
3726584363.1
3726584364.1
3726584365.1
3726584366.1
3726584367.1
3726584368.1
3726584369.1
3726584370.1
3726584371.1
3726584372.1
3726584373.1
3726584374.1
3726584375.1
3726584376.1
3726584377.1
3726584378.1
3726584379.1
3726584380.1
3726584381.1
3726584382.1
3726584383.1
3726584384.1
3726584385.1
3726584386.1
3726584387.1
3726584388.1
3726584389.1
3726584390.1
3726584391.1
3726584392.1
3726584393.1
3726584394.1
3726584395.1
3726584396.1
3726584397.1
3726584398.1
3726584399.1
3726584400.1
3726584401.1
3726584402.1
3726584403.1
3726584404.1
3726584405.1
3726584406.1
3726584407.1
3726584408.1
3726584409.1
3726584410.1
3726584411.1
3726584412.1
3726584413.1
3726584414.1
3726584415.1
3726584416.1
3726584417.1
3726584418.1
3726584419.1
3726584420.1
3726584421.1
3726584422.1
3726584423.1
3726584424.1
3726584425.1
3726584426.1
3726584427.1
3726584428.1
3726584429.1
3726584430.1
3726584431.1
3726584432.1
3726584433.1
3726584434.1
3726584435.1
3726584436.1
3726584437.1
3726584438.1
3726584439.1
3726584440.1
3726584441.1
3726584442.1
3726584443.1
3726584444.1
3726584445.1
3726584446.1
3726584447.1
3726584448.1
3726584449.1
3726584450.1
3726584451.1
3726584452.1
3726584453.1
3726584454.1
3726584455.1
3726584456.1
3726584457.1
3726584458.1
3726584459.1
3726584460.1
3726584461.1
3726584462.1
3726584463.1
3726584464.1
