71519400
71529415
71539413
71549409
71559408
71569412
71579412
71589421
71599409
71609402
71619400
71629414
71639413
71649416
71659416
71669414
71679410
71689436
71699442
71709403
71719430
71729412
71739426
71749403
71759402
71769412
71779402
71789402
71799402
71809402
71819412
71829427
71839402
71849412
71859422
71869423
71879424
71889425
71899413
71909417
71919402
71929417
71939403
71949418
71959418
71969413
71979414
71989424
71999410
72009413
72019417
72029413
72039413
72049409
72059415
72069416
72079415
72089416
72099417
72109416
72119408
72129407
72139420
72149420
72159420
72169420
72179420
72189420
72199413
72209408
72219424
72229414
72239406
72249416
72259408
72269407
72279408
72289416
72299406
72309416
72319407
72329409
72339417
72349408
72359408
72369417
72379410
72389416
72399416
72409430
72419407
72429418
72439407
72449426
72459409
72469425
72479426
72489424
72499427
72509422
72519407
72529417
72539419
72549425
72559418
72569430
72579417
72589418
72599418
72609418
72619420
72629430
72639431
72649429
72659423
72669423
72679418
72689432
72699415
72709431
72719431
72729420
72739412
72749422
72759409
72769411
72779421
72789410
72799411
72809409
72819440
72829409
72839419
72849432
72859440
72869420
72879422
72889411
72899412
72909411
72919411
72929430
72939432
72949410
72959411
72969431
72979410
72989411
72999412
73009412
73019412
73029413
73039412
73049422
73059420
73069433
73079413
73089413
73099423
73109420
73119424
73129424
73139420
73149422
73159419
73169424
73179414
73189422
73199414
73209418
73219418
73229413
73239415
73249420
73259426
73269415
73279426
73289425
73299426
73309417
73319413
73329424
73339416
73349413
73359424
73369424
73379424
73389425
73399424
73409424
73419438
73429415
73439426
73449425
73459418
73469414
73479447
73489444
73499444
73509432
73519415
73529438
73539443
73549449
73559431
73569429
73579436
73589416
73599429
73609428
73619436
73629429
73639428
73649424
73659422
73669428
73679422
73689423
73699422
73709428
73719419
73729422
73739418
73749420
73759427
73769442
73779426
73789428
73799438
73809418
73819417
73829418
73839428
73849417
73859430
73869417
73879420
73889418
73899418
73909427
73919428
73929428
73939428
73949429
73959429
73969420
73979429
73989429
73999429
74009431
74019433
74029420
74039429
74049422
74059421
74069429
74079419
74089421
74099420
74109430
74119420
74129420
74139439
74149419
74159419
74169421
74179439
74189440
74199439
74209435
74219433
74229442
74239432
74249430
74259430
74269453
74279432
74289430
74299431
74309423
74319424
74329433
74339433
74349423
74359433
74369425
74379441
74389441
74399424
74409432
74419424
74429422
74439422
74449423
74459424
74469433
74479422
74489433
74499433
74509432
74519422
74529422
74539422
74549435
74559424
74569424
74579435
74589439
74599446
74609441
74619432
74629429
74639437
74649433
74659426
74669429
74679438
74689437
74699434
74709434
74719436
74729427
74739425
74749437
74759425
74769440
74779437
74789438
74799434
74809435
74819430
74829430
74839437
74849437
74859430
74869428
74879427
74889437
74899434
74909436
74919441
74929452
74939441
74949439
74959460
74969429
74979431
74989432
74999427
75009427
75019437
75029445
75039449
75049445
75059446
75069426
75079447
75089441
75099442
75109441
75119428
75129428
75139429
75149438
75159439
75169441
75179441
75189438
75199440
75209427
75219435
75229453
75239442
75249455
75259446
75269439
75279439
75289439
75299439
75309449
75319439
75329439
75339432
75349441
75359440
75369440
75379431
75389440
75399430
75409430
75419440
75429431
75439434
75449441
75459430
75469431
75479430
75489430
75499430
75509431
75519430
75529432
75539431
75549430
75559430
75569457
75579458
75589432
75599462
75609458
75619452
75629423
75639445
75649432
75659448
75669443
75679432
75689444
75699445
75709446
75719449
75729443
75739445
75749442
75759437
75769443
75779445
75789441
75799442
75809439
75819435
75829435
75839445
75849446
75859443
75869447
75879436
75889444
75899446
75909446
75919438
75929426
75939428
75949425
75959426
75969426
75979437
75989445
75999445
76009445
76019447
76029450
76039440
76049436
76059446
76069437
76079425
76089437
76099436
76109435
76119445
76129435
76139445
76149446
76159445
76169435
76179436
76189446
76199449
76209447
76219457
76229456
76239436
76249438
76259439
76269455
76279437
76289437
76299439
76309437
76319438
76329437
76339454
76349449
76359447
76369448
76379445
76389448
76399427
76409448
76419428
76429449
76439429
76449448
76459442
76469450
76479448
76489438
76499450
76509439
76519439
76529439
76539447
76549449
76559450
76569448
76579460
76589440
76599442
76609440
76619443
76629441
76639439
76649431
76659432
76669439
76679440
76689443
76699440
76709444
76719430
76729449
76739442
76749443
76759431
76769451
76779442
76789442
76799452
76809451
76819451
76829441
76839448
76849445
76859442
76869453
76879452
76889452
76899452
76909452
76919453
76929454
76939452
76949444
76959451
76969448
76979454
76989441
76999453
77009453
77019454
77029444
77039455
77049455
77059452
77069444
77079453
77089445
77099454
77109454
77119437
77129455
77139463
77149453
77159443
77169446
77179453
77189455
77199445
77209433
77219437
77229454
77239454
77249454
77259446
77269455
77279455
77289445
77299436
77309446
77319444
77329447
77339445
77349455
77359470
77369436
77379449
77389447
77399445
77409446
77419447
77429448
77439454
77449465
77459437
77469459
77479457
77489461
77499457
77509450
77519459
77529437
77539456
77549446
77559447
77569456
77579456
77589448
77599448
77609448
77619457
77629438
77639447
77649448
77659457
77669439
77679457
77689447
77699448
77709438
77719448
77729459
77739448
77749459
77759458
77769447
77779448
77789448
77799448
77809449
77819464
77829467
77839439
77849451
77859459
77869461
77879462
77889460
77899439
77909450
77919455
77929453
77939440
77949453
77959440
77969462
77979451
77989452
77999453
78009462
78019453
78029453
78039462
78049452
78059463
78069453
78079453
78089453
78099452
78109440
78119443
78129451
78139452
78149453
78159461
78169451
78179451
78189451
78199451
78209451
78219464
78229444
78239442
78249441
78259452
78269453
78279463
78289442
78299453
78309452
78319453
78329463
78339453
78349453
78359472
78369453
78379453
78389481
78399456
78409454
78419480
78429474
78439455
78449454
78459453
78469469
78479470
78489486
78499443
78509461
78519444
78529465
78539457
78549464
78559464
78569467
78579451
78589464
78599451
78609467
78619458
78629457
78639447
78649468
78659447
78669456
78679457
78689460
78699456
78709456
78719456
78729447
78739455
78749466
78759455
78769445
78779447
78789466
78799457
78809448
78819447
78829457
78839457
78849468
78859458
78869456
78879447
78889446
78899488
78909457
78919447
78929457
78939479
78949458
78959457
78969457
78979457
78989447
78999458
79009459
79019460
79029449
79039458
79049459
79059458
79069470
79079467
79089468
79099479
79109459
79119471
79129471
79139465
79149448
79159471
79169467
79179465
79189450
79199470
79209450
79219465
79229466
79239450
79249469
79259472
79269470
79279473
79289473
79299462
79309463
79319462
79329473
79339458
79349464
79359461
79369471
79379460
79389463
79399463
79409466
79419504
79429458
79439475
79449472
79459451
79469462
79479453
79489464
79499463
79509454
79519454
79529464
79539454
79549454
79559454
79569454
79579452
79589454
79599461
79609483
79619481
79629462
79639462
79649462
79659452
79669452
79679476
79689463
79699475
79709473
79719467
79729470
79739478
79749460
79759453
79769477
79779477
79789476
79799466
79809478
79819466
79829458
79839455
79849464
79859479
79869464
79879456
79889467
79899454
79909464
79919467
79929467
79939464
79949476
79959454
79969465
79979464
79989475
79999455
80009475
80019455
80029465
80039455
80049465
80059455
80069455
80079469
80089466
80099466
80109466
80119467
80129457
80139456
80149473
80159456
80169477
80179475
80189475
80199479
80209475
80219457
80229472
80239459
80249483
80259472
80269473
80279476
80289457
80299483
80309470
80319473
80329470
80339468
80349470
80359459
80369459
80379468
80389468
80399461
80409471
80419469
80429471
80439461
80449459
80459459
80469459
80479472
80489461
80499461
80509461
80519470
80529463
80539461
80549470
80559497
80569470
80579470
80589469
80599469
80609469
80619472
80629465
80639492
80649470
80659460
80669461
80679479
80689480
80699460
80709464
80719478
80729478
80739461
80749490
80759462
80769472
80779462
80789471
80799470
80809468
80819472
80829472
80839483
80849473
80859465
80869466
80879473
80889482
80899471
80909474
80919474
80929474
80939472
80949474
80959474
80969464
80979464
80989474
80999465
81009485
81019473
81029474
81039465
81049473
81059475
81069466
81079474
81089473
81099463
81109474
81119474
81129474
81139465
81149484
81159464
81169474
81179465
81189464
81199474
81209475
81219484
81229484
81239486
81249479
81259464
81269485
81279487
81289484
81299487
81309465
81319466
81329486
81339474
81349465
81359488
81369495
81379468
81389479
81399472
81409473
81419473
81429475
81439474
81449479
81459477
81469478
81479478
81489479
81499466
81509469
81519478
81529468
81539478
81549466
81559478
81569478
81579468
81589467
81599468
81609480
81619471
81629480
81639477
81649477
81659467
81669479
81679478
81689478
81699471
81709479
81719473
81729472
81739479
81749484
81759470
81769494
81779468
81789479
81799479
81809480
81819469
81829469
81839470
81849470
81859469
81869472
81879469
81889470
81899470
81909470
81919471
81929471
81939482
81949480
81959479
81969483
81979481
81989481
81999473
