(2022, 32, 650161015)
(2022, 32, 650171030)
(2022, 32, 650181028)
(2022, 32, 650191024)
(2022, 32, 650201023)
(2022, 32, 650211027)
(2022, 32, 650221027)
(2022, 32, 650231036)
(2022, 32, 650241024)
(2022, 32, 650251017)
(2022, 32, 650261015)
(2022, 32, 650271028)
(2022, 32, 650281027)
(2022, 32, 650291030)
(2022, 32, 650301030)
(2022, 32, 650311028)
(2022, 32, 650321024)
(2022, 32, 650331050)
(2022, 32, 650341056)
(2022, 32, 650351017)
(2022, 32, 650361044)
(2022, 32, 650371026)
(2022, 32, 650381040)
(2022, 32, 650391017)
(2022, 32, 650401016)
(2022, 32, 650411026)
(2022, 32, 650421015)
(2022, 32, 650431015)
(2022, 32, 650441015)
(2022, 32, 650451015)
(2022, 32, 650461025)
(2022, 32, 650471040)
(2022, 32, 650481015)
(2022, 32, 650491025)
(2022, 32, 650501035)
(2022, 32, 650511036)
(2022, 32, 650521037)
(2022, 32, 650531038)
(2022, 32, 650541026)
(2022, 32, 650551030)
(2022, 32, 650561015)
(2022, 32, 650571030)
(2022, 32, 650581015)
(2022, 32, 650591030)
(2022, 32, 650601030)
(2022, 32, 650611025)
(2022, 32, 650621026)
(2022, 32, 650631036)
(2022, 32, 650641022)
(2022, 32, 650651025)
(2022, 32, 650661029)
(2022, 32, 650671025)
(2022, 32, 650681025)
(2022, 32, 650691021)
(2022, 32, 650701027)
(2022, 32, 650711028)
(2022, 32, 650721027)
(2022, 32, 650731028)
(2022, 32, 650741028)
(2022, 32, 650751027)
(2022, 32, 650761019)
(2022, 32, 650771018)
(2022, 32, 650781031)
(2022, 32, 650791031)
(2022, 32, 650801031)
(2022, 32, 650811031)
(2022, 32, 650821031)
(2022, 32, 650831031)
(2022, 32, 650841024)
(2022, 32, 650851019)
(2022, 32, 650861035)
(2022, 32, 650871025)
(2022, 32, 650881017)
(2022, 32, 650891026)
(2022, 32, 650901018)
(2022, 32, 650911017)
(2022, 32, 650921018)
(2022, 32, 650931026)
(2022, 32, 650941016)
(2022, 32, 650951026)
(2022, 32, 650961017)
(2022, 32, 650971019)
(2022, 32, 650981027)
(2022, 32, 650991018)
(2022, 32, 651001018)
(2022, 32, 651011027)
(2022, 32, 651021020)
(2022, 32, 651031026)
(2022, 32, 651041025)
(2022, 32, 651051039)
(2022, 32, 651061016)
(2022, 32, 651071027)
(2022, 32, 651081016)
(2022, 32, 651091035)
(2022, 32, 651101018)
(2022, 32, 651111034)
(2022, 32, 651121035)
(2022, 32, 651131033)
(2022, 32, 651141036)
(2022, 32, 651151031)
(2022, 32, 651161016)
(2022, 32, 651171026)
(2022, 32, 651181028)
(2022, 32, 651191034)
(2022, 32, 651201026)
(2022, 32, 651211038)
(2022, 32, 651221025)
(2022, 32, 651231026)
(2022, 32, 651241026)
(2022, 32, 651251026)
(2022, 32, 651261028)
(2022, 32, 651271038)
(2022, 32, 651281039)
(2022, 32, 651291037)
(2022, 32, 651301031)
(2022, 32, 651311031)
(2022, 32, 651321026)
(2022, 32, 651331040)
(2022, 32, 651341023)
(2022, 32, 651351039)
(2022, 32, 651361038)
(2022, 32, 651371027)
(2022, 32, 651381019)
(2022, 32, 651391029)
(2022, 32, 651401016)
(2022, 32, 651411018)
(2022, 32, 651421028)
(2022, 32, 651431017)
(2022, 32, 651441018)
(2022, 32, 651451016)
(2022, 32, 651461047)
(2022, 32, 651471016)
(2022, 32, 651481026)
(2022, 32, 651491039)
(2022, 32, 651501047)
(2022, 32, 651511026)
(2022, 32, 651521028)
(2022, 32, 651531017)
(2022, 32, 651541018)
(2022, 32, 651551017)
(2022, 32, 651561017)
(2022, 32, 651571036)
(2022, 32, 651581038)
(2022, 32, 651591016)
(2022, 32, 651601017)
(2022, 32, 651611037)
(2022, 32, 651621016)
(2022, 32, 651631017)
(2022, 32, 651641018)
(2022, 32, 651651018)
(2022, 32, 651661018)
(2022, 32, 651671018)
(2022, 32, 651681017)
(2022, 32, 651691027)
(2022, 32, 651701025)
(2022, 32, 651711038)
(2022, 32, 651721018)
(2022, 32, 651731018)
(2022, 32, 651741028)
(2022, 32, 651751025)
(2022, 32, 651761029)
(2022, 32, 651771029)
(2022, 32, 651781025)
(2022, 32, 651791027)
(2022, 32, 651801024)
(2022, 32, 651811029)
(2022, 32, 651821018)
(2022, 32, 651831026)
(2022, 32, 651841018)
(2022, 32, 651851022)
(2022, 32, 651861022)
(2022, 32, 651871017)
(2022, 32, 651881019)
(2022, 32, 651891024)
(2022, 32, 651901030)
(2022, 32, 651911019)
(2022, 32, 651921030)
(2022, 32, 651931029)
(2022, 32, 651941030)
(2022, 32, 651951021)
(2022, 32, 651961017)
(2022, 32, 651971028)
(2022, 32, 651981019)
(2022, 32, 651991016)
(2022, 32, 652001027)
(2022, 32, 652011027)
(2022, 32, 652021027)
(2022, 32, 652031028)
(2022, 32, 652041027)
(2022, 32, 652051027)
(2022, 32, 652061041)
(2022, 32, 652071018)
(2022, 32, 652081029)
(2022, 32, 652091028)
(2022, 32, 652101021)
(2022, 32, 652111017)
(2022, 32, 652121049)
(2022, 32, 652131046)
(2022, 32, 652141046)
(2022, 32, 652151034)
(2022, 32, 652161017)
(2022, 32, 652171040)
(2022, 32, 652181045)
(2022, 32, 652191051)
(2022, 32, 652201033)
(2022, 32, 652211031)
(2022, 32, 652221038)
(2022, 32, 652231018)
(2022, 32, 652241031)
(2022, 32, 652251030)
(2022, 32, 652261038)
(2022, 32, 652271031)
(2022, 32, 652281030)
(2022, 32, 652291025)
(2022, 32, 652301023)
(2022, 32, 652311029)
(2022, 32, 652321023)
(2022, 32, 652331024)
(2022, 32, 652341023)
(2022, 32, 652351029)
(2022, 32, 652361020)
(2022, 32, 652371023)
(2022, 32, 652381019)
(2022, 32, 652391021)
(2022, 32, 652401028)
(2022, 32, 652411043)
(2022, 32, 652421027)
(2022, 32, 652431029)
(2022, 32, 652441038)
(2022, 32, 652451018)
(2022, 32, 652461017)
(2022, 32, 652471018)
(2022, 32, 652481028)
(2022, 32, 652491017)
(2022, 32, 652501030)
(2022, 32, 652511017)
(2022, 32, 652521020)
(2022, 32, 652531018)
(2022, 32, 652541018)
(2022, 32, 652551027)
(2022, 32, 652561028)
(2022, 32, 652571028)
(2022, 32, 652581028)
(2022, 32, 652591029)
(2022, 32, 652601028)
(2022, 32, 652611019)
(2022, 32, 652621028)
(2022, 32, 652631028)
(2022, 32, 652641028)
(2022, 32, 652651030)
(2022, 32, 652661032)
(2022, 32, 652671019)
(2022, 32, 652681028)
(2022, 32, 652691021)
(2022, 32, 652701020)
(2022, 32, 652711028)
(2022, 32, 652721018)
(2022, 32, 652731020)
(2022, 32, 652741019)
(2022, 32, 652751028)
(2022, 32, 652761018)
(2022, 32, 652771018)
(2022, 32, 652781037)
(2022, 32, 652791017)
(2022, 32, 652801017)
(2022, 32, 652811019)
(2022, 32, 652821037)
(2022, 32, 652831038)
(2022, 32, 652841037)
(2022, 32, 652851033)
(2022, 32, 652861031)
(2022, 32, 652871040)
(2022, 32, 652881030)
(2022, 32, 652891028)
(2022, 32, 652901027)
(2022, 32, 652911050)
(2022, 32, 652921029)
(2022, 32, 652931027)
(2022, 32, 652941028)
(2022, 32, 652951020)
(2022, 32, 652961021)
(2022, 32, 652971030)
(2022, 32, 652981030)
(2022, 32, 652991020)
(2022, 32, 653001030)
(2022, 32, 653011022)
(2022, 32, 653021038)
(2022, 32, 653031038)
(2022, 32, 653041021)
(2022, 32, 653051029)
(2022, 32, 653061020)
(2022, 32, 653071018)
(2022, 32, 653081018)
(2022, 32, 653091019)
(2022, 32, 653101020)
(2022, 32, 653111029)
(2022, 32, 653121018)
(2022, 32, 653131029)
(2022, 32, 653141029)
(2022, 32, 653151028)
(2022, 32, 653161018)
(2022, 32, 653171018)
(2022, 32, 653181018)
(2022, 32, 653191031)
(2022, 32, 653201020)
(2022, 32, 653211020)
(2022, 32, 653221030)
(2022, 32, 653231034)
(2022, 32, 653241041)
(2022, 32, 653251036)
(2022, 32, 653261027)
(2022, 32, 653271024)
(2022, 32, 653281032)
(2022, 32, 653291028)
(2022, 32, 653301021)
(2022, 32, 653311024)
(2022, 32, 653321033)
(2022, 32, 653331032)
(2022, 32, 653341029)
(2022, 32, 653351029)
(2022, 32, 653361031)
(2022, 32, 653371021)
(2022, 32, 653381019)
(2022, 32, 653391031)
(2022, 32, 653401019)
(2022, 32, 653411034)
(2022, 32, 653421031)
(2022, 32, 653431032)
(2022, 32, 653441028)
(2022, 32, 653451029)
(2022, 32, 653461024)
(2022, 32, 653471024)
(2022, 32, 653481031)
(2022, 32, 653491031)
(2022, 32, 653501024)
(2022, 32, 653511022)
(2022, 32, 653521021)
(2022, 32, 653531030)
(2022, 32, 653541027)
(2022, 32, 653551029)
(2022, 32, 653561034)
(2022, 32, 653571045)
(2022, 32, 653581034)
(2022, 32, 653591032)
(2022, 32, 653601053)
(2022, 32, 653611022)
(2022, 32, 653621024)
(2022, 32, 653631025)
(2022, 32, 653641020)
(2022, 32, 653651020)
(2022, 32, 653661030)
(2022, 32, 653671038)
(2022, 32, 653681041)
(2022, 32, 653691037)
(2022, 32, 653701038)
(2022, 32, 653711018)
(2022, 32, 653721039)
(2022, 32, 653731033)
(2022, 32, 653741034)
(2022, 32, 653751033)
(2022, 32, 653761020)
(2022, 32, 653771020)
(2022, 32, 653781021)
(2022, 32, 653791030)
(2022, 32, 653801031)
(2022, 32, 653811033)
(2022, 32, 653821033)
(2022, 32, 653831030)
(2022, 32, 653841031)
(2022, 32, 653851018)
(2022, 32, 653861026)
(2022, 32, 653871044)
(2022, 32, 653881033)
(2022, 32, 653891046)
(2022, 32, 653901037)
(2022, 32, 653911030)
(2022, 32, 653921030)
(2022, 32, 653931030)
(2022, 32, 653941030)
(2022, 32, 653951040)
(2022, 32, 653961030)
(2022, 32, 653971030)
(2022, 32, 653981022)
(2022, 32, 653991031)
(2022, 32, 654001030)
(2022, 32, 654011030)
(2022, 32, 654021021)
(2022, 32, 654031030)
(2022, 32, 654041020)
(2022, 32, 654051020)
(2022, 32, 654061030)
(2022, 32, 654071021)
(2022, 32, 654081024)
(2022, 32, 654091031)
(2022, 32, 654101020)
(2022, 32, 654111021)
(2022, 32, 654121020)
(2022, 32, 654131020)
(2022, 32, 654141020)
(2022, 32, 654151020)
(2022, 32, 654161019)
(2022, 32, 654171021)
(2022, 32, 654181020)
(2022, 32, 654191019)
(2022, 32, 654201019)
(2022, 32, 654211046)
(2022, 32, 654221047)
(2022, 32, 654231021)
(2022, 32, 654241051)
(2022, 32, 654251047)
(2022, 32, 654261041)
(2022, 32, 654271012)
(2022, 32, 654281034)
(2022, 32, 654291021)
(2022, 32, 654301036)
(2022, 32, 654311031)
(2022, 32, 654321020)
(2022, 32, 654331032)
(2022, 32, 654341033)
(2022, 32, 654351034)
(2022, 32, 654361037)
(2022, 32, 654371031)
(2022, 32, 654381033)
(2022, 32, 654391030)
(2022, 32, 654401025)
(2022, 32, 654411031)
(2022, 32, 654421033)
(2022, 32, 654431029)
(2022, 32, 654441030)
(2022, 32, 654451026)
(2022, 32, 654461022)
(2022, 32, 654471022)
(2022, 32, 654481032)
(2022, 32, 654491033)
(2022, 32, 654501030)
(2022, 32, 654511034)
(2022, 32, 654521023)
(2022, 32, 654531031)
(2022, 32, 654541033)
(2022, 32, 654551033)
(2022, 32, 654561025)
(2022, 32, 654571013)
(2022, 32, 654581015)
(2022, 32, 654591012)
(2022, 32, 654601012)
(2022, 32, 654611012)
(2022, 32, 654621023)
(2022, 32, 654631031)
(2022, 32, 654641031)
(2022, 32, 654651031)
(2022, 32, 654661033)
(2022, 32, 654671036)
(2022, 32, 654681026)
(2022, 32, 654691022)
(2022, 32, 654701032)
(2022, 32, 654711023)
(2022, 32, 654721011)
(2022, 32, 654731023)
(2022, 32, 654741022)
(2022, 32, 654751021)
(2022, 32, 654761031)
(2022, 32, 654771020)
(2022, 32, 654781030)
(2022, 32, 654791031)
(2022, 32, 654801030)
(2022, 32, 654811020)
(2022, 32, 654821021)
(2022, 32, 654831031)
(2022, 32, 654841034)
(2022, 32, 654851032)
(2022, 32, 654861042)
(2022, 32, 654871041)
(2022, 32, 654881021)
(2022, 32, 654891023)
(2022, 32, 654901024)
(2022, 32, 654911040)
(2022, 32, 654921021)
(2022, 32, 654931021)
(2022, 32, 654941023)
(2022, 32, 654951021)
(2022, 32, 654961022)
(2022, 32, 654971021)
(2022, 32, 654981038)
(2022, 32, 654991033)
(2022, 32, 655001031)
(2022, 32, 655011032)
(2022, 32, 655021029)
(2022, 32, 655031032)
(2022, 32, 655041011)
(2022, 32, 655051032)
(2022, 32, 655061012)
(2022, 32, 655071032)
(2022, 32, 655081012)
(2022, 32, 655091031)
(2022, 32, 655101025)
(2022, 32, 655111033)
(2022, 32, 655121031)
(2022, 32, 655131021)
(2022, 32, 655141033)
(2022, 32, 655151022)
(2022, 32, 655161022)
(2022, 32, 655171022)
(2022, 32, 655181030)
(2022, 32, 655191032)
(2022, 32, 655201033)
(2022, 32, 655211031)
(2022, 32, 655221042)
(2022, 32, 655231022)
(2022, 32, 655241024)
(2022, 32, 655251022)
(2022, 32, 655261025)
(2022, 32, 655271023)
(2022, 32, 655281021)
(2022, 32, 655291013)
(2022, 32, 655301014)
(2022, 32, 655311021)
(2022, 32, 655321022)
(2022, 32, 655331025)
(2022, 32, 655341022)
(2022, 32, 655351026)
(2022, 32, 655361012)
(2022, 32, 655371031)
(2022, 32, 655381023)
(2022, 32, 655391024)
(2022, 32, 655401012)
(2022, 32, 655411032)
(2022, 32, 655421023)
(2022, 32, 655431023)
(2022, 32, 655441033)
(2022, 32, 655451032)
(2022, 32, 655461032)
(2022, 32, 655471022)
(2022, 32, 655481029)
(2022, 32, 655491026)
(2022, 32, 655501023)
(2022, 32, 655511034)
(2022, 32, 655521033)
(2022, 32, 655531032)
(2022, 32, 655541032)
(2022, 32, 655551032)
(2022, 32, 655561033)
(2022, 32, 655571034)
(2022, 32, 655581032)
(2022, 32, 655591024)
(2022, 32, 655601031)
(2022, 32, 655611028)
(2022, 32, 655621034)
(2022, 32, 655631021)
(2022, 32, 655641033)
(2022, 32, 655651033)
(2022, 32, 655661034)
(2022, 32, 655671024)
(2022, 32, 655681035)
(2022, 32, 655691034)
(2022, 32, 655701031)
(2022, 32, 655711023)
(2022, 32, 655721032)
(2022, 32, 655731024)
(2022, 32, 655741033)
(2022, 32, 655751033)
(2022, 32, 655761016)
(2022, 32, 655771034)
(2022, 32, 655781042)
(2022, 32, 655791032)
(2022, 32, 655801022)
(2022, 32, 655811025)
(2022, 32, 655821032)
(2022, 32, 655831034)
(2022, 32, 655841023)
(2022, 32, 655851011)
(2022, 32, 655861015)
(2022, 32, 655871032)
(2022, 32, 655881032)
(2022, 32, 655891032)
(2022, 32, 655901024)
(2022, 32, 655911033)
(2022, 32, 655921033)
(2022, 32, 655931023)
(2022, 32, 655941014)
(2022, 32, 655951024)
(2022, 32, 655961022)
(2022, 32, 655971025)
(2022, 32, 655981023)
(2022, 32, 655991033)
(2022, 32, 656001047)
(2022, 32, 656011013)
(2022, 32, 656021026)
(2022, 32, 656031024)
(2022, 32, 656041022)
(2022, 32, 656051023)
(2022, 32, 656061024)
(2022, 32, 656071025)
(2022, 32, 656081031)
(2022, 32, 656091042)
(2022, 32, 656101014)
(2022, 32, 656111036)
(2022, 32, 656121034)
(2022, 32, 656131038)
(2022, 32, 656141034)
(2022, 32, 656151027)
(2022, 32, 656161035)
(2022, 32, 656171013)
(2022, 32, 656181032)
(2022, 32, 656191022)
(2022, 32, 656201023)
(2022, 32, 656211032)
(2022, 32, 656221032)
(2022, 32, 656231024)
(2022, 32, 656241024)
(2022, 32, 656251024)
(2022, 32, 656261033)
(2022, 32, 656271014)
(2022, 32, 656281023)
(2022, 32, 656291024)
(2022, 32, 656301033)
(2022, 32, 656311014)
(2022, 32, 656321032)
(2022, 32, 656331022)
(2022, 32, 656341023)
(2022, 32, 656351013)
(2022, 32, 656361023)
(2022, 32, 656371034)
(2022, 32, 656381023)
(2022, 32, 656391034)
(2022, 32, 656401033)
(2022, 32, 656411022)
(2022, 32, 656421023)
(2022, 32, 656431023)
(2022, 32, 656441023)
(2022, 32, 656451024)
(2022, 32, 656461039)
(2022, 32, 656471041)
(2022, 32, 656481013)
(2022, 32, 656491025)
(2022, 32, 656501033)
(2022, 32, 656511035)
(2022, 32, 656521036)
(2022, 32, 656531034)
(2022, 32, 656541013)
(2022, 32, 656551024)
(2022, 32, 656561029)
(2022, 32, 656571027)
(2022, 32, 656581014)
(2022, 32, 656591027)
(2022, 32, 656601014)
(2022, 32, 656611036)
(2022, 32, 656621024)
(2022, 32, 656631025)
(2022, 32, 656641026)
(2022, 32, 656651035)
(2022, 32, 656661026)
(2022, 32, 656671026)
(2022, 32, 656681035)
(2022, 32, 656691025)
(2022, 32, 656701036)
(2022, 32, 656711026)
(2022, 32, 656721026)
(2022, 32, 656731026)
(2022, 32, 656741025)
(2022, 32, 656751013)
(2022, 32, 656761016)
(2022, 32, 656771023)
(2022, 32, 656781024)
(2022, 32, 656791025)
(2022, 32, 656801033)
(2022, 32, 656811023)
(2022, 32, 656821023)
(2022, 32, 656831023)
(2022, 32, 656841023)
(2022, 32, 656851023)
(2022, 32, 656861036)
(2022, 32, 656871016)
(2022, 32, 656881014)
(2022, 32, 656891013)
(2022, 32, 656901024)
(2022, 32, 656911025)
(2022, 32, 656921035)
(2022, 32, 656931013)
(2022, 32, 656941024)
(2022, 32, 656951023)
(2022, 32, 656961024)
(2022, 32, 656971034)
(2022, 32, 656981024)
(2022, 32, 656991024)
(2022, 32, 657001043)
(2022, 32, 657011024)
(2022, 32, 657021024)
(2022, 32, 657031052)
(2022, 32, 657041027)
(2022, 32, 657051025)
(2022, 32, 657061051)
(2022, 32, 657071045)
(2022, 32, 657081025)
(2022, 32, 657091024)
(2022, 32, 657101023)
(2022, 32, 657111039)
(2022, 32, 657121040)
(2022, 32, 657131056)
(2022, 32, 657141013)
(2022, 32, 657151031)
(2022, 32, 657161014)
(2022, 32, 657171035)
(2022, 32, 657181027)
(2022, 32, 657191034)
(2022, 32, 657201034)
(2022, 32, 657211037)
(2022, 32, 657221021)
(2022, 32, 657231034)
(2022, 32, 657241020)
(2022, 32, 657251036)
(2022, 32, 657261027)
(2022, 32, 657271026)
(2022, 32, 657281016)
(2022, 32, 657291037)
(2022, 32, 657301016)
(2022, 32, 657311025)
(2022, 32, 657321026)
(2022, 32, 657331029)
(2022, 32, 657341025)
(2022, 32, 657351025)
(2022, 32, 657361025)
(2022, 32, 657371016)
(2022, 32, 657381024)
(2022, 32, 657391034)
(2022, 32, 657401023)
(2022, 32, 657411013)
(2022, 32, 657421015)
(2022, 32, 657431034)
(2022, 32, 657441025)
(2022, 32, 657451016)
(2022, 32, 657461015)
(2022, 32, 657471025)
(2022, 32, 657481025)
(2022, 32, 657491036)
(2022, 32, 657501026)
(2022, 32, 657511024)
(2022, 32, 657521015)
(2022, 32, 657531014)
(2022, 32, 657541056)
(2022, 32, 657551024)
(2022, 32, 657561014)
(2022, 32, 657571024)
(2022, 32, 657581046)
(2022, 32, 657591025)
(2022, 32, 657601024)
(2022, 32, 657611024)
(2022, 32, 657621024)
(2022, 32, 657631014)
(2022, 32, 657641025)
(2022, 32, 657651026)
(2022, 32, 657661027)
(2022, 32, 657671016)
(2022, 32, 657681025)
(2022, 32, 657691026)
(2022, 32, 657701024)
(2022, 32, 657711036)
(2022, 32, 657721033)
(2022, 32, 657731034)
(2022, 32, 657741045)
(2022, 32, 657751025)
(2022, 32, 657761037)
(2022, 32, 657771037)
(2022, 32, 657781031)
(2022, 32, 657791014)
(2022, 32, 657801037)
(2022, 32, 657811033)
(2022, 32, 657821031)
(2022, 32, 657831016)
(2022, 32, 657841036)
(2022, 32, 657851016)
(2022, 32, 657861030)
(2022, 32, 657871031)
(2022, 32, 657881015)
(2022, 32, 657891034)
(2022, 32, 657901037)
(2022, 32, 657911035)
(2022, 32, 657921038)
(2022, 32, 657931038)
(2022, 32, 657941027)
(2022, 32, 657951028)
(2022, 32, 657961027)
(2022, 32, 657971038)
(2022, 32, 657981023)
(2022, 32, 657991029)
(2022, 32, 658001026)
(2022, 32, 658011035)
(2022, 32, 658021024)
(2022, 32, 658031027)
(2022, 32, 658041027)
(2022, 32, 658051030)
(2022, 32, 658061068)
(2022, 32, 658071022)
(2022, 32, 658081039)
(2022, 32, 658091036)
(2022, 32, 658101015)
(2022, 32, 658111026)
(2022, 32, 658121017)
(2022, 32, 658131028)
(2022, 32, 658141027)
(2022, 32, 658151018)
(2022, 32, 658161018)
(2022, 32, 658171027)
(2022, 32, 658181017)
(2022, 32, 658191017)
(2022, 32, 658201017)
(2022, 32, 658211017)
(2022, 32, 658221015)
(2022, 32, 658231017)
(2022, 32, 658241024)
(2022, 32, 658251046)
(2022, 32, 658261044)
(2022, 32, 658271025)
(2022, 32, 658281025)
(2022, 32, 658291025)
(2022, 32, 658301015)
(2022, 32, 658311015)
(2022, 32, 658321039)
(2022, 32, 658331025)
(2022, 32, 658341037)
(2022, 32, 658351035)
(2022, 32, 658361029)
(2022, 32, 658371032)
(2022, 32, 658381040)
(2022, 32, 658391022)
(2022, 32, 658401015)
(2022, 32, 658411039)
(2022, 32, 658421039)
(2022, 32, 658431038)
(2022, 32, 658441028)
(2022, 32, 658451040)
(2022, 32, 658461028)
(2022, 32, 658471020)
(2022, 32, 658481016)
(2022, 32, 658491025)
(2022, 32, 658501040)
(2022, 32, 658511025)
(2022, 32, 658521017)
(2022, 32, 658531028)
(2022, 32, 658541015)
(2022, 32, 658551025)
(2022, 32, 658561028)
(2022, 32, 658571028)
(2022, 32, 658581025)
(2022, 32, 658591037)
(2022, 32, 658601015)
(2022, 32, 658611026)
(2022, 32, 658621025)
(2022, 32, 658631035)
(2022, 32, 658641015)
(2022, 32, 658651035)
(2022, 32, 658661015)
(2022, 32, 658671025)
(2022, 32, 658681015)
(2022, 32, 658691025)
(2022, 32, 658701015)
(2022, 32, 658711015)
(2022, 32, 658721029)
(2022, 32, 658731026)
(2022, 32, 658741026)
(2022, 32, 658751026)
(2022, 32, 658761027)
(2022, 32, 658771017)
(2022, 32, 658781016)
(2022, 32, 658791032)
(2022, 32, 658801015)
(2022, 32, 658811036)
(2022, 32, 658821034)
(2022, 32, 658831034)
(2022, 32, 658841038)
(2022, 32, 658851034)
(2022, 32, 658861016)
(2022, 32, 658871031)
(2022, 32, 658881018)
(2022, 32, 658891042)
(2022, 32, 658901031)
(2022, 32, 658911032)
(2022, 32, 658921035)
(2022, 32, 658931016)
(2022, 32, 658941041)
(2022, 32, 658951028)
(2022, 32, 658961031)
(2022, 32, 658971028)
(2022, 32, 658981026)
(2022, 32, 658991028)
(2022, 32, 659001017)
(2022, 32, 659011017)
(2022, 32, 659021026)
(2022, 32, 659031026)
(2022, 32, 659041019)
(2022, 32, 659051029)
(2022, 32, 659061027)
(2022, 32, 659071029)
(2022, 32, 659081019)
(2022, 32, 659091017)
(2022, 32, 659101016)
(2022, 32, 659111016)
(2022, 32, 659121029)
(2022, 32, 659131018)
(2022, 32, 659141018)
(2022, 32, 659151018)
(2022, 32, 659161027)
(2022, 32, 659171020)
(2022, 32, 659181018)
(2022, 32, 659191027)
(2022, 32, 659201054)
(2022, 32, 659211027)
(2022, 32, 659221027)
(2022, 32, 659231026)
(2022, 32, 659241026)
(2022, 32, 659251025)
(2022, 32, 659261028)
(2022, 32, 659271021)
(2022, 32, 659281048)
(2022, 32, 659291026)
(2022, 32, 659301016)
(2022, 32, 659311017)
(2022, 32, 659321035)
(2022, 32, 659331036)
(2022, 32, 659341016)
(2022, 32, 659351020)
(2022, 32, 659361034)
(2022, 32, 659371034)
(2022, 32, 659381017)
(2022, 32, 659391046)
(2022, 32, 659401018)
(2022, 32, 659411027)
(2022, 32, 659421017)
(2022, 32, 659431026)
(2022, 32, 659441025)
(2022, 32, 659451023)
(2022, 32, 659461027)
(2022, 32, 659471027)
(2022, 32, 659481038)
(2022, 32, 659491028)
(2022, 32, 659501020)
(2022, 32, 659511021)
(2022, 32, 659521028)
(2022, 32, 659531037)
(2022, 32, 659541026)
(2022, 32, 659551029)
(2022, 32, 659561029)
(2022, 32, 659571028)
(2022, 32, 659581026)
(2022, 32, 659591028)
(2022, 32, 659601028)
(2022, 32, 659611018)
(2022, 32, 659621018)
(2022, 32, 659631028)
(2022, 32, 659641019)
(2022, 32, 659651039)
(2022, 32, 659661027)
(2022, 32, 659671028)
(2022, 32, 659681019)
(2022, 32, 659691027)
(2022, 32, 659701029)
(2022, 32, 659711020)
(2022, 32, 659721027)
(2022, 32, 659731026)
(2022, 32, 659741016)
(2022, 32, 659751027)
(2022, 32, 659761027)
(2022, 32, 659771027)
(2022, 32, 659781018)
(2022, 32, 659791037)
(2022, 32, 659801017)
(2022, 32, 659811027)
(2022, 32, 659821018)
(2022, 32, 659831017)
(2022, 32, 659841027)
(2022, 32, 659851028)
(2022, 32, 659861037)
(2022, 32, 659871036)
(2022, 32, 659881038)
(2022, 32, 659891031)
(2022, 32, 659901016)
(2022, 32, 659911037)
(2022, 32, 659921039)
(2022, 32, 659931036)
(2022, 32, 659941039)
(2022, 32, 659951017)
(2022, 32, 659961018)
(2022, 32, 659971038)
(2022, 32, 659981026)
(2022, 32, 659991017)
(2022, 32, 660001040)
(2022, 32, 660011047)
(2022, 32, 660021020)
(2022, 32, 660031030)
(2022, 32, 660041023)
(2022, 32, 660051024)
(2022, 32, 660061024)
(2022, 32, 660071026)
(2022, 32, 660081025)
(2022, 32, 660091030)
(2022, 32, 660101028)
(2022, 32, 660111029)
(2022, 32, 660121029)
(2022, 32, 660131030)
(2022, 32, 660141017)
(2022, 32, 660151020)
(2022, 32, 660161029)
(2022, 32, 660171019)
(2022, 32, 660181028)
(2022, 32, 660191016)
(2022, 32, 660201028)
(2022, 32, 660211028)
(2022, 32, 660221018)
(2022, 32, 660231017)
(2022, 32, 660241018)
(2022, 32, 660251030)
(2022, 32, 660261021)
(2022, 32, 660271030)
(2022, 32, 660281027)
(2022, 32, 660291027)
(2022, 32, 660301017)
(2022, 32, 660311029)
(2022, 32, 660321028)
(2022, 32, 660331028)
(2022, 32, 660341020)
(2022, 32, 660351028)
(2022, 32, 660361022)
(2022, 32, 660371021)
(2022, 32, 660381028)
(2022, 32, 660391033)
(2022, 32, 660401019)
(2022, 32, 660411043)
(2022, 32, 660421017)
(2022, 32, 660431028)
(2022, 32, 660441028)
(2022, 32, 660451029)
(2022, 32, 660461018)
(2022, 32, 660471018)
(2022, 32, 660481019)
(2022, 32, 660491018)
(2022, 32, 660501017)
(2022, 32, 660511020)
(2022, 32, 660521017)
(2022, 32, 660531018)
(2022, 32, 660541018)
(2022, 32, 660551018)
(2022, 32, 660561019)
(2022, 32, 660571019)
(2022, 32, 660581030)
(2022, 32, 660591028)
(2022, 32, 660601027)
(2022, 32, 660611031)
(2022, 32, 660621029)
(2022, 32, 660631029)
(2022, 32, 660641021)
