-1.5900000334
-1.4400000572
-1.4400000572
-1.0199999809
-0.94999998808
-1.2000000477
-1.3999999762
-1.2200000286
-1.4500000477
-1.3300000429
-0.99000000954
-0.94999998808
-0.75
-0.68000000715
-0.61000001431
-0.57999998331
-0.49000000954
-0.56999999285
-0.58999997377
-0.58999997377
-0.63999998569
-0.74000000954
-0.99000000954
-1.1200000048
-1.0099999905
-0.80000001192
-0.62999999523
-0.37000000477
-0.30000001192
-0.070000000298
0.019999999553
-0.0099999997765
0.23999999464
0.43000000715
0.40000000596
0.82999998331
1.7200000286
2.0099999905
2.1099998951
2.2699999809
2.2599999905
2.2100000381
2.1099998951
1.9400000572
1.9500000477
2.0199999809
1.9900000095
1.8799999952
1.8300000429
1.8099999428
1.8099999428
1.6599999666
1.5800000429
1.4099999666
1.3200000525
1.0900000334
0.76999998093
0.44999998808
0.070000000298
-0.54000002146
-1.4600000381
-1.9800000191
-1.9800000191
-2.2999999523
-2.3399999142
-2.3499999046
-1.9700000286
-1.6399999857
-1.3899999857
-1.1699999571
-0.93000000715
-0.18999999762
0.36000001431
0.62000000477
0.67000001669
0.74000000954
0.88999998569
0.81000000238
0.73000001907
0.66000002623
0.49000000954
0.30000001192
0.27000001073
0.37999999523
0.38999998569
0.33000001311
0.37999999523
0.27000001073
0.20999999344
0.18999999762
0.12999999523
0.1099999994
0.1099999994
-0.090000003576
-0.059999998659
0.0099999997765
-0.070000000298
0.11999999732
0.34000000358
0.38999998569
0.44999998808
0.41999998689
0.38999998569
0.30000001192
0.20999999344
0.23999999464
0.20999999344
0.18999999762
0.20000000298
0.019999999553
-0.079999998212
-0.43000000715
-0.86000001431
-1.0199999809
-1.1799999475
-1.2799999714
-1.3999999762
-1.2999999523
-1.1499999762
-0.91000002623
-0.68000000715
-0.70999997854
-0.70999997854
-0.37999999523
-0.5
-0.58999997377
-0.60000002384
-0.61000001431
-0.89999997616
-1.0199999809
-1.1100000143
-1.1399999857
-1.2699999809
-1.1900000572
-1.1599999666
-1.0800000429
-1.0900000334
-1.1900000572
-1.3899999857
-1.1200000048
-1.0800000429
-1
-0.62999999523
0.30000001192
0.91000002623
1.2400000095
1.4900000095
1.6299999952
1.9299999475
2.2100000381
2.4400000572
2.5099999905
2.4300000668
2.2799999714
2.0599999428
1.6799999475
1.3999999762
1.1599999666
1.0099999905
0.69999998808
0.18000000715
-0.18000000715
-0.57999998331
-0.83999997377
-1.0299999714
-1.1599999666
-1.2100000381
-1.2300000191
-1.2000000477
-1.1599999666
-1.2599999905
-1.3700000048
-1.1799999475
-0.99000000954
-0.75999999046
-0.68000000715
-0.66000002623
-0.62000000477
-0.41999998689
-0.12999999523
-0.019999999553
-0.0099999997765
-0.0099999997765
0.11999999732
0.12999999523
-0.0099999997765
-0.17000000179
-0.25999999046
-0.21999999881
-0.31999999285
-0.41999998689
-0.54000002146
-0.60000002384
-0.62999999523
-0.79000002146
-0.79000002146
-0.83999997377
-0.92000001669
-1.0199999809
-1.0599999428
-0.87000000477
-0.68000000715
-0.31999999285
-0.070000000298
0.079999998212
0.029999999329
0.019999999553
0
0.079999998212
0.36000001431
0.49000000954
0.55000001192
0.62999999523
0.64999997616
0.57999998331
0.61000001431
0.64999997616
0.67000001669
0.62000000477
0.5
0.40000000596
0.36000001431
0.43000000715
0.46999999881
0.52999997139
0.54000002146
0.68000000715
0.80000001192
0.68999999762
0.62000000477
0.52999997139
0.37999999523
0.20999999344
-0.0099999997765
-0.12999999523
-0.34999999404
-0.46000000834
-0.41999998689
-0.41999998689
-0.28000000119
-0.15000000596
0.079999998212
0.079999998212
0.27000001073
0.20000000298
0.23000000417
0.090000003576
0.070000000298
0.10000000149
0.1099999994
0.1099999994
0.11999999732
0.059999998659
0
-0.1400000006
-0.15999999642
-0.090000003576
-0.039999999106
0.10000000149
0.33000001311
0.43999999762
0.51999998093
0.51999998093
0.50999999046
0.50999999046
0.44999998808
0.41999998689
0.56999999285
0.63999998569
0.34999999404
0.029999999329
-0.23999999464
-0.43999999762
-0.64999997616
-0.55000001192
-0.46000000834
-0.37999999523
-0.25999999046
-0.25
-0.31999999285
-0.31999999285
-0.28000000119
-0.38999998569
-0.69999998808
-0.68999999762
-0.61000001431
-0.73000001907
-0.76999998093
-0.44999998808
-0.31999999285
-0.34000000358
-0.37999999523
-0.34999999404
-0.40000000596
-0.55000001192
-0.44999998808
-0.47999998927
-0.54000002146
-0.52999997139
-0.5
-0.41999998689
-0.33000001311
-0.33000001311
-0.34000000358
-0.33000001311
-0.059999998659
0.20000000298
0.28000000119
0.30000001192
0.43000000715
0.47999998927
0.37999999523
0.34000000358
0.23000000417
0.15000000596
0.1099999994
0.27000001073
0.33000001311
0.38999998569
0.27000001073
0.33000001311
0.27000001073
0.34999999404
0.40999999642
0.46000000834
0.55000001192
0.51999998093
0.28999999166
0.079999998212
0.0099999997765
0.12999999523
0.31000000238
0.31000000238
0.070000000298
0.18999999762
0.1400000006
0.070000000298
-0.23999999464
-0.61000001431
-0.79000002146
-0.93999999762
-0.92000001669
-0.76999998093
-0.56999999285
-0.21999999881
-0.070000000298
0.12999999523
0.25999999046
0.28999999166
0.23999999464
0.1400000006
0.27000001073
0.43999999762
0.23000000417
0.029999999329
0.1099999994
0
-0.25
-0.40000000596
-0.41999998689
-0.20999999344
-0.12999999523
-0.12999999523
-0.30000001192
-0.57999998331
-0.64999997616
-0.73000001907
-0.66000002623
-0.43000000715
-0.050000000745
0.23999999464
0.72000002861
1.0299999714
1.1799999475
1.2799999714
1.3300000429
1.3200000525
1.3600000143
1.4199999571
1.3500000238
1.3099999428
1.2999999523
1.2200000286
0.95999997854
0.81999999285
0.72000002861
0.56000000238
0.31999999285
0.18000000715
0.079999998212
0.019999999553
-0.25999999046
-0.25999999046
-1.0399999619
-1.2300000191
-1.2899999619
-1.2000000477
-1.1900000572
-1.1900000572
-1.2000000477
-1.3600000143
-1.3999999762
-1.4099999666
-1.3600000143
-1.3099999428
-1.2100000381
-1.1900000572
-1.1699999571
-1.1000000238
-0.91000002623
-0.37999999523
0.23999999464
0.88999998569
1.2699999809
1.4400000572
1.4600000381
1.5199999809
1.8099999428
1.9800000191
1.9900000095
1.9600000381
1.8200000525
1.8200000525
1.3799999952
1.1499999762
1.0399999619
0.89999997616
0.75999999046
0.56000000238
0.28999999166
0.18000000715
0.10000000149
0.18999999762
0.28999999166
0.31999999285
0.28999999166
0.23000000417
0.25999999046
0.30000001192
0.47999998927
0.56999999285
0.57999998331
0.56999999285
0.55000001192
0.55000001192
0.63999998569
0.80000001192
0.82999998331
0.82999998331
0.87999999523
0.92000001669
0.89999997616
0.87000000477
0.74000000954
0.76999998093
0.72000002861
0.68000000715
0.62000000477
0.56999999285
0.5
0.38999998569
0.039999999106
-0.20000000298
-0.51999998093
-0.87999999523
-1.1900000572
-1.4700000286
-1.5900000334
-1.6399999857
-1.6299999952
-1.5099999905
-1.2999999523
-1.1299999952
-0.87000000477
-0.70999997854
-0.63999998569
-0.49000000954
-0.37999999523
-0.27000001073
-0.25999999046
-0.25999999046
-0.43000000715
-0.43000000715
-0.64999997616
-0.64999997616
-0.61000001431
-0.47999998927
-0.20000000298
-0.039999999106
0
-0.0099999997765
0.1400000006
0.25
0.20000000298
0.20999999344
0.25999999046
0.31000000238
0.34000000358
0.31000000238
0.31999999285
0.34000000358
0.37000000477
0.38999998569
0.40000000596
0.34000000358
0.25
0.20000000298
0.15999999642
0.11999999732
0.029999999329
-0.1099999994
-0.11999999732
-0.039999999106
0.079999998212
0.050000000745
0.029999999329
0.31000000238
0.44999998808
0.63999998569
0.80000001192
0.85000002384
0.91000002623
0.89999997616
0.76999998093
0.61000001431
0.55000001192
0.44999998808
0.30000001192
0.23000000417
0.18999999762
0.050000000745
-0.090000003576
-0.090000003576
0.019999999553
0.1400000006
0.050000000745
-0.15000000596
-0.36000001431
-0.36000001431
-0.43999999762
-0.43999999762
-0.28000000119
-0.28000000119
0.039999999106
0.019999999553
-0.17000000179
-0.52999997139
-0.87000000477
-1
-1.0099999905
-0.93999999762
-0.83999997377
-0.64999997616
-0.43000000715
-0.34999999404
-0.37999999523
-0.40000000596
-0.37000000477
-0.46000000834
-0.60000002384
-0.58999997377
-0.46999999881
-0.43999999762
-0.49000000954
-0.56999999285
-0.61000001431
-0.62999999523
-0.62999999523
-0.54000002146
-0.47999998927
-0.46999999881
-0.52999997139
-0.49000000954
-0.54000002146
-0.63999998569
-0.70999997854
-0.74000000954
-0.87000000477
-0.93000000715
-0.98000001907
-1.0099999905
-1
-1
-1.0900000334
-1.0599999428
-0.75
-0.46999999881
-0.28999999166
-0.1400000006
-0.0099999997765
0.20999999344
0.37000000477
0.40999999642
0.40999999642
0.34000000358
0.28999999166
0.34000000358
0.37000000477
0.40999999642
0.37999999523
0.37000000477
0.30000001192
0.30000001192
0.15999999642
0.1099999994
0.090000003576
0.21999999881
0.27000001073
0.40000000596
0.40999999642
0.37000000477
0.37999999523
0.34000000358
0.31000000238
0.28999999166
0.25
0.21999999881
0.15999999642
0.18000000715
0.27000001073
0.36000001431
0.52999997139
0.69999998808
0.81000000238
0.86000001431
0.81999999285
0.70999997854
0.56999999285
0.50999999046
0.33000001311
0.17000000179
-0.029999999329
-0.1400000006
-0.20999999344
-0.30000001192
-0.34999999404
-0.46000000834
-0.51999998093
-0.46999999881
-0.52999997139
-0.52999997139
-0.46000000834
-0.37999999523
-0.15999999642
0.019999999553
0.21999999881
0.33000001311
0.37000000477
0.33000001311
0.21999999881
0.1099999994
0
-0.15000000596
-0.20999999344
-0.15000000596
-0.070000000298
0.070000000298
0.21999999881
0.31000000238
0.46000000834
0.56000000238
0.58999997377
0.58999997377
0.66000002623
0.62999999523
0.63999998569
0.54000002146
0.46999999881
0.34000000358
0.25999999046
0.20999999344
0.23999999464
0.33000001311
0.40000000596
0.40000000596
0.41999998689
0.34000000358
0.25999999046
0.21999999881
0.18000000715
0.039999999106
-0.090000003576
-0.15000000596
-0.20000000298
-0.25
-0.12999999523
0
0.070000000298
0.15000000596
0.18000000715
0.20000000298
0.12999999523
0.1400000006
0.090000003576
0.15999999642
0.21999999881
0.25
0.18000000715
0.090000003576
0.039999999106
-0.1099999994
-0.20000000298
-0.23999999464
-0.23000000417
-0.21999999881
-0.21999999881
-0.23000000417
-0.20999999344
-0.28000000119
-0.33000001311
-0.25
-0.070000000298
0.11999999732
0.33000001311
0.34999999404
0.34999999404
0.34000000358
0.28999999166
0.25
0.27000001073
0.33000001311
0.33000001311
0.33000001311
0.30000001192
0.37000000477
0.31999999285
0.23000000417
0.18999999762
0.23000000417
0.18999999762
0.12999999523
0.10000000149
0.18999999762
0.28999999166
0.34000000358
0.43999999762
0.55000001192
0.67000001669
0.79000002146
0.81000000238
0.77999997139
0.54000002146
0.30000001192
0.059999998659
-0.1400000006
-0.27000001073
-0.15999999642
-0.050000000745
0.0099999997765
0.0099999997765
-0.11999999732
-0.36000001431
-0.55000001192
-0.93000000715
-1.2400000095
-1.4400000572
-1.4299999475
-1.4099999666
-1.4099999666
-1.4099999666
-1.5099999905
-1.4900000095
-1.1799999475
-0.99000000954
-0.62000000477
-0.37999999523
-0.11999999732
-0.050000000745
-0.050000000745
-0.019999999553
0.039999999106
0.18000000715
0.23000000417
0.34999999404
0.41999998689
0.46000000834
0.44999998808
0.49000000954
0.52999997139
0.46999999881
0.33000001311
0.21999999881
0.21999999881
0.090000003576
0.0099999997765
-0.0099999997765
0.059999998659
0.12999999523
0.15000000596
0.1400000006
0.12999999523
0.18999999762
0.18999999762
0.30000001192
0.33000001311
0.31999999285
0.36000001431
0.37999999523
0.43000000715
0.43000000715
0.34000000358
0.28999999166
0.23000000417
0.25
0.25
0.15000000596
0.1099999994
0.090000003576
0.25
0.36000001431
0.43000000715
0.41999998689
0.37999999523
0.38999998569
0.43000000715
0.49000000954
0.43999999762
0.34999999404
0.27000001073
0.21999999881
0.17000000179
0.27000001073
0.33000001311
0.34000000358
0.40000000596
0.46999999881
0.58999997377
0.75
0.72000002861
0.61000001431
0.51999998093
0.5
0.5
0.44999998808
0.43999999762
0.12999999523
-0.1099999994
-0.28999999166
-0.47999998927
-0.68000000715
-0.79000002146
-0.79000002146
-0.79000002146
-0.75
-0.68000000715
-0.62999999523
-0.60000002384
-0.52999997139
-0.25999999046
-0.15999999642
-0.17000000179
-0.15999999642
-0.12999999523
-0.11999999732
-0.18000000715
-0.23999999464
-0.20999999344
-0.36000001431
-0.61000001431
-0.75999999046
-0.75
-0.74000000954
-0.77999997139
-0.86000001431
-0.88999998569
-0.77999997139
-0.70999997854
-0.60000002384
-0.56000000238
-0.60000002384
-0.64999997616
-0.80000001192
-0.64999997616
-0.51999998093
-0.43999999762
-0.23999999464
-0.18000000715
-0.17000000179
-0.20000000298
-0.20000000298
-0.20999999344
-0.15999999642
-0.1099999994
-0.090000003576
-0.090000003576
-0.11999999732
-0.079999998212
-0.11999999732
-0.070000000298
-0.18999999762
-0.34000000358
-0.46999999881
-0.41999998689
-0.41999998689
-0.43999999762
-0.56999999285
-0.62000000477
-0.67000001669
-0.56000000238
-0.5
-0.41999998689
-0.28000000119
-0.28000000119
-0.20000000298
-0.31999999285
-0.46000000834
-0.44999998808
-0.41999998689
-0.34999999404
-0.31000000238
-0.40000000596
-0.40999999642
-0.47999998927
-0.43000000715
-0.40999999642
-0.25999999046
-0.27000001073
-0.18000000715
0.21999999881
0.38999998569
0.37000000477
0.40000000596
0.34999999404
0.20000000298
0.15999999642
0.039999999106
-0.1099999994
-0.18999999762
-0.019999999553
0.029999999329
0.039999999106
0.070000000298
0.090000003576
0.20000000298
0.18000000715
0.10000000149
0.090000003576
0.090000003576
0.059999998659
0.070000000298
0.050000000745
-0.019999999553
-0.050000000745
-0.1099999994
-0.18000000715
-0.20999999344
-0.23999999464
-0.21999999881
-0.1400000006
-0.0099999997765
0.10000000149
0.18999999762
0.1400000006
-0.039999999106
-0.34000000358
-0.46999999881
-0.51999998093
-0.56999999285
-0.58999997377
-0.50999999046
-0.31999999285
0.0099999997765
0.0099999997765
0.56000000238
0.85000002384
1.0199999809
1.0299999714
0.93000000715
0.87999999523
0.83999997377
0.72000002861
0.60000002384
0.5
0.52999997139
0.52999997139
0.54000002146
0.46000000834
0.43999999762
0.40999999642
0.37000000477
0.37999999523
0.25999999046
0.15000000596
0.1099999994
0.019999999553
-0.0099999997765
-0.029999999329
-0.079999998212
-0.070000000298
-0.070000000298
-0.050000000745
-0.029999999329
-0.079999998212
-0.1400000006
-0.15000000596
-0.30000001192
-0.50999999046
-0.55000001192
-0.60000002384
-0.73000001907
-0.89999997616
-0.95999997854
-0.93999999762
-0.92000001669
-0.82999998331
-0.85000002384
-0.87000000477
-0.88999998569
-1
-1.2000000477
-1.3400000334
-1.4900000095
-1.6100000143
-1.6399999857
-1.5
-1.3300000429
-1.2000000477
-1.0399999619
-0.93999999762
-0.87000000477
-0.81000000238
-0.70999997854
-0.70999997854
-0.64999997616
-0.82999998331
-0.93999999762
-1.0299999714
-1.2100000381
-1.3899999857
-1.4600000381
-1.4500000477
-1.2100000381
-0.79000002146
-0.46999999881
-0.18999999762
-0.1099999994
-0.059999998659
-0.070000000298
-0.1400000006
-0.25999999046
-0.34999999404
-0.43000000715
-0.46000000834
-0.51999998093
-0.57999998331
-0.68000000715
-0.74000000954
-0.83999997377
-0.86000001431
