1032.3270264
1030.9350586
1030.9350586
1028.7700195
1027.8220215
1026.6169434
1025.2650146
1023.9890137
1022.5430298
1021.2529907
1020.302002
1019.3909912
1018.6569824
1018.0460205
1017.5089722
1016.9180298
1016.4349976
1015.8590088
1015.2969971
1014.6849976
1014.0050049
1013.2730103
1012.3179932
1011.1920166
1010.1900024
1009.4400024
1008.8530273
1008.4910278
1008.2050171
1008.1610107
1008.1599731
1008.1450195
1008.4500122
1008.927002
1009.3809814
1010.2730103
1012.0120239
1014.065979
1016.2379761
1018.5449829
1020.835022
1023.1229858
1025.2159424
1027.1779785
1029.105957
1031.0670166
1033.0799561
1034.9790039
1036.8270264
1038.5959473
1040.3050537
1041.9680176
1043.5209961
1044.9759521
1046.302002
1047.3990479
1048.1290283
1048.5670166
1048.5899658
1048.006958
1046.5579834
1044.5529785
1044.5529785
1040
1037.631958
1035.3399658
1033.3800049
1031.7590332
1030.4090576
1029.2490234
1028.3070068
1028.118042
1028.5429688
1029.1989746
1029.9000244
1030.6610107
1031.5489502
1032.3809814
1033.0839844
1033.6800537
1034.1330566
1034.4210205
1034.6090088
1034.9770508
1035.3640137
1035.6719971
1036.0200195
1036.2950439
1036.5200195
1036.7359619
1036.9219971
1037.0799561
1037.144043
1037.0489502
1036.9849854
1037.0109863
1037.0219727
1037.1619873
1037.4790039
1037.8620605
1038.3719482
1038.8979492
1039.3270264
1039.6080322
1039.8070068
1040.0109863
1040.2469482
1040.4720459
1040.7370605
1040.7370605
1040.5629883
1040.1269531
1039.2900391
1038.2280273
1037.032959
1035.7419434
1034.3640137
1033.0539551
1031.8260498
1030.9250488
1030.2280273
1029.5810547
1029.5810547
1028.5860596
1028.0770264
1027.4759521
1026.8609619
1026.2609863
1025.3630371
1024.342041
1023.2180176
1022.026001
1020.7780151
1019.5889893
1018.4370117
1017.2819824
1016.1589966
1014.960022
1013.6110229
1012.4689941
1011.3560181
1010.3720093
1009.7839966
1010.1110229
1011.0280151
1012.3499756
1013.8909912
1015.5499878
1017.4400024
1019.6500244
1022.0980225
1024.6009521
1027.0699463
1029.3439941
1031.3640137
1033.0050049
1034.3759766
1035.4909668
1036.4160156
1037.1099854
1037.3380127
1037.0949707
1036.4919434
1035.605957
1034.4699707
1033.2629395
1032.0319824
1030.8339844
1029.5799561
1028.3590088
1027.0649414
1025.6939697
1024.4499512
1023.4589844
1022.6699829
1021.9890137
1021.3239746
1020.6970215
1020.2559814
1020.1309814
1020.0960083
1020.1049805
1020.1049805
1020.1530151
1020.2839966
1020.2849731
1020.1459961
1019.9099731
1019.6680298
1019.3889771
1018.9199829
1018.3339844
1017.6450195
1016.9869995
1016.2089844
1015.4429932
1014.5809937
1013.5910034
1012.5100098
1011.4110107
1010.5390015
1009.9429932
1009.6970215
1009.7050171
1009.8449707
1009.901001
1009.914978
1009.9089966
1009.9650269
1010.3359985
1010.8380127
1011.4760132
1012.1699829
1012.8729858
1013.4550171
1014.0490112
1014.7069702
1015.4019775
1016.0319824
1016.5620117
1017
1017.3610229
1017.7470093
1018.2589722
1018.8129883
1019.3939819
1020.0620117
1020.8790283
1021.5549927
1022.1060181
1022.5709839
1022.914978
1023.1359863
1023.1339722
1022.9349976
1022.5549927
1022.0289917
1021.5289917
1021.125
1020.9660034
1020.8629761
1020.9970093
1020.9970093
1021.65802
1021.9050293
1022.0949707
1022.2529907
1022.3060303
1022.3380127
1022.434021
1022.5900269
1022.7420044
1022.7990112
1022.7940063
1022.6530151
1022.5029907
1022.4119873
1022.4190063
1022.5650024
1022.8720093
1023.28302
1023.802002
1024.3599854
1024.8570557
1025.276001
1025.6949463
1026.1350098
1026.6879883
1027.2919922
1027.6290283
1027.6230469
1027.3439941
1026.8630371
1026.1719971
1025.5360107
1025.1030273
1024.7740479
1024.5279541
1024.3000488
1024.0500488
1023.7020264
1023.3709717
1022.9489746
1022.2810059
1021.5549927
1020.9140015
1020.1199951
1019.3569946
1018.8850098
1018.5739746
1018.2399902
1017.84198
1017.4329834
1016.9920044
1016.4459839
1016.0029907
1015.5100098
1014.9660034
1014.4400024
1013.9180298
1013.4869995
1013.1229858
1013.1229858
1012.4639893
1012.184021
1012.2089844
1012.4030151
1012.6920166
1013.0209961
1013.4769897
1014.0380249
1014.4370117
1014.8200073
1015.039978
1015.1459961
1015.2750244
1015.526001
1015.8829956
1016.3209839
1016.5880127
1016.9550171
1017.2479858
1017.6079712
1018.0289917
1018.5230103
1019.117981
1019.65802
1020.0200195
1020.1030273
1020.0900269
1020.1569824
1020.4569702
1020.5999756
1020.6740112
1020.8469849
1020.9520264
1020.9559937
1020.684021
1020.0629883
1019.2440186
1018.2410278
1017.2589722
1016.5170288
1015.9530029
1015.7329712
1015.7009888
1015.7789917
1016.0159912
1016.3209839
1016.6060181
1016.7919922
1017.0949707
1017.5009766
1017.7680054
1017.8189697
1017.8909912
1017.8660278
1017.5789795
1017.1190186
1016.710022
1016.5089722
1016.4229736
1016.4229736
1016.0629883
1015.4810181
1014.8150024
1014.0700073
1013.4050293
1013.0109863
1012.9650269
1013.2219849
1013.9550171
1015.03302
1016.2800293
1017.617981
1018.9910278
1020.4130249
1021.8599854
1023.2949829
1024.6729736
1026.0300293
1027.355957
1028.6199951
1029.6130371
1030.3730469
1031.0040283
1031.5140381
1031.8289795
1032.0219727
1032.0749512
1032.0679932
1031.7519531
1031.0209961
1029.9599609
1028.6929932
1027.3969727
1026.1739502
1025.0310059
1023.8150024
1022.5650024
1021.2260132
1019.8439941
1018.4500122
1017.0490112
1015.7709961
1014.5960083
1013.4370117
1012.2990112
1011.1779785
1010.2860107
1009.9439697
1010.2990112
1011.2410278
1012.552002
1014.0319824
1015.5869751
1017.1900024
1019.039978
1021.0720215
1023.1220093
1025.1120605
1026.9320068
1026.9320068
1029.8260498
1030.9799805
1031.9959717
1032.9060059
1033.6409912
1034.1700439
1034.4460449
1034.6190186
1034.7330322
1034.9460449
1035.2919922
1035.6500244
1035.9530029
1036.177002
1036.4630127
1036.7629395
1037.2629395
1037.8609619
1038.4489746
1039.026001
1039.5899658
1040.1779785
1040.8000488
1041.5760498
1042.3969727
1043.2650146
1044.0970459
1045.0080566
1045.980957
1046.8520508
1047.6309814
1048.355957
1049.0699463
1049.717041
1050.375
1050.9549561
1051.4790039
1051.881958
1051.9510498
1051.7330322
1051.2409668
1050.4310303
1049.2030029
1047.7530518
1046.1340332
1044.4279785
1042.8079834
1041.2810059
1039.9420166
1038.8260498
1037.9449463
1037.2459717
1036.6479492
1036.2220459
1035.8950195
1035.6429443
1035.3850098
1035.1099854
1034.6390381
1034.6390381
1033.3890381
1032.7159424
1032.131958
1031.6560059
1031.4329834
1031.3649902
1031.4090576
1031.4830322
1031.6409912
1031.8959961
1032.05896
1032.2650146
1032.552002
1032.8509521
1033.1650391
1033.4890137
1033.8100586
1034.1619873
1034.5340576
1034.9620361
1035.3470459
1035.6889648
1035.9420166
1036.131958
1036.2629395
1036.3210449
1036.3010254
1036.1999512
1036.0579834
1035.9870605
1036.0360107
1036.0860596
1036.2120361
1036.5419922
1036.9799805
1037.68396
1038.5360107
1039.4399414
1040.3909912
1041.2559814
1042.05896
1042.6939697
1043.2419434
1043.7230225
1044.0529785
1044.2180176
1044.4179688
1044.5040283
1044.4260254
1044.3800049
1044.3959961
1044.55896
1044.5899658
1044.4239502
1044.1040039
1043.7449951
1043.2700195
1042.8470459
1042.5419922
1042.5419922
1042.4399414
1042.5350342
1042.4699707
1041.9570312
1041.105957
1040.0889893
1039.0770264
1038.1359863
1037.3060303
1036.6660156
1036.269043
1035.8950195
1035.5419922
1035.0959473
1034.6810303
1034.2130127
1033.5959473
1033.0350342
1032.5679932
1032.1359863
1031.6629639
1031.1300049
1030.519043
1029.8630371
1029.2349854
1028.68396
1028.2020264
1027.723999
1027.2330322
1026.6970215
1026.144043
1025.5410156
1024.8459473
1024.06604
1023.1680298
1022.2009888
1021.1699829
1020.1790161
1019.1950073
1018.1370239
1017.0969849
1016.0570068
1015.3400269
1014.8909912
1014.6430054
1014.5780029
1014.5819702
1014.7869873
1015.1370239
1015.5780029
1016.0219727
1016.3629761
1016.6380005
1016.940979
1017.3179932
1017.7059937
1018.1099854
1018.5170288
1018.8209839
1018.8209839
1019.276001
1019.3839722
1019.4860229
1019.6950073
1019.9849854
1020.3640137
1020.8239746
1021.2369995
1021.6129761
1021.9509888
1022.2789917
1022.5599976
1022.78302
1022.9699707
1023.1309814
1023.3099976
1023.5560303
1023.947998
1024.4630127
1025.1199951
1025.907959
1026.7149658
1027.5150146
1028.2440186
1028.8330078
1029.2879639
1029.6379395
1029.7349854
1029.6929932
1029.4730225
1029.2080078
1028.8640137
1028.4840088
1028.0610352
1027.5310059
1026.9859619
1026.4389648
1025.9880371
1025.5689697
1025.243042
1025.1219482
1025.1750488
1025.3850098
1025.6920166
1026.0310059
1026.3260498
1026.5500488
1026.6989746
1026.6929932
1026.5930176
1026.3790283
1026.1650391
1026.0959473
1026.1760254
1026.4300537
1026.7709961
1027.2270508
1027.7950439
1028.4449463
1028.4449463
1029.8310547
1030.4870605
1031.1130371
1031.6560059
1032.0970459
1032.4360352
1032.6710205
1032.9179688
1033.2120361
1033.532959
1033.9379883
1034.3859863
1034.7910156
1035.1870117
1035.4799805
1035.6889648
1035.8399658
1035.8879395
1035.8470459
1035.6939697
1035.4790039
1035.2840576
1035.1390381
1035.1140137
1035.217041
1035.4289551
1035.6379395
1035.8189697
1035.9599609
1036.05896
1036.1999512
1036.3349609
1036.5710449
1036.8029785
1037.0009766
1037.098999
1037.0760498
1036.9680176
1036.7879639
1036.5579834
1036.25
1035.9909668
1035.7650146
1035.5889893
1035.3540039
1035.0570068
1034.7580566
1034.4959717
1034.4179688
1034.5679932
1034.9229736
1035.2969971
1035.6760254
1035.9969482
1036.2929688
1036.5429688
1036.8029785
1037.0639648
1037.4200439
1037.4200439
1038.0629883
1038.3480225
1038.6169434
1038.8900146
1039.0930176
1039.2810059
1039.480957
1039.6359863
1039.7550049
1039.9090576
1040.1529541
1040.4859619
1040.9360352
1041.4890137
1042.1929932
1043.0019531
1043.8730469
1044.6379395
1045.1719971
1045.473999
1045.5600586
1045.4139404
1045.1550293
1044.9499512
1044.8879395
1044.9129639
1044.8919678
1044.7879639
1044.4859619
1043.9399414
1042.9389648
1041.6789551
1040.3289795
1038.9210205
1037.5360107
1036.1800537
1034.7929688
1033.3210449
1031.8790283
1030.6789551
1029.7480469
1029.1810303
1028.8470459
1028.7359619
1028.7490234
1028.7790527
1028.7889404
1028.8430176
1029.0290527
1029.3070068
1029.6850586
1030.1500244
1030.6269531
1031.0780029
1031.5899658
1032.105957
1032.55896
1032.8840332
1033.0799561
1033.0799561
1033.2559814
1033.2659912
1033.3060303
1033.3780518
1033.506958
1033.6400146
1033.7679443
1033.9250488
1034.0799561
1034.2750244
1034.5140381
1034.8170166
1035.1569824
1035.506958
1035.9100342
1036.3039551
1036.7629395
1037.144043
1037.4499512
1037.6800537
1037.9360352
1038.1889648
1038.4060059
1038.5030518
1038.6300049
1038.8879395
1039.2919922
1039.7270508
1040.1240234
1040.5140381
1040.9370117
1041.4119873
1041.8850098
1042.3000488
1042.7740479
1042.9150391
1043.0200195
1043.1810303
1043.4090576
1043.782959
1044.1920166
1044.5830078
1045.0219727
1045.6099854
1046.3039551
1047.0820312
1047.7480469
1048.2819824
1048.776001
1049.2659912
1049.7580566
1050.1889648
1050.3210449
1050.2340088
1049.9389648
1049.4880371
1048.8630371
1048.1149902
1047.3540039
1047.3540039
1045.9580078
1045.2850342
1044.6340332
1044.0539551
1043.6240234
1043.4300537
1043.3310547
1043.2700195
1043.1760254
1043.0500488
1042.9429932
1042.7919922
1042.6199951
1042.3599854
1042.0229492
1041.4119873
1040.6929932
1039.9139404
1039.1469727
1038.3210449
1037.447998
1036.5620117
1035.756958
1035.0899658
1034.4549561
1033.8520508
1033.1779785
1032.4580078
1031.7189941
1030.9859619
1030.3879395
1029.9420166
1029.69104
1029.4969482
1029.3280029
1029.18396
1028.9870605
1028.756958
1028.5710449
1028.4219971
1028.2609863
1028.1479492
1028.0909424
1028.0129395
1027.947998
1027.822998
1027.5789795
1027.2399902
1026.7600098
1026.3170166
1025.848999
1025.3800049
1024.8260498
1024.2089844
1023.5750122
1022.9840088
1022.4899902
1022.039978
1021.7399902
1021.7399902
1021.276001
1020.9710083
1020.5499878
1020.1370239
1019.6950073
1019.3339844
1019.0780029
1018.7420044
1018.2680054
1017.8540039
1017.4359741
1017.0479736
1016.7329712
1016.4899902
1016.34198
1016.5780029
1016.960022
1017.367981
1017.742981
1018.0770264
1018.2750244
1018.3870239
1018.4400024
1018.3400269
1018.1519775
1018.0089722
1018.0230103
1018.0789795
1018.2160034
1018.3510132
1018.4780273
1018.65802
1018.7979736
1018.9000244
1018.9520264
1018.9959717
1019.0440063
1019.1300049
1019.1409912
1019.0689697
1018.9509888
1018.7459717
1018.492981
1018.25
1018.0380249
1017.9169922
1017.8829956
1017.96698
1018.151001
1018.3010254
1018.2630005
1017.9780273
1017.5360107
1016.9970093
1016.3709717
1015.8259888
1015.3699951
1015.1589966
1015.1660156
1015.1660156
1016.0880127
1016.9539795
1017.9840088
1019.0540161
1020.0880127
1021.0189819
1021.8569946
1022.5880127
1023.1630249
1023.6389771
1024.1280518
1024.6030273
1025.0970459
1025.5999756
1026.0429688
1026.4219971
1026.8050537
1027.177002
1027.4830322
1027.6660156
1027.7629395
1027.81604
1027.8039551
1027.7590332
1027.6760254
1027.6639404
1027.6130371
1027.5649414
1027.5219727
1027.4699707
1027.3790283
1027.1829834
1026.9189453
1026.5009766
1025.9300537
1025.2900391
1024.5350342
1023.6779785
1022.6820068
1021.7130127
1020.7709961
1019.882019
1019.0289917
1018.1669922
1017.2780151
1016.2789917
1015.0800171
1013.6799927
1012.1779785
1010.552002
1008.9030151
1007.3460083
1006.0089722
1004.8469849
1003.7949829
1002.8079834
1001.9509888
1001.2650146
1000.6329956
1000.6329956
999.375
998.60400391
997.61999512
996.54602051
995.37597656
994.01599121
992.5579834
991.12402344
989.88299561
989.14898682
988.78198242
988.62402344
988.54699707
988.56298828
988.52301025
988.36901855
988.07098389
987.72900391
987.30297852
986.80499268
986.29400635
985.71697998
985.0289917
984.27398682
983.40002441
982.54998779
