-22.819999695
-23.729999542
-24.729999542
-25.719999313
-26.739999771
-27.709999084
-28.579999924
-29.350000381
-30
-30.5
-30.780000687
-30.969999313
-31.120000839
-31.209999084
-31.170000076
-30.959999084
-30.719999313
-30.489999771
-30.299999237
-30.299999237
-30.36000061
-30.420000076
-30.469999313
-30.479999542
-30.440000534
-30.440000534
-30.379999161
-30.25
-30.049999237
-29.879999161
-29.739999771
-29.700000763
-29.700000763
-29.879999161
-29.959999084
-30.129999161
-30.350000381
-30.520000458
-30.649999619
-30.680000305
-30.600000381
-30.530000687
-30.579999924
-30.61000061
-30.520000458
-30.420000076
-30.299999237
-30.209999084
-30.090000153
-30.090000153
-29.620000839
-29.430000305
-29.290000916
-29.159999847
-28.989999771
-28.870000839
-28.829999924
-28.799999237
-28.840000153
-28.780000687
-28.729999542
-28.659999847
-28.620000839
-28.440000534
-28.190000534
-28.040000916
-28.069999695
-28.209999084
-28.329999924
-28.540000916
-28.829999924
-29.120000839
-29.399999619
-29.489999771
-29.549999237
-29.489999771
-29.450000763
-29.450000763
-29.510000229
-29.559999466
-29.569999695
-29.670000076
-29.75
-29.959999084
-30.25
-30.440000534
-30.659999847
-30.950000763
-30.950000763
-31.430000305
-31.340000153
-31.299999237
-31.299999237
-31.219999313
-31.079999924
-30.920000076
-30.86000061
-30.790000916
-30.709999084
-30.690000534
-30.719999313
-30.729999542
-30.649999619
-30.5
-30.149999619
-29.729999542
-29.309999466
-29.079999924
-29.170000076
-29.170000076
-29.930000305
-30.36000061
-30.709999084
-30.920000076
-30.959999084
-30.969999313
-30.799999237
-30.459999084
-29.950000763
-29.620000839
-29.399999619
-29.340000153
-29.399999619
-29.620000839
-29.680000305
-29.579999924
-29.430000305
-29.209999084
-28.979999542
-28.809999466
-28.729999542
-28.659999847
-28.5
-28.219999313
-27.819999695
-27.819999695
-27.260000229
-27.260000229
-27.370000839
-27.530000687
-27.690000534
-27.809999466
-27.780000687
-27.700000763
-27.700000763
-27.719999313
-27.75
-27.790000916
-27.790000916
-27.63999939
-27.510000229
-27.319999695
-27.319999695
-27.420000076
-27.559999466
-27.63999939
-27.61000061
-27.579999924
-27.469999313
-27.420000076
-27.5
-27.549999237
-27.540000916
-27.549999237
-27.629999161
-27.690000534
-27.819999695
-27.899999619
-27.88999939
-27.88999939
-27.88999939
-28
-28.11000061
-28.219999313
-28.290000916
-28.350000381
-28.350000381
-28.620000839
-28.829999924
-28.969999313
-29.049999237
-28.969999313
-28.829999924
-28.719999313
-28.670000076
-28.600000381
-28.590000153
-28.450000763
-28.399999619
-28.579999924
-28.950000763
-29.309999466
-29.5
-29.450000763
-29.350000381
-29.299999237
-29.270000458
-29.159999847
-28.930000305
-28.61000061
-28.299999237
-27.959999084
-27.959999084
-27.719999313
-27.559999466
-27.450000763
-27.430000305
-27.350000381
-27.219999313
-27.200000763
-27.200000763
-27.260000229
-27.329999924
-27.379999161
-27.459999084
-27.549999237
-27.729999542
-27.930000305
-28.219999313
-28.5
-28.799999237
-29.120000839
-29.440000534
-29.440000534
-29.450000763
-29.420000076
-29.370000839
-29.069999695
-29.069999695
-28.780000687
-28.590000153
-28.469999313
-28.399999619
-28.379999161
-28.379999161
-28.659999847
-28.659999847
-28.969999313
-29.479999542
-29.479999542
-29.979999542
-29.979999542
-30.159999847
-29.909999847
-29.600000381
-29.180000305
-28.879999161
-28.879999161
-28.870000839
-28.870000839
-28.770000458
-28.430000305
-28.280000687
-28.190000534
-28.129999161
-28.079999924
-27.989999771
-27.940000534
-27.940000534
-27.790000916
-27.780000687
-27.729999542
-27.700000763
-27.700000763
-27.75
-27.690000534
-27.690000534
-27.620000839
-27.680000305
-27.719999313
-27.700000763
-27.700000763
-27.649999619
-27.690000534
-27.690000534
-27.729999542
-27.719999313
-27.670000076
-27.590000153
-27.559999466
-27.649999619
-27.729999542
-27.729999542
-27.770000458
-27.709999084
-27.649999619
-27.690000534
-27.829999924
-28.049999237
-28.200000763
-28.190000534
-28.090000153
-28.030000687
-27.930000305
-27.86000061
-27.790000916
-27.780000687
-27.799999237
-27.780000687
-27.899999619
-28.069999695
-28.11000061
-28.049999237
-27.920000076
-27.520000458
-27.520000458
-27.290000916
-27.069999695
-26.899999619
-26.670000076
-26.520000458
-26.350000381
-26.270000458
-26.11000061
-25.979999542
-25.989999771
-26.090000153
-26.120000839
-26.129999161
-26.200000763
-26.350000381
-26.350000381
-26.329999924
-26.209999084
-26.120000839
-26.030000687
-25.930000305
-25.75
-25.489999771
-25.280000687
-25.11000061
-24.950000763
-24.940000534
-24.979999542
-24.979999542
-24.969999313
-24.940000534
-24.940000534
-24.909999847
-24.790000916
-24.559999466
-24.38999939
-24.370000839
-24.430000305
-24.61000061
-24.88999939
-25.229999542
-25.479999542
-25.649999619
-25.760000229
-25.86000061
-26.079999924
-26.299999237
-26.409999847
-26.459999084
-26.569999695
-26.700000763
-26.790000916
-26.819999695
-26.879999161
-26.88999939
-26.840000153
-26.780000687
-26.799999237
-26.879999161
-26.969999313
-27.069999695
-27.159999847
-27.229999542
-27.299999237
-27.459999084
-27.590000153
-27.690000534
-27.809999466
-27.959999084
-28.120000839
-28.309999466
-28.450000763
-28.569999695
-28.729999542
-28.850000381
-28.88999939
-28.819999695
-28.709999084
-28.579999924
-28.430000305
-28.239999771
-28.079999924
-27.930000305
-27.809999466
-27.760000229
-27.63999939
-27.549999237
-27.450000763
-27.370000839
-27.299999237
-27.260000229
-27.13999939
-27.11000061
-27.090000153
-27.030000687
-26.920000076
-26.870000839
-26.850000381
-26.840000153
-26.879999161
-27.059999466
-27.229999542
-27.329999924
-27.350000381
-27.420000076
-27.540000916
-27.620000839
-27.680000305
-27.840000153
-27.969999313
-28.030000687
-28.069999695
-28.049999237
-27.969999313
-27.899999619
-27.86000061
-27.799999237
-27.780000687
-27.819999695
-27.879999161
-27.940000534
-27.969999313
-27.979999542
-28.010000229
-28.059999466
-28.079999924
-28.100000381
-28.180000305
-28.299999237
-28.420000076
-28.469999313
-28.440000534
-28.329999924
-28.270000458
-28.290000916
-28.309999466
-28.25
-28.13999939
-28.010000229
-27.899999619
-27.950000763
-28.079999924
-28.180000305
-28.209999084
-28.170000076
-28.079999924
-28.020000458
-28.059999466
-28.079999924
-28.049999237
-28.010000229
-28.040000916
-28.040000916
-28.010000229
-28.010000229
-28.020000458
-27.920000076
-27.780000687
-27.399999619
-27.399999619
-27.069999695
-26.489999771
-26.489999771
-26.350000381
-26.319999695
-26.38999939
-26.459999084
-26.440000534
-26.409999847
-26.459999084
-26.590000153
-26.700000763
-26.790000916
-26.780000687
-26.729999542
-26.629999161
-26.540000916
-26.530000687
-26.569999695
-26.670000076
-26.840000153
-27
-26.940000534
-26.899999619
-26.86000061
-26.729999542
-26.629999161
-26.489999771
-26.299999237
-26.090000153
-25.959999084
-25.850000381
-25.760000229
-25.690000534
-25.629999161
-25.61000061
-25.620000839
-25.590000153
-25.440000534
-25.350000381
-25.329999924
-25.350000381
-25.579999924
-25.940000534
-26.270000458
-26.590000153
-26.879999161
-27.010000229
-27.040000916
-26.959999084
-26.780000687
-26.63999939
-26.590000153
-26.520000458
-26.370000839
-26.229999542
-26.13999939
-26.159999847
-26.239999771
-26.510000229
-26.950000763
-27.450000763
-27.450000763
-27.520000458
-27.520000458
-27.329999924
-27.079999924
-27.059999466
-27.25
-27.25
-27.229999542
-27.299999237
-27.340000153
-27.340000153
-27.25
-27.100000381
-26.920000076
-26.559999466
-26.239999771
-25.979999542
-25.739999771
-25.399999619
-25.010000229
-24.629999161
-24.420000076
-24.379999161
-24.430000305
-24.440000534
-24.420000076
-24.430000305
-24.36000061
-24.149999619
-23.989999771
-23.850000381
-23.770000458
-23.729999542
-23.799999237
-24.11000061
-24.530000687
-24.950000763
-25.340000153
-25.63999939
-25.670000076
-25.440000534
-25.079999924
-24.829999924
-24.829999924
-25.120000839
-25.120000839
-25.469999313
-25.469999313
-25.809999466
-26.049999237
-26.180000305
-26.180000305
-26.11000061
-26.11000061
-26.11000061
-26.100000381
-26.010000229
-26.149999619
-26.149999619
-26.5
-26.5
-26.600000381
-26.659999847
-26.75
-26.809999466
-26.809999466
-26.520000458
-26.520000458
-26.280000687
-25.799999237
-25.809999466
-25.809999466
-25.989999771
-26.190000534
-26.190000534
-25.959999084
-25.819999695
-25.770000458
-25.799999237
-25.770000458
-25.809999466
-25.829999924
-25.829999924
-25.760000229
-25.739999771
-25.670000076
-25.559999466
-25.559999466
-25.559999466
-25.350000381
-25.229999542
-25.079999924
-25.020000458
-25.079999924
-25.079999924
-25
-24.870000839
-24.870000839
-24.739999771
-24.600000381
-24.420000076
-24.340000153
-24.319999695
-24.309999466
-24.379999161
-24.379999161
-24.770000458
-24.770000458
-24.879999161
-24.899999619
-24.899999619
-24.920000076
-24.899999619
-24.829999924
-24.770000458
-24.719999313
-24.709999084
-24.719999313
-24.75
-24.719999313
-24.719999313
-24.850000381
-24.940000534
-25.030000687
-25.069999695
-25.11000061
-25.180000305
-25.180000305
-24.950000763
-24.920000076
-24.899999619
-24.930000305
-25
-24.979999542
-24.850000381
-24.809999466
-24.840000153
-24.879999161
-24.88999939
-24.829999924
-24.780000687
-24.719999313
-24.680000305
-24.620000839
-24.620000839
-24.600000381
-24.569999695
-24.510000229
-24.459999084
-24.510000229
-24.659999847
-24.799999237
-24.870000839
-24.930000305
-24.969999313
-24.959999084
-24.909999847
-24.829999924
-24.799999237
-24.850000381
-24.930000305
-25.020000458
-25.100000381
-25.100000381
-25.030000687
-25.030000687
-25.020000458
-24.969999313
-24.909999847
-24.909999847
-25.030000687
-24.930000305
-24.729999542
-24.540000916
-24.540000916
-24.069999695
-23.959999084
-23.899999619
-23.920000076
-23.950000763
-23.950000763
-24.13999939
-24.290000916
-24.370000839
-24.370000839
-24.340000153
-24.329999924
-24.329999924
-24.260000229
-24.219999313
-24.219999313
-24.200000763
-24.159999847
-24.159999847
-24.239999771
-24.290000916
-24.25
-24.219999313
-24.200000763
-24.170000076
-24.040000916
-23.850000381
-23.620000839
-23.399999619
-23.200000763
-23.079999924
-23.129999161
-23.200000763
-23.209999084
-23.170000076
-23.13999939
-23.090000153
-23
-22.920000076
-22.799999237
-22.770000458
-22.790000916
-22.770000458
-22.75
-22.840000153
-22.969999313
-23.11000061
-23.260000229
-23.260000229
-23.549999237
-23.659999847
-23.799999237
-23.930000305
-23.979999542
-23.969999313
-23.959999084
-23.88999939
-23.770000458
-23.649999619
-23.5
-23.309999466
-23.159999847
-23.100000381
-23.069999695
-23.100000381
-23.100000381
-23.159999847
-23.129999161
-23.049999237
-22.920000076
-22.770000458
-22.63999939
-22.63999939
-22.590000153
-22.61000061
-22.590000153
-22.579999924
-22.590000153
-22.549999237
-22.479999542
-22.38999939
-22.309999466
-22.299999237
-22.319999695
-22.379999161
-22.370000839
-22.350000381
-22.370000839
-22.479999542
-22.61000061
-22.700000763
-22.770000458
-22.729999542
-22.620000839
-22.549999237
-22.530000687
-22.569999695
-22.61000061
-22.659999847
-22.709999084
-22.790000916
-22.930000305
-23.129999161
-23.319999695
-23.450000763
-23.479999542
-23.5
-23.459999084
-23.459999084
-23.239999771
-23.270000458
-23.479999542
-23.690000534
-23.809999466
-23.840000153
-23.790000916
-23.700000763
-23.600000381
-23.489999771
-23.399999619
-23.370000839
-23.440000534
-23.440000534
-23.340000153
-23.200000763
-23.200000763
-22.930000305
-22.86000061
-22.850000381
-23.020000458
-23.309999466
-23.600000381
-23.870000839
-24.059999466
-24.120000839
-24.159999847
-24.290000916
-24.409999847
-24.379999161
-24.25
-24.159999847
-24.13999939
-24.200000763
-24.290000916
-24.36000061
-24.469999313
-24.600000381
-24.659999847
-24.770000458
-24.88999939
-25.010000229
-25.13999939
-25.170000076
-25.11000061
-25.049999237
-24.940000534
-24.809999466
-24.770000458
-24.780000687
-24.850000381
-24.86000061
-24.969999313
-25.180000305
-25.370000839
-25.549999237
-25.760000229
-25.989999771
-26.209999084
-26.209999084
-26.549999237
-26.620000839
-26.520000458
-26.319999695
-26.129999161
-25.979999542
-25.950000763
-25.969999313
-26.040000916
-26.13999939
-26.309999466
-26.540000916
-26.690000534
-26.770000458
-26.780000687
-26.780000687
-26.780000687
-27.079999924
-27.260000229
-27.370000839
-27.409999847
-27.420000076
-27.399999619
-27.350000381
-27.319999695
-27.379999161
-27.459999084
-27.510000229
-27.569999695
-27.620000839
-27.590000153
-27.579999924
-27.600000381
-27.620000839
-27.559999466
-27.479999542
-27.399999619
-27.36000061
-27.379999161
-27.469999313
-27.530000687
-27.559999466
-27.559999466
-27.569999695
-27.5
-27.379999161
-27.280000687
-27.239999771
-27.190000534
-27.159999847
-27.180000305
-27.270000458
-27.379999161
-27.489999771
-27.620000839
-27.819999695
-28.11000061
-28.399999619
-28.670000076
-28.670000076
-29.219999313
-29.340000153
-29.309999466
-29.219999313
-29.120000839
-29.059999466
-29.020000458
-28.989999771
-28.989999771
-28.989999771
-28.959999084
-28.969999313
-29
-29.129999161
-29.329999924
-29.469999313
-29.469999313
-29.510000229
-29.469999313
-29.489999771
-29.530000687
-29.5
-29.459999084
-29.459999084
-29.5
-29.479999542
-29.440000534
-29.329999924
-29.219999313
-29.120000839
-29.079999924
-29.059999466
-29.049999237
-28.940000534
-28.790000916
-28.719999313
-28.659999847
-28.620000839
-28.569999695
-28.569999695
-28.579999924
-28.549999237
-28.5
-28.5
-28.479999542
-28.459999084
-28.549999237
-28.700000763
-28.850000381
-28.959999084
-29.040000916
-29.040000916
-29.079999924
-29.069999695
-29.120000839
-29.229999542
-29.399999619
-29.590000153
-29.760000229
-29.760000229
-29.899999619
-29.969999313
-29.920000076
-29.86000061
-29.739999771
-29.629999161
-29.569999695
-29.549999237
-29.590000153
-29.620000839
-29.590000153
-29.579999924
-29.579999924
-29.590000153
-29.659999847
-29.850000381
-29.850000381
-30.239999771
-30.329999924
-30.370000839
-30.36000061
-30.379999161
-30.450000763
-30.450000763
-30.629999161
-30.620000839
-30.620000839
-30.649999619
-30.600000381
-30.530000687
-30.409999847
-30.270000458
-30.209999084
-30.159999847
-30.079999924
-29.920000076
-29.629999161
-29.260000229
-28.920000076
-28.659999847
-28.399999619
-28.190000534
-28.079999924
-27.989999771
-27.899999619
-27.850000381
-27.88999939
-28.030000687
-28.090000153
-28.079999924
-28.13999939
-28.239999771
-28.420000076
-28.61000061
-28.770000458
-28.920000076
