-74.736907959
-74.736633301
-74.736358643
-74.736091614
-74.735832214
-74.735588074
-74.735351562
-74.735122681
-74.734901428
-74.734687805
-74.734466553
-74.734268188
-74.734062195
-74.733856201
-74.733642578
-74.733428955
-74.733222961
-74.73298645
-74.732772827
-74.732536316
-74.732307434
-74.732078552
-74.731842041
-74.731613159
-74.731361389
-74.731117249
-74.730880737
-74.730636597
-74.730400085
-74.730163574
-74.729911804
-74.729667664
-74.729423523
-74.729179382
-74.728942871
-74.72870636
-74.728477478
-74.728248596
-74.728019714
-74.727790833
-74.727561951
-74.727333069
-74.727096558
-74.726882935
-74.726646423
-74.7264328
-74.726211548
-74.725990295
-74.725769043
-74.725769043
-74.725326538
-74.725112915
-74.724876404
-74.72467041
-74.724449158
-74.724227905
-74.724006653
-74.723800659
-74.723587036
-74.723388672
-74.723182678
-74.722976685
-74.722793579
-74.722579956
-74.722381592
-74.722183228
-74.721977234
-74.72177124
-74.721572876
-74.721366882
-74.721160889
-74.720947266
-74.720748901
-74.720542908
-74.720329285
-74.720123291
-74.71988678
-74.719673157
-74.719451904
-74.719230652
-74.71900177
-74.718780518
-74.718551636
-74.718322754
-74.718086243
-74.717857361
-74.717643738
-74.717407227
-74.717193604
-74.716972351
-74.716751099
-74.716529846
-74.716308594
-74.716079712
-74.71585083
-74.715621948
-74.715393066
-74.715156555
-74.714942932
-74.714706421
-74.714477539
-74.714248657
-74.714012146
-74.713783264
-74.713546753
-74.713317871
-74.71307373
-74.712837219
-74.712593079
-74.712593079
-74.712120056
-74.711891174
-74.711662292
-74.71144104
-74.711212158
-74.710990906
-74.710769653
-74.710540771
-74.710319519
-74.710098267
-74.709869385
-74.709663391
-74.709442139
-74.709228516
-74.709030151
-74.708831787
-74.708633423
-74.708442688
-74.708236694
-74.70803833
-74.707847595
-74.707649231
-74.707458496
-74.707267761
-74.707077026
-74.706886292
-74.706703186
-74.706497192
-74.706306458
-74.706123352
-74.705917358
-74.705726624
-74.705543518
-74.705329895
-74.705131531
-74.704933167
-74.704711914
-74.70451355
-74.704299927
-74.704086304
-74.70388031
-74.703666687
-74.703453064
-74.70324707
-74.703041077
-74.702842712
-74.70262146
-74.702423096
-74.702209473
-74.702003479
-74.701797485
-74.701599121
-74.701393127
-74.701187134
-74.700996399
-74.700798035
-74.70059967
-74.700401306
-74.700202942
-74.700202942
-74.699806213
-74.699607849
-74.699409485
-74.699203491
-74.699012756
-74.698799133
-74.69859314
-74.698387146
-74.698181152
-74.697982788
-74.697761536
-74.697547913
-74.69732666
-74.697113037
-74.696899414
-74.696678162
-74.696456909
-74.696243286
-74.696022034
-74.695800781
-74.695587158
-74.695381165
-74.6951828
-74.694969177
-74.694770813
-74.69455719
-74.694366455
-74.69418335
-74.693977356
-74.693771362
-74.693572998
-74.693367004
-74.69316864
-74.692970276
-74.692771912
-74.692573547
-74.692382812
-74.692176819
-74.691978455
-74.69178772
-74.691589355
-74.691398621
-74.691200256
-74.691009521
-74.690811157
-74.690612793
-74.690406799
-74.690223694
-74.690032959
-74.689826965
-74.689628601
-74.689437866
-74.689247131
-74.689048767
-74.688850403
-74.688652039
-74.688453674
-74.688262939
-74.688056946
-74.688056946
-74.687637329
-74.687438965
-74.687232971
-74.687011719
-74.686798096
-74.686576843
-74.68636322
-74.686141968
-74.685920715
-74.685707092
-74.685493469
-74.685279846
-74.685066223
-74.6848526
-74.684638977
-74.684417725
-74.684196472
-74.683982849
-74.683761597
-74.683540344
-74.683319092
-74.683113098
-74.682876587
-74.682670593
-74.68245697
-74.682250977
-74.682037354
-74.68183136
-74.681632996
-74.681427002
-74.681221008
-74.681022644
-74.68081665
-74.680633545
-74.680427551
-74.680221558
-74.680023193
-74.6798172
-74.679618835
-74.679420471
-74.679206848
-74.679008484
-74.67880249
-74.678596497
-74.678398132
-74.678192139
-74.677978516
-74.677772522
-74.677558899
-74.677352905
-74.677131653
-74.67691803
-74.676696777
-74.676483154
-74.676246643
-74.67603302
-74.675811768
-74.675598145
-74.675376892
-74.675376892
-74.674949646
-74.674728394
-74.674507141
-74.674301147
-74.674087524
-74.673866272
-74.673652649
-74.673439026
-74.673233032
-74.67301178
-74.672798157
-74.672592163
-74.672393799
-74.672172546
-74.671966553
-74.671760559
-74.671546936
-74.671348572
-74.671142578
-74.670936584
-74.670730591
-74.670532227
-74.670326233
-74.670143127
-74.669937134
-74.669746399
-74.669563293
-74.669372559
-74.669189453
-74.669006348
-74.668823242
-74.668640137
-74.668457031
-74.668289185
-74.668113708
-74.667938232
-74.667762756
-74.667579651
-74.667396545
-74.667228699
-74.667053223
-74.666862488
-74.666679382
-74.666496277
-74.666313171
-74.666130066
-74.665939331
-74.665748596
-74.66557312
-74.665367126
-74.665176392
-74.664993286
-74.664787292
-74.664787292
-74.664390564
-74.664199829
-74.664001465
-74.663803101
-74.663612366
-74.663612366
-74.663223267
-74.663040161
-74.662849426
-74.662666321
-74.662483215
-74.66229248
-74.662101746
-74.66191864
-74.661727905
-74.66153717
-74.661346436
-74.66116333
-74.660972595
-74.660766602
-74.660583496
-74.660392761
-74.660186768
-74.660003662
-74.659797668
-74.659599304
-74.65940094
-74.659202576
-74.658996582
-74.658798218
-74.658599854
-74.658401489
-74.658203125
-74.657997131
-74.657806396
-74.657608032
-74.657409668
-74.657203674
-74.657012939
-74.656799316
-74.656593323
-74.656387329
-74.656188965
-74.655982971
-74.655776978
-74.655578613
-74.655380249
-74.655181885
-74.655181885
-74.654777527
-74.654579163
-74.654373169
-74.654167175
-74.65397644
-74.653778076
-74.653579712
-74.653381348
-74.653182983
-74.65297699
-74.652778625
-74.652572632
-74.652366638
-74.652160645
-74.651947021
-74.651741028
-74.651741028
-74.651321411
-74.651107788
-74.650886536
-74.650680542
-74.650466919
-74.650260925
-74.650260925
-74.649841309
-74.649642944
-74.649429321
-74.649223328
-74.649009705
-74.648803711
-74.648597717
-74.648391724
-74.648193359
-74.647979736
-74.647773743
-74.647567749
-74.647361755
-74.647163391
-74.646957397
-74.646751404
-74.64655304
-74.646347046
-74.646148682
-74.645950317
-74.645751953
-74.645553589
-74.645347595
-74.645149231
-74.644950867
-74.644752502
-74.644546509
-74.644348145
-74.644142151
-74.643943787
-74.643737793
-74.643539429
-74.643341064
-74.6431427
-74.642936707
-74.642936707
-74.642539978
-74.642341614
-74.64214325
-74.641937256
-74.641746521
-74.641548157
-74.641357422
-74.641159058
-74.640968323
-74.640769958
-74.640579224
-74.640380859
-74.640182495
-74.639976501
-74.639793396
-74.639587402
-74.639587402
-74.639183044
-74.638977051
-74.638778687
-74.638572693
-74.638366699
-74.638160706
-74.637947083
-74.637741089
-74.637542725
-74.637329102
-74.637123108
-74.636901855
-74.636688232
-74.63646698
-74.636268616
-74.636047363
-74.635848999
-74.635643005
-74.635429382
-74.635223389
-74.635032654
-74.634819031
-74.634613037
-74.634407043
-74.634208679
-74.634010315
-74.633796692
-74.633613586
-74.633399963
-74.633201599
-74.633003235
-74.632797241
-74.632591248
-74.632392883
-74.63218689
-74.631980896
-74.631782532
-74.631576538
-74.631378174
-74.63117981
-74.630981445
-74.63079071
-74.63079071
-74.630409241
-74.630233765
-74.63004303
-74.629852295
-74.629669189
-74.629493713
-74.629310608
-74.629127502
-74.628936768
-74.628761292
-74.628578186
-74.62840271
-74.628211975
-74.62802887
-74.627853394
-74.627662659
-74.627662659
-74.627281189
-74.627090454
-74.626899719
-74.626716614
-74.626533508
-74.626342773
-74.62613678
-74.625953674
-74.625770569
-74.625579834
-74.625389099
-74.625213623
-74.625022888
-74.624832153
-74.624649048
-74.624458313
-74.624267578
-74.624076843
-74.623893738
-74.623687744
-74.623497009
-74.623298645
-74.62310791
-74.622909546
-74.622718811
-74.622520447
-74.622322083
-74.622123718
-74.621910095
-74.621696472
-74.621490479
-74.621276855
-74.621078491
-74.620872498
-74.620666504
-74.62046814
-74.620269775
-74.620071411
-74.619873047
-74.619667053
-74.619476318
-74.619277954
-74.619277954
-74.618881226
-74.618682861
-74.618476868
-74.618293762
-74.618103027
-74.617897034
-74.617706299
-74.617523193
-74.617332458
-74.617141724
-74.616950989
-74.616767883
-74.616577148
-74.616386414
-74.616203308
-74.616020203
-74.616020203
-74.615646362
-74.615470886
-74.615287781
-74.615112305
-74.614936829
-74.614753723
-74.614570618
-74.614387512
-74.614196777
-74.614013672
-74.613822937
-74.613639832
-74.613449097
-74.613273621
-74.613082886
-74.612876892
-74.612701416
-74.612510681
-74.612327576
-74.612136841
-74.611953735
-74.611763
-74.611572266
-74.61138916
-74.611198425
-74.611022949
-74.610832214
-74.610649109
-74.610458374
-74.610282898
-74.610092163
-74.609909058
-74.609733582
-74.609542847
-74.609359741
-74.609176636
-74.60899353
-74.608802795
-74.608612061
-74.608421326
-74.60823822
-74.608039856
-74.607849121
-74.607658386
-74.607460022
-74.607269287
-74.607070923
-74.606880188
-74.606689453
-74.606498718
-74.606307983
-74.606117249
-74.605926514
-74.605743408
-74.605552673
-74.605361938
-74.605171204
-74.604980469
-74.604797363
-74.604797363
-74.604423523
-74.604232788
-74.604042053
-74.603851318
-74.603668213
-74.603492737
-74.603286743
-74.603111267
-74.602920532
-74.602729797
-74.602531433
-74.602340698
-74.602149963
-74.601951599
-74.601760864
-74.601570129
-74.601379395
-74.601196289
-74.601013184
-74.600822449
-74.600639343
-74.600456238
-74.600273132
-74.600097656
-74.599906921
-74.599731445
-74.59954834
-74.599372864
-74.599189758
-74.599006653
-74.598831177
-74.59866333
-74.598480225
-74.598297119
-74.598129272
-74.597953796
-74.59777832
-74.597602844
-74.597427368
-74.597259521
-74.597076416
-74.596908569
-74.596733093
-74.596557617
-74.596389771
-74.596206665
-74.596038818
-74.595863342
-74.595687866
-74.59551239
-74.595336914
-74.595153809
-74.594978333
-74.594787598
-74.594596863
-74.594413757
-74.594230652
-74.594039917
-74.593849182
-74.593849182
-74.593467712
-74.593276978
-74.593086243
-74.592910767
-74.592727661
-74.592536926
-74.59236908
-74.592193604
-74.592010498
-74.591842651
-74.591659546
-74.59147644
-74.591308594
-74.591140747
-74.5909729
-74.590812683
-74.590637207
-74.59046936
-74.590301514
-74.590141296
-74.58997345
-74.589813232
-74.589630127
-74.58946228
-74.589286804
-74.589118958
-74.588943481
-74.588768005
-74.588592529
-74.588417053
-74.588249207
-74.58807373
-74.587890625
-74.587722778
-74.587532043
-74.587356567
-74.587173462
-74.586997986
-74.586807251
-74.586639404
-74.586456299
-74.586280823
-74.586112976
-74.585929871
-74.585762024
-74.585586548
-74.585411072
-74.585243225
-74.585067749
-74.584899902
-74.584716797
-74.58455658
-74.584381104
-74.584213257
-74.584037781
-74.583862305
-74.583686829
-74.583511353
-74.583343506
-74.583343506
-74.583000183
-74.582832336
-74.582672119
-74.582496643
-74.582336426
-74.582168579
-74.581993103
-74.581832886
-74.58165741
-74.581489563
-74.581306458
-74.58114624
-74.580978394
-74.580810547
-74.5806427
-74.580467224
-74.580291748
-74.580116272
-74.579948425
-74.579772949
-74.579612732
-74.579429626
-74.57926178
-74.579086304
-74.578933716
-74.57875824
-74.578590393
-74.578422546
-74.57824707
-74.578086853
-74.577926636
-74.577758789
-74.577598572
-74.577438354
-74.577278137
-74.57711792
-74.576957703
-74.576797485
-74.576637268
-74.576477051
-74.576316833
-74.576156616
-74.57598877
-74.575828552
-74.575660706
-74.575492859
-74.575332642
-74.575157166
-74.574989319
-74.574821472
-74.574653625
-74.574478149
-74.574302673
-74.574127197
-74.573951721
-74.573776245
-74.573600769
-74.573417664
-74.573226929
-74.573226929
-74.572868347
-74.572677612
-74.572486877
-74.572303772
-74.572113037
-74.571907043
-74.571716309
-74.571533203
-74.571342468
-74.571151733
-74.570960999
-74.570770264
-74.570579529
-74.570388794
-74.570198059
-74.570007324
-74.569816589
-74.569633484
-74.569442749
-74.569252014
-74.569068909
-74.568878174
-74.568687439
-74.568496704
-74.568313599
-74.568130493
-74.567947388
-74.567756653
-74.567581177
-74.567390442
-74.567207336
-74.567016602
-74.566841125
-74.566650391
-74.566467285
-74.56627655
-74.566093445
-74.56590271
-74.565719604
-74.565536499
-74.565353394
-74.565162659
-74.564979553
-74.564788818
-74.564613342
-74.564407349
-74.564216614
-74.564033508
-74.563827515
-74.56362915
-74.563430786
-74.563217163
-74.563026428
-74.562820435
-74.56262207
-74.562423706
-74.562210083
-74.56199646
-74.561813354
-74.561813354
-74.561393738
-74.561203003
-74.560997009
-74.560791016
-74.560592651
-74.560386658
-74.560180664
-74.5599823
-74.559776306
-74.559570312
-74.559356689
-74.559158325
-74.558952332
-74.558738708
-74.558532715
-74.558319092
-74.558113098
-74.557899475
-74.557693481
-74.557472229
-74.557258606
-74.557037354
-74.55683136
-74.556610107
-74.556396484
-74.556182861
-74.55594635
-74.555732727
-74.555519104
-74.555297852
-74.555076599
-74.554862976
-74.554626465
-74.554412842
-74.554176331
-74.553962708
-74.553726196
-74.553497314
-74.553283691
-74.55304718
-74.552833557
-74.552612305
-74.552398682
-74.552192688
-74.551971436
-74.551757812
-74.551551819
-74.551353455
-74.551139832
-74.550926208
-74.550720215
-74.550506592
-74.550308228
-74.550102234
-74.549888611
-74.549682617
-74.549476624
-74.54927063
-74.549057007
-74.549057007
-74.548652649
-74.548446655
-74.548240662
-74.548027039
-74.547828674
-74.547622681
-74.547416687
-74.547218323
-74.547019958
-74.546821594
-74.54662323
-74.546417236
-74.546211243
-74.546012878
-74.545806885
-74.545600891
-74.545387268
-74.545188904
-74.54498291
-74.544769287
-74.544563293
-74.544342041
-74.544128418
-74.543907166
-74.543693542
-74.54347229
-74.543251038
-74.543022156
-74.542793274
-74.542556763
-74.54234314
-74.542106628
-74.541877747
-74.541648865
-74.541412354
-74.541183472
-74.54094696
-74.540718079
-74.540481567
-74.540252686
-74.540023804
-74.539787292
-74.539573669
-74.539337158
-74.539123535
-74.538887024
-74.538673401
-74.53843689
-74.538223267
-74.538002014
-74.537773132
-74.53755188
-74.537330627
-74.537109375
-74.536903381
-74.53666687
-74.536453247
-74.536231995
-74.536018372
-74.536018372
-74.535591125
-74.535377502
-74.535171509
-74.534957886
-74.534751892
-74.534538269
-74.534332275
-74.534126282
-74.533912659
-74.533706665
-74.533493042
-74.533287048
-74.533073425
-74.532867432
-74.532653809
-74.532440186
-74.532218933
-74.532012939
-74.531791687
-74.531570435
-74.531356812
-74.531143188
-74.530921936
-74.530708313
-74.530487061
-74.530273438
-74.530059814
-74.529846191
-74.529632568
-74.529418945
-74.529212952
-74.528999329
-74.528793335
-74.528587341
-74.528381348
-74.528182983
-74.52796936
-74.527770996
-74.527572632
