-110.54820251
-110.5490036
-110.54979706
-110.55069733
-110.5515976
-110.55249786
-110.55339813
-110.55439758
-110.55539703
-110.5565033
-110.55750275
-110.55860138
-110.55960083
-110.56069946
-110.5617981
-110.56279755
-110.56390381
-110.56490326
-110.56590271
-110.56700134
-110.56800079
-110.56900024
-110.57009888
-110.57109833
-110.57209778
-110.57319641
-110.57420349
-110.57520294
-110.57630157
-110.57730103
-110.57830048
-110.57929993
-110.58029938
-110.58129883
-110.58229828
-110.58339691
-110.58439636
-110.58540344
-110.58650208
-110.58750153
-110.58860016
-110.58959961
-110.59059906
-110.59169769
-110.59269714
-110.59369659
-110.59480286
-110.59580231
-110.59680176
-110.59680176
-110.59880066
-110.59980011
-110.60079956
-110.60179901
-110.60279846
-110.60379791
-110.60479736
-110.60579681
-110.60679626
-110.60769653
-110.60870361
-110.60970306
-110.61060333
-110.61160278
-110.61260223
-110.6135025
-110.61450195
-110.61540222
-110.61640167
-110.61740112
-110.61830139
-110.61930084
-110.62030029
-110.62129974
-110.62229919
-110.62329865
-110.6242981
-110.62529755
-110.626297
-110.62729645
-110.62830353
-110.62930298
-110.63040161
-110.63140106
-110.63240051
-110.63339996
-110.6344986
-110.63549805
-110.63659668
-110.63760376
-110.63870239
-110.63980103
-110.64080048
-110.64189911
-110.64289856
-110.64399719
-110.64499664
-110.64610291
-110.64710236
-110.64820099
-110.64920044
-110.65029907
-110.65129852
-110.65229797
-110.65339661
-110.65440369
-110.65540314
-110.65640259
-110.65740204
-110.65740204
-110.65940094
-110.66040039
-110.66139984
-110.66249847
-110.66349792
-110.66459656
-110.66560364
-110.66670227
-110.66770172
-110.66870117
-110.66970062
-110.67070007
-110.67169952
-110.67269897
-110.67369843
-110.67469788
-110.67569733
-110.67669678
-110.67769623
-110.67870331
-110.67960358
-110.68060303
-110.68160248
-110.68250275
-110.6835022
-110.68440247
-110.68530273
-110.68630219
-110.68720245
-110.68810272
-110.68910217
-110.69000244
-110.69100189
-110.69190216
-110.69280243
-110.69380188
-110.69470215
-110.6957016
-110.69660187
-110.69750214
-110.69850159
-110.69940186
-110.70030212
-110.70130157
-110.70220184
-110.70310211
-110.70410156
-110.70500183
-110.7059021
-110.70690155
-110.70780182
-110.70870209
-110.70970154
-110.71060181
-110.71150208
-110.71250153
-110.71340179
-110.71440125
-110.71530151
-110.71530151
-110.71720123
-110.71820068
-110.71910095
-110.7201004
-110.72100067
-110.72200012
-110.72290039
-110.72389984
-110.72489929
-110.72589874
-110.72679901
-110.72779846
-110.72879791
-110.72979736
-110.73079681
-110.73169708
-110.73269653
-110.73370361
-110.73459625
-110.73560333
-110.73660278
-110.73760223
-110.73860168
-110.73960114
-110.74060059
-110.74150085
-110.74250031
-110.74349976
-110.74449921
-110.74549866
-110.74649811
-110.74739838
-110.74829865
-110.7492981
-110.75019836
-110.75109863
-110.75209808
-110.75299835
-110.75389862
-110.75479889
-110.75579834
-110.75669861
-110.75759888
-110.75849915
-110.7594986
-110.76039886
-110.76139832
-110.76229858
-110.76329803
-110.76429749
-110.76519775
-110.7661972
-110.76719666
-110.76820374
-110.76920319
-110.77020264
-110.77120209
-110.77220154
-110.77320099
-110.77320099
-110.77510071
-110.77610016
-110.77700043
-110.77799988
-110.77899933
-110.7798996
-110.78089905
-110.7818985
-110.78289795
-110.7838974
-110.78489685
-110.7858963
-110.78690338
-110.78800201
-110.78900146
-110.79000092
-110.79090118
-110.79190063
-110.79290009
-110.79389954
-110.7947998
-110.79579926
-110.79679871
-110.79769897
-110.79869843
-110.79959869
-110.80059814
-110.80149841
-110.80249786
-110.80339813
-110.80439758
-110.80529785
-110.80619812
-110.80719757
-110.80809784
-110.80909729
-110.80999756
-110.81089783
-110.81189728
-110.81279755
-110.81369781
-110.81469727
-110.81559753
-110.81659698
-110.81749725
-110.81839752
-110.81939697
-110.82029724
-110.82119751
-110.82219696
-110.82309723
-110.82409668
-110.82499695
-110.82589722
-110.82689667
-110.82779694
-110.8286972
-110.82969666
-110.83059692
-110.83059692
-110.83260345
-110.83350372
-110.83439636
-110.83540344
-110.83630371
-110.83730316
-110.83820343
-110.83920288
-110.84010315
-110.8411026
-110.84200287
-110.84300232
-110.84390259
-110.84480286
-110.84580231
-110.84670258
-110.84760284
-110.84850311
-110.84940338
-110.85030365
-110.85119629
-110.85209656
-110.85299683
-110.85389709
-110.85479736
-110.85569763
-110.85649872
-110.85739899
-110.85829926
-110.85919952
-110.86009979
-110.86100006
-110.86190033
-110.8628006
-110.86360168
-110.86450195
-110.86540222
-110.86630249
-110.86710358
-110.86799622
-110.8687973
-110.86969757
-110.87049866
-110.87129974
-110.87220001
-110.8730011
-110.87390137
-110.87470245
-110.87560272
-110.87640381
-110.87719727
-110.87799835
-110.87889862
-110.87889862
-110.88050079
-110.88140106
-110.88220215
-110.88310242
-110.88400269
-110.88400269
-110.88569641
-110.88659668
-110.88749695
-110.88839722
-110.88929749
-110.89019775
-110.89109802
-110.89199829
-110.89289856
-110.89379883
-110.89479828
-110.89569855
-110.89659882
-110.89749908
-110.89839935
-110.89929962
-110.90019989
-110.90110016
-110.90209961
-110.90299988
-110.90390015
-110.9048996
-110.90579987
-110.90670013
-110.90769958
-110.90859985
-110.9095993
-110.91059875
-110.91149902
-110.91249847
-110.91349792
-110.91449738
-110.91539764
-110.91639709
-110.91739655
-110.91829681
-110.91929626
-110.92019653
-110.92120361
-110.92209625
-110.92299652
-110.9240036
-110.9240036
-110.92579651
-110.92680359
-110.92769623
-110.9285965
-110.92949677
-110.93039703
-110.93139648
-110.93229675
-110.93319702
-110.93409729
-110.93499756
-110.93589783
-110.9367981
-110.93769836
-110.93869781
-110.93959808
-110.93959808
-110.94139862
-110.94239807
-110.94329834
-110.94419861
-110.94519806
-110.94609833
-110.94609833
-110.94799805
-110.9489975
-110.94989777
-110.95089722
-110.95179749
-110.95269775
-110.9536972
-110.95459747
-110.95559692
-110.95649719
-110.95749664
-110.95839691
-110.95939636
-110.96029663
-110.96130371
-110.96219635
-110.96320343
-110.9641037
-110.96510315
-110.96600342
-110.96700287
-110.96800232
-110.96890259
-110.96990204
-110.97080231
-110.97180176
-110.97270203
-110.97370148
-110.97460175
-110.9756012
-110.97650146
-110.97750092
-110.97840118
-110.97940063
-110.9803009
-110.9803009
-110.98220062
-110.98320007
-110.98410034
-110.98509979
-110.98600006
-110.98699951
-110.98789978
-110.98889923
-110.9897995
-110.99069977
-110.99169922
-110.99259949
-110.99349976
-110.99440002
-110.99530029
-110.99620056
-110.99620056
-110.9980011
-110.99890137
-110.99980164
-111.0007019
-111.00160217
-111.00250244
-111.00340271
-111.00430298
-111.00520325
-111.00610352
-111.00700378
-111.00789642
-111.00879669
-111.00969696
-111.01059723
-111.0114975
-111.01239777
-111.01329803
-111.0141983
-111.01509857
-111.01599884
-111.01689911
-111.01779938
-111.01869965
-111.01959991
-111.02050018
-111.02140045
-111.02220154
-111.02310181
-111.02400208
-111.02480316
-111.02570343
-111.0266037
-111.02739716
-111.02829742
-111.02909851
-111.02999878
-111.03089905
-111.03170013
-111.0326004
-111.03350067
-111.03440094
-111.03440094
-111.03620148
-111.03710175
-111.03800201
-111.03890228
-111.03980255
-111.04070282
-111.04160309
-111.04250336
-111.04340363
-111.04429626
-111.04519653
-111.0460968
-111.04699707
-111.04789734
-111.04879761
-111.04979706
-111.04979706
-111.0515976
-111.05249786
-111.05339813
-111.05439758
-111.05529785
-111.05619812
-111.05709839
-111.05799866
-111.05899811
-111.05989838
-111.06079865
-111.06169891
-111.06259918
-111.06349945
-111.06439972
-111.06520081
-111.06610107
-111.06700134
-111.06780243
-111.06860352
-111.06939697
-111.07029724
-111.07109833
-111.07189941
-111.0727005
-111.07360077
-111.07440186
-111.07520294
-111.0759964
-111.07679749
-111.07759857
-111.07839966
-111.07920074
-111.08000183
-111.0809021
-111.08170319
-111.08260345
-111.08350372
-111.08429718
-111.08519745
-111.08599854
-111.0868988
-111.0868988
-111.08850098
-111.08940125
-111.09020233
-111.0911026
-111.09200287
-111.09290314
-111.09369659
-111.09459686
-111.09549713
-111.0963974
-111.09729767
-111.09809875
-111.09899902
-111.09989929
-111.10079956
-111.10169983
-111.10169983
-111.10350037
-111.10440063
-111.1053009
-111.10620117
-111.10710144
-111.10800171
-111.10890198
-111.10980225
-111.11060333
-111.1115036
-111.11239624
-111.11329651
-111.1140976
-111.11499786
-111.11589813
-111.1167984
-111.11759949
-111.11849976
-111.11940002
-111.12030029
-111.12110138
-111.12200165
-111.12290192
-111.123703
-111.12460327
-111.12550354
-111.126297
-111.12719727
-111.12799835
-111.12889862
-111.12969971
-111.13059998
-111.13140106
-111.13230133
-111.13310242
-111.13400269
-111.13480377
-111.13559723
-111.1364975
-111.13729858
-111.13809967
-111.13890076
-111.13970184
-111.14060211
-111.1414032
-111.14219666
-111.14309692
-111.14389801
-111.1446991
-111.14559937
-111.14640045
-111.14730072
-111.14810181
-111.14890289
-111.14980316
-111.15059662
-111.15139771
-111.15229797
-111.15309906
-111.15309906
-111.15480042
-111.1556015
-111.15650177
-111.15730286
-111.15809631
-111.15899658
-111.15979767
-111.16069794
-111.16149902
-111.16239929
-111.16320038
-111.16400146
-111.16490173
-111.16570282
-111.16660309
-111.16739655
-111.16819763
-111.1690979
-111.16989899
-111.17079926
-111.17160034
-111.17240143
-111.17320251
-111.17410278
-111.17489624
-111.17569733
-111.1765976
-111.17739868
-111.17819977
-111.17900085
-111.17990112
-111.18070221
-111.18160248
-111.18240356
-111.18319702
-111.18409729
-111.18489838
-111.18579865
-111.18659973
-111.18740082
-111.18830109
-111.18910217
-111.19000244
-111.19080353
-111.1917038
-111.19249725
-111.19329834
-111.19419861
-111.19499969
-111.19589996
-111.19670105
-111.19750214
-111.1984024
-111.19920349
-111.19999695
-111.20079803
-111.20159912
-111.20240021
-111.20320129
-111.20320129
-111.20490265
-111.20570374
-111.20649719
-111.20729828
-111.20809937
-111.20899963
-111.20980072
-111.21060181
-111.21140289
-111.21219635
-111.21299744
-111.21389771
-111.21469879
-111.21549988
-111.21630096
-111.21710205
-111.21790314
-111.21880341
-111.21959686
-111.22039795
-111.22119904
-111.22200012
-111.22280121
-111.22360229
-111.22429657
-111.22509766
-111.22589874
-111.22669983
-111.22750092
-111.22820282
-111.22899628
-111.22979736
-111.23059845
-111.23130035
-111.23210144
-111.23290253
-111.2335968
-111.23439789
-111.23519897
-111.23590088
-111.23670197
-111.23750305
-111.23829651
-111.2390976
-111.23989868
-111.24069977
-111.24150085
-111.24230194
-111.24310303
-111.24389648
-111.24469757
-111.24549866
-111.24629974
-111.24710083
-111.24790192
-111.248703
-111.24949646
-111.25019836
-111.25099945
-111.25099945
-111.25260162
-111.25330353
-111.25409698
-111.25489807
-111.25569916
-111.25640106
-111.25720215
-111.25789642
-111.25869751
-111.2594986
-111.2602005
-111.26100159
-111.26170349
-111.26249695
-111.26329803
-111.26399994
-111.26480103
-111.26550293
-111.26629639
-111.26699829
-111.26779938
-111.26850128
-111.26930237
-111.27010345
-111.27079773
-111.27159882
-111.27230072
-111.27310181
-111.27390289
-111.27459717
-111.27539825
-111.27610016
-111.27690125
-111.27770233
-111.27839661
-111.27919769
-111.27999878
-111.28079987
-111.28160095
-111.28230286
-111.28309631
-111.2838974
-111.28469849
-111.28549957
-111.28630066
-111.28710175
-111.28790283
-111.28869629
-111.28949738
-111.29029846
-111.29109955
-111.29190063
-111.29270172
-111.29340363
-111.29419708
-111.29499817
-111.29579926
-111.29660034
-111.29740143
-111.29740143
-111.29889679
-111.29969788
-111.30049896
-111.30120087
-111.30200195
-111.30280304
-111.3035965
-111.30439758
-111.30519867
-111.30599976
-111.30690002
-111.30770111
-111.3085022
-111.30930328
-111.31009674
-111.31089783
-111.3117981
-111.31259918
-111.31340027
-111.31420135
-111.31500244
-111.31590271
-111.3167038
-111.31749725
-111.31839752
-111.31919861
-111.32009888
-111.32089996
-111.32180023
-111.32260132
-111.3234024
-111.32430267
-111.32510376
-111.32589722
-111.32679749
-111.32759857
-111.32849884
-111.32929993
-111.3302002
-111.33100128
-111.33190155
-111.33280182
-111.33370209
-111.33460236
-111.33550262
-111.33630371
-111.33719635
-111.33809662
-111.33899689
-111.33989716
-111.34069824
-111.34159851
-111.34249878
-111.34339905
-111.34429932
-111.34519958
-111.34609985
-111.34700012
-111.34790039
-111.34790039
-111.34970093
-111.3506012
-111.35150146
-111.35240173
-111.35340118
-111.35430145
-111.35520172
-111.35610199
-111.35700226
-111.35800171
-111.35890198
-111.35980225
-111.36070251
-111.36170197
-111.36260223
-111.3635025
-111.36450195
-111.36540222
-111.36630249
-111.36720276
-111.36810303
-111.36910248
-111.37000275
-111.37090302
-111.37180328
-111.37280273
-111.373703
-111.37460327
-111.37550354
-111.37650299
-111.37740326
-111.37830353
-111.3792038
-111.38009644
-111.3809967
-111.38200378
-111.38289642
-111.38379669
-111.38469696
-111.38569641
-111.38659668
-111.38760376
-111.38860321
-111.38950348
-111.39050293
-111.39150238
-111.39250183
-111.39350128
-111.39450073
-111.395401
-111.39640045
-111.3973999
-111.39839935
-111.39929962
-111.40029907
-111.40129852
-111.40229797
-111.40319824
-111.40419769
-111.40419769
-111.40619659
-111.40720367
-111.40820312
-111.40920258
-111.41020203
-111.41120148
-111.41210175
-111.4131012
-111.41410065
-111.4151001
-111.41609955
-111.417099
-111.41809845
-111.41899872
-111.41999817
-111.42099762
-111.42199707
-111.42289734
-111.42389679
-111.42489624
-111.42579651
-111.42680359
-111.42780304
-111.42870331
-111.42970276
-111.43060303
-111.43160248
-111.43250275
-111.4335022
-111.43450165
-111.43540192
-111.43640137
-111.43740082
-111.43830109
-111.43930054
-111.44029999
-111.44129944
-111.44219971
-111.44319916
-111.44419861
-111.44519806
-111.44619751
-111.44719696
-111.44819641
-111.44920349
-111.45020294
-111.45120239
-111.45220184
-111.45320129
-111.45420074
-111.4552002
-111.45619965
-111.4571991
-111.45819855
-111.459198
-111.46019745
-111.4611969
-111.46219635
-111.46320343
-111.46320343
-111.46520233
-111.46620178
-111.46720123
-111.46820068
-111.46929932
-111.47029877
-111.47129822
-111.47229767
-111.4733963
-111.47440338
-111.47540283
-111.47640228
-111.47750092
-111.47850037
-111.47949982
-111.48049927
-111.48149872
-111.48259735
-111.4835968
-111.48459625
-111.48549652
-111.4865036
-111.48750305
-111.48840332
-111.48940277
-111.49030304
-111.49130249
-111.49220276
-111.49310303
-111.49410248
-111.49500275
-111.4960022
-111.49690247
-111.49780273
-111.49880219
-111.49970245
-111.5007019
-111.50170135
-111.50260162
