31.649999619
31.040000916
30.239999771
29.299999237
28.260000229
27.200000763
26.200000763
25.270000458
24.440000534
23.770000458
23.36000061
23.200000763
23.159999847
23.239999771
23.540000916
23.969999313
24.510000229
24.88999939
25.120000839
25.290000916
25.590000153
26.049999237
26.350000381
26.459999084
26.540000916
26.790000916
26.989999771
27.120000839
27.260000229
27.309999466
27.219999313
27.159999847
27.159999847
26.75
26.530000687
26.25
25.870000839
25.63999939
25.520000458
25.530000687
25.579999924
25.440000534
25.270000458
25.11000061
25.020000458
24.920000076
24.790000916
24.63999939
24.620000839
24.620000839
24.659999847
24.690000534
24.61000061
24.520000458
24.38999939
24.309999466
24.11000061
23.670000076
23.299999237
22.930000305
22.719999313
22.520000458
22.350000381
22.370000839
22.399999619
22.530000687
22.670000076
22.770000458
22.850000381
22.920000076
22.930000305
23
23.209999084
23.440000534
23.670000076
24.049999237
24.469999313
24.729999542
24.879999161
25.049999237
25.170000076
25.209999084
25.270000458
25.420000076
25.38999939
25.299999237
25.209999084
25.069999695
25.069999695
24.63999939
24.760000229
25.030000687
25.030000687
25.270000458
25.430000305
25.530000687
25.700000763
25.709999084
25.700000763
25.780000687
25.739999771
25.649999619
25.709999084
25.88999939
26.059999466
26.370000839
26.700000763
26.879999161
26.799999237
26.799999237
26.100000381
25.659999847
25.260000229
25.079999924
25.040000916
24.989999771
24.969999313
25.170000076
25.219999313
25.100000381
24.790000916
24.370000839
23.760000229
23.11000061
22.540000916
22.239999771
22.100000381
22.049999237
22.049999237
21.959999084
21.739999771
21.5
21.370000839
21.350000381
21.430000305
21.430000305
21.479999542
21.479999542
21.38999939
21.450000763
21.540000916
21.829999924
22.219999313
22.649999619
22.899999619
23.010000229
23.129999161
23.290000916
23.290000916
23.479999542
23.600000381
23.590000153
23.590000153
23.36000061
23.209999084
23.159999847
23.11000061
23.13999939
23.100000381
23.030000687
22.879999161
22.75
22.61000061
22.479999542
22.260000229
21.959999084
21.840000153
21.899999619
22.020000458
22.020000458
22.219999313
22.319999695
22.469999313
22.61000061
22.739999771
22.940000534
22.940000534
23.069999695
23.209999084
23.399999619
23.670000076
23.969999313
24.209999084
24.280000687
24.340000153
24.440000534
24.559999466
24.530000687
24.5
24.25
23.809999466
23.36000061
23.049999237
22.780000687
22.530000687
22.280000687
22.120000839
22.079999924
22.190000534
22.420000076
22.579999924
22.540000916
22.540000916
22.549999237
22.5
22.239999771
22.120000839
22
21.940000534
21.770000458
21.770000458
21.729999542
21.760000229
21.809999466
21.920000076
21.940000534
21.989999771
22.040000916
21.989999771
21.899999619
21.770000458
21.680000305
21.700000763
21.700000763
21.870000839
22.040000916
22.129999161
22.329999924
22.329999924
22.559999466
22.829999924
23.059999466
23.350000381
23.989999771
23.989999771
24.409999847
24.409999847
24.350000381
24.319999695
24.319999695
24.059999466
24.059999466
23.88999939
23.909999847
24.100000381
24.38999939
24.709999084
24.709999084
24.600000381
24.600000381
24.430000305
24.399999619
24.219999313
23.940000534
23.61000061
23.340000153
23.11000061
22.979999542
22.979999542
22.690000534
22.549999237
22.38999939
22.319999695
22.319999695
22.209999084
22.299999237
22.299999237
22.61000061
22.659999847
22.709999084
22.819999695
22.819999695
22.850000381
22.840000153
22.840000153
22.920000076
23
23.190000534
23.489999771
23.75
24.069999695
24.200000763
24.200000763
24.409999847
24.629999161
24.790000916
24.799999237
24.629999161
24.38999939
24.219999313
24.200000763
24.100000381
24.049999237
24.020000458
23.969999313
23.989999771
24.010000229
24
23.940000534
23.809999466
23.61000061
23.420000076
23.350000381
23.299999237
23.340000153
23.340000153
23.340000153
23.239999771
23.149999619
22.950000763
22.86000061
22.670000076
22.440000534
22.190000534
21.909999847
21.540000916
21.239999771
20.979999542
20.790000916
20.659999847
20.219999313
20.219999313
20.020000458
19.780000687
19.63999939
19.63999939
19.659999847
19.729999542
19.780000687
19.909999847
20.069999695
20.190000534
20.290000916
20.379999161
20.540000916
20.680000305
20.870000839
21
21.13999939
21.329999924
21.489999771
21.719999313
21.850000381
22
22.079999924
22
21.920000076
21.879999161
21.799999237
21.729999542
21.63999939
21.38999939
21.040000916
20.88999939
20.870000839
20.829999924
20.770000458
20.829999924
20.930000305
20.969999313
21.040000916
21.200000763
21.430000305
21.549999237
21.649999619
21.719999313
21.819999695
21.950000763
22.11000061
22.180000305
22.190000534
22.209999084
22.309999466
22.370000839
22.36000061
22.25
22.200000763
22.200000763
22.200000763
22.209999084
22.209999084
22.290000916
22.469999313
22.649999619
22.739999771
22.86000061
22.86000061
22.790000916
22.659999847
22.559999466
22.440000534
22.379999161
22.370000839
22.38999939
22.479999542
22.420000076
22.409999847
22.370000839
22.329999924
22.149999619
22.149999619
22.280000687
22.370000839
22.489999771
22.719999313
22.930000305
23.030000687
23.129999161
23.280000687
23.479999542
23.600000381
23.690000534
23.770000458
23.799999237
23.709999084
23.479999542
23.319999695
23.229999542
23.209999084
23.229999542
23.25
23.290000916
23.290000916
23.209999084
23.129999161
23.079999924
23.020000458
22.969999313
22.940000534
22.940000534
22.850000381
22.760000229
22.729999542
22.670000076
22.540000916
22.420000076
22.319999695
22.319999695
22.36000061
22.299999237
22.180000305
22.159999847
22.270000458
22.430000305
22.600000381
22.739999771
22.719999313
22.569999695
22.469999313
22.409999847
22.370000839
22.399999619
22.309999466
22.209999084
22.200000763
22.239999771
22.270000458
22.180000305
22.079999924
21.979999542
21.850000381
21.680000305
21.63999939
21.620000839
21.840000153
21.840000153
22.059999466
22.340000153
22.340000153
22.340000153
22.38999939
22.5
22.670000076
22.879999161
23.069999695
23.11000061
23.11000061
23.149999619
23.219999313
23.270000458
23.370000839
23.5
23.659999847
23.760000229
23.709999084
23.600000381
23.409999847
23.270000458
23.170000076
23.100000381
22.940000534
22.86000061
22.760000229
22.680000305
22.659999847
22.61000061
22.569999695
22.569999695
22.569999695
22.520000458
22.530000687
22.540000916
22.450000763
22.5
22.600000381
22.75
22.809999466
22.809999466
22.670000076
22.36000061
22.090000153
21.719999313
21.340000153
21.129999161
21.049999237
20.879999161
20.700000763
20.559999466
20.370000839
20.25
20.200000763
20.200000763
20.229999542
20.36000061
20.5
20.590000153
20.569999695
20.729999542
20.729999542
20.760000229
20.819999695
21.030000687
21.239999771
21.25
21.170000076
21.170000076
21.180000305
21.100000381
20.989999771
20.989999771
20.920000076
20.870000839
20.840000153
20.799999237
20.870000839
20.920000076
21
21.180000305
21.379999161
21.559999466
21.649999619
21.629999161
21.659999847
21.729999542
21.850000381
21.88999939
22.059999466
22.420000076
22.760000229
23.030000687
23.209999084
23.309999466
23.290000916
23.13999939
22.959999084
22.809999466
22.469999313
22.13999939
21.989999771
22.069999695
22.219999313
22.219999313
22.219999313
21.989999771
21.989999771
21.979999542
21.979999542
21.819999695
21.520000458
21.36000061
21.36000061
21.040000916
20.950000763
20.950000763
20.920000076
21.11000061
20.969999313
20.969999313
20.61000061
20.61000061
20.489999771
20.36000061
20.149999619
19.950000763
19.870000839
20.170000076
20.170000076
20.450000763
21
21.010000229
21.010000229
20.88999939
20.899999619
20.899999619
21.069999695
21.069999695
20.959999084
20.870000839
20.88999939
20.88999939
20.930000305
20.930000305
21.020000458
20.879999161
20.799999237
20.739999771
20.629999161
20.629999161
20.629999161
20.590000153
20.549999237
20.38999939
20.299999237
20.399999619
20.600000381
20.739999771
20.739999771
20.790000916
20.920000076
21.059999466
21.129999161
21.209999084
21.399999619
21.690000534
21.690000534
21.690000534
21.690000534
21.559999466
21.520000458
21.450000763
21.350000381
21.280000687
21.200000763
21.120000839
21.090000153
21.120000839
21.129999161
21.11000061
21.129999161
21.129999161
21.11000061
21
20.870000839
20.780000687
20.739999771
20.690000534
20.690000534
21.129999161
21.270000458
21.440000534
21.549999237
21.559999466
21.61000061
21.63999939
21.479999542
21.25
21.040000916
20.850000381
20.709999084
20.569999695
20.459999084
20.370000839
20.299999237
20.239999771
20.209999084
20.209999084
20.200000763
20.190000534
20.13999939
19.969999313
19.870000839
19.790000916
19.690000534
19.559999466
19.479999542
19.459999084
19.440000534
19.440000534
19.399999619
19.420000076
19.430000305
19.489999771
19.489999771
19.530000687
19.450000763
19.430000305
19.459999084
19.510000229
19.510000229
19.600000381
19.809999466
20.090000153
20.36000061
20.36000061
20.930000305
21.030000687
21.100000381
21.159999847
21.209999084
21.209999084
21.129999161
20.950000763
20.75
20.559999466
20.399999619
20.25
20.25
19.940000534
19.819999695
19.709999084
19.61000061
19.489999771
19.489999771
18.979999542
18.760000229
18.629999161
18.530000687
18.450000763
18.409999847
18.479999542
18.659999847
18.870000839
19.079999924
19.239999771
19.319999695
19.270000458
19.25
19.350000381
19.479999542
19.579999924
19.649999619
19.700000763
19.819999695
19.959999084
20.020000458
20.049999237
20.120000839
20.149999619
20.059999466
19.879999161
19.690000534
19.549999237
19.549999237
19.510000229
19.469999313
19.36000061
19.260000229
19.209999084
19.200000763
19.170000076
19.180000305
19.209999084
19.25
19.309999466
19.399999619
19.450000763
19.430000305
19.340000153
19.190000534
19.190000534
18.75
18.61000061
18.579999924
18.63999939
18.760000229
18.870000839
18.870000839
18.969999313
18.959999084
18.979999542
18.959999084
18.969999313
19.020000458
19.079999924
19.159999847
19.229999542
19.239999771
19.229999542
19.200000763
19.200000763
19.180000305
19.100000381
18.989999771
18.870000839
18.780000687
18.729999542
18.729999542
18.760000229
18.690000534
18.540000916
18.340000153
18.159999847
18.020000458
17.930000305
17.899999619
17.86000061
17.829999924
17.829999924
17.86000061
17.88999939
17.950000763
18.11000061
18.11000061
18.559999466
18.670000076
18.649999619
18.659999847
18.709999084
18.780000687
18.909999847
19.079999924
19.270000458
19.440000534
19.569999695
19.690000534
19.729999542
19.840000153
20.069999695
20.370000839
20.370000839
20.88999939
21.149999619
21.38999939
21.450000763
21.379999161
21.299999237
21.180000305
21.159999847
21.209999084
21.239999771
21.200000763
21.13999939
21.190000534
21.299999237
21.350000381
21.290000916
21.219999313
21.13999939
21.100000381
21.030000687
21
20.989999771
20.959999084
20.879999161
20.75
20.620000839
20.559999466
20.540000916
20.540000916
20.590000153
20.659999847
20.690000534
20.739999771
20.88999939
20.920000076
20.870000839
20.819999695
20.760000229
20.719999313
20.700000763
20.659999847
20.670000076
20.670000076
20.770000458
20.930000305
21.229999542
21.590000153
21.930000305
22.190000534
22.38999939
22.459999084
22.5
22.559999466
22.600000381
22.63999939
22.719999313
22.809999466
22.86000061
22.829999924
22.829999924
22.569999695
22.469999313
22.450000763
22.510000229
22.620000839
22.680000305
22.799999237
22.879999161
22.969999313
22.979999542
22.979999542
23.020000458
23.13999939
23.290000916
23.38999939
23.409999847
23.479999542
23.590000153
23.719999313
23.850000381
24.020000458
24.149999619
24.180000305
24.270000458
24.469999313
24.510000229
24.479999542
24.430000305
24.510000229
24.629999161
24.719999313
24.86000061
25
25.090000153
25.149999619
25.209999084
25.260000229
25.260000229
25.149999619
24.909999847
24.620000839
24.329999924
24.329999924
23.790000916
23.600000381
23.489999771
23.370000839
23.260000229
23.149999619
23.100000381
23.079999924
23.090000153
23.200000763
23.309999466
23.340000153
23.350000381
23.239999771
23.040000916
22.959999084
22.959999084
22.989999771
23.030000687
22.959999084
22.840000153
22.760000229
22.670000076
22.670000076
22.520000458
22.450000763
22.409999847
22.430000305
22.549999237
22.620000839
22.690000534
22.739999771
22.86000061
23.069999695
23.25
23.379999161
23.489999771
23.649999619
23.819999695
24
24.200000763
24.520000458
24.799999237
25.010000229
25.219999313
25.430000305
25.530000687
25.579999924
25.61000061
25.680000305
25.840000153
25.989999771
26.079999924
26.11000061
26.030000687
25.850000381
25.670000076
25.469999313
25.290000916
25.290000916
25.149999619
25.100000381
25.100000381
25.090000153
25.090000153
25.059999466
24.959999084
24.850000381
24.719999313
24.649999619
24.63999939
24.579999924
24.530000687
24.489999771
24.36000061
24.11000061
24.11000061
23.63999939
23.520000458
23.5
23.510000229
23.440000534
23.309999466
23.309999466
23.290000916
23.319999695
23.309999466
23.299999237
23.38999939
23.540000916
23.709999084
23.870000839
23.969999313
24.030000687
24.11000061
24.159999847
24.209999084
24.25
24.219999313
24.190000534
24.180000305
24.120000839
24.030000687
23.899999619
23.850000381
23.790000916
23.63999939
23.440000534
23.329999924
23.25
23.120000839
22.969999313
22.760000229
22.559999466
22.440000534
22.25
