3726580536
3726580537
3726580538
3726580539
3726580540
3726580541
3726580542
3726580543
3726580544
3726580545
3726580546
3726580547
3726580548
3726580549
3726580550
3726580551
3726580552
3726580553
3726580554
3726580555
3726580556
3726580557
3726580558
3726580559
3726580560
3726580561
3726580562
3726580563
3726580564
3726580565
3726580566
3726580567
3726580568
3726580569
3726580570
3726580571
3726580572
3726580573
3726580574
3726580575
3726580576
3726580577
3726580578
3726580579
3726580580
3726580581
3726580582
3726580583
3726580584
3726580585
3726580586
3726580587
3726580588
3726580589
3726580590
3726580591
3726580592
3726580593
3726580594
3726580595
3726580596
3726580597
3726580598
3726580599
3726580600
3726580601
3726580602
3726580603
3726580604
3726580605
3726580606
3726580607
3726580608
3726580609
3726580610
3726580611
3726580612
3726580613
3726580614
3726580615
3726580616
3726580617
3726580618
3726580619
3726580620
3726580621
3726580622
3726580623
3726580624
3726580625
3726580626
3726580627
3726580628
3726580629
3726580630
3726580631
3726580632
3726580633
3726580634
3726580635
3726580636
3726580637
3726580638
3726580639
3726580640
3726580641
3726580642
3726580643
3726580644
3726580645
3726580646
3726580647
3726580648
3726580649
3726580650
3726580651
3726580652
3726580653
3726580654
3726580655
3726580656
3726580657
3726580658
3726580659
3726580660
3726580661
3726580662
3726580663
3726580664
3726580665
3726580666
3726580667
3726580668
3726580669
3726580670
3726580671
3726580672
3726580673
3726580674
3726580675
3726580676
3726580677
3726580678
3726580679
3726580680
3726580681
3726580682
3726580683
3726580684
3726580685
3726580686
3726580687
3726580688
3726580689
3726580690
3726580691
3726580692
3726580693
3726580694
3726580695
3726580696
3726580697
3726580698
3726580699
3726580700
3726580701
3726580702
3726580703
3726580704
3726580705
3726580706
3726580707
3726580708
3726580709
3726580710
3726580711
3726580712
3726580713
3726580714
3726580715
3726580716
3726580717
3726580718
3726580719
3726580720
3726580721
3726580722
3726580723
3726580724
3726580725
3726580726
3726580727
3726580728
3726580729
3726580730
3726580731
3726580732
3726580733
3726580734
3726580735
3726580736
3726580737
3726580738
3726580739
3726580740
3726580741
3726580742
3726580743
3726580744
3726580745
3726580746
3726580747
3726580748
3726580749
3726580750
3726580751
3726580752
3726580753
3726580754
3726580755
3726580756
3726580757
3726580758
3726580759
3726580760
3726580761
3726580762
3726580763
3726580764
3726580765
3726580766
3726580767
3726580768
3726580769
3726580770
3726580771
3726580772
3726580773
3726580774
3726580775
3726580776
3726580777
3726580778
3726580779
3726580780
3726580781
3726580782
3726580783
3726580784
3726580785
3726580786
3726580787
3726580788
3726580789
3726580790
3726580791
3726580792
3726580793
3726580794
3726580795
3726580796
3726580797
3726580798
3726580799
3726580800
3726580801
3726580802
3726580803
3726580804
3726580805
3726580806
3726580807
3726580808
3726580809
3726580810
3726580811
3726580812
3726580813
3726580814
3726580815
3726580816
3726580817
3726580818
3726580819
3726580820
3726580821
3726580822
3726580823
3726580824
3726580825
3726580826
3726580827
3726580828
3726580829
3726580830
3726580831
3726580832
3726580833
3726580834
3726580835
3726580836
3726580837
3726580838
3726580839
3726580840
3726580841
3726580842
3726580843
3726580844
3726580845
3726580846
3726580847
3726580848
3726580849
3726580850
3726580851
3726580852
3726580853
3726580854
3726580855
3726580856
3726580857
3726580858
3726580859
3726580860
3726580861
3726580862
3726580863
3726580864
3726580865
3726580866
3726580867
3726580868
3726580869
3726580870
3726580871
3726580872
3726580873
3726580874
3726580875
3726580876
3726580877
3726580878
3726580879
3726580880
3726580881
3726580882
3726580883
3726580884
3726580885
3726580886
3726580887
3726580888
3726580889
3726580890
3726580891
3726580892
3726580893
3726580894
3726580895
3726580896
3726580897
3726580898
3726580899
3726580900
3726580901
3726580902
3726580903
3726580904
3726580905
3726580906
3726580907
3726580908
3726580909
3726580910
3726580911
3726580912
3726580913
3726580914
3726580915
3726580916
3726580917
3726580918
3726580919
3726580920
3726580921
3726580922
3726580923
3726580924
3726580925
3726580926
3726580927
3726580928
3726580929
3726580930
3726580931
3726580932
3726580933
3726580934
3726580935
3726580936
3726580937
3726580938
3726580939
3726580940
3726580941
3726580942
3726580943
3726580944
3726580945
3726580946
3726580947
3726580948
3726580949
3726580950
3726580951
3726580952
3726580953
3726580954
3726580955
3726580956
3726580957
3726580958
3726580959
3726580960
3726580961
3726580962
3726580963
3726580964
3726580965
3726580966
3726580967
3726580968
3726580969
3726580970
3726580971
3726580972
3726580973
3726580974
3726580975
3726580976
3726580977
3726580978
3726580979
3726580980
3726580981
3726580982
3726580983
3726580984
3726580985
3726580986
3726580987
3726580988
3726580989
3726580990
3726580991
3726580992
3726580993
3726580994
3726580995
3726580996
3726580997
3726580998
3726580999
3726581000
3726581001
3726581002
3726581003
3726581004
3726581005
3726581006
3726581007
3726581008
3726581009
3726581010
3726581011
3726581012
3726581013
3726581014
3726581015
3726581016
3726581017
3726581018
3726581019
3726581020
3726581021
3726581022
3726581023
3726581024
3726581025
3726581026
3726581027
3726581028
3726581029
3726581030
3726581031
3726581032
3726581033
3726581034
3726581035
3726581036
3726581037
3726581038
3726581039
3726581040
3726581041
3726581042
3726581043
3726581044
3726581045
3726581046
3726581047
3726581048
3726581049
3726581050
3726581051
3726581052
3726581053
3726581054
3726581055
3726581056
3726581057
3726581058
3726581059
3726581060
3726581061
3726581062
3726581063
3726581064
3726581065
3726581066
3726581067
3726581068
3726581069
3726581070
3726581071
3726581072
3726581073
3726581074
3726581075
3726581076
3726581077
3726581078
3726581079
3726581080
3726581081
3726581082
3726581083
3726581084
3726581085
3726581086
3726581087
3726581088
3726581089
3726581090
3726581091
3726581092
3726581093
3726581094
3726581095
3726581096
3726581097
3726581098
3726581099
3726581100
3726581101
3726581102
3726581103
3726581104
3726581105
3726581106
3726581107
3726581108
3726581109
3726581110
3726581111
3726581112
3726581113
3726581114
3726581115
3726581116
3726581117
3726581118
3726581119
3726581120
3726581121
3726581122
3726581123
3726581124
3726581125
3726581126
3726581127
3726581128
3726581129
3726581130
3726581131
3726581132
3726581133
3726581134
3726581135
3726581136
3726581137
3726581138
3726581139
3726581140
3726581141
3726581142
3726581143
3726581144
3726581145
3726581146
3726581147
3726581148
3726581149
3726581150
3726581151
3726581152
3726581153
3726581154
3726581155
3726581156
3726581157
3726581158
3726581159
3726581160
3726581161
3726581162
3726581163
3726581164
3726581165
3726581166
3726581167
3726581168
3726581169
3726581170
3726581171
3726581172
3726581173
3726581174
3726581175
3726581176
3726581177
3726581178
3726581179
3726581180
3726581181
3726581182
3726581183
3726581184
3726581185
3726581186
3726581187
3726581188
3726581189
3726581190
3726581191
3726581192
3726581193
3726581194
3726581195
3726581196
3726581197
3726581198
3726581199
3726581200
3726581201
3726581202
3726581203
3726581204
3726581205
3726581206
3726581207
3726581208
3726581209
3726581210
3726581211
3726581212
3726581213
3726581214
3726581215
3726581216
3726581217
3726581218
3726581219
3726581220
3726581221
3726581222
3726581223
3726581224
3726581225
3726581226
3726581227
3726581228
3726581229
3726581230
3726581231
3726581232
3726581233
3726581234
3726581235
3726581236
3726581237
3726581238
3726581239
3726581240
3726581241
3726581242
3726581243
3726581244
3726581245
3726581246
3726581247
3726581248
3726581249
3726581250
3726581251
3726581252
3726581253
3726581254
3726581255
3726581256
3726581257
3726581258
3726581259
3726581260
3726581261
3726581262
3726581263
3726581264
3726581265
3726581266
3726581267
3726581268
3726581269
3726581270
3726581271
3726581272
3726581273
3726581274
3726581275
3726581276
3726581277
3726581278
3726581279
3726581280
3726581281
3726581282
3726581283
3726581284
3726581285
3726581286
3726581287
3726581288
3726581289
3726581290
3726581291
3726581292
3726581293
3726581294
3726581295
3726581296
3726581297
3726581298
3726581299
3726581300
3726581301
3726581302
3726581303
3726581304
3726581305
3726581306
3726581307
3726581308
3726581309
3726581310
3726581311
3726581312
3726581313
3726581314
3726581315
3726581316
3726581317
3726581318
3726581319
3726581320
3726581321
3726581322
3726581323
3726581324
3726581325
3726581326
3726581327
3726581328
3726581329
3726581330
3726581331
3726581332
3726581333
3726581334
3726581335
3726581336
3726581337
3726581338
3726581339
3726581340
3726581341
3726581342
3726581343
3726581344
3726581345
3726581346
3726581347
3726581348
3726581349
3726581350
3726581351
3726581352
3726581353
3726581354
3726581355
3726581356
3726581357
3726581358
3726581359
3726581360
3726581361
3726581362
3726581363
3726581364
3726581365
3726581366
3726581367
3726581368
3726581369
3726581370
3726581371
3726581372
3726581373
3726581374
3726581375
3726581376
3726581377
3726581378
3726581379
3726581380
3726581381
3726581382
3726581383
3726581384
3726581385
3726581386
3726581387
3726581388
3726581389
3726581390
3726581391
3726581392
3726581393
3726581394
3726581395
3726581396
3726581397
3726581398
3726581399
3726581400
3726581401
3726581402
3726581403
3726581404
3726581405
3726581406
3726581407
3726581408
3726581409
3726581410
3726581411
3726581412
3726581413
3726581414
3726581415
3726581416
3726581417
3726581418
3726581419
3726581420
3726581421
3726581422
3726581423
3726581424
3726581425
3726581426
3726581427
3726581428
3726581429
3726581430
3726581431
3726581432
3726581433
3726581434
3726581435
3726581436
3726581437
3726581438
3726581439
3726581440
3726581441
3726581442
3726581443
3726581444
3726581445
3726581446
3726581447
3726581448
3726581449
3726581450
3726581451
3726581452
3726581453
3726581454
3726581455
3726581456
3726581457
3726581458
3726581459
3726581460
3726581461
3726581462
3726581463
3726581464
3726581465
3726581466
3726581467
3726581468
3726581469
3726581470
3726581471
3726581472
3726581473
3726581474
3726581475
3726581476
3726581477
3726581478
3726581479
3726581480
3726581481
3726581482
3726581483
3726581484
3726581485
3726581486
3726581487
3726581488
3726581489
3726581490
3726581491
3726581492
3726581493
3726581494
3726581495
3726581496
3726581497
3726581498
3726581499
3726581500
3726581501
3726581502
3726581503
3726581504
3726581505
3726581506
3726581507
3726581508
3726581509
3726581510
3726581511
3726581512
3726581513
3726581514
3726581515
3726581516
3726581517
3726581518
3726581519
3726581520
3726581521
3726581522
3726581523
3726581524
3726581525
3726581526
3726581527
3726581528
3726581529
3726581530
3726581531
3726581532
3726581533
3726581534
3726581535
3726581536
3726581537
3726581538
3726581539
3726581540
3726581541
3726581542
3726581543
3726581544
3726581545
3726581546
3726581547
3726581548
3726581549
3726581550
3726581551
3726581552
3726581553
3726581554
3726581555
3726581556
3726581557
3726581558
3726581559
3726581560
3726581561
3726581562
3726581563
3726581564
3726581565
3726581566
3726581567
3726581568
3726581569
3726581570
3726581571
3726581572
3726581573
3726581574
3726581575
3726581576
3726581577
3726581578
3726581579
3726581580
3726581581
3726581582
3726581583
3726581584
