3726580536.1
3726580537.1
3726580538.1
3726580539.1
3726580540.1
3726580541.1
3726580542.1
3726580543.1
3726580544.1
3726580545.1
3726580546.1
3726580547.1
3726580548.1
3726580549.1
3726580550.1
3726580551.1
3726580552.1
3726580553.1
3726580554.1
3726580555.1
3726580556.1
3726580557.1
3726580558.1
3726580559.1
3726580560.1
3726580561.1
3726580562.1
3726580563.1
3726580564.1
3726580565.1
3726580566.1
3726580567.1
3726580568.1
3726580569.1
3726580570.1
3726580571.1
3726580572.1
3726580573.1
3726580574.1
3726580575.1
3726580576.1
3726580577.1
3726580578.1
3726580579.1
3726580580.1
3726580581.1
3726580582.1
3726580583.1
3726580584.1
3726580585.1
3726580586.1
3726580587.1
3726580588.1
3726580589.1
3726580590.1
3726580591.1
3726580592.1
3726580593.1
3726580594.1
3726580595.1
3726580596.1
3726580597.1
3726580598.1
3726580599.1
3726580600.1
3726580601.1
3726580602.1
3726580603.1
3726580604.1
3726580605.1
3726580606.1
3726580607.1
3726580608.1
3726580609.1
3726580610.1
3726580611.1
3726580612.1
3726580613.1
3726580614.1
3726580615.1
3726580616.1
3726580617.1
3726580618.1
3726580619.1
3726580620.1
3726580621.1
3726580622.1
3726580623.1
3726580624.1
3726580625.1
3726580626.1
3726580627.1
3726580628.1
3726580629.1
3726580630.1
3726580631.1
3726580632.1
3726580633.1
3726580634.1
3726580635.1
3726580636.1
3726580637.1
3726580638.1
3726580639.1
3726580640.1
3726580641.1
3726580642.1
3726580643.1
3726580644.1
3726580645.1
3726580646.1
3726580647.1
3726580648.1
3726580649.1
3726580650.1
3726580651.1
3726580652.1
3726580653.1
3726580654.1
3726580655.1
3726580656.1
3726580657.1
3726580658.1
3726580659.1
3726580660.1
3726580661.1
3726580662.1
3726580663.1
3726580664.1
3726580665.1
3726580666.1
3726580667.1
3726580668.1
3726580669.1
3726580670.1
3726580671.1
3726580672.1
3726580673.1
3726580674.1
3726580675.1
3726580676.1
3726580677.1
3726580678.1
3726580679.1
3726580680.1
3726580681.1
3726580682.1
3726580683.1
3726580684.1
3726580685.1
3726580686.1
3726580687.1
3726580688.1
3726580689.1
3726580690.1
3726580691.1
3726580692.1
3726580693.1
3726580694.1
3726580695.1
3726580696.1
3726580697.1
3726580698.1
3726580699.1
3726580700.1
3726580701.1
3726580702.1
3726580703.1
3726580704.1
3726580705.1
3726580706.1
3726580707.1
3726580708.1
3726580709.1
3726580710.1
3726580711.1
3726580712.1
3726580713.1
3726580714.1
3726580715.1
3726580716.1
3726580717.1
3726580718.1
3726580719.1
3726580720.1
3726580721.1
3726580722.1
3726580723.1
3726580724.1
3726580725.1
3726580726.1
3726580727.1
3726580728.1
3726580729.1
3726580730.1
3726580731.1
3726580732.1
3726580733.1
3726580734.1
3726580735.1
3726580736.1
3726580737.1
3726580738.1
3726580739.1
3726580740.1
3726580741.1
3726580742.1
3726580743.1
3726580744.1
3726580745.1
3726580746.1
3726580747.1
3726580748.1
3726580749.1
3726580750.1
3726580751.1
3726580752.1
3726580753.1
3726580754.1
3726580755.1
3726580756.1
3726580757.1
3726580758.1
3726580759.1
3726580760.1
3726580761.1
3726580762.1
3726580763.1
3726580764.1
3726580765.1
3726580766.1
3726580767.1
3726580768.1
3726580769.1
3726580770.1
3726580771.1
3726580772.1
3726580773.1
3726580774.1
3726580775.1
3726580776.1
3726580777.1
3726580778.1
3726580779.1
3726580780.1
3726580781.1
3726580782.1
3726580783.1
3726580784.1
3726580785.1
3726580786.1
3726580787.1
3726580788.1
3726580789.1
3726580790.1
3726580791.1
3726580792.1
3726580793.1
3726580794.1
3726580795.1
3726580796.1
3726580797.1
3726580798.1
3726580799.1
3726580800.1
3726580801.1
3726580802.1
3726580803.1
3726580804.1
3726580805.1
3726580806.1
3726580807.1
3726580808.1
3726580809.1
3726580810.1
3726580811.1
3726580812.1
3726580813.1
3726580814.1
3726580815.1
3726580816.1
3726580817.1
3726580818.1
3726580819.1
3726580820.1
3726580821.1
3726580822.1
3726580823.1
3726580824.1
3726580825.1
3726580826.1
3726580827.1
3726580828.1
3726580829.1
3726580830.1
3726580831.1
3726580832.1
3726580833.1
3726580834.1
3726580835.1
3726580836.1
3726580837.1
3726580838.1
3726580839.1
3726580840.1
3726580841.1
3726580842.1
3726580843.1
3726580844.1
3726580845.1
3726580846.1
3726580847.1
3726580848.1
3726580849.1
3726580850.1
3726580851.1
3726580852.1
3726580853.1
3726580854.1
3726580855.1
3726580856.1
3726580857.1
3726580858.1
3726580859.1
3726580860.1
3726580861.1
3726580862.1
3726580863.1
3726580864.1
3726580865.1
3726580866.1
3726580867.1
3726580868.1
3726580869.1
3726580870.1
3726580871.1
3726580872.1
3726580873.1
3726580874.1
3726580875.1
3726580876.1
3726580877.1
3726580878.1
3726580879.1
3726580880.1
3726580881.1
3726580882.1
3726580883.1
3726580884.1
3726580885.1
3726580886.1
3726580887.1
3726580888.1
3726580889.1
3726580890.1
3726580891.1
3726580892.1
3726580893.1
3726580894.1
3726580895.1
3726580896.1
3726580897.1
3726580898.1
3726580899.1
3726580900.1
3726580901.1
3726580902.1
3726580903.1
3726580904.1
3726580905.1
3726580906.1
3726580907.1
3726580908.1
3726580909.1
3726580910.1
3726580911.1
3726580912.1
3726580913.1
3726580914.1
3726580915.1
3726580916.1
3726580917.1
3726580918.1
3726580919.1
3726580920.1
3726580921.1
3726580922.1
3726580923.1
3726580924.1
3726580925.1
3726580926.1
3726580927.1
3726580928.1
3726580929.1
3726580930.1
3726580931.1
3726580932.1
3726580933.1
3726580934.1
3726580935.1
3726580936.1
3726580937.1
3726580938.1
3726580939.1
3726580940.1
3726580941.1
3726580942.1
3726580943.1
3726580944.1
3726580945.1
3726580946.1
3726580947.1
3726580948.1
3726580949.1
3726580950.1
3726580951.1
3726580952.1
3726580953.1
3726580954.1
3726580955.1
3726580956.1
3726580957.1
3726580958.1
3726580959.1
3726580960.1
3726580961.1
3726580962.1
3726580963.1
3726580964.1
3726580965.1
3726580966.1
3726580967.1
3726580968.1
3726580969.1
3726580970.1
3726580971.1
3726580972.1
3726580973.1
3726580974.1
3726580975.1
3726580976.1
3726580977.1
3726580978.1
3726580979.1
3726580980.1
3726580981.1
3726580982.1
3726580983.1
3726580984.1
3726580985.1
3726580986.1
3726580987.1
3726580988.1
3726580989.1
3726580990.1
3726580991.1
3726580992.1
3726580993.1
3726580994.1
3726580995.1
3726580996.1
3726580997.1
3726580998.1
3726580999.1
3726581000.1
3726581001.1
3726581002.1
3726581003.1
3726581004.1
3726581005.1
3726581006.1
3726581007.1
3726581008.1
3726581009.1
3726581010.1
3726581011.1
3726581012.1
3726581013.1
3726581014.1
3726581015.1
3726581016.1
3726581017.1
3726581018.1
3726581019.1
3726581020.1
3726581021.1
3726581022.1
3726581023.1
3726581024.1
3726581025.1
3726581026.1
3726581027.1
3726581028.1
3726581029.1
3726581030.1
3726581031.1
3726581032.1
3726581033.1
3726581034.1
3726581035.1
3726581036.1
3726581037.1
3726581038.1
3726581039.1
3726581040.1
3726581041.1
3726581042.1
3726581043.1
3726581044.1
3726581045.1
3726581046.1
3726581047.1
3726581048.1
3726581049.1
3726581050.1
3726581051.1
3726581052.1
3726581053.1
3726581054.1
3726581055.1
3726581056.1
3726581057.1
3726581058.1
3726581059.1
3726581060.1
3726581061.1
3726581062.1
3726581063.1
3726581064.1
3726581065.1
3726581066.1
3726581067.1
3726581068.1
3726581069.1
3726581070.1
3726581071.1
3726581072.1
3726581073.1
3726581074.1
3726581075.1
3726581076.1
3726581077.1
3726581078.1
3726581079.1
3726581080.1
3726581081.1
3726581082.1
3726581083.1
3726581084.1
3726581085.1
3726581086.1
3726581087.1
3726581088.1
3726581089.1
3726581090.1
3726581091.1
3726581092.1
3726581093.1
3726581094.1
3726581095.1
3726581096.1
3726581097.1
3726581098.1
3726581099.1
3726581100.1
3726581101.1
3726581102.1
3726581103.1
3726581104.1
3726581105.1
3726581106.1
3726581107.1
3726581108.1
3726581109.1
3726581110.1
3726581111.1
3726581112.1
3726581113.1
3726581114.1
3726581115.1
3726581116.1
3726581117.1
3726581118.1
3726581119.1
3726581120.1
3726581121.1
3726581122.1
3726581123.1
3726581124.1
3726581125.1
3726581126.1
3726581127.1
3726581128.1
3726581129.1
3726581130.1
3726581131.1
3726581132.1
3726581133.1
3726581134.1
3726581135.1
3726581136.1
3726581137.1
3726581138.1
3726581139.1
3726581140.1
3726581141.1
3726581142.1
3726581143.1
3726581144.1
3726581145.1
3726581146.1
3726581147.1
3726581148.1
3726581149.1
3726581150.1
3726581151.1
3726581152.1
3726581153.1
3726581154.1
3726581155.1
3726581156.1
3726581157.1
3726581158.1
3726581159.1
3726581160.1
3726581161.1
3726581162.1
3726581163.1
3726581164.1
3726581165.1
3726581166.1
3726581167.1
3726581168.1
3726581169.1
3726581170.1
3726581171.1
3726581172.1
3726581173.1
3726581174.1
3726581175.1
3726581176.1
3726581177.1
3726581178.1
3726581179.1
3726581180.1
3726581181.1
3726581182.1
3726581183.1
3726581184.1
3726581185.1
3726581186.1
3726581187.1
3726581188.1
3726581189.1
3726581190.1
3726581191.1
3726581192.1
3726581193.1
3726581194.1
3726581195.1
3726581196.1
3726581197.1
3726581198.1
3726581199.1
3726581200.1
3726581201.1
3726581202.1
3726581203.1
3726581204.1
3726581205.1
3726581206.1
3726581207.1
3726581208.1
3726581209.1
3726581210.1
3726581211.1
3726581212.1
3726581213.1
3726581214.1
3726581215.1
3726581216.1
3726581217.1
3726581218.1
3726581219.1
3726581220.1
3726581221.1
3726581222.1
3726581223.1
3726581224.1
3726581225.1
3726581226.1
3726581227.1
3726581228.1
3726581229.1
3726581230.1
3726581231.1
3726581232.1
3726581233.1
3726581234.1
3726581235.1
3726581236.1
3726581237.1
3726581238.1
3726581239.1
3726581240.1
3726581241.1
3726581242.1
3726581243.1
3726581244.1
3726581245.1
3726581246.1
3726581247.1
3726581248.1
3726581249.1
3726581250.1
3726581251.1
3726581252.1
3726581253.1
3726581254.1
3726581255.1
3726581256.1
3726581257.1
3726581258.1
3726581259.1
3726581260.1
3726581261.1
3726581262.1
3726581263.1
3726581264.1
3726581265.1
3726581266.1
3726581267.1
3726581268.1
3726581269.1
3726581270.1
3726581271.1
3726581272.1
3726581273.1
3726581274.1
3726581275.1
3726581276.1
3726581277.1
3726581278.1
3726581279.1
3726581280.1
3726581281.1
3726581282.1
3726581283.1
3726581284.1
3726581285.1
3726581286.1
3726581287.1
3726581288.1
3726581289.1
3726581290.1
3726581291.1
3726581292.1
3726581293.1
3726581294.1
3726581295.1
3726581296.1
3726581297.1
3726581298.1
3726581299.1
3726581300.1
3726581301.1
3726581302.1
3726581303.1
3726581304.1
3726581305.1
3726581306.1
3726581307.1
3726581308.1
3726581309.1
3726581310.1
3726581311.1
3726581312.1
3726581313.1
3726581314.1
3726581315.1
3726581316.1
3726581317.1
3726581318.1
3726581319.1
3726581320.1
3726581321.1
3726581322.1
3726581323.1
3726581324.1
3726581325.1
3726581326.1
3726581327.1
3726581328.1
3726581329.1
3726581330.1
3726581331.1
3726581332.1
3726581333.1
3726581334.1
3726581335.1
3726581336.1
3726581337.1
3726581338.1
3726581339.1
3726581340.1
3726581341.1
3726581342.1
3726581343.1
3726581344.1
3726581345.1
3726581346.1
3726581347.1
3726581348.1
3726581349.1
3726581350.1
3726581351.1
3726581352.1
3726581353.1
3726581354.1
3726581355.1
3726581356.1
3726581357.1
3726581358.1
3726581359.1
3726581360.1
3726581361.1
3726581362.1
3726581363.1
3726581364.1
3726581365.1
3726581366.1
3726581367.1
3726581368.1
3726581369.1
3726581370.1
3726581371.1
3726581372.1
3726581373.1
3726581374.1
3726581375.1
3726581376.1
3726581377.1
3726581378.1
3726581379.1
3726581380.1
3726581381.1
3726581382.1
3726581383.1
3726581384.1
3726581385.1
3726581386.1
3726581387.1
3726581388.1
3726581389.1
3726581390.1
3726581391.1
3726581392.1
3726581393.1
3726581394.1
3726581395.1
3726581396.1
3726581397.1
3726581398.1
3726581399.1
3726581400.1
3726581401.1
3726581402.1
3726581403.1
3726581404.1
3726581405.1
3726581406.1
3726581407.1
3726581408.1
3726581409.1
3726581410.1
3726581411.1
3726581412.1
3726581413.1
3726581414.1
3726581415.1
3726581416.1
3726581417.1
3726581418.1
3726581419.1
3726581420.1
3726581421.1
3726581422.1
3726581423.1
3726581424.1
3726581425.1
3726581426.1
3726581427.1
3726581428.1
3726581429.1
3726581430.1
3726581431.1
3726581432.1
3726581433.1
3726581434.1
3726581435.1
3726581436.1
3726581437.1
3726581438.1
3726581439.1
3726581440.1
3726581441.1
3726581442.1
3726581443.1
3726581444.1
3726581445.1
3726581446.1
3726581447.1
3726581448.1
3726581449.1
3726581450.1
3726581451.1
3726581452.1
3726581453.1
3726581454.1
3726581455.1
3726581456.1
3726581457.1
3726581458.1
3726581459.1
3726581460.1
3726581461.1
3726581462.1
3726581463.1
3726581464.1
3726581465.1
3726581466.1
3726581467.1
3726581468.1
3726581469.1
3726581470.1
3726581471.1
3726581472.1
3726581473.1
3726581474.1
3726581475.1
3726581476.1
3726581477.1
3726581478.1
3726581479.1
3726581480.1
3726581481.1
3726581482.1
3726581483.1
3726581484.1
3726581485.1
3726581486.1
3726581487.1
3726581488.1
3726581489.1
3726581490.1
3726581491.1
3726581492.1
3726581493.1
3726581494.1
3726581495.1
3726581496.1
3726581497.1
3726581498.1
3726581499.1
3726581500.1
3726581501.1
3726581502.1
3726581503.1
3726581504.1
3726581505.1
3726581506.1
3726581507.1
3726581508.1
3726581509.1
3726581510.1
3726581511.1
3726581512.1
3726581513.1
3726581514.1
3726581515.1
3726581516.1
3726581517.1
3726581518.1
3726581519.1
3726581520.1
3726581521.1
3726581522.1
3726581523.1
3726581524.1
3726581525.1
3726581526.1
3726581527.1
3726581528.1
3726581529.1
3726581530.1
3726581531.1
3726581532.1
3726581533.1
3726581534.1
3726581535.1
3726581536.1
3726581537.1
3726581538.1
3726581539.1
3726581540.1
3726581541.1
3726581542.1
3726581543.1
3726581544.1
3726581545.1
3726581546.1
3726581547.1
3726581548.1
3726581549.1
3726581550.1
3726581551.1
3726581552.1
3726581553.1
3726581554.1
3726581555.1
3726581556.1
3726581557.1
3726581558.1
3726581559.1
3726581560.1
3726581561.1
3726581562.1
3726581563.1
3726581564.1
3726581565.1
3726581566.1
3726581567.1
3726581568.1
3726581569.1
3726581570.1
3726581571.1
3726581572.1
3726581573.1
3726581574.1
3726581575.1
3726581576.1
3726581577.1
3726581578.1
3726581579.1
3726581580.1
3726581581.1
3726581582.1
3726581583.1
3726581584.1
