(2022, 32, 621361023)
(2022, 32, 621371035)
(2022, 32, 621381033)
(2022, 32, 621391036)
(2022, 32, 621401013)
(2022, 32, 621411026)
(2022, 32, 621421024)
(2022, 32, 621431025)
(2022, 32, 621441019)
(2022, 32, 621451025)
(2022, 32, 621461025)
(2022, 32, 621471024)
(2022, 32, 621481024)
(2022, 32, 621491022)
(2022, 32, 621501024)
(2022, 32, 621511024)
(2022, 32, 621521035)
(2022, 32, 621531020)
(2022, 32, 621541016)
(2022, 32, 621551034)
(2022, 32, 621561025)
(2022, 32, 621571033)
(2022, 32, 621581034)
(2022, 32, 621591022)
(2022, 32, 621601025)
(2022, 32, 621611033)
(2022, 32, 621621032)
(2022, 32, 621631023)
(2022, 32, 621641024)
(2022, 32, 621651023)
(2022, 32, 621661029)
(2022, 32, 621671039)
(2022, 32, 621681033)
(2022, 32, 621691027)
(2022, 32, 621701019)
(2022, 32, 621711016)
(2022, 32, 621721027)
(2022, 32, 621731012)
(2022, 32, 621741012)
(2022, 32, 621751023)
(2022, 32, 621761033)
(2022, 32, 621771044)
(2022, 32, 621781033)
(2022, 32, 621791024)
(2022, 32, 621801037)
(2022, 32, 621811040)
(2022, 32, 621821014)
(2022, 32, 621831044)
(2022, 32, 621841037)
(2022, 32, 621851023)
(2022, 32, 621861035)
(2022, 32, 621871036)
(2022, 32, 621881035)
(2022, 32, 621891023)
(2022, 32, 621901034)
(2022, 32, 621911036)
(2022, 32, 621921033)
(2022, 32, 621931047)
(2022, 32, 621941035)
(2022, 32, 621951012)
(2022, 32, 621961033)
(2022, 32, 621971022)
(2022, 32, 621981024)
(2022, 32, 621991021)
(2022, 32, 622001026)
(2022, 32, 622011023)
(2022, 32, 622021035)
(2022, 32, 622031033)
(2022, 32, 622041023)
(2022, 32, 622051035)
(2022, 32, 622061020)
(2022, 32, 622071023)
(2022, 32, 622081034)
(2022, 32, 622091024)
(2022, 32, 622101032)
(2022, 32, 622111032)
(2022, 32, 622121032)
(2022, 32, 622131033)
(2022, 32, 622141024)
(2022, 32, 622151045)
(2022, 32, 622161015)
(2022, 32, 622171025)
(2022, 32, 622181024)
(2022, 32, 622191036)
(2022, 32, 622201016)
(2022, 32, 622211032)
(2022, 32, 622221022)
(2022, 32, 622231033)
(2022, 32, 622241033)
(2022, 32, 622251033)
(2022, 32, 622261025)
(2022, 32, 622271024)
(2022, 32, 622281023)
(2022, 32, 622291024)
(2022, 32, 622301024)
(2022, 32, 622311024)
(2022, 32, 622321024)
(2022, 32, 622331023)
(2022, 32, 622341022)
(2022, 32, 622351022)
(2022, 32, 622361022)
(2022, 32, 622371043)
(2022, 32, 622381034)
(2022, 32, 622391034)
(2022, 32, 622401024)
(2022, 32, 622411042)
(2022, 32, 622421026)
(2022, 32, 622431024)
(2022, 32, 622441026)
(2022, 32, 622451015)
(2022, 32, 622461044)
(2022, 32, 622471046)
(2022, 32, 622481013)
(2022, 32, 622491043)
(2022, 32, 622501042)
(2022, 32, 622511037)
(2022, 32, 622521038)
(2022, 32, 622531036)
(2022, 32, 622541026)
(2022, 32, 622551036)
(2022, 32, 622561035)
(2022, 32, 622571035)
(2022, 32, 622581035)
(2022, 32, 622591034)
(2022, 32, 622601023)
(2022, 32, 622611025)
(2022, 32, 622621022)
(2022, 32, 622631025)
(2022, 32, 622641022)
(2022, 32, 622651025)
(2022, 32, 622661024)
(2022, 32, 622671027)
(2022, 32, 622681016)
(2022, 32, 622691025)
(2022, 32, 622701034)
(2022, 32, 622711013)
(2022, 32, 622721025)
(2022, 32, 622731024)
(2022, 32, 622741033)
(2022, 32, 622751023)
(2022, 32, 622761023)
(2022, 32, 622771034)
(2022, 32, 622781023)
(2022, 32, 622791016)
(2022, 32, 622801023)
(2022, 32, 622811036)
(2022, 32, 622821033)
(2022, 32, 622831036)
(2022, 32, 622841014)
(2022, 32, 622851024)
(2022, 32, 622861025)
(2022, 32, 622871024)
(2022, 32, 622881024)
(2022, 32, 622891033)
(2022, 32, 622901023)
(2022, 32, 622911042)
(2022, 32, 622921018)
(2022, 32, 622931027)
(2022, 32, 622941037)
(2022, 32, 622951025)
(2022, 32, 622961046)
(2022, 32, 622971017)
(2022, 32, 622981026)
(2022, 32, 622991014)
(2022, 32, 623001015)
(2022, 32, 623011044)
(2022, 32, 623021013)
(2022, 32, 623031036)
(2022, 32, 623041044)
(2022, 32, 623051022)
(2022, 32, 623061034)
(2022, 32, 623071025)
(2022, 32, 623081027)
(2022, 32, 623091036)
(2022, 32, 623101035)
(2022, 32, 623111035)
(2022, 32, 623121014)
(2022, 32, 623131016)
(2022, 32, 623141023)
(2022, 32, 623151034)
(2022, 32, 623161024)
(2022, 32, 623171023)
(2022, 32, 623181023)
(2022, 32, 623191024)
(2022, 32, 623201017)
(2022, 32, 623211034)
(2022, 32, 623221024)
(2022, 32, 623231024)
(2022, 32, 623241036)
(2022, 32, 623251025)
(2022, 32, 623261037)
(2022, 32, 623271047)
(2022, 32, 623281024)
(2022, 32, 623291046)
(2022, 32, 623301044)
(2022, 32, 623311044)
(2022, 32, 623321013)
(2022, 32, 623331036)
(2022, 32, 623341043)
(2022, 32, 623351034)
(2022, 32, 623361026)
(2022, 32, 623371026)
(2022, 32, 623381034)
(2022, 32, 623391029)
(2022, 32, 623401036)
(2022, 32, 623411035)
(2022, 32, 623421024)
(2022, 32, 623431018)
(2022, 32, 623441035)
(2022, 32, 623451036)
(2022, 32, 623461023)
(2022, 32, 623471026)
(2022, 32, 623481039)
(2022, 32, 623491017)
(2022, 32, 623501016)
(2022, 32, 623511035)
(2022, 32, 623521016)
(2022, 32, 623531024)
(2022, 32, 623541025)
(2022, 32, 623551034)
(2022, 32, 623561026)
(2022, 32, 623571021)
(2022, 32, 623581038)
(2022, 32, 623591023)
(2022, 32, 623601024)
(2022, 32, 623611034)
(2022, 32, 623621024)
(2022, 32, 623631035)
(2022, 32, 623641035)
(2022, 32, 623651036)
(2022, 32, 623661017)
(2022, 32, 623671024)
(2022, 32, 623681016)
(2022, 32, 623691034)
(2022, 32, 623701026)
(2022, 32, 623711041)
(2022, 32, 623721024)
(2022, 32, 623731025)
(2022, 32, 623741045)
(2022, 32, 623751024)
(2022, 32, 623761043)
(2022, 32, 623771015)
(2022, 32, 623781024)
(2022, 32, 623791025)
(2022, 32, 623801040)
(2022, 32, 623811037)
(2022, 32, 623821024)
(2022, 32, 623831023)
(2022, 32, 623841045)
(2022, 32, 623851024)
(2022, 32, 623861023)
(2022, 32, 623871044)
(2022, 32, 623881026)
(2022, 32, 623891025)
(2022, 32, 623901042)
(2022, 32, 623911026)
(2022, 32, 623921025)
(2022, 32, 623931041)
(2022, 32, 623941027)
(2022, 32, 623951041)
(2022, 32, 623961039)
(2022, 32, 623971041)
(2022, 32, 623981035)
(2022, 32, 623991014)
(2022, 32, 624001035)
(2022, 32, 624011029)
(2022, 32, 624021016)
(2022, 32, 624031031)
(2022, 32, 624041034)
(2022, 32, 624051035)
(2022, 32, 624061033)
(2022, 32, 624071026)
(2022, 32, 624081031)
(2022, 32, 624091029)
(2022, 32, 624101036)
(2022, 32, 624111030)
(2022, 32, 624121023)
(2022, 32, 624131024)
(2022, 32, 624141026)
(2022, 32, 624151026)
(2022, 32, 624161026)
(2022, 32, 624171034)
(2022, 32, 624181016)
(2022, 32, 624191027)
(2022, 32, 624201026)
(2022, 32, 624211014)
(2022, 32, 624221035)
(2022, 32, 624231024)
(2022, 32, 624241026)
(2022, 32, 624251035)
(2022, 32, 624261024)
(2022, 32, 624271035)
(2022, 32, 624281034)
(2022, 32, 624291035)
(2022, 32, 624301024)
(2022, 32, 624311037)
(2022, 32, 624321037)
(2022, 32, 624331035)
(2022, 32, 624341026)
(2022, 32, 624351014)
(2022, 32, 624361026)
(2022, 32, 624371043)
(2022, 32, 624381024)
(2022, 32, 624391024)
(2022, 32, 624401045)
(2022, 32, 624411025)
(2022, 32, 624421024)
(2022, 32, 624431042)
(2022, 32, 624441026)
(2022, 32, 624451026)
(2022, 32, 624461026)
(2022, 32, 624471045)
(2022, 32, 624481027)
(2022, 32, 624491032)
(2022, 32, 624501035)
(2022, 32, 624511015)
(2022, 32, 624521032)
(2022, 32, 624531029)
(2022, 32, 624541031)
(2022, 32, 624551028)
(2022, 32, 624561049)
(2022, 32, 624571015)
(2022, 32, 624581037)
(2022, 32, 624591031)
(2022, 32, 624601034)
(2022, 32, 624611024)
(2022, 32, 624621024)
(2022, 32, 624631026)
(2022, 32, 624641027)
(2022, 32, 624651027)
(2022, 32, 624661034)
(2022, 32, 624671018)
(2022, 32, 624681028)
(2022, 32, 624691027)
(2022, 32, 624701035)
(2022, 32, 624711028)
(2022, 32, 624721039)
(2022, 32, 624731035)
(2022, 32, 624741034)
(2022, 32, 624751023)
(2022, 32, 624761034)
(2022, 32, 624771034)
(2022, 32, 624781034)
(2022, 32, 624791018)
(2022, 32, 624801015)
(2022, 32, 624811026)
(2022, 32, 624821035)
(2022, 32, 624831035)
(2022, 32, 624841026)
(2022, 32, 624851036)
(2022, 32, 624861025)
(2022, 32, 624871024)
(2022, 32, 624881044)
(2022, 32, 624891017)
(2022, 32, 624901039)
(2022, 32, 624911026)
(2022, 32, 624921039)
(2022, 32, 624931026)
(2022, 32, 624941026)
(2022, 32, 624951015)
(2022, 32, 624961026)
(2022, 32, 624971040)
(2022, 32, 624981034)
(2022, 32, 624991035)
(2022, 32, 625001014)
(2022, 32, 625011034)
(2022, 32, 625021014)
(2022, 32, 625031037)
(2022, 32, 625041036)
(2022, 32, 625051036)
(2022, 32, 625061036)
(2022, 32, 625071037)
(2022, 32, 625081030)
(2022, 32, 625091027)
(2022, 32, 625101027)
(2022, 32, 625111028)
(2022, 32, 625121027)
(2022, 32, 625131028)
(2022, 32, 625141021)
(2022, 32, 625151019)
(2022, 32, 625161024)
(2022, 32, 625171021)
(2022, 32, 625181017)
(2022, 32, 625191037)
(2022, 32, 625201018)
(2022, 32, 625211026)
(2022, 32, 625221017)
(2022, 32, 625231035)
(2022, 32, 625241025)
(2022, 32, 625251026)
(2022, 32, 625261027)
(2022, 32, 625271026)
(2022, 32, 625281026)
(2022, 32, 625291016)
(2022, 32, 625301026)
(2022, 32, 625311024)
(2022, 32, 625321038)
(2022, 32, 625331026)
(2022, 32, 625341035)
(2022, 32, 625351035)
(2022, 32, 625361038)
(2022, 32, 625371025)
(2022, 32, 625381029)
(2022, 32, 625391036)
(2022, 32, 625401035)
(2022, 32, 625411025)
(2022, 32, 625421014)
(2022, 32, 625431025)
(2022, 32, 625441036)
(2022, 32, 625451047)
(2022, 32, 625461025)
(2022, 32, 625471025)
(2022, 32, 625481045)
(2022, 32, 625491046)
(2022, 32, 625501015)
(2022, 32, 625511041)
(2022, 32, 625521016)
(2022, 32, 625531027)
(2022, 32, 625541027)
(2022, 32, 625551025)
(2022, 32, 625561046)
(2022, 32, 625571043)
(2022, 32, 625581040)
(2022, 32, 625591041)
(2022, 32, 625601016)
(2022, 32, 625611044)
(2022, 32, 625621038)
(2022, 32, 625631025)
(2022, 32, 625641025)
(2022, 32, 625651027)
(2022, 32, 625661028)
(2022, 32, 625671026)
(2022, 32, 625681035)
(2022, 32, 625691028)
(2022, 32, 625701036)
(2022, 32, 625711025)
(2022, 32, 625721023)
(2022, 32, 625731024)
(2022, 32, 625741027)
(2022, 32, 625751036)
(2022, 32, 625761027)
(2022, 32, 625771027)
(2022, 32, 625781026)
(2022, 32, 625791027)
(2022, 32, 625801026)
(2022, 32, 625811016)
(2022, 32, 625821026)
(2022, 32, 625831027)
(2022, 32, 625841017)
(2022, 32, 625851036)
(2022, 32, 625861027)
(2022, 32, 625871025)
(2022, 32, 625881027)
(2022, 32, 625891027)
(2022, 32, 625901027)
(2022, 32, 625911036)
(2022, 32, 625921025)
(2022, 32, 625931035)
(2022, 32, 625941035)
(2022, 32, 625951035)
(2022, 32, 625961028)
(2022, 32, 625971017)
(2022, 32, 625981037)
(2022, 32, 625991026)
(2022, 32, 626001035)
(2022, 32, 626011027)
(2022, 32, 626021036)
(2022, 32, 626031060)
(2022, 32, 626041031)
(2022, 32, 626051058)
(2022, 32, 626061025)
(2022, 32, 626071027)
(2022, 32, 626081018)
(2022, 32, 626091025)
(2022, 32, 626101025)
(2022, 32, 626111038)
(2022, 32, 626121029)
(2022, 32, 626131026)
(2022, 32, 626141015)
(2022, 32, 626151034)
(2022, 32, 626161016)
(2022, 32, 626171026)
(2022, 32, 626181036)
(2022, 32, 626191014)
(2022, 32, 626201030)
(2022, 32, 626211026)
(2022, 32, 626221016)
(2022, 32, 626231035)
(2022, 32, 626241027)
(2022, 32, 626251016)
(2022, 32, 626261038)
(2022, 32, 626271037)
(2022, 32, 626281036)
(2022, 32, 626291035)
(2022, 32, 626301025)
(2022, 32, 626311036)
(2022, 32, 626321028)
(2022, 32, 626331035)
(2022, 32, 626341030)
(2022, 32, 626351029)
(2022, 32, 626361025)
(2022, 32, 626371022)
(2022, 32, 626381015)
(2022, 32, 626391026)
(2022, 32, 626401018)
(2022, 32, 626411036)
(2022, 32, 626421026)
(2022, 32, 626431017)
(2022, 32, 626441026)
(2022, 32, 626451036)
(2022, 32, 626461025)
(2022, 32, 626471025)
(2022, 32, 626481025)
(2022, 32, 626491035)
(2022, 32, 626501026)
(2022, 32, 626511026)
(2022, 32, 626521026)
(2022, 32, 626531026)
(2022, 32, 626541026)
(2022, 32, 626551017)
(2022, 32, 626561017)
(2022, 32, 626571026)
(2022, 32, 626581045)
(2022, 32, 626591026)
(2022, 32, 626601025)
(2022, 32, 626611026)
(2022, 32, 626621042)
(2022, 32, 626631044)
(2022, 32, 626641026)
(2022, 32, 626651039)
(2022, 32, 626661033)
(2022, 32, 626671026)
(2022, 32, 626681043)
(2022, 32, 626691017)
(2022, 32, 626701043)
(2022, 32, 626711046)
(2022, 32, 626721041)
(2022, 32, 626731045)
(2022, 32, 626741033)
(2022, 32, 626751033)
(2022, 32, 626761036)
(2022, 32, 626771035)
(2022, 32, 626781038)
(2022, 32, 626791038)
(2022, 32, 626801028)
(2022, 32, 626811037)
(2022, 32, 626821038)
(2022, 32, 626831028)
(2022, 32, 626841038)
(2022, 32, 626851021)
(2022, 32, 626861021)
(2022, 32, 626871028)
(2022, 32, 626881025)
(2022, 32, 626891017)
(2022, 32, 626901036)
(2022, 32, 626911029)
(2022, 32, 626921021)
(2022, 32, 626931027)
(2022, 32, 626941028)
(2022, 32, 626951026)
(2022, 32, 626961025)
(2022, 32, 626971039)
(2022, 32, 626981039)
(2022, 32, 626991038)
(2022, 32, 627001038)
(2022, 32, 627011019)
(2022, 32, 627021025)
(2022, 32, 627031037)
(2022, 32, 627041025)
(2022, 32, 627051035)
(2022, 32, 627061036)
(2022, 32, 627071036)
(2022, 32, 627081025)
(2022, 32, 627091036)
(2022, 32, 627101027)
(2022, 32, 627111036)
(2022, 32, 627121017)
(2022, 32, 627131036)
(2022, 32, 627141036)
(2022, 32, 627151036)
(2022, 32, 627161032)
(2022, 32, 627171017)
(2022, 32, 627181038)
(2022, 32, 627191026)
(2022, 32, 627201016)
(2022, 32, 627211046)
(2022, 32, 627221046)
(2022, 32, 627231027)
(2022, 32, 627241048)
(2022, 32, 627251044)
(2022, 32, 627261025)
(2022, 32, 627271017)
(2022, 32, 627281016)
(2022, 32, 627291017)
(2022, 32, 627301018)
(2022, 32, 627311036)
(2022, 32, 627321035)
(2022, 32, 627331016)
(2022, 32, 627341027)
(2022, 32, 627351036)
(2022, 32, 627361034)
(2022, 32, 627371030)
(2022, 32, 627381031)
(2022, 32, 627391016)
(2022, 32, 627401030)
(2022, 32, 627411030)
(2022, 32, 627421029)
(2022, 32, 627431038)
(2022, 32, 627441028)
(2022, 32, 627451037)
(2022, 32, 627461026)
(2022, 32, 627471027)
(2022, 32, 627481028)
(2022, 32, 627491037)
(2022, 32, 627501027)
(2022, 32, 627511026)
(2022, 32, 627521036)
(2022, 32, 627531018)
(2022, 32, 627541036)
(2022, 32, 627551026)
(2022, 32, 627561026)
(2022, 32, 627571028)
(2022, 32, 627581039)
(2022, 32, 627591041)
(2022, 32, 627601028)
(2022, 32, 627611036)
(2022, 32, 627621018)
(2022, 32, 627631029)
(2022, 32, 627641028)
(2022, 32, 627651028)
(2022, 32, 627661027)
(2022, 32, 627671018)
(2022, 32, 627681025)
(2022, 32, 627691025)
(2022, 32, 627701025)
(2022, 32, 627711026)
(2022, 32, 627721036)
(2022, 32, 627731026)
(2022, 32, 627741026)
(2022, 32, 627751019)
(2022, 32, 627761027)
(2022, 32, 627771016)
(2022, 32, 627781026)
(2022, 32, 627791026)
(2022, 32, 627801026)
(2022, 32, 627811026)
(2022, 32, 627821017)
(2022, 32, 627831026)
(2022, 32, 627841026)
(2022, 32, 627851036)
(2022, 32, 627861016)
(2022, 32, 627871026)
(2022, 32, 627881036)
(2022, 32, 627891046)
(2022, 32, 627901047)
(2022, 32, 627911028)
(2022, 32, 627921026)
(2022, 32, 627931040)
(2022, 32, 627941026)
(2022, 32, 627951043)
(2022, 32, 627961027)
(2022, 32, 627971041)
(2022, 32, 627981016)
(2022, 32, 627991039)
(2022, 32, 628001027)
(2022, 32, 628011038)
(2022, 32, 628021038)
(2022, 32, 628031046)
(2022, 32, 628041016)
(2022, 32, 628051015)
(2022, 32, 628061025)
(2022, 32, 628071025)
(2022, 32, 628081020)
(2022, 32, 628091027)
(2022, 32, 628101028)
(2022, 32, 628111048)
(2022, 32, 628121029)
(2022, 32, 628131046)
(2022, 32, 628141028)
(2022, 32, 628151036)
(2022, 32, 628161016)
(2022, 32, 628171016)
(2022, 32, 628181015)
(2022, 32, 628191015)
(2022, 32, 628201015)
(2022, 32, 628211035)
(2022, 32, 628221036)
(2022, 32, 628231034)
(2022, 32, 628241017)
(2022, 32, 628251034)
(2022, 32, 628261031)
(2022, 32, 628271016)
(2022, 32, 628281037)
(2022, 32, 628291036)
(2022, 32, 628301028)
(2022, 32, 628311028)
(2022, 32, 628321017)
(2022, 32, 628331029)
(2022, 32, 628341015)
(2022, 32, 628351026)
(2022, 32, 628361036)
(2022, 32, 628371017)
(2022, 32, 628381038)
(2022, 32, 628391016)
(2022, 32, 628401027)
(2022, 32, 628411029)
(2022, 32, 628421028)
(2022, 32, 628431027)
(2022, 32, 628441061)
(2022, 32, 628451026)
(2022, 32, 628461025)
(2022, 32, 628471054)
(2022, 32, 628481029)
(2022, 32, 628491048)
(2022, 32, 628501027)
(2022, 32, 628511040)
(2022, 32, 628521038)
(2022, 32, 628531016)
(2022, 32, 628541038)
(2022, 32, 628551027)
(2022, 32, 628561028)
(2022, 32, 628571031)
(2022, 32, 628581016)
(2022, 32, 628591039)
(2022, 32, 628601036)
(2022, 32, 628611031)
(2022, 32, 628621031)
(2022, 32, 628631026)
(2022, 32, 628641038)
(2022, 32, 628651025)
(2022, 32, 628661027)
(2022, 32, 628671038)
(2022, 32, 628681028)
(2022, 32, 628691027)
(2022, 32, 628701029)
(2022, 32, 628711028)
(2022, 32, 628721036)
(2022, 32, 628731035)
(2022, 32, 628741019)
(2022, 32, 628751041)
(2022, 32, 628761026)
(2022, 32, 628771026)
(2022, 32, 628781026)
(2022, 32, 628791018)
(2022, 32, 628801026)
(2022, 32, 628811028)
(2022, 32, 628821026)
(2022, 32, 628831029)
(2022, 32, 628841029)
(2022, 32, 628851018)
(2022, 32, 628861036)
(2022, 32, 628871018)
(2022, 32, 628881016)
(2022, 32, 628891036)
(2022, 32, 628901036)
(2022, 32, 628911036)
(2022, 32, 628921036)
(2022, 32, 628931057)
(2022, 32, 628941041)
(2022, 32, 628951027)
(2022, 32, 628961026)
(2022, 32, 628971017)
(2022, 32, 628981066)
(2022, 32, 628991016)
(2022, 32, 629001047)
(2022, 32, 629011026)
(2022, 32, 629021038)
(2022, 32, 629031016)
(2022, 32, 629041027)
(2022, 32, 629051038)
(2022, 32, 629061035)
(2022, 32, 629071039)
(2022, 32, 629081017)
(2022, 32, 629091037)
(2022, 32, 629101033)
(2022, 32, 629111038)
(2022, 32, 629121016)
(2022, 32, 629131028)
(2022, 32, 629141037)
(2022, 32, 629151030)
(2022, 32, 629161018)
(2022, 32, 629171027)
(2022, 32, 629181025)
(2022, 32, 629191038)
(2022, 32, 629201028)
(2022, 32, 629211024)
(2022, 32, 629221024)
(2022, 32, 629231038)
(2022, 32, 629241019)
(2022, 32, 629251017)
(2022, 32, 629261026)
(2022, 32, 629271028)
(2022, 32, 629281028)
(2022, 32, 629291027)
(2022, 32, 629301026)
(2022, 32, 629311018)
(2022, 32, 629321026)
(2022, 32, 629331026)
(2022, 32, 629341018)
(2022, 32, 629351026)
(2022, 32, 629361027)
(2022, 32, 629371028)
(2022, 32, 629381027)
(2022, 32, 629391019)
(2022, 32, 629401019)
(2022, 32, 629411018)
(2022, 32, 629421016)
(2022, 32, 629431026)
(2022, 32, 629441026)
(2022, 32, 629451037)
(2022, 32, 629461016)
(2022, 32, 629471026)
(2022, 32, 629481020)
(2022, 32, 629491019)
(2022, 32, 629501027)
(2022, 32, 629511026)
(2022, 32, 629521026)
(2022, 32, 629531027)
(2022, 32, 629541035)
(2022, 32, 629551036)
(2022, 32, 629561039)
(2022, 32, 629571038)
(2022, 32, 629581017)
(2022, 32, 629591039)
(2022, 32, 629601017)
(2022, 32, 629611029)
(2022, 32, 629621037)
(2022, 32, 629631018)
(2022, 32, 629641038)
(2022, 32, 629651019)
(2022, 32, 629661038)
(2022, 32, 629671028)
(2022, 32, 629681027)
(2022, 32, 629691026)
(2022, 32, 629701028)
(2022, 32, 629711026)
(2022, 32, 629721036)
(2022, 32, 629731029)
(2022, 32, 629741018)
(2022, 32, 629751021)
(2022, 32, 629761017)
(2022, 32, 629771019)
(2022, 32, 629781026)
(2022, 32, 629791026)
(2022, 32, 629801036)
(2022, 32, 629811026)
(2022, 32, 629821036)
(2022, 32, 629831026)
(2022, 32, 629841028)
(2022, 32, 629851030)
(2022, 32, 629861016)
(2022, 32, 629871040)
(2022, 32, 629881016)
(2022, 32, 629891030)
(2022, 32, 629901027)
(2022, 32, 629911027)
(2022, 32, 629921017)
(2022, 32, 629931059)
(2022, 32, 629941028)
(2022, 32, 629951027)
(2022, 32, 629961016)
(2022, 32, 629971028)
(2022, 32, 629981017)
(2022, 32, 629991017)
(2022, 32, 630001017)
(2022, 32, 630011017)
(2022, 32, 630021017)
(2022, 32, 630031019)
(2022, 32, 630041031)
(2022, 32, 630051032)
(2022, 32, 630061031)
(2022, 32, 630071018)
(2022, 32, 630081017)
(2022, 32, 630091029)
(2022, 32, 630101028)
(2022, 32, 630111025)
(2022, 32, 630121029)
(2022, 32, 630131038)
(2022, 32, 630141024)
(2022, 32, 630151028)
(2022, 32, 630161025)
(2022, 32, 630171026)
(2022, 32, 630181026)
(2022, 32, 630191030)
(2022, 32, 630201026)
(2022, 32, 630211018)
(2022, 32, 630221028)
(2022, 32, 630231028)
(2022, 32, 630241022)
(2022, 32, 630251019)
(2022, 32, 630261040)
(2022, 32, 630271022)
(2022, 32, 630281031)
(2022, 32, 630291030)
(2022, 32, 630301031)
(2022, 32, 630311030)
(2022, 32, 630321026)
(2022, 32, 630331024)
(2022, 32, 630341056)
(2022, 32, 630351016)
(2022, 32, 630361016)
(2022, 32, 630371016)
(2022, 32, 630381016)
(2022, 32, 630391026)
(2022, 32, 630401027)
(2022, 32, 630411016)
(2022, 32, 630421016)
(2022, 32, 630431028)
(2022, 32, 630441027)
(2022, 32, 630451019)
(2022, 32, 630461029)
(2022, 32, 630471028)
(2022, 32, 630481026)
(2022, 32, 630491028)
(2022, 32, 630501016)
(2022, 32, 630511040)
(2022, 32, 630521039)
(2022, 32, 630531037)
(2022, 32, 630541039)
(2022, 32, 630551035)
(2022, 32, 630561017)
(2022, 32, 630571029)
(2022, 32, 630581030)
(2022, 32, 630591031)
(2022, 32, 630601032)
(2022, 32, 630611035)
(2022, 32, 630621028)
(2022, 32, 630631028)
(2022, 32, 630641029)
(2022, 32, 630651037)
(2022, 32, 630661018)
(2022, 32, 630671028)
(2022, 32, 630681021)
(2022, 32, 630691029)
(2022, 32, 630701027)
(2022, 32, 630711038)
(2022, 32, 630721025)
(2022, 32, 630731039)
(2022, 32, 630741026)
(2022, 32, 630751022)
(2022, 32, 630761023)
(2022, 32, 630771026)
(2022, 32, 630781021)
(2022, 32, 630791031)
(2022, 32, 630801044)
(2022, 32, 630811027)
(2022, 32, 630821040)
(2022, 32, 630831031)
(2022, 32, 630841032)
(2022, 32, 630851026)
(2022, 32, 630861016)
(2022, 32, 630871026)
(2022, 32, 630881037)
(2022, 32, 630891027)
(2022, 32, 630901018)
(2022, 32, 630911019)
(2022, 32, 630921016)
(2022, 32, 630931036)
(2022, 32, 630941034)
(2022, 32, 630951039)
(2022, 32, 630961028)
(2022, 32, 630971017)
(2022, 32, 630981036)
(2022, 32, 630991017)
(2022, 32, 631001029)
(2022, 32, 631011017)
(2022, 32, 631021027)
(2022, 32, 631031017)
(2022, 32, 631041029)
(2022, 32, 631051030)
(2022, 32, 631061039)
(2022, 32, 631071029)
(2022, 32, 631081039)
(2022, 32, 631091029)
(2022, 32, 631101030)
(2022, 32, 631111028)
(2022, 32, 631121028)
(2022, 32, 631131036)
(2022, 32, 631141048)
(2022, 32, 631151027)
(2022, 32, 631161039)
(2022, 32, 631171019)
(2022, 32, 631181021)
(2022, 32, 631191026)
(2022, 32, 631201027)
(2022, 32, 631211028)
(2022, 32, 631221017)
(2022, 32, 631231028)
(2022, 32, 631241037)
(2022, 32, 631251036)
(2022, 32, 631261027)
(2022, 32, 631271020)
(2022, 32, 631281022)
(2022, 32, 631291016)
(2022, 32, 631301019)
(2022, 32, 631311029)
(2022, 32, 631321029)
(2022, 32, 631331028)
(2022, 32, 631341021)
(2022, 32, 631351019)
(2022, 32, 631361028)
(2022, 32, 631371028)
(2022, 32, 631381016)
(2022, 32, 631391019)
(2022, 32, 631401026)
(2022, 32, 631411026)
(2022, 32, 631421026)
(2022, 32, 631431018)
(2022, 32, 631441027)
(2022, 32, 631451028)
(2022, 32, 631461027)
(2022, 32, 631471016)
(2022, 32, 631481027)
(2022, 32, 631491027)
(2022, 32, 631501026)
(2022, 32, 631511045)
(2022, 32, 631521016)
(2022, 32, 631531017)
(2022, 32, 631541017)
(2022, 32, 631551018)
(2022, 32, 631561017)
(2022, 32, 631571018)
(2022, 32, 631581032)
(2022, 32, 631591032)
(2022, 32, 631601017)
(2022, 32, 631611019)
(2022, 32, 631621018)
(2022, 32, 631631033)
(2022, 32, 631641032)
(2022, 32, 631651038)
(2022, 32, 631661031)
(2022, 32, 631671017)
(2022, 32, 631681020)
(2022, 32, 631691042)
(2022, 32, 631701039)
(2022, 32, 631711028)
(2022, 32, 631721037)
(2022, 32, 631731037)
(2022, 32, 631741036)
(2022, 32, 631751040)
(2022, 32, 631761040)
(2022, 32, 631771031)
(2022, 32, 631781046)
(2022, 32, 631791020)
(2022, 32, 631801021)
(2022, 32, 631811029)
(2022, 32, 631821020)
(2022, 32, 631831019)
(2022, 32, 631841037)
