42719207
42729219
42739217
42749220
42759197
42769210
42779209
42789210
42799204
42809210
42819210
42829209
42839209
42849207
42859209
42869209
42879220
42889205
42899201
42909220
42919211
42929219
42939220
42949208
42959211
42969219
42979218
42989209
42999210
43009209
43019215
43029225
43039220
43049214
43059206
43069203
43079214
43089199
43099199
43109210
43119220
43129231
43139220
43149211
43159224
43169228
43179202
43189232
43199225
43209211
43219223
43229224
43239223
43249211
43259222
43269224
43279221
43289235
43299223
43309201
43319222
43329211
43339213
43349210
43359215
43369212
43379224
43389222
43399212
43409224
43419209
43429212
43439224
43449214
43459222
43469222
43479222
43489223
43499214
43509235
43519205
43529215
43539214
43549226
43559206
43569223
43579213
43589224
43599224
43609224
43619216
43629215
43639214
43649215
43659215
43669215
43679215
43689214
43699214
43709214
43719214
43729235
43739226
43749226
43759216
43769234
43779218
43789216
43799218
43809207
43819236
43829238
43839206
43849236
43859235
43869230
43879231
43889229
43899219
43909229
43919228
43929228
43939228
43949227
43959216
43969219
43979216
43989219
43999216
44009219
44019218
44029221
44039210
44049219
44059228
44069207
44079219
44089218
44099228
44109218
44119218
44129229
44139218
44149211
44159218
44169231
44179228
44189231
44199209
44209219
44219220
44229219
44239220
44249229
44259219
44269238
44279214
44289223
44299233
44309221
44319242
44329213
44339222
44349210
44359211
44369241
44379210
44389233
44399241
44409219
44419231
44429222
44439224
44449233
44459232
44469232
44479211
44489213
44499221
44509232
44519222
44529221
44539221
44549222
44559215
44569232
44579222
44589222
44599234
44609223
44619235
44629245
44639223
44649245
44659243
44669243
44679212
44689235
44699242
44709233
44719225
44729225
44739233
44749228
44759235
44769235
44779224
44789218
44799235
44809236
44819223
44829226
44839239
44849217
44859216
44869235
44879216
44889224
44899226
44909235
44919227
44929222
44939239
44949224
44959225
44969235
44979225
44989236
44999236
45009237
45019218
45029226
45039218
45049236
45059228
45069243
45079226
45089227
45099247
45109226
45119245
45129217
45139226
45149227
45159242
45169240
45179227
45189226
45199248
45209227
45219226
45229247
45239229
45249228
45259245
45269229
45279228
45289244
45299231
45309245
45319243
45329245
45339239
45349218
45359239
45369233
45379220
45389235
45399238
45409239
45419237
45429231
45439236
45449234
45459241
45469235
45479228
45489229
45499231
45509231
45519231
45529239
45539221
45549232
45559231
45569220
45579241
45589230
45599232
45609241
45619230
45629241
45639240
45649241
45659230
45669243
45679243
45689241
45699233
45709221
45719233
45729250
45739231
45749231
45759252
45769232
45779231
45789249
45799233
45809233
45819233
45829253
45839235
45849240
45859243
45869223
45879240
45889237
45899239
45909236
45919257
45929223
45939245
45949239
45959243
45969233
45979233
45989235
45999236
46009236
46019243
46029227
46039237
46049236
46059244
46069237
46079248
46089244
46099244
46109233
46119244
46129244
46139244
46149228
46159225
46169236
46179245
46189245
46199236
46209246
46219235
46229235
46239255
46249228
46259250
46269237
46279250
46289237
46299237
46309226
46319237
46329251
46339245
46349246
46359226
46369246
46379226
46389249
46399248
46409248
46419248
46429249
46439242
46449239
46459239
46469240
46479239
46489240
46499234
46509232
46519237
46529234
46539230
46549250
46559231
46569239
46579230
46589248
46599238
46609239
46619240
46629240
46639240
46649230
46659240
46669238
46679252
46689240
46699249
46709249
46719252
46729239
46739243
46749250
46759250
46769240
46779229
46789240
46799251
46809262
46819240
46829240
46839260
46849261
46859230
46869256
46879231
46889243
46899243
46909241
46919262
46929259
46939256
46949257
46959232
46969260
46979254
46989241
46999241
47009243
47019244
47029243
47039252
47049245
47059253
47069242
47079240
47089241
47099244
47109253
47119244
47129244
47139243
47149244
47159244
47169234
47179244
47189245
47199235
47209254
47219245
47229243
47239245
47249245
47259245
47269254
47279243
47289254
47299254
47309254
47319247
47329236
47339256
47349245
47359254
47369246
47379255
47389279
47399250
47409277
47419245
47429247
47439238
47449245
47459245
47469258
47479249
47489246
47499235
47509254
47519236
47529246
47539256
47549235
47559251
47569247
47579237
47589256
47599248
47609237
47619259
47629258
47639257
47649256
47659246
47669257
47679249
47689257
47699252
47709251
47719247
47729244
47739237
47749248
47759240
47769258
47779248
47789239
47799248
47809258
47819248
47829248
47839248
47849258
47859249
47869249
47879249
47889249
47899249
47909240
47919240
47929249
47939268
47949250
47959249
47969250
47979266
47989268
47999250
48009263
48019257
48029250
48039267
48049241
48059267
48069270
48079266
48089270
48099258
48109258
48119261
48129260
48139263
48149263
48159253
48169262
48179263
48189253
48199263
48209247
48219247
48229254
48239251
48249243
48259262
48269255
48279247
48289253
48299254
48309252
48319251
48329265
48339265
48349265
48359265
48369246
48379252
48389264
48399252
48409262
48419263
48429263
48439252
48449263
48459254
48469263
48479245
48489264
48499264
48509264
48519260
48529245
48539266
48549254
48559244
48569274
48579274
48589255
48599276
48609272
48619254
48629246
48639245
48649246
48659247
48669265
48679264
48689245
48699256
48709265
48719263
48729259
48739261
48749246
48759260
48769260
48779259
48789268
48799258
48809267
48819256
48829257
48839258
48849267
48859257
48869256
48879267
48889249
48899267
48909257
48919257
48929259
48939270
48949272
48959259
48969267
48979249
48989260
48999259
49009259
49019259
49029250
49039257
49049257
49059257
49069258
49079268
49089258
49099258
49109251
49119259
49129248
49139258
49149259
49159259
49169259
49179250
49189259
49199259
49209269
49219249
49229259
49239269
49249279
49259280
49269261
49279260
49289274
49299260
49309277
49319261
49329275
49339250
49349273
49359261
49369272
49379272
49389280
49399250
49409250
49419260
49429260
49439255
49449262
49459263
49469283
49479264
49489281
49499263
49509271
49519251
49529251
49539251
49549251
49559251
49569271
49579272
49589270
49599253
49609270
49619267
49629252
49639273
49649272
49659264
49669264
49679254
49689266
49699252
49709263
49719273
49729254
49739275
49749253
49759264
49769266
49779265
49789264
49799298
49809264
49819263
49829292
49839267
49849286
49859265
49869278
49879276
49889254
49899276
49909265
49919266
49929269
49939255
49949278
49959275
49969270
49979270
49989265
49999277
50009264
50019266
50029277
50039267
50049266
50059268
50069267
50079276
50089275
50099259
50109281
50119266
50129266
50139266
50149258
50159266
50169268
50179266
50189269
50199269
50209259
50219277
50229259
50239257
50249277
50259277
50269277
50279277
50289298
50299282
50309268
50319267
50329258
50339308
50349258
50359289
50369268
50379280
50389258
50399269
50409280
50419277
50429281
50439259
50449279
50459275
50469280
50479259
50489271
50499280
50509273
50519261
50529270
50539268
50549281
50559271
50569267
50579267
50589281
50599262
50609261
50619270
50629272
50639272
50649271
50659270
50669262
50679270
50689270
50699262
50709270
50719271
50729272
50739272
50749264
50759264
50769263
50779261
50789271
50799271
50809282
50819261
50829271
50839265
50849264
50859272
50869272
50879272
50889273
50899281
50909282
50919285
50929284
50939263
50949285
50959263
50969275
50979283
50989264
50999284
51009266
51019285
51029275
51039274
51049273
51059275
51069273
51079283
51089276
51099265
51109268
51119264
51129266
51139274
51149274
51159284
51169274
51179284
51189274
51199276
51209278
51219264
51229288
51239264
51249278
51259275
51269276
51279266
51289308
51299277
51309276
51319265
51329277
51339266
51349266
51359266
51369266
51379266
51389268
51399281
51409282
51419281
51429268
51439267
51449279
51459278
51469275
51479279
51489288
51499274
51509278
51519275
51529277
51539277
51549281
51559277
51569269
51579279
51589279
51599273
51609270
51619291
51629273
51639282
51649281
51659282
51669282
51679278
51689276
51699308
51709268
51719268
51729268
51739268
51749278
51759279
51769268
51779268
51789280
51799280
51809272
51819282
51829281
51839279
51849281
51859269
51869293
51879292
51889290
51899292
51909288
51919270
51929282
51939284
51949285
51959286
51969289
51979282
51989282
51999283
52009291
52019272
52029282
52039275
52049283
52059281
52069293
52079280
52089294
52099281
52109277
52119278
52129281
52139276
52149286
52159299
52169282
52179295
52189286
52199288
52209282
52219272
52229282
52239293
52249283
52259274
52269275
52279272
52289292
52299290
52309295
52319284
52329274
52339293
52349274
52359286
52369274
52379284
52389274
52399286
52409287
52419296
52429286
52439296
52449286
52459287
52469286
52479286
52489294
52499306
52509285
52519297
52529277
52539279
52549284
52559285
52569286
52579275
52589286
52599296
52609295
52619286
52629279
52639281
52649275
52659278
52669288
52679288
52689287
52699280
52709278
52719287
52729288
52739276
52749279
52759286
52769286
52779286
52789278
52799287
52809288
52819287
52829276
52839287
52849287
52859287
52869306
52879277
52889278
52899278
52909279
52919278
52929279
52939293
52949293
52959278
52969280
52979279
52989295
52999294
53009300
53019293
53029279
53039282
53049304
53059301
53069290
53079299
53089299
53099298
53109302
53119302
53129294
53139309
53149283
53159284
53169292
53179283
53189282
53199300
