1046.4840088
1047.7669678
1049.2299805
1050.7139893
1052.2440186
1053.7249756
1055.1810303
1056.7960205
1058.4969482
1059.9350586
1061.342041
1062.9329834
1064.5269775
1066.0140381
1067.3609619
1068.6750488
1069.848999
1070.6820068
1070.9069824
1070.2910156
1069.0109863
1067.7330322
1066.6800537
1065.598999
1064.1550293
1062.6099854
1061.2330322
1060.0710449
1059.0240479
1057.8790283
1056.2889404
1054.5410156
1052.756958
1050.9219971
1049.0529785
1047.177002
1045.2719727
1043.4399414
1041.5600586
1039.6860352
1037.875
1036.3239746
1034.9799805
1033.68396
1033.0109863
1032.9050293
1033.1359863
1033.4949951
1033.8249512
1033.8249512
1033.7609863
1033.3659668
1032.6619873
1031.7740479
1030.7370605
1029.6240234
1028.8170166
1028.2419434
1027.8609619
1027.7700195
1028.0290527
1028.6240234
1029.3199463
1030.1519775
1030.6090088
1030.8790283
1031.006958
1030.7659912
1030.4139404
1030.0229492
1029.7889404
1029.6619873
1029.7070312
1030.1779785
1030.697998
1031.2320557
1031.7939453
1032.3050537
1032.8830566
1033.3840332
1033.6159668
1033.5780029
1033.2370605
1032.8609619
1032.480957
1032.0450439
1031.6140137
1031.4680176
1031.4899902
1031.3449707
1031.0899658
1031.0319824
1031.2550049
1031.69104
1032.230957
1032.5500488
1033.1009521
1033.6820068
1034.1159668
1034.6049805
1035.2929688
1035.8270264
1036.2030029
1036.407959
1036.6469727
1036.723999
1036.6560059
1036.3520508
1035.8029785
1035.8029785
1034.3179932
1033.375
1032.2669678
1031.0360107
1029.9959717
1029.0830078
1028.4119873
1027.9219971
1027.8530273
1028.0639648
1028.6390381
1029.3220215
1030.0090332
1030.6829834
1031.4790039
1032.5510254
1033.717041
1034.8499756
1035.9699707
1036.9510498
1037.8149414
1038.592041
1039.3740234
1040.0629883
1040.6169434
1041.2299805
1041.717041
1042.1190186
1042.151001
1041.8919678
1041.381958
1040.8620605
1040.4549561
1040.31604
1040.4260254
1040.4530029
1040.1729736
1039.894043
1039.6679688
1039.4620361
1039.2729492
1039.1459961
1039.1929932
1039.5870361
1039.8740234
1039.9909668
1039.8959961
1040.0009766
1040.1999512
1040.5560303
1040.8609619
1041.1369629
1041.6269531
1042.0510254
1042.2149658
1041.9069824
1041.05896
1040.0340576
1038.9069824
1038.9069824
1036.3840332
1035.0040283
1033.6490479
1032.4119873
1031.282959
1030.2750244
1029.2540283
1028.3430176
1027.6340332
1026.927002
1026.1190186
1025.2709961
1024.5749512
1023.9130249
1023.2750244
1022.6350098
1022.0200195
1021.526001
1020.992981
1020.3989868
1019.8569946
1019.5029907
1019.2680054
1019.0339966
1018.914978
1018.8729858
1018.8200073
1018.6519775
1018.4130249
1018.125
1017.8010254
1017.6160278
1017.4019775
1017.3850098
1017.690979
1018.4069824
1019.2730103
1020.2930298
1021.2719727
1022.2189941
1022.9530029
1023.5780029
1024.1020508
1024.5159912
1024.7810059
1024.8540039
1024.8280029
1024.6889648
1024.3790283
1023.9559937
1023.4959717
1023.0999756
1022.7349854
1022.4019775
1022.2379761
1022.0700073
1022.085022
1022.1140137
1022.0889893
1022.0889893
1021.5150146
1020.9680176
1020.2559814
1019.4019775
1018.2789917
1017.0499878
1015.6699829
1014.2470093
1012.9370117
1011.6589966
1010.5980225
1010.1229858
1010.0969849
1010.4329834
1010.8560181
1011.3629761
1012.4509888
1014.0750122
1015.8829956
1017.8690186
1019.7719727
1021.6389771
1023.5280151
1025.368042
1027.0389404
1028.43396
1029.6500244
1030.6639404
1031.6020508
1032.4210205
1033.2180176
1034.032959
1034.8599854
1035.56604
1036.2810059
1036.8950195
1037.4129639
1037.8599854
1038.2559814
1038.6390381
1038.9899902
1039.3690186
1039.8110352
1040.2399902
1040.6949463
1041.1190186
1041.3950195
1041.5300293
1041.6330566
1041.7070312
1041.7419434
1041.9709473
1042.3260498
1042.7600098
1043.2480469
1043.8620605
1044.5780029
1045.3809814
1046.2929688
1046.2929688
1048.6020508
1049.9069824
1051.1390381
1052.1169434
1052.6750488
1053.0219727
1053.0129395
1052.5550537
1051.80896
1051.0290527
1049.947998
1048.7700195
1047.6099854
1046.5930176
1046.1689453
1046.4780273
1047.3029785
1048.2779541
1049.1700439
1049.7719727
1050.2540283
1050.6159668
1050.9100342
1051.1379395
1051.2919922
1051.3179932
1051.2189941
1050.7209473
1050.0119629
1049.3129883
1048.8100586
1048.4279785
1048.0550537
1047.7149658
1047.2390137
1046.7380371
1046.1340332
1045.2659912
1044.1810303
1042.9439697
1041.5610352
1040.0030518
1038.3509521
1036.6689453
1034.9379883
1033.3449707
1032.1269531
1031.0340576
1030.6009521
1030.5600586
1030.8289795
1031.1710205
1031.4399414
1031.4399414
1031.822998
1031.848999
1031.9909668
1032.2220459
1032.5739746
1032.5739746
1033.3050537
1033.6719971
1034.0980225
1034.4189453
1034.6049805
1034.6800537
1034.7220459
1034.7540283
1034.7679443
1034.8499756
1034.8979492
1034.8430176
1034.7889404
1034.6209717
1034.5200195
1034.3370361
1033.8470459
1033.5450439
1033.2180176
1033.0810547
1033.0159912
1032.9460449
1032.8990479
1032.875
1032.8370361
1032.7659912
1032.69104
1032.5450439
1032.4260254
1032.3470459
1032.276001
1032.2199707
1032.2740479
1032.4069824
1032.6309814
1033.098999
1033.6309814
1034.1600342
1034.7120361
1035.2390137
1035.743042
1036.1729736
1036.1729736
1036.8449707
1037.1569824
1037.4749756
1037.8790283
1038.276001
1038.7099609
1039.0909424
1039.3620605
1039.5090332
1039.5439453
1039.3800049
1039.0200195
1038.6099854
1038.0939941
1037.6140137
1037.1519775
1037.1519775
1036.302002
1035.9160156
1035.6300049
1035.3969727
1035.2399902
1035.1739502
1035.1739502
1035.3590088
1035.5340576
1035.6850586
1035.8580322
1035.9830322
1036.0670166
1036.1619873
1036.18396
1036.2320557
1036.2359619
1036.1459961
1036.0839844
1036.0350342
1036.0539551
1036.0319824
1035.9219971
1035.7509766
1035.5999756
1035.5379639
1035.5570068
1035.5949707
1035.6650391
1035.6469727
1035.5839844
1035.5870361
1035.5100098
1035.3590088
1035.2280273
1035.0400391
1034.7779541
1034.5939941
1034.598999
1034.605957
1034.6490479
1034.7509766
1034.7509766
1034.94104
1034.947998
1034.9699707
1035.0250244
1035.18396
1035.5119629
1036.105957
1036.7740479
1037.4350586
1038.1970215
1038.9849854
1039.927002
1041.0030518
1042.0469971
1043.0839844
1044.0679932
1044.0679932
1045.3050537
1045.5550537
1045.7020264
1045.8199463
1045.9730225
1046.0510254
1046.1569824
1046.3950195
1046.7099609
1046.9160156
1046.8470459
1046.6259766
1046.282959
1045.8310547
1045.3110352
1044.7370605
1044.2180176
1043.7910156
1043.6300049
1043.6259766
1043.7409668
1044.0310059
1044.2919922
1044.618042
1044.9019775
1045.19104
1045.4029541
1045.5610352
1045.6400146
1045.5229492
1045.4439697
1045.3959961
1045.3790283
1045.1860352
1044.8599854
1044.5090332
1044.0389404
1043.3850098
1042.6860352
1042.1560059
1041.9279785
1041.8260498
1041.8260498
1041.9090576
1042.2299805
1042.5620117
1042.8699951
1043.3249512
1043.8430176
1044.3270264
1044.8199463
1045.1309814
1045.2469482
1045.0639648
1044.769043
1044.3549805
1043.9389648
1043.7399902
1043.8000488
1043.8000488
1044.1479492
1044.3549805
1044.7869873
1045.2929688
1045.6540527
1045.8459473
1045.9060059
1045.9160156
1045.9320068
1045.9250488
1046.0310059
1046.3499756
1046.8220215
1047.2790527
1047.7550049
1048.1159668
1048.3179932
1048.4350586
1048.4530029
1048.4880371
1048.3719482
1048.0529785
1047.5849609
1047.0770264
1046.6109619
1046.0610352
1045.4659424
1044.8039551
1044.1409912
1043.5
1042.7070312
1041.6309814
1040.25
1038.7299805
1037.5319824
1036.8480225
1036.5760498
1036.4680176
1036.506958
1036.6269531
1036.75
1036.6130371
1036.6130371
1035.75
1035.2320557
1034.6820068
1034.0500488
1033.4620361
1032.782959
1032.1939697
1031.9549561
1031.81604
1031.7810059
1031.7139893
1031.5570068
1031.2609863
1030.8310547
1030.3640137
1029.8919678
1029.8919678
1029.3609619
1029.2819824
1029.2099609
1029.2719727
1029.4139404
1029.6090088
1029.6490479
1029.7010498
1029.7030029
1029.8430176
1029.9219971
1029.9909668
1030.0720215
1030.2960205
1030.5090332
1030.8139648
1031.1049805
1031.3470459
1031.480957
1031.5379639
1031.506958
1031.5379639
1031.7929688
1032.1099854
1032.4689941
1032.8890381
1033.3719482
1033.723999
1034.1479492
1034.6560059
1035.2359619
1036.0119629
1036.618042
1036.9119873
1037.0710449
1037.2950439
1037.5269775
1037.8630371
1038.2790527
1038.6529541
1038.8580322
1038.8549805
1038.6760254
1038.322998
1037.8260498
1037.4470215
1037.2020264
1037.0839844
1037.0269775
1036.973999
1037.0999756
1037.3050537
1037.5710449
1037.8000488
1037.9060059
1038.0300293
1038.0999756
1038.2349854
1038.2860107
1038.2860107
1038.230957
1038.2010498
1038.3129883
1038.4300537
1038.5450439
1038.6330566
1038.769043
1038.7790527
1038.8409424
1038.4179688
1038.0889893
1037.8220215
1037.6750488
1037.7159424
1037.848999
1037.9969482
1038.1390381
1038.3289795
1038.5529785
1038.7509766
1038.9129639
1039.052002
1039.2469482
1039.3189697
1039.2449951
1039.125
1039.0319824
1038.8630371
1038.80896
1038.7070312
1038.4599609
1038.3249512
1038.2099609
1038.0780029
1037.967041
1037.8520508
1037.7969971
1037.6080322
1037.4000244
1037.1739502
1036.8690186
1036.6109619
1036.4880371
1036.5419922
1036.7320557
1036.9639893
1037.2159424
1037.3719482
1037.4110107
1037.394043
1037.4029541
1037.4610596
1037.4699707
1037.5059814
1037.5300293
1037.5450439
1037.5059814
1037.3840332
1037.1810303
1037.1810303
1036.8470459
1036.7700195
1036.8120117
1036.9780273
1037.2700195
1037.6870117
1037.9560547
1038.4880371
1038.8719482
1039.2700195
1039.6610107
1040.1369629
1040.6600342
1041.2230225
1041.7249756
1042.2189941
1042.7220459
1043.2130127
1043.6159668
1044.1090088
1044.5720215
1045.1219482
1045.6629639
1046.2010498
1046.6949463
1047.0319824
1047.2619629
1047.3530273
1047.3520508
1047.3310547
1047.3409424
1047.355957
1047.342041
1047.2800293
1047.1199951
1046.8950195
1046.6409912
1046.3120117
1045.9770508
1045.6639404
1045.2199707
1044.6989746
1043.993042
1043.217041
1042.427002
1041.7480469
1041.1140137
1040.4899902
1039.9859619
1039.5889893
1039.3029785
1039.0770264
1038.8869629
1038.717041
1038.6199951
1038.5129395
1038.3590088
1038.1710205
1038.0389404
1038.0389404
1037.9229736
1037.8850098
1037.894043
1037.8260498
1037.6879883
1037.4549561
1037.1330566
1036.7960205
1036.4439697
1036.1009521
1035.8360596
1035.5949707
1035.4019775
1035.2900391
1035.2580566
1035.2669678
1035.2719727
1035.256958
1035.2750244
1035.3620605
1035.526001
1035.8210449
1036.1779785
1036.7120361
1037.3549805
1038.0579834
1038.8909912
1039.8520508
1040.9599609
1042.1070557
1043.2270508
1044.2960205
1045.2969971
1046.1600342
1046.7929688
1047.3360596
1047.7189941
1047.9849854
1048.1949463
1048.5119629
1048.9139404
1049.3360596
1049.7919922
1050.3299561
1050.8609619
1051.2669678
1051.5780029
1051.9460449
1052.342041
1052.842041
1053.3520508
1053.9289551
1054.4000244
1054.5780029
1054.5770264
1054.4300537
1054.2440186
1054.0369873
1053.8310547
1053.8310547
1053.1760254
1052.6810303
1052.157959
1051.5369873
1050.868042
1050.1280518
1049.3389893
1048.6550293
1048.1030273
1047.5209961
1046.9689941
1046.5169678
1046.2049561
1046.0019531
1045.8480225
1045.6879883
1045.4510498
1045.157959
1044.8220215
1044.375
1043.9000244
1043.3449707
1042.7259521
1042.1350098
1041.5529785
1041.0169678
1040.5350342
1040.0820312
1039.6359863
1039.2729492
1038.9639893
1038.6209717
1038.131958
1037.6899414
1037.3139648
1036.9389648
1036.572998
1036.1529541
1035.6459961
1035.1230469
1034.5789795
1033.9940186
1033.3669434
1032.730957
1032.1829834
1031.7969971
1031.5059814
1031.2480469
1030.9580078
1030.5899658
1030.2540283
1029.855957
1029.4169922
1028.8900146
1028.2060547
1027.4909668
1026.8129883
1026.1879883
1025.6450195
1025.6450195
1024.5620117
1024.0620117
1023.5419922
1023.1049805
1022.6779785
1022.2880249
1021.9619751
1021.6129761
1021.4030151
1021.2890015
1021.1829834
1021.0109863
1020.7420044
1020.3569946
1019.8729858
1019.3410034
1018.9890137
1018.8610229
1018.8909912
1018.9619751
1019.0130005
1019.2869873
1019.5900269
1019.8070068
1020.007019
1020.302002
1020.7249756
1021.2210083
1021.7800293
1022.3220215
1022.8150024
1023.1589966
1023.3850098
1023.492981
1023.5100098
1023.4509888
1023.3649902
1023.2650146
1023.1279907
1022.9949951
1022.9099731
1022.8649902
1022.802002
1022.7529907
1022.8540039
1023.25
1023.8660278
1024.6469727
1025.4980469
1026.2900391
1026.9909668
1027.6140137
1028.0830078
1028.5050049
1028.9150391
1029.302002
1029.6650391
1029.9229736
1030.1800537
1030.1800537
1030.7330322
1031.0639648
1031.4320068
1031.8320312
1032.2950439
1032.7600098
1033.157959
1033.5930176
1034.026001
1034.5129395
1035.0820312
1035.7290039
1036.3370361
1036.9709473
1037.6070557
1038.1669922
1038.7299805
1039.3850098
1040.0109863
1040.6120605
1041.1669922
1041.6760254
1042.0629883
1042.3769531
1042.5930176
1042.7399902
1042.776001
1042.7199707
1042.5460205
1042.2659912
1041.8380127
1041.3029785
1040.6760254
1039.9179688
1039.0899658
1038.2230225
1037.3879395
1036.644043
1035.9470215
1035.2089844
1034.4300537
1033.6169434
1032.8380127
1032.0830078
1031.3780518
1030.7449951
1030.2159424
1029.8239746
1029.5560303
1029.3389893
1029.1080322
1028.8050537
1028.4659424
1028.1450195
1027.8210449
1027.4649658
1027.0839844
1026.6850586
1026.2919922
1026.2919922
1025.1870117
1024.6190186
1024.1789551
1023.7739868
1023.3339844
1022.8720093
1022.4520264
1022.0390015
1021.5410156
1021.072998
1020.5819702
1020.0230103
1019.5679932
1019.1820068
1018.8449707
1018.4749756
1018.0960083
1017.867981
1017.8839722
1018.2290039
1018.8690186
1019.7180176
1020.6400146
1021.4920044
1022.3070068
1023.0750122
1023.7739868
1024.4019775
1024.9959717
1025.4799805
1025.8459473
1026.1689453
1026.4890137
1026.8759766
1027.3280029
1027.6290283
1027.8310547
1027.9360352
1028.1350098
