1.0900000334
1.1599999666
1.3099999428
1.4500000477
1.4800000191
1.4199999571
1.4700000286
1.5599999428
1.6000000238
1.4299999475
1.4700000286
1.6000000238
1.5599999428
1.4299999475
1.3600000143
1.3799999952
1.1699999571
0.81999999285
0.30000001192
-0.40000000596
-1.0299999714
-1.1599999666
-1
-1.0099999905
-1.3600000143
-1.5299999714
-1.3500000238
-1.1499999762
-1.1100000143
-1.1799999475
-1.5499999523
-1.6399999857
-1.6399999857
-1.8099999428
-1.8899999857
-1.8899999857
-1.9099999666
-1.8600000143
-1.8999999762
-1.8799999952
-1.7599999905
-1.5399999619
-1.4199999571
-1.3500000238
-0.79000002146
-0.17000000179
0.15999999642
0.25999999046
0.25999999046
0.25999999046
-0.1400000006
-0.38999998569
-0.64999997616
-0.85000002384
-1.0599999428
-1.1200000048
-0.87999999523
-0.66000002623
-0.52999997139
-0.25999999046
0.11999999732
0.47999998927
0.54000002146
0.73000001907
0.50999999046
0.27000001073
0.050000000745
-0.20000000298
-0.37000000477
-0.40999999642
-0.25999999046
-0.25
-0.0099999997765
0.44999998808
0.5
0.49000000954
0.46999999881
0.52999997139
0.56000000238
0.43999999762
0.18999999762
0.059999998659
-0.27000001073
-0.34999999404
-0.34999999404
-0.43999999762
-0.41999998689
-0.17000000179
-0.17000000179
-0.15000000596
-0.23000000417
-0.079999998212
-0.079999998212
0.36000001431
0.47999998927
0.31000000238
0.44999998808
0.50999999046
0.43000000715
0.46000000834
0.63999998569
0.51999998093
0.38999998569
0.20999999344
0.23000000417
0.039999999106
-0.079999998212
-0.28999999166
-0.58999997377
-0.58999997377
-0.79000002146
-1
-1.1699999571
-1.2200000286
-1.0700000525
-0.93000000715
-0.77999997139
-0.61000001431
-0.15999999642
0.18000000715
0.37999999523
0.50999999046
0.52999997139
0.60000002384
0.63999998569
0.91000002623
1.0900000334
1.1000000238
1.0599999428
1
0.88999998569
0.72000002861
0.68999999762
0.61000001431
0.52999997139
0.52999997139
0.44999998808
0.44999998808
0.0099999997765
-0.27000001073
-0.46000000834
-0.54000002146
-0.44999998808
-0.23999999464
0.059999998659
-0.070000000298
-0.28000000119
-0.28000000119
-0.28000000119
-0.25
-0.25999999046
-0.17000000179
-0.17000000179
0.25
0.12999999523
-0.019999999553
-0.1099999994
0.059999998659
0.1099999994
0.20999999344
0.23000000417
0.18000000715
0.34999999404
0.33000001311
0.18000000715
-0.30000001192
-0.76999998093
-1.0199999809
-1.1399999857
-1.1399999857
-1.2599999905
-1.4600000381
-1.4299999475
-1.3099999428
-1.2899999619
-1.2100000381
-1.2100000381
-0.95999997854
-0.81000000238
-0.81000000238
-0.92000001669
-0.91000002623
-0.77999997139
-0.74000000954
-0.72000002861
-0.64999997616
-0.60000002384
-0.52999997139
-0.56999999285
-0.66000002623
-0.64999997616
-0.49000000954
-0.40000000596
-0.37000000477
-0.27000001073
-0.18000000715
-0.18000000715
-0.20999999344
-0.23000000417
-0.31000000238
-0.37999999523
-0.28000000119
-0.28000000119
-0.25999999046
-0.039999999106
0.27000001073
0.68999999762
0.80000001192
0.86000001431
0.89999997616
0.89999997616
0.75
0.60000002384
0.46999999881
0.38999998569
0.23000000417
0.079999998212
-0.059999998659
-0.17000000179
-0.33000001311
-0.46000000834
-0.5
-0.37999999523
-0.37999999523
-0.37999999523
-0.23000000417
-0.20999999344
0.0099999997765
0.0099999997765
0.019999999553
-0.17000000179
-0.34000000358
-0.50999999046
-0.91000002623
-0.91000002623
-1.2100000381
-1.2100000381
-1.3999999762
-1.3700000048
-1.3700000048
-1.2000000477
-1.2000000477
-0.1400000006
0.21999999881
0.31000000238
0.41999998689
0.93999999762
0.93999999762
1.6799999475
1.6799999475
1.8799999952
1.8700000048
1.8600000143
1.7899999619
1.6399999857
1.3999999762
1.2200000286
1.0199999809
1.0199999809
0.81999999285
0.79000002146
0.79000002146
0.75999999046
0.75999999046
0.70999997854
0.56999999285
0.56999999285
0.40000000596
0.34000000358
0.30000001192
0.25999999046
0.25999999046
0.36000001431
0.43999999762
0.43999999762
0.40000000596
0.38999998569
0.27000001073
0.15999999642
0.10000000149
0.079999998212
0.15999999642
0.15999999642
0.28000000119
0.37999999523
0.46999999881
0.56999999285
0.62999999523
0.68999999762
0.87000000477
1.0700000525
1.1599999666
1.2400000095
1.2100000381
1.0099999905
0.58999997377
0.34000000358
0
-0.37000000477
-0.68999999762
-0.76999998093
-1.0499999523
-1.1900000572
-1.1499999762
-0.55000001192
-0.55000001192
0.20999999344
0.63999998569
0.81000000238
0.77999997139
0.55000001192
0.44999998808
0.30000001192
0.23999999464
0.25999999046
0.15999999642
-0.029999999329
-0.18999999762
-0.47999998927
-0.67000001669
-0.61000001431
-0.61000001431
-0.50999999046
-0.41999998689
-0.47999998927
-0.61000001431
-0.58999997377
-0.67000001669
-0.81999999285
-1.0299999714
-1.2400000095
-1.3899999857
-1.5599999428
-1.6599999666
-1.6900000572
-1.6900000572
-1.6900000572
-1.4600000381
-1.1900000572
-0.60000002384
-0.18999999762
0.12999999523
0.23000000417
0.21999999881
0.11999999732
0.050000000745
-0.070000000298
0.039999999106
0.18999999762
0.28999999166
0.23999999464
0.28000000119
0.33000001311
0.28999999166
0.18000000715
0.12999999523
0.019999999553
-0.090000003576
-0.15000000596
-0.050000000745
0.059999998659
0.050000000745
-0.050000000745
-0.15000000596
-0.1400000006
-0.17000000179
-0.23999999464
-0.36000001431
-0.37000000477
-0.31999999285
-0.15999999642
-0.11999999732
-0.1099999994
-0.12999999523
-0.090000003576
-0.1099999994
-0.11999999732
-0.10000000149
-0.17000000179
-0.23999999464
-0.1400000006
-0.090000003576
-0.10000000149
-0.019999999553
0.1400000006
0.25
0.38999998569
0.51999998093
0.51999998093
0.51999998093
0.51999998093
0.47999998927
0.40999999642
0.38999998569
0.30000001192
0.25
0.28999999166
0.37999999523
0.31999999285
0.36000001431
0.31999999285
0.23000000417
0.079999998212
-0.019999999553
-0.18999999762
-0.36000001431
-0.43999999762
-0.52999997139
-0.56999999285
-0.54000002146
-0.46999999881
-0.46999999881
-0.44999998808
-0.36000001431
-0.28000000119
-0.18000000715
-0.090000003576
0.019999999553
0.079999998212
0.17000000179
0.12999999523
0.1099999994
0.1099999994
0.090000003576
-0.019999999553
-0.029999999329
0.029999999329
-0.019999999553
-0.1400000006
-0.15000000596
-0.050000000745
-0.019999999553
-0.090000003576
-0.15999999642
-0.23000000417
-0.17000000179
-0.059999998659
-0.019999999553
-0.019999999553
0.039999999106
0
-0.070000000298
-0.1099999994
-0.10000000149
-0.090000003576
-0.20000000298
-0.23999999464
-0.25
-0.18000000715
-0.079999998212
-0.050000000745
0.019999999553
0.11999999732
0.090000003576
0.0099999997765
-0.039999999106
-0.0099999997765
0.029999999329
0.12999999523
0.28999999166
0.54000002146
0.64999997616
0.74000000954
0.81000000238
0.95999997854
0.95999997854
1.0499999523
1.0499999523
1.0499999523
1.0099999905
0.74000000954
0.40000000596
0.25999999046
0.12999999523
0.059999998659
0.070000000298
0.10000000149
0.070000000298
0.18000000715
0.25999999046
0.18000000715
-0.050000000745
-0.23000000417
-0.31000000238
-0.37999999523
-0.50999999046
-0.62000000477
-0.58999997377
-0.46000000834
-0.18999999762
-0.079999998212
0.029999999329
0.20999999344
0.21999999881
0.34999999404
0.34000000358
0.31999999285
0.20999999344
0.20000000298
0.1099999994
-0.1400000006
-0.090000003576
-0.050000000745
-0.0099999997765
-0.18000000715
-0.28999999166
-0.33000001311
-0.46999999881
-0.62999999523
-0.70999997854
-0.56000000238
-0.28999999166
-0.1400000006
-0.11999999732
0.11999999732
0.28999999166
0.31999999285
0.28999999166
0.43000000715
0.43999999762
0.46000000834
0.47999998927
0.31000000238
0.12999999523
-0.15999999642
-0.37999999523
-0.46000000834
-0.21999999881
-0.21999999881
-0.090000003576
0.050000000745
0.17000000179
0.23999999464
0.40999999642
0.34000000358
0.34000000358
0.15000000596
-0.039999999106
0.019999999553
0.019999999553
-0.039999999106
0.1099999994
0.28000000119
0.40999999642
0.49000000954
0.43999999762
0.31000000238
0.18000000715
0.12999999523
0.070000000298
0
-0.12999999523
-0.30000001192
-0.44999998808
-0.56999999285
-0.56000000238
-0.54000002146
-0.57999998331
-0.68999999762
-0.64999997616
-0.60000002384
-0.74000000954
-1.1000000238
-1.3600000143
-1.4299999475
-1.1900000572
-0.83999997377
-0.46999999881
-0.21999999881
0
0.050000000745
-0.070000000298
-0.070000000298
-0.5
-0.5
-0.62999999523
-0.62999999523
-0.63999998569
-0.73000001907
-0.64999997616
-0.64999997616
-0.18999999762
-0.090000003576
-0.090000003576
-0.12999999523
-0.37000000477
-0.56000000238
-0.56000000238
-0.47999998927
-0.47999998927
-0.41999998689
-0.31999999285
-0.20000000298
-0.1099999994
-0.0099999997765
0.090000003576
0.090000003576
-0.0099999997765
-0.019999999553
0.029999999329
0.029999999329
-0.039999999106
0.019999999553
0.019999999553
0.15000000596
0.23999999464
0.23999999464
0.23000000417
0.050000000745
0.0099999997765
-0.1099999994
-0.1099999994
0.20000000298
0.33000001311
0.37999999523
0.40000000596
0.5
0.5
0.43999999762
0.54000002146
0.61000001431
0.70999997854
0.5
0.21999999881
0.10000000149
0.21999999881
0.21999999881
0.28999999166
0.33000001311
0.36000001431
0.34999999404
0.21999999881
-0.029999999329
-0.40999999642
-0.40999999642
-0.34999999404
-0.34999999404
-0.25999999046
-0.15999999642
-0.079999998212
0
0.059999998659
0.18000000715
0.28000000119
0.28000000119
0.070000000298
0.059999998659
0.11999999732
0
0
-0.070000000298
-0.039999999106
0.039999999106
0.019999999553
0.10000000149
0.1400000006
0.1400000006
0.1099999994
-0.070000000298
-0.17000000179
-0.30000001192
-0.23999999464
-0.10000000149
-0.029999999329
0.059999998659
0.070000000298
0.15000000596
0.21999999881
0.20000000298
0.1400000006
0.10000000149
0.1400000006
0.12999999523
-0.0099999997765
-0.059999998659
-0.070000000298
-0.10000000149
-0.18999999762
-0.1099999994
-0.079999998212
-0.21999999881
-0.25
-0.23999999464
-0.11999999732
-0.050000000745
-0.059999998659
-0.10000000149
-0.18999999762
-0.20999999344
-0.20000000298
-0.33000001311
-0.27000001073
-0.27000001073
-0.019999999553
0.079999998212
0.1400000006
0.17000000179
0.15000000596
0.15000000596
-0.1099999994
-0.039999999106
0.019999999553
0.019999999553
0.019999999553
0.029999999329
0.039999999106
-0.079999998212
-0.17000000179
-0.20999999344
-0.20999999344
-0.23999999464
-0.20999999344
-0.050000000745
0.079999998212
0.18000000715
0.25999999046
0.25999999046
0.44999998808
0.40000000596
0.37999999523
0.41999998689
0.51999998093
0.51999998093
0.50999999046
0.47999998927
0.51999998093
0.50999999046
0.46000000834
0.44999998808
0.46999999881
0.46000000834
0.46999999881
0.49000000954
0.50999999046
0.40999999642
0.28999999166
0.15000000596
0.090000003576
-0.039999999106
-0.090000003576
-0.050000000745
-0.019999999553
-0.090000003576
-0.11999999732
-0.18000000715
-0.23999999464
-0.28999999166
-0.33000001311
-0.34999999404
-0.34000000358
-0.40000000596
-0.54000002146
-0.54000002146
-0.81000000238
-0.77999997139
-0.75999999046
-0.70999997854
-0.64999997616
-0.54000002146
-0.43000000715
-0.37000000477
-0.28000000119
-0.23999999464
-0.1400000006
-0.11999999732
-0.18000000715
-0.20000000298
-0.15000000596
-0.17000000179
-0.17000000179
-0.079999998212
-0.029999999329
-0.079999998212
-0.11999999732
-0.15999999642
-0.20999999344
-0.20999999344
-0.40000000596
-0.38999998569
-0.34000000358
-0.31999999285
-0.30000001192
-0.23999999464
-0.15999999642
-0.1099999994
-0.050000000745
-0.079999998212
-0.090000003576
-0.070000000298
0.079999998212
0.20000000298
0.21999999881
0.25999999046
0.46999999881
0.55000001192
0.68999999762
0.82999998331
0.93999999762
1.0700000525
1.0499999523
1.0700000525
1.0700000525
0.97000002861
0.82999998331
0.67000001669
0.52999997139
0.31999999285
0.23000000417
0.28000000119
0.27000001073
0.31000000238
0.37000000477
0.37000000477
0.56000000238
0.47999998927
0.37999999523
0.31000000238
0.28000000119
0.37000000477
0.44999998808
0.50999999046
0.55000001192
0.40999999642
0.17000000179
0.019999999553
-0.10000000149
-0.18999999762
-0.21999999881
-0.25999999046
-0.25999999046
-0.34000000358
-0.5
-0.56999999285
-0.61000001431
-0.62999999523
-0.72000002861
-0.79000002146
-0.76999998093
-0.58999997377
-0.56999999285
-0.56999999285
-0.43999999762
-0.31999999285
-0.25999999046
-0.20000000298
-0.23000000417
-0.28000000119
-0.34999999404
-0.40000000596
-0.47999998927
-0.47999998927
-0.58999997377
-0.61000001431
-0.51999998093
-0.52999997139
-0.52999997139
-0.46999999881
-0.41999998689
-0.34999999404
-0.28000000119
-0.30000001192
-0.33000001311
-0.44999998808
-0.47999998927
-0.33000001311
-0.34000000358
-0.38999998569
-0.43000000715
-0.51999998093
-0.55000001192
-0.57999998331
-0.62000000477
-0.62000000477
-0.62000000477
-0.52999997139
-0.40000000596
-0.34000000358
-0.34999999404
-0.31999999285
-0.37000000477
-0.36000001431
-0.36000001431
-0.47999998927
-0.51999998093
-0.62999999523
-0.64999997616
-0.64999997616
-0.55000001192
-0.43999999762
-0.43999999762
-0.52999997139
-0.50999999046
-0.46999999881
-0.37999999523
-0.41999998689
-0.41999998689
-0.38999998569
-0.40000000596
-0.27000001073
-0.10000000149
-0.12999999523
-0.21999999881
-0.25999999046
-0.43000000715
-0.56000000238
-0.56000000238
-0.34000000358
-0.18000000715
-0.019999999553
-0.019999999553
0.039999999106
0.23999999464
0.25999999046
0.18999999762
0.17000000179
0.25
0.34000000358
0.43999999762
0.5
0.51999998093
0.43000000715
0.25
0.18000000715
0.10000000149
-0.0099999997765
-0.12999999523
-0.1099999994
-0.1400000006
-0.15000000596
-0.15000000596
-0.090000003576
-0.019999999553
-0.019999999553
-0.079999998212
0.1099999994
0.33000001311
0.61000001431
0.72000002861
0.77999997139
0.77999997139
0.69999998808
0.56000000238
0.44999998808
0.43000000715
0.37999999523
0.38999998569
0.31999999285
0.23999999464
0.20000000298
0.20000000298
0.27000001073
0.31000000238
0.34000000358
0.36000001431
0.46000000834
0.5
0.5
0.43000000715
0.46000000834
0.54000002146
0.57999998331
0.64999997616
0.67000001669
0.62000000477
0.62000000477
0.56999999285
0.57999998331
0.62999999523
0.62000000477
0.62999999523
0.55000001192
0.44999998808
0.37999999523
0.30000001192
0.21999999881
0.18000000715
0.019999999553
-0.0099999997765
-0.1400000006
-0.25
-0.38999998569
-0.47999998927
-0.63999998569
-0.77999997139
-0.88999998569
-0.81999999285
-0.76999998093
-0.76999998093
-0.79000002146
-0.79000002146
-0.82999998331
-0.86000001431
-0.86000001431
-0.81999999285
-0.75999999046
-0.62000000477
-0.50999999046
-0.37999999523
-0.25
-0.27000001073
-0.28999999166
-0.31000000238
-0.36000001431
-0.37000000477
-0.36000001431
-0.37999999523
-0.40999999642
-0.40999999642
-0.43999999762
-0.43999999762
-0.57999998331
-0.60000002384
-0.52999997139
-0.46000000834
-0.46000000834
-0.51999998093
-0.51999998093
-0.5
-0.50999999046
-0.52999997139
-0.56999999285
-0.64999997616
-0.49000000954
-0.33000001311
-0.31000000238
-0.38999998569
-0.40999999642
-0.25999999046
0
0.30000001192
0.68000000715
0.86000001431
0.87999999523
0.81000000238
0.79000002146
0.76999998093
0.66000002623
0.58999997377
0.56999999285
0.43000000715
0.37000000477
0.33000001311
0.30000001192
0.37999999523
0.41999998689
0.25
0.15999999642
0.12999999523
0.15000000596
